vehicle_id;veh_bb_x1;veh_bb_y1;veh_bb_x2;veh_bb_y2;veh_bb_x3;veh_bb_y3;veh_bb_x4;veh_bb_y4;det_class;conf_score;state
1;2954.18;1200.23;2956.24;1177.61;2898.82;1172.4;2896.76;1195.02;9;0.79;stop
2;1992.63;1837.83;1997.62;1807.28;1983.12;1804.92;1978.13;1835.47;10;0.83;stop
3;2756.35;1091.09;2756.92;1074.65;2720.9;1073.41;2720.33;1089.85;10;0.77;stop
4;3119.39;1229.79;3121.57;1213.56;3084.98;1208.65;3082.81;1224.88;10;0.83;stop
5;3080.72;1200.01;3083.82;1181.99;3046.78;1175.62;3043.68;1193.64;10;0.82;stop
6;2606.94;1144.86;2607.65;1121.56;2512.56;1118.64;2511.85;1141.94;9;0.82;move
7;1982.8;1879.24;1990.82;1847.33;1975.14;1843.38;1967.12;1875.3;10;0.84;stop
8;2523.13;1080.57;2523.23;1065.01;2489.49;1064.81;2489.4;1080.36;10;0.77;stop
9;2964.18;1070.77;2965.65;1055.04;2930.36;1051.73;2928.88;1067.45;10;0.82;stop
10;2352.94;1060.88;2386.89;1059.63;2386.31;1043.99;2352.36;1045.24;10;0.75;stop
11;2643.6;1064.2;2644.47;1050.36;2615.4;1048.55;2614.53;1062.39;10;0.84;stop
12;2906.31;1169.84;2907.45;1152.96;2870.56;1150.47;2869.42;1167.35;10;0.82;stop
13;1487.32;1135.69;1523.79;1134.34;1523.18;1117.69;1486.71;1119.03;10;0.77;stop
14;2407.61;1059.31;2437.73;1058.61;2437.39;1044.44;2407.27;1045.14;10;0.75;stop
15;1972.28;1921.49;1982.26;1890.17;1967.65;1885.51;1957.68;1916.83;10;0.83;stop
17;2009.09;1702.56;2011.64;1670.31;1995.91;1669.07;1993.36;1701.31;10;0.82;move
18;1885.98;2076.04;1899.82;2043.2;1885.02;2036.96;1871.18;2069.8;10;0.83;move
20;3038.32;1124.18;3040.63;1108.97;3009.49;1104.26;3007.18;1119.46;10;0.81;move
21;1955.71;294.86;1975.28;293.53;1972.79;256.95;1953.22;258.28;10;0.84;stop
22;1828.19;523.9;1829.1;490.19;1811.79;489.73;1810.89;523.43;10;0.83;stop
23;2735.86;1049.76;2736.61;1034.18;2704.27;1032.61;2703.52;1048.2;10;0.82;stop
24;3178.2;1107.49;3180.75;1090.73;3145.24;1085.32;3142.69;1102.09;10;0.82;stop
25;3078.84;1222.97;3081.57;1207.17;3048.19;1201.4;3045.46;1217.21;10;0.79;stop
26;1847.77;634.98;1860.0;621.66;1835.48;599.14;1823.25;612.47;10;0.82;stop
27;2312.47;1062.52;2347.12;1062.07;2346.9;1045.73;2312.26;1046.18;10;0.78;stop
28;3081.63;1708.72;3103.16;1653.91;3077.37;1643.78;3055.84;1698.59;9;0.83;stop
29;3003.87;1163.22;3005.67;1148.05;2972.88;1144.16;2971.08;1159.33;10;0.81;stop
30;1899.99;904.4;1915.72;903.45;1913.76;870.85;1898.03;871.8;10;0.8;stop
31;2453.22;1078.38;2480.06;1077.35;2479.53;1063.62;2452.69;1064.65;10;0.75;stop
32;1103.59;1667.78;1103.84;1652.43;1071.41;1651.91;1071.16;1667.26;10;0.73;stop
33;2952.58;1108.19;2954.22;1092.81;2921.32;1089.31;2919.69;1104.69;10;0.84;move
34;3403.66;1264.21;3404.77;1247.71;3371.66;1245.47;3370.54;1261.97;10;0.81;stop
35;1940.88;2012.22;1950.44;1984.69;1938.12;1980.41;1928.56;2007.94;10;0.82;stop
36;1717.96;570.09;1718.87;553.37;1685.17;551.53;1684.26;568.26;10;0.83;stop
37;827.68;1165.08;827.69;1149.06;798.23;1149.04;798.22;1165.06;10;0.83;stop
38;3139.43;1099.99;3141.78;1084.55;3109.95;1079.7;3107.6;1095.14;10;0.81;stop
39;1992.93;1605.17;2010.56;1604.9;2010.0;1568.45;1992.37;1568.72;10;0.8;move
40;2265.06;1062.8;2297.03;1061.55;2296.44;1046.57;2264.47;1047.82;10;0.79;stop
42;3115.39;1115.75;3118.14;1098.36;3078.2;1092.06;3075.46;1109.45;10;0.82;move
43;3060.31;1173.44;3062.25;1158.5;3028.94;1154.18;3027.0;1169.12;10;0.84;stop
44;1670.34;1078.88;1698.61;1077.5;1697.91;1063.12;1669.64;1064.5;10;0.75;stop
45;1979.66;833.56;1995.95;831.3;1991.59;799.94;1975.3;802.2;10;0.82;stop
46;1734.03;1127.37;1766.02;1126.99;1765.85;1112.5;1733.86;1112.88;10;0.81;move
47;3072.55;1089.95;3075.14;1075.54;3044.64;1070.05;3042.04;1084.46;10;0.81;stop
48;3115.9;1165.76;3118.8;1148.59;3081.91;1142.36;3079.01;1159.54;10;0.83;stop
49;2895.33;1102.82;2896.69;1087.96;2867.67;1085.3;2866.31;1100.17;10;0.82;stop
50;3685.4;1224.6;3690.09;1208.35;3657.1;1198.84;3652.41;1215.08;10;0.8;move
51;1985.41;1969.36;1994.95;1933.37;1977.59;1928.77;1968.05;1964.75;10;0.83;stop
52;1944.33;231.83;1960.28;225.65;1947.79;193.42;1931.85;199.6;10;0.82;stop
53;2838.12;1076.45;2839.3;1060.63;2807.27;1058.24;2806.1;1074.06;10;0.84;move
54;2002.34;1781.21;2007.29;1745.76;1990.47;1743.42;1985.52;1778.86;10;0.79;stop
55;2888.14;1328.96;2889.05;1312.02;2856.86;1310.29;2855.95;1327.23;10;0.82;stop
57;3820.04;1359.61;3824.78;1340.81;3790.58;1332.18;3785.84;1350.99;10;0.8;stop
58;1551.88;1152.06;1582.03;1150.38;1581.24;1136.19;1551.09;1137.87;10;0.73;stop
59;2513.77;1058.82;2513.77;1043.81;2481.98;1043.81;2481.98;1058.82;10;0.78;stop
60;2706.47;1175.9;2706.99;1159.56;2672.78;1158.48;2672.27;1174.82;10;0.82;stop
61;2917.75;2011.47;2933.07;1999.82;2909.75;1969.16;2894.43;1980.81;10;0.83;stop
62;2954.91;1160.62;2956.18;1144.63;2921.34;1141.88;2920.07;1157.87;10;0.83;stop
65;3567.02;729.23;3580.41;699.72;3565.48;692.95;3552.09;722.46;10;0.82;stop
66;1922.36;786.93;1936.36;786.89;1936.3;762.2;1922.3;762.23;10;0.75;move
67;2802.38;1181.05;2803.43;1166.09;2768.72;1163.64;2767.66;1178.59;10;0.82;stop
68;1881.3;2027.43;1897.01;1996.41;1882.01;1988.82;1866.31;2019.84;10;0.82;stop
69;1862.06;2075.19;1874.86;2045.51;1859.63;2038.94;1846.82;2068.62;10;0.83;stop
70;1080.1;632.38;1081.49;617.89;1054.02;615.25;1052.63;629.74;10;0.83;stop
71;2939.85;49.66;2968.74;46.67;2967.34;33.08;2938.44;36.06;10;0.8;stop
72;1987.48;907.47;2002.06;907.33;2001.77;875.66;1987.19;875.79;10;0.82;stop
73;755.19;1164.42;786.17;1163.46;785.71;1148.58;754.73;1149.54;10;0.82;stop
74;3275.76;1166.26;3278.59;1148.03;3238.93;1141.86;3236.1;1160.1;10;0.82;move
75;2926.68;1975.65;2958.74;1960.37;2950.5;1943.1;2918.45;1958.38;10;0.82;stop
76;1747.4;1064.45;1779.44;1053.59;1774.6;1039.3;1742.56;1050.16;10;0.78;stop
78;3169.23;483.32;3197.3;479.34;3195.46;466.36;3167.38;470.35;10;0.82;stop
79;2008.04;1524.15;2008.97;1494.7;1993.77;1494.23;1992.84;1523.67;10;0.81;move
80;2113.16;1100.91;2146.21;1099.88;2145.71;1083.84;2112.66;1084.87;10;0.79;stop
81;3386.49;1006.93;3404.04;975.39;3389.76;967.44;3372.21;998.98;10;0.82;stop
82;1847.29;825.64;1847.92;787.92;1829.68;787.61;1829.04;825.33;10;0.83;stop
83;1176.49;1171.3;1207.43;1171.23;1207.39;1154.07;1176.45;1154.15;10;0.82;stop
84;2815.56;1054.06;2816.32;1038.33;2779.91;1036.57;2779.15;1052.3;10;0.8;stop
85;2750.68;1071.02;2751.52;1055.06;2719.28;1053.35;2718.44;1069.31;10;0.81;move
86;792.18;1622.65;792.6;1607.85;764.07;1607.04;763.65;1621.84;10;0.81;stop
87;1462.46;876.83;1463.83;863.12;1434.41;860.17;1433.04;873.88;10;0.82;stop
88;1976.9;681.5;1991.38;680.53;1989.48;652.19;1974.99;653.16;10;0.81;stop
89;1977.55;714.69;1992.23;714.04;1991.08;688.19;1976.4;688.84;10;0.81;stop
90;519.32;1045.21;519.54;1030.89;488.49;1030.41;488.27;1044.74;10;0.81;stop
92;2079.77;1102.67;2107.85;1101.94;2107.48;1087.71;2079.4;1088.43;10;0.78;stop
93;3036.91;1082.56;3039.24;1068.45;3011.84;1063.94;3009.51;1078.05;10;0.81;stop
94;2612.01;1082.78;2612.52;1067.13;2577.24;1065.97;2576.73;1081.62;10;0.76;stop
95;2872.18;1188.07;2873.6;1172.69;2841.65;1169.74;2840.23;1185.12;10;0.8;stop
96;1943.33;1834.66;1948.2;1800.39;1931.17;1797.97;1926.3;1832.24;10;0.83;stop
97;2026.19;1388.58;2028.59;1357.06;2012.74;1355.86;2010.35;1387.37;10;0.83;stop
98;1901.55;1078.96;1923.09;1056.39;1912.39;1046.17;1890.84;1068.74;10;0.79;move
99;3440.46;1266.74;3441.49;1249.59;3408.91;1247.64;3407.88;1264.79;10;0.8;stop
100;155.01;1633.53;156.87;1617.72;124.83;1613.97;122.98;1629.78;10;0.81;stop
101;1937.29;1872.17;1943.38;1837.36;1928.21;1834.71;1922.12;1869.51;10;0.8;stop
102;1927.49;2045.2;1940.52;2015.5;1926.38;2009.3;1913.36;2039.0;10;0.81;stop
103;1987.22;862.18;2000.96;861.58;1999.78;834.32;1986.04;834.92;10;0.8;stop
104;526.1;1046.11;556.06;1045.55;555.78;1030.45;525.81;1031.01;10;0.8;stop
106;1740.37;1147.69;1740.46;1130.63;1703.72;1130.43;1703.63;1147.49;10;0.82;stop
107;1927.43;1289.43;1943.21;1288.08;1940.5;1256.45;1924.72;1257.8;10;0.81;stop
108;3150.74;1170.77;3152.92;1154.85;3121.14;1150.48;3118.95;1166.4;10;0.8;stop
109;2661.76;1173.59;2661.82;1159.79;2633.24;1159.66;2633.18;1173.46;10;0.81;stop
110;1943.2;802.51;1960.96;802.3;1960.55;766.87;1942.79;767.07;10;0.8;move
111;3287.8;476.93;3322.29;473.27;3320.64;457.75;3286.15;461.42;10;0.79;stop
112;1988.94;938.98;2002.61;938.96;2002.56;914.45;1988.89;914.48;10;0.82;stop
113;2019.88;1230.23;2021.31;1201.58;2007.62;1200.9;2006.19;1229.55;10;0.81;stop
114;2462.84;94.43;2493.88;91.46;2492.41;76.01;2461.37;78.98;10;0.8;stop
115;3016.46;1184.32;3018.49;1170.34;2987.29;1165.81;2985.26;1179.79;10;0.83;stop
117;3188.99;1199.27;3192.19;1180.95;3155.07;1174.48;3151.88;1192.8;10;0.77;move
119;2655.45;1085.73;2656.02;1070.96;2624.93;1069.77;2624.36;1084.54;10;0.81;stop
120;3160.19;1236.75;3162.97;1220.54;3129.5;1214.81;3126.72;1231.02;10;0.74;stop
122;1787.44;282.5;1804.75;281.34;1802.43;246.81;1785.12;247.97;10;0.81;stop
123;2102.03;554.05;2132.24;550.0;2130.22;534.95;2100.01;539.0;10;0.79;stop
124;1800.85;249.17;1817.58;247.79;1814.9;215.45;1798.17;216.83;10;0.8;stop
125;2584.75;502.67;2585.77;473.23;2570.75;472.71;2569.73;502.15;10;0.8;stop
126;2782.14;512.0;2814.96;508.42;2813.23;492.62;2780.42;496.21;10;0.8;stop
127;2324.24;1081.26;2354.42;1080.94;2354.26;1066.36;2324.08;1066.69;10;0.81;stop
128;2215.0;1169.31;2248.17;1169.07;2248.06;1153.81;2214.89;1154.05;10;0.8;stop
129;2991.44;1964.52;3005.24;1956.39;2989.81;1930.23;2976.01;1938.36;10;0.8;stop
130;2846.0;508.0;2882.5;504.52;2881.0;488.75;2844.5;492.23;10;0.82;stop
131;2462.36;533.24;2490.79;530.69;2489.51;516.39;2461.08;518.93;10;0.8;stop
132;3133.1;487.31;3162.01;483.83;3160.34;469.88;3131.42;473.35;10;0.8;stop
133;1174.41;1127.71;1200.09;1123.21;1197.47;1108.23;1171.78;1112.73;10;0.58;stop
134;1971.02;890.91;1985.58;890.41;1984.48;858.47;1969.92;858.97;10;0.8;stop
135;722.29;1162.45;752.23;1162.33;752.16;1146.05;722.22;1146.17;10;0.8;stop
136;2875.62;1059.45;2877.19;1045.12;2849.13;1042.05;2847.56;1056.38;10;0.8;stop
137;2176.56;1168.01;2210.24;1167.49;2210.0;1151.74;2176.32;1152.26;10;0.8;stop
139;1843.69;2165.33;1859.52;2133.04;1843.96;2125.42;1828.14;2157.71;10;0.8;move
141;1394.08;1150.6;1424.67;1149.2;1424.04;1135.4;1393.45;1136.8;10;0.77;stop
142;2223.32;1064.04;2257.55;1063.24;2257.18;1047.59;2222.95;1048.39;10;0.79;stop
143;3139.76;1138.95;3142.51;1121.75;3104.93;1115.74;3102.18;1132.93;10;0.83;move
144;1934.82;112.51;1951.48;112.24;1950.93;78.74;1934.27;79.01;10;0.81;stop
146;2512.54;1171.52;2512.82;1155.56;2479.83;1154.98;2479.55;1170.94;10;0.81;stop
147;2587.04;1170.23;2587.37;1155.79;2559.46;1155.15;2559.13;1169.58;10;0.81;stop
148;2624.13;1171.77;2624.88;1156.26;2593.24;1154.73;2592.49;1170.24;10;0.8;stop
149;2527.01;1060.08;2562.17;1059.96;2562.11;1043.67;2526.96;1043.79;10;0.72;stop
150;2979.0;1094.72;2981.34;1078.48;2948.35;1073.72;2946.0;1089.95;10;0.83;move
151;2550.72;1568.38;2552.67;1532.01;2533.91;1531.0;2531.95;1567.37;10;0.83;stop
152;2016.14;1298.73;2018.95;1267.56;2004.61;1266.27;2001.8;1297.44;10;0.8;move
153;438.17;1610.79;438.77;1597.63;411.67;1596.4;411.07;1609.56;10;0.8;stop
155;1947.13;44.63;1961.92;43.25;1959.33;15.56;1944.55;16.94;10;0.73;stop
156;1981.5;754.68;1997.11;753.29;1994.25;721.32;1978.64;722.71;10;0.81;stop
157;1812.91;760.38;1828.51;759.36;1826.46;728.0;1810.87;729.02;10;0.78;stop
158;282.62;1078.21;282.8;1061.54;248.47;1061.17;248.29;1077.84;10;0.79;move
159;905.32;1158.13;905.69;1144.23;875.93;1143.43;875.56;1157.33;10;0.8;stop
161;2147.7;1081.83;2183.98;1081.28;2183.73;1064.67;2147.46;1065.22;10;0.79;stop
162;2551.6;1169.83;2552.18;1154.5;2520.65;1153.29;2520.07;1168.62;10;0.8;stop
164;1903.92;945.26;1919.13;944.04;1916.58;912.12;1901.37;913.33;10;0.72;stop
165;2646.61;522.98;2679.24;519.6;2677.64;504.15;2645.01;507.52;10;0.8;stop
166;1692.96;1108.9;1722.9;1108.15;1722.54;1093.85;1692.6;1094.6;10;0.8;move
167;2174.07;1328.89;2204.94;1324.93;2202.93;1309.24;2172.06;1313.19;10;0.8;stop
168;1845.93;2107.87;1860.6;2079.86;1846.79;2072.63;1832.12;2100.64;10;0.79;stop
169;803.35;617.74;803.67;602.36;774.6;601.76;774.28;617.14;10;0.76;stop
170;2977.65;48.97;3008.0;44.57;3005.85;29.78;2975.5;34.18;10;0.78;stop
171;2683.18;518.95;2714.6;515.85;2713.07;500.3;2681.65;503.4;10;0.8;stop
172;3201.48;1150.99;3204.54;1133.33;3168.83;1127.14;3165.77;1144.79;10;0.8;move
173;1148.87;1905.59;1165.04;1905.5;1164.88;1874.41;1148.71;1874.5;10;0.79;stop
174;3780.18;207.0;3793.45;175.65;3779.82;169.88;3766.55;201.23;10;0.79;stop
175;1221.86;1047.36;1254.68;1046.5;1254.27;1030.51;1221.44;1031.37;10;0.8;stop
176;1329.89;1045.76;1361.86;1044.19;1361.11;1028.74;1329.14;1030.31;10;0.78;stop
178;2087.15;1084.05;2138.96;1082.92;2138.54;1063.57;2086.73;1064.7;9;0.69;stop
179;3406.52;973.46;3425.25;944.33;3411.91;935.76;3393.19;964.89;10;0.81;stop
180;2284.11;1080.88;2311.76;1079.55;2311.14;1066.74;2283.49;1068.07;10;0.8;stop
181;1923.06;1321.86;1939.11;1321.21;1937.94;1292.08;1921.89;1292.72;10;0.77;stop
182;1935.41;74.85;1951.05;74.48;1950.34;44.4;1934.7;44.77;10;0.78;stop
183;1434.56;1150.61;1472.74;1149.94;1472.44;1133.14;1434.26;1133.81;10;0.79;stop
184;1373.21;1114.71;1408.57;1112.96;1407.79;1097.04;1372.43;1098.79;10;0.77;stop
185;1766.48;1654.45;1766.73;1637.77;1736.54;1637.3;1736.28;1653.98;10;0.8;stop
186;1788.03;130.25;1805.16;129.72;1804.1;95.32;1786.97;95.84;10;0.8;stop
188;1707.41;1068.19;1741.39;1064.27;1739.64;1049.06;1705.66;1052.98;10;0.79;stop
190;2905.35;55.34;2937.2;51.32;2935.28;36.06;2903.42;40.08;10;0.79;stop
191;2762.81;1180.66;2763.39;1162.84;2724.56;1161.59;2723.99;1179.41;9;0.8;stop
192;3162.94;982.78;3201.98;980.01;3200.81;963.47;3161.77;966.24;10;0.79;stop
193;3623.19;1206.9;3626.96;1191.36;3595.56;1183.72;3591.79;1199.27;10;0.8;move
194;3172.86;1358.88;3186.12;1332.74;3173.08;1326.12;3159.82;1352.26;10;0.78;stop
196;1911.41;1697.92;1912.01;1681.55;1882.09;1680.45;1881.49;1696.82;10;0.79;stop
197;1906.21;1970.64;1912.13;1941.78;1897.32;1938.74;1891.4;1967.6;10;0.79;stop
198;3617.43;1312.62;3621.86;1298.33;3590.07;1288.47;3585.64;1302.76;10;0.79;stop
199;2429.4;535.49;2458.78;532.42;2457.22;517.51;2427.85;520.58;10;0.8;stop
200;3824.83;100.09;3836.29;73.86;3823.29;68.19;3811.84;94.42;10;0.78;stop
201;2742.19;515.04;2777.19;511.21;2775.59;496.52;2740.58;500.35;10;0.79;stop
202;2835.17;1183.95;2836.32;1170.74;2809.7;1168.43;2808.55;1181.63;10;0.77;stop
203;3325.03;1394.39;3329.94;1380.3;3301.22;1370.29;3296.31;1384.39;10;0.79;stop
204;1808.08;380.21;1825.17;379.27;1823.42;347.66;1806.33;348.6;10;0.79;stop
205;2390.45;538.06;2422.9;536.02;2421.93;520.56;2389.47;522.61;10;0.79;stop
206;2351.75;582.61;2386.16;580.78;2385.25;563.77;2350.84;565.6;10;0.79;stop
207;2732.32;557.32;2768.49;555.0;2767.43;538.43;2731.26;540.75;10;0.79;stop
208;1276.47;1173.37;1322.49;1172.87;1322.28;1153.13;1276.26;1153.63;9;0.79;stop
209;2679.45;1048.01;2680.36;1032.94;2648.18;1030.99;2647.27;1046.06;10;0.75;stop
210;3005.14;1078.66;3007.52;1063.17;2973.3;1057.9;2970.91;1073.4;10;0.8;stop
211;2542.23;1709.47;2545.43;1672.59;2528.9;1671.15;2525.69;1708.03;10;0.8;stop
213;1784.51;204.97;1800.01;203.65;1797.49;174.15;1781.99;175.48;10;0.8;stop
214;2359.47;538.43;2388.14;535.38;2386.53;520.19;2357.86;523.24;10;0.79;stop
215;3758.89;940.5;3790.99;937.94;3789.86;923.72;3757.76;926.28;10;0.78;stop
216;2777.12;1288.67;2806.3;1287.85;2805.88;1272.95;2776.7;1273.77;10;0.8;stop
217;2446.53;1321.29;2446.67;1305.3;2416.47;1305.02;2416.33;1321.02;10;0.79;stop
218;1915.0;1658.21;1915.32;1642.02;1885.16;1641.42;1884.84;1657.6;10;0.8;stop
219;3030.2;42.28;3058.41;38.36;3056.52;24.75;3028.31;28.67;10;0.7;stop
220;1960.9;338.51;1978.33;337.59;1976.6;304.99;1959.17;305.91;10;0.79;stop
221;1087.8;1043.3;1087.84;1030.16;1060.95;1030.08;1060.91;1043.22;10;0.78;stop
222;3391.49;918.82;3415.98;894.84;3404.44;883.05;3379.95;907.04;10;0.76;stop
223;658.68;1619.6;659.06;1604.25;629.45;1603.53;629.07;1618.87;10;0.78;stop
224;1952.77;1978.03;1962.44;1936.46;1945.26;1932.47;1935.6;1974.04;10;0.78;stop
225;1793.35;305.41;1812.6;287.35;1802.15;276.21;1782.9;294.27;10;0.77;stop
226;2892.24;506.68;2922.41;502.06;2920.26;488.01;2890.09;492.63;10;0.79;stop
227;1147.59;1043.31;1148.32;1030.06;1121.16;1028.56;1120.43;1041.81;10;0.8;stop
228;1640.59;1044.15;1640.69;1028.28;1610.66;1028.1;1610.56;1043.97;10;0.74;stop
229;990.87;1167.25;1019.72;1166.2;1019.22;1152.5;990.38;1153.55;10;0.8;stop
230;1417.6;1111.02;1451.0;1108.84;1450.03;1093.98;1416.63;1096.16;10;0.78;stop
231;1469.17;1115.57;1526.1;1114.1;1525.58;1093.93;1468.65;1095.4;9;0.74;stop
232;521.97;1382.3;522.5;1367.11;490.53;1365.98;490.0;1381.17;10;0.78;stop
233;3744.24;291.48;3755.9;261.12;3742.63;256.02;3730.97;286.38;10;0.79;stop
235;890.67;1127.63;920.66;1127.47;920.58;1112.24;890.59;1112.4;10;0.83;stop
237;363.55;1646.11;364.28;1630.96;334.42;1629.51;333.69;1644.67;10;0.79;stop
238;1424.7;873.63;1425.48;859.25;1397.93;857.75;1397.14;872.12;10;0.8;stop
239;1354.46;1151.88;1383.0;1151.18;1382.66;1137.5;1354.13;1138.2;10;0.78;stop
241;3708.68;944.71;3745.66;941.86;3744.45;926.08;3707.47;928.92;10;0.79;stop
242;3366.05;1040.91;3380.62;1014.48;3368.01;1007.53;3353.44;1033.95;10;0.78;stop
243;3536.72;1206.37;3540.34;1190.63;3508.6;1183.32;3504.97;1199.06;10;0.82;move
244;1163.73;1872.26;1164.14;1845.14;1150.02;1844.92;1149.61;1872.05;10;0.78;stop
245;1928.97;490.62;1948.8;490.16;1947.78;446.5;1927.95;446.97;9;0.62;move
246;2939.65;1312.54;2944.53;1296.15;2911.1;1286.21;2906.22;1302.6;10;0.71;stop
247;1832.96;568.34;1833.11;536.49;1815.41;536.41;1815.26;568.26;10;0.79;stop
248;1048.66;630.4;1049.65;615.65;1023.03;613.85;1022.03;628.6;10;0.79;stop
249;1293.56;1039.09;1318.8;1038.86;1318.69;1026.41;1293.45;1026.64;10;0.77;stop
250;2405.56;1041.18;2405.65;1027.9;2375.31;1027.69;2375.22;1040.97;10;0.77;stop
251;2087.04;1169.72;2121.72;1168.56;2121.21;1153.41;2086.53;1154.56;10;0.78;stop
252;1591.65;1150.63;1624.34;1148.98;1623.6;1134.25;1590.91;1135.89;10;0.75;stop
254;2231.44;1081.45;2263.19;1080.14;2262.56;1065.05;2230.81;1066.36;10;0.77;stop
255;1654.08;567.93;1682.03;567.07;1681.55;551.45;1653.6;552.31;10;0.79;stop
256;2288.96;542.77;2319.53;540.99;2318.66;525.98;2288.09;527.76;10;0.79;stop
257;2608.35;525.1;2641.19;521.44;2639.4;505.4;2606.56;509.06;10;0.79;stop
258;879.26;1127.26;879.4;1112.71;848.55;1112.43;848.42;1126.98;10;0.8;stop
259;772.91;1044.7;798.68;1043.78;798.22;1030.92;772.45;1031.84;10;0.78;stop
260;1507.38;1153.12;1539.44;1152.48;1539.12;1136.26;1507.06;1136.9;10;0.79;stop
262;3483.03;1277.88;3486.77;1261.85;3454.47;1254.31;3450.73;1270.34;10;0.78;stop
264;770.06;2010.61;770.21;1982.1;754.6;1982.01;754.44;2010.53;10;0.79;stop
265;1989.55;1423.61;2004.91;1423.27;2004.2;1391.14;1988.84;1391.48;10;0.77;move
266;869.47;1047.56;899.23;1046.53;898.75;1032.57;868.99;1033.59;10;0.78;stop
267;2340.15;1169.41;2368.87;1169.11;2368.72;1154.84;2340.0;1155.14;10;0.77;stop
269;1340.39;1677.98;1340.69;1662.8;1307.86;1662.14;1307.56;1677.33;10;0.79;stop
270;1726.75;1652.74;1726.83;1635.77;1695.79;1635.63;1695.71;1652.6;10;0.79;stop
271;1828.92;2146.15;1844.48;2115.88;1830.33;2108.6;1814.77;2138.87;10;0.82;stop
272;2644.73;77.44;2675.49;74.14;2673.89;59.25;2643.13;62.55;10;0.77;stop
273;1134.9;1128.05;1165.92;1123.74;1163.85;1108.82;1132.83;1113.14;10;0.79;stop
274;687.35;1619.45;687.92;1606.74;661.71;1605.55;661.14;1618.26;10;0.77;stop
275;2085.61;1291.95;2115.8;1289.79;2114.77;1275.3;2084.57;1277.46;10;0.78;stop
277;1781.83;160.92;1795.98;160.2;1794.55;132.14;1780.4;132.87;10;0.78;stop
278;721.07;1162.82;721.16;1147.39;687.06;1147.18;686.96;1162.61;10;0.77;stop
279;1001.82;1128.19;1029.59;1127.73;1029.36;1113.93;1001.6;1114.39;10;0.81;stop
280;805.48;1045.42;835.32;1044.64;834.91;1029.08;805.07;1029.86;10;0.76;stop
281;1390.06;1170.21;1417.18;1169.52;1416.81;1155.16;1389.7;1155.86;10;0.78;stop
282;2155.09;1103.38;2185.81;1102.46;2185.34;1087.0;2154.63;1087.92;10;0.78;stop
283;1835.94;1149.36;1866.43;1148.0;1865.77;1133.27;1835.29;1134.62;10;0.78;move
284;2687.63;1067.73;2688.19;1052.95;2656.87;1051.77;2656.31;1066.55;10;0.81;stop
285;1861.82;1697.17;1863.65;1681.44;1832.68;1677.83;1830.85;1693.56;10;0.79;stop
286;3270.18;560.93;3286.76;560.9;3286.7;528.44;3270.12;528.47;10;0.76;stop
287;1656.52;1151.48;1688.93;1149.85;1688.1;1133.39;1655.69;1135.02;10;0.68;stop
288;648.76;1656.18;649.34;1639.25;618.74;1638.2;618.16;1655.12;10;0.78;stop
289;2567.86;2002.09;2600.97;1988.13;2594.39;1972.54;2561.28;1986.49;10;0.78;stop
290;1938.79;260.99;1956.13;260.44;1955.31;234.57;1937.96;235.13;10;0.68;stop
292;3729.64;327.86;3738.94;300.13;3725.36;295.57;3716.06;323.31;10;0.78;stop
293;2341.53;1041.84;2370.04;1040.92;2369.6;1027.04;2341.08;1027.96;10;0.77;stop
294;1797.27;481.7;1813.97;480.09;1810.61;445.3;1793.91;446.91;10;0.78;stop
295;1960.21;626.66;1974.9;625.52;1972.79;598.46;1958.1;599.61;10;0.78;stop
296;940.81;1163.13;941.63;1148.09;912.35;1146.49;911.53;1161.54;10;0.8;stop
298;2331.55;1168.38;2331.89;1154.35;2301.95;1153.62;2301.61;1167.65;10;0.76;stop
299;3407.13;1160.09;3407.9;1144.06;3373.81;1142.41;3373.04;1158.44;10;0.82;move
300;1442.87;1680.07;1443.32;1665.4;1415.75;1664.55;1415.3;1679.22;10;0.77;stop
301;2457.9;1321.49;2485.53;1320.51;2484.97;1304.82;2457.34;1305.81;10;0.79;stop
302;2076.31;120.83;2112.26;117.85;2110.94;101.92;2074.99;104.9;10;0.76;stop
303;200.21;1154.58;230.38;1153.99;230.1;1139.48;199.93;1140.07;10;0.74;stop
304;829.98;1164.24;863.1;1162.6;862.3;1146.51;829.19;1148.15;10;0.79;stop
306;1930.7;636.74;1948.73;634.41;1943.8;596.26;1925.77;598.59;10;0.82;move
307;892.43;622.5;894.2;607.3;863.7;603.75;861.93;618.95;10;0.65;stop
308;2928.15;503.52;2958.53;499.05;2956.35;484.23;2925.97;488.7;10;0.76;stop
309;3642.26;542.73;3652.16;511.66;3638.37;507.27;3628.47;538.34;10;0.77;stop
311;3381.7;1073.29;3394.21;1044.81;3378.62;1037.96;3366.1;1066.44;10;0.76;stop
312;1479.41;1643.79;1479.45;1630.06;1448.97;1629.96;1448.93;1643.69;10;0.77;stop
313;2569.37;468.05;2583.3;467.77;2582.76;439.83;2568.82;440.1;10;0.77;stop
315;3475.08;1108.42;3479.59;1092.31;3444.61;1082.52;3440.1;1098.63;10;0.75;stop
316;3150.32;1204.74;3151.99;1189.27;3120.62;1185.89;3118.95;1201.36;10;0.83;stop
317;2819.03;61.06;2851.22;58.17;2849.8;42.3;2817.61;45.18;10;0.73;stop
319;1816.35;1110.79;1849.4;1106.92;1847.78;1093.08;1814.73;1096.96;10;0.81;move
320;2263.11;1167.91;2290.94;1167.08;2290.52;1152.97;2262.69;1153.8;10;0.74;stop
321;2995.16;1208.03;2997.67;1193.26;2968.09;1188.22;2965.58;1202.99;10;0.74;stop
322;516.11;1402.82;517.38;1389.55;487.96;1386.72;486.68;1399.98;10;0.77;stop
323;592.22;1045.57;622.43;1044.32;621.84;1030.06;591.63;1031.31;10;0.76;stop
324;291.75;1157.98;323.81;1155.77;322.78;1140.77;290.72;1142.98;10;0.72;stop
325;1261.21;1044.89;1287.65;1043.59;1286.91;1028.49;1260.47;1029.79;10;0.71;stop
326;3062.95;1155.39;3064.69;1141.26;3033.05;1137.36;3031.31;1151.49;10;0.85;stop
328;1090.54;1130.44;1124.35;1129.77;1124.02;1112.81;1090.21;1113.48;10;0.8;stop
329;1341.49;1171.37;1373.29;1171.02;1373.13;1156.26;1341.33;1156.6;10;0.74;stop
330;852.27;1663.32;853.45;1649.5;823.98;1646.99;822.8;1660.81;10;0.75;stop
331;1262.89;1638.0;1263.19;1622.89;1231.24;1622.25;1230.94;1637.36;10;0.77;stop
332;1954.97;79.79;1969.09;78.48;1966.78;53.52;1952.66;54.83;10;0.76;stop
333;530.18;1160.62;560.04;1158.83;559.19;1144.69;529.33;1146.48;10;0.75;stop
334;3105.84;1092.89;3107.95;1079.34;3083.53;1075.55;3081.43;1089.1;10;0.64;stop
335;116.48;1630.2;118.31;1614.35;87.08;1610.74;85.25;1626.59;10;0.75;stop
338;3627.49;575.71;3638.65;547.11;3625.01;541.79;3613.85;570.39;10;0.78;stop
339;3034.73;1215.05;3036.98;1200.38;3003.71;1195.26;3001.45;1209.93;10;0.7;stop
340;1327.42;1638.07;1327.98;1624.38;1301.7;1623.31;1301.15;1637.0;10;0.75;stop
341;2208.45;549.45;2241.8;545.74;2239.99;529.42;2206.64;533.13;10;0.76;stop
342;2544.86;48.34;2560.17;48.25;2560.02;20.29;2544.71;20.37;10;0.66;stop
343;1880.03;1123.92;1912.87;1115.01;1909.16;1101.33;1876.32;1110.24;10;0.81;move
344;2016.37;1850.96;2021.11;1803.92;2001.19;1801.91;1996.45;1848.96;9;0.71;stop
346;2525.02;1041.32;2525.15;1026.7;2495.48;1026.43;2495.35;1041.05;10;0.79;stop
347;3352.37;1067.7;3366.19;1041.86;3353.57;1035.11;3339.75;1060.96;10;0.77;stop
348;1590.82;1649.21;1622.47;1648.62;1622.18;1633.54;1590.53;1634.13;10;0.76;stop
349;1932.86;1427.65;1950.31;1425.09;1943.89;1381.47;1926.44;1384.04;9;0.76;stop
350;2391.21;96.21;2419.11;93.63;2417.79;79.29;2389.89;81.87;10;0.77;stop
351;3709.37;447.79;3743.51;444.16;3741.88;428.77;3707.74;432.41;10;0.72;stop
352;168.93;1154.04;197.2;1153.97;197.17;1140.03;168.9;1140.09;10;0.74;stop
353;1496.38;1003.89;1500.78;973.77;1486.0;971.61;1481.6;1001.73;10;0.78;stop
354;2183.42;1059.43;2217.12;1058.38;2216.64;1043.19;2182.95;1044.24;10;0.75;stop
355;3198.69;482.3;3230.78;477.84;3228.81;463.64;3196.72;468.1;10;0.72;stop
356;432.48;1047.21;458.81;1045.84;458.15;1033.1;431.81;1034.47;10;0.74;stop
358;1577.41;1111.09;1612.8;1109.31;1611.97;1092.79;1576.58;1094.57;10;0.72;stop
360;2553.98;1515.56;2555.87;1484.75;2538.52;1483.69;2536.63;1514.5;10;0.77;stop
361;351.99;1045.48;382.4;1044.81;382.07;1030.14;351.67;1030.82;10;0.74;stop
362;659.44;1134.82;659.62;1120.25;628.68;1119.87;628.51;1134.44;10;0.81;stop
363;2376.54;1168.72;2407.83;1168.47;2407.71;1154.41;2376.42;1154.66;10;0.76;stop
364;3596.14;658.06;3609.13;622.26;3594.48;616.94;3581.49;652.74;10;0.73;stop
365;394.13;545.39;398.18;529.1;367.59;521.49;363.54;537.78;10;0.75;stop
366;1807.22;686.6;1824.02;685.44;1822.03;656.65;1805.23;657.81;10;0.75;stop
367;2722.48;70.11;2750.86;66.84;2749.14;51.96;2720.77;55.23;10;0.74;stop
368;2590.18;81.8;2618.3;79.5;2617.07;64.45;2588.95;66.75;10;0.74;stop
369;2069.54;556.28;2098.58;554.05;2097.46;539.47;2068.42;541.7;10;0.71;stop
370;1641.24;1107.5;1672.63;1105.82;1671.88;1091.88;1640.5;1093.55;10;0.73;stop
371;2191.36;1081.48;2221.08;1080.29;2220.51;1066.14;2190.79;1067.34;10;0.8;stop
372;1265.84;1675.97;1266.85;1661.77;1237.29;1659.66;1236.27;1673.86;10;0.76;stop
373;1941.74;1574.24;1960.86;1573.81;1959.95;1533.57;1940.83;1534.0;10;0.77;stop
374;3550.3;658.89;3562.66;631.46;3549.39;625.48;3537.03;652.91;10;0.75;stop
375;1213.3;1498.67;1217.05;1469.38;1201.51;1467.39;1197.76;1496.68;10;0.71;stop
376;2132.8;1165.48;2169.04;1165.02;2168.82;1147.52;2132.58;1147.98;10;0.73;stop
377;2504.73;1835.33;2507.91;1802.19;2492.15;1800.67;2488.96;1833.81;10;0.72;stop
378;2984.6;498.86;3014.52;494.7;3012.59;480.83;2982.67;484.99;10;0.72;stop
380;705.55;1137.23;706.15;1121.63;670.7;1120.27;670.1;1135.87;10;0.84;stop
381;1543.33;1109.47;1573.42;1108.48;1572.92;1093.28;1542.83;1094.27;10;0.76;stop
383;2496.48;530.49;2530.83;527.86;2529.64;512.38;2495.29;515.02;10;0.73;stop
384;1908.26;1220.75;1921.6;1217.25;1914.49;1190.13;1901.15;1193.63;10;0.73;stop
385;3564.39;910.76;3596.55;907.88;3595.3;893.93;3563.14;896.81;10;0.74;stop
386;3669.03;903.94;3701.78;903.55;3701.6;888.56;3668.85;888.95;10;0.76;stop
387;2606.26;1060.78;2606.7;1046.16;2575.11;1045.22;2574.67;1059.84;10;0.77;stop
389;2034.57;1606.56;2035.26;1570.76;2018.99;1570.44;2018.31;1606.24;10;0.75;stop
390;1449.22;1042.24;1475.01;1041.5;1474.66;1028.89;1448.86;1029.62;10;0.69;stop
391;2895.33;1877.45;2933.24;1861.95;2926.08;1844.43;2888.17;1859.93;10;0.74;stop
392;504.6;1613.45;505.53;1600.16;480.71;1598.43;479.79;1611.71;10;0.76;stop
393;3205.04;1128.38;3206.92;1111.18;3173.71;1107.56;3171.83;1124.75;10;0.71;move
395;2968.97;1850.03;3004.97;1821.31;2992.03;1805.1;2956.03;1833.81;9;0.7;stop
397;947.91;1167.73;980.23;1167.36;980.06;1152.02;947.73;1152.39;10;0.7;stop
399;2771.64;65.38;2808.85;62.81;2807.65;45.48;2770.45;48.05;10;0.49;stop
401;615.36;1654.94;616.13;1639.97;587.45;1638.49;586.68;1653.47;10;0.73;stop
402;1301.38;1677.84;1302.4;1663.25;1272.62;1661.16;1271.6;1675.75;10;0.76;stop
403;749.61;2012.71;751.38;1980.73;736.58;1979.91;734.82;2011.89;10;0.77;stop
404;3555.5;761.02;3565.06;732.16;3551.69;727.73;3542.12;756.59;10;0.67;stop
405;1731.89;1169.23;1732.01;1153.01;1700.18;1152.77;1700.06;1168.99;10;0.71;stop
407;2131.04;1296.14;2179.7;1292.99;2178.46;1273.92;2129.8;1277.08;9;0.67;stop
409;230.04;1041.14;230.46;1027.84;203.32;1026.98;202.9;1040.29;10;0.68;stop
410;761.94;1658.71;762.0;1643.28;731.5;1643.17;731.44;1658.59;10;0.72;stop
411;1459.68;1168.86;1489.59;1167.62;1488.94;1152.01;1459.03;1153.25;10;0.71;stop
412;2445.48;1058.65;2471.04;1057.41;2470.39;1043.98;2444.83;1045.21;10;0.73;stop
413;584.89;1045.32;585.15;1032.63;562.61;1032.18;562.35;1044.87;10;0.72;stop
414;3543.0;1187.49;3546.81;1170.52;3504.19;1160.94;3500.38;1177.92;10;0.68;move
416;1006.71;627.28;1007.68;613.25;980.04;611.34;979.07;625.37;10;0.7;stop
419;961.55;1127.02;993.02;1126.05;992.58;1111.73;961.11;1112.7;10;0.81;stop
420;470.57;1612.37;471.29;1599.03;445.37;1597.63;444.65;1610.97;10;0.79;stop
421;1163.59;1836.04;1164.81;1809.64;1150.16;1808.96;1148.94;1835.36;10;0.74;stop
422;686.52;1656.79;686.66;1641.58;659.73;1641.34;659.59;1656.54;10;0.69;stop
423;3718.72;247.19;3732.37;214.09;3717.53;207.97;3703.88;241.07;10;0.71;stop
424;3112.14;1182.15;3114.95;1167.18;3085.21;1161.6;3082.39;1176.57;10;0.79;stop
425;1232.36;1675.25;1233.55;1660.37;1205.51;1658.13;1204.33;1673.01;10;0.73;stop
427;968.5;625.55;970.17;610.8;940.62;607.45;938.95;622.2;10;0.73;stop
429;3261.02;60.55;3286.55;58.52;3285.54;45.85;3260.01;47.89;10;0.65;stop
430;197.67;1040.2;198.09;1026.91;170.77;1026.05;170.35;1039.34;10;0.62;stop
431;2593.89;931.16;2610.8;930.28;2608.86;893.03;2591.95;893.91;10;0.71;stop
432;2441.78;1169.39;2470.82;1169.19;2470.72;1154.86;2441.68;1155.06;10;0.7;stop
434;676.28;1040.72;703.36;1037.23;701.85;1025.53;674.77;1029.02;10;0.7;stop
435;2601.68;976.18;2617.82;974.32;2613.44;936.32;2597.31;938.18;10;0.67;stop
436;1291.23;1637.47;1291.26;1622.84;1263.08;1622.78;1263.05;1637.41;10;0.75;stop
437;3614.36;609.86;3625.31;580.07;3611.89;575.14;3600.94;604.93;10;0.64;stop
438;2346.92;99.84;2379.96;97.56;2378.83;81.29;2345.79;83.56;10;0.72;stop
441;376.27;1609.42;405.8;1609.01;405.6;1594.95;376.08;1595.36;10;0.7;stop
442;1341.96;1110.24;1370.21;1108.31;1369.29;1094.76;1341.04;1096.69;10;0.79;stop
443;1742.77;1172.1;1778.9;1171.04;1778.48;1156.65;1742.35;1157.71;10;0.38;move
444;3343.13;1370.68;3344.16;1356.63;3316.87;1354.63;3315.84;1368.69;10;0.68;stop
446;409.88;493.07;414.31;462.86;397.31;460.37;392.88;490.57;10;0.66;stop
447;3760.33;254.21;3771.75;226.62;3758.42;221.1;3747.0;248.69;10;0.68;stop
448;3273.51;594.0;3289.24;593.87;3288.99;563.81;3273.26;563.94;10;0.66;stop
449;1372.66;1679.23;1373.33;1665.53;1347.59;1664.27;1346.92;1677.97;10;0.73;stop
450;270.04;44.63;301.11;41.18;299.49;26.62;268.42;30.07;10;0.66;stop
452;3325.54;956.23;3359.08;942.59;3353.21;928.15;3319.67;941.79;10;0.62;stop
453;142.19;1045.36;168.01;1044.19;167.42;1031.2;141.6;1032.37;10;0.67;stop
454;1983.95;791.9;1998.17;790.91;1996.3;763.98;1982.08;764.96;10;0.75;stop
455;1916.65;1251.4;1931.76;1248.51;1926.35;1220.23;1911.24;1223.12;10;0.78;stop
456;3490.66;1037.39;3507.14;1031.35;3495.59;999.8;3479.11;1005.83;10;0.61;stop
457;2546.88;80.3;2563.0;78.72;2560.25;50.76;2544.13;52.35;10;0.71;stop
458;2564.23;436.59;2580.97;435.54;2578.89;402.66;2562.16;403.71;10;0.68;stop
459;1928.2;1382.47;1946.04;1379.49;1939.55;1340.59;1921.71;1343.57;10;0.66;stop
460;3566.08;2117.51;3598.3;2103.6;3590.8;2086.24;3558.58;2100.15;10;0.71;stop
461;633.77;1195.33;661.3;1194.59;660.92;1180.3;633.39;1181.04;10;0.63;stop
463;3752.23;171.42;3762.39;142.41;3749.64;137.95;3739.49;166.96;10;0.69;stop
464;1223.25;1635.63;1223.3;1622.47;1196.62;1622.37;1196.57;1635.53;10;0.71;stop
465;2702.41;1382.44;2718.41;1381.45;2716.34;1347.94;2700.34;1348.93;10;0.73;stop
466;1968.96;2007.71;1979.5;1979.08;1964.79;1973.66;1954.25;2002.3;10;0.76;stop
467;831.26;1455.58;832.03;1441.48;802.8;1439.89;802.04;1453.98;10;0.65;stop
468;2504.17;1877.4;2506.48;1837.28;2488.21;1836.23;2485.9;1876.34;10;0.65;stop
469;425.87;1648.34;426.71;1633.62;397.72;1631.98;396.89;1646.69;10;0.46;stop
471;1605.61;1685.49;1606.49;1671.04;1577.01;1669.26;1576.14;1683.71;10;0.74;stop
472;3627.11;907.49;3662.02;905.29;3661.01;889.23;3626.1;891.43;10;0.66;stop
473;2545.91;1658.99;2548.49;1627.35;2531.96;1626.01;2529.38;1657.65;10;0.72;stop
474;1680.21;1043.0;1708.99;1042.09;1708.51;1027.0;1679.73;1027.91;10;0.73;stop
475;3805.59;154.48;3824.16;112.21;3805.04;103.8;3786.46;146.07;9;0.69;stop
476;1264.64;1117.91;1300.46;1112.36;1298.11;1097.21;1262.29;1102.77;10;0.77;stop
477;724.37;1656.25;724.37;1640.93;696.88;1640.93;696.88;1656.25;10;0.71;stop
478;2049.57;120.13;2075.74;118.45;2074.87;104.87;2048.7;106.55;10;0.62;stop
479;554.77;1616.88;555.32;1603.68;527.11;1602.49;526.55;1615.69;10;0.62;stop
480;1036.41;1128.16;1069.84;1126.81;1069.22;1111.53;1035.79;1112.88;10;0.81;stop
481;1307.7;1113.41;1338.15;1108.81;1336.05;1094.96;1305.6;1099.56;10;0.8;stop
482;2175.93;553.86;2206.94;550.13;2205.01;534.02;2173.99;537.75;10;0.69;stop
483;1415.12;1641.56;1440.36;1641.12;1440.13;1627.69;1414.89;1628.13;10;0.65;stop
484;103.89;1154.72;142.43;1153.67;141.97;1136.53;103.43;1137.58;10;0.7;stop
486;3293.5;1000.21;3310.32;994.53;3298.06;958.23;3281.24;963.91;10;0.71;stop
488;3677.66;490.69;3712.42;488.95;3711.72;474.93;3676.95;476.68;10;0.68;stop
489;1774.82;1655.15;1802.76;1654.99;1802.68;1641.1;1774.74;1641.26;10;0.68;stop
490;1500.22;968.95;1502.57;939.09;1487.78;937.93;1485.43;967.79;10;0.68;stop
491;1389.45;858.77;1391.21;844.55;1363.43;841.1;1361.66;855.32;10;0.71;stop
494;2031.82;1517.31;2032.22;1493.41;2019.5;1493.19;2019.09;1517.09;10;0.61;stop
495;820.47;1662.09;821.51;1646.23;791.65;1644.28;790.62;1660.14;10;0.68;stop
496;2120.55;1061.35;2159.01;1061.22;2158.95;1043.52;2120.49;1043.65;9;0.65;stop
497;3273.06;1377.7;3285.96;1351.98;3273.5;1345.74;3260.61;1371.45;10;0.67;stop
498;2304.61;585.37;2338.22;582.49;2336.76;565.5;2303.16;568.38;10;0.72;stop
500;2313.26;1328.87;2314.21;1310.37;2270.74;1308.13;2269.79;1326.63;9;0.72;stop
502;310.08;38.77;338.77;36.66;337.73;22.63;309.04;24.75;10;0.69;stop
503;3.45;1149.77;33.16;1148.96;32.76;1133.98;3.05;1134.79;10;0.61;stop
504;361.84;537.21;364.79;522.13;331.44;515.6;328.49;530.68;10;0.63;stop
505;2551.28;153.25;2564.74;152.18;2562.59;125.19;2549.14;126.26;10;0.36;stop
506;3411.15;1010.16;3424.29;984.6;3411.98;978.27;3398.84;1003.83;10;0.62;stop
507;681.33;1218.44;681.99;1192.24;667.73;1191.88;667.07;1218.07;10;0.62;stop
508;1160.91;1171.3;1161.3;1153.7;1127.91;1152.95;1127.52;1170.55;10;0.78;stop
509;1632.98;562.58;1633.17;547.03;1603.64;546.67;1603.45;562.22;10;0.56;stop
510;2017.0;2157.72;2018.15;2123.46;2001.69;2122.91;2000.53;2157.16;10;0.67;stop
511;2773.71;2067.38;2788.82;2059.83;2773.29;2028.74;2758.18;2036.29;10;0.75;stop
513;1089.88;1037.17;1115.7;1037.12;1115.68;1026.08;1089.86;1026.13;10;0.62;stop
514;3584.11;950.66;3618.11;949.96;3617.77;933.25;3583.76;933.95;10;0.6;stop
515;3670.08;946.61;3706.98;944.72;3706.17;928.86;3669.27;930.75;10;0.64;stop
516;3562.54;800.2;3573.31;775.7;3560.58;770.11;3549.82;794.61;10;0.7;stop
517;731.05;2013.33;733.1;1984.68;720.65;1983.79;718.61;2012.44;10;0.65;stop
520;1712.16;1690.86;1712.92;1675.39;1684.86;1674.01;1684.1;1689.48;10;0.65;stop
521;2588.1;2067.69;2631.82;2053.44;2624.78;2031.81;2581.05;2046.06;9;0.58;stop
522;3119.12;1096.24;3121.09;1082.24;3109.63;1080.63;3107.66;1094.63;10;0.46;stop
523;2508.75;1735.84;2511.82;1704.73;2497.12;1703.29;2494.06;1734.39;10;0.67;stop
524;1426.22;1168.84;1456.48;1167.92;1456.03;1153.16;1425.77;1154.08;10;0.51;stop
525;578.39;1653.24;578.39;1638.32;552.23;1638.32;552.23;1653.24;10;0.56;stop
527;2581.89;696.94;2595.68;696.58;2594.99;669.94;2581.19;670.3;10;0.59;stop
528;2635.43;1042.11;2638.94;1029.17;2613.44;1022.26;2609.93;1035.2;10;0.64;stop
529;2255.93;1368.78;2256.94;1329.98;2239.76;1329.53;2238.75;1368.33;10;0.65;stop
530;159.27;59.03;193.04;55.87;191.59;40.35;157.81;43.51;10;0.41;stop
531;3023.11;497.78;3058.29;495.35;3057.14;478.72;3021.96;481.15;10;0.51;stop
532;3513.07;884.28;3523.69;848.07;3505.06;842.6;3494.43;878.81;10;0.6;stop
534;1433.1;2159.03;1435.93;2128.61;1421.02;2127.22;1418.19;2157.64;10;0.63;stop
535;2095.6;1531.0;2128.5;1530.81;2128.4;1513.81;2095.5;1514.0;10;0.66;stop
536;889.81;1170.61;890.2;1158.92;867.07;1158.14;866.67;1169.83;10;0.55;stop
537;2680.9;1386.45;2697.05;1358.5;2683.36;1350.58;2667.2;1378.54;10;0.73;stop
538;3325.24;937.3;3337.38;926.93;3316.94;903.01;3304.8;913.38;10;0.55;stop
539;2854.17;59.49;2883.53;56.28;2881.92;41.53;2852.56;44.74;10;0.57;stop
540;3286.61;1079.96;3304.01;1050.22;3290.89;1042.54;3273.49;1072.28;10;0.62;stop
541;3553.81;1293.45;3557.88;1278.4;3529.94;1270.85;3525.87;1285.9;10;0.64;stop
542;3298.44;1347.78;3311.04;1310.38;3291.25;1303.71;3278.64;1341.1;10;0.47;stop
543;2000.81;1004.06;2014.57;1000.16;2006.44;971.44;1992.68;975.34;10;0.68;stop
544;2589.67;847.03;2605.15;846.55;2604.08;812.34;2588.6;812.82;10;0.62;stop
545;205.15;1598.37;205.97;1587.04;183.21;1585.38;182.39;1596.71;10;0.62;stop
546;246.93;1736.72;264.18;1736.33;263.54;1707.66;246.29;1708.04;10;0.62;stop
547;3474.93;464.21;3504.05;459.7;3501.95;446.1;3472.82;450.61;10;0.58;stop
549;3700.81;301.29;3717.79;262.09;3701.69;255.12;3684.71;294.31;9;0.47;stop
550;223.56;49.54;254.61;46.75;253.39;33.2;222.35;35.98;10;0.47;stop
551;485.73;1235.13;485.81;1221.25;461.14;1221.12;461.07;1235.0;10;0.5;stop
552;700.2;2012.14;716.0;2011.84;715.43;1981.61;699.63;1981.91;10;0.62;stop
553;3023.32;1799.39;3049.11;1758.39;3032.18;1747.73;3006.39;1788.74;9;0.51;stop
554;3130.5;1681.65;3137.1;1642.35;3117.0;1638.98;3110.4;1678.27;10;0.7;stop
556;3282.04;1145.22;3284.69;1124.54;3240.14;1118.84;3237.5;1139.52;10;0.79;move
557;3632.26;948.19;3663.1;944.82;3661.49;930.09;3630.65;933.47;10;0.55;stop
559;611.62;2158.8;612.37;2145.68;588.38;2144.32;587.63;2157.44;10;0.42;stop
560;1911.36;2092.14;1928.6;2052.83;1912.14;2045.61;1894.9;2084.92;10;0.7;stop
562;2042.49;2156.06;2054.56;2155.06;2052.51;2130.19;2040.44;2131.19;10;0.6;stop
565;3144.78;1740.1;3152.36;1698.48;3132.72;1694.9;3125.14;1736.52;9;0.61;stop
567;1408.65;1679.73;1409.73;1667.24;1382.47;1664.9;1381.4;1677.38;10;0.51;stop
568;3712.78;374.54;3721.84;346.68;3706.59;341.71;3697.53;369.57;10;0.51;stop
569;478.4;1220.12;478.46;1207.18;453.47;1207.07;453.41;1220.0;10;0.43;stop
570;338.06;1360.75;338.41;1347.94;312.1;1347.21;311.74;1360.03;10;0.54;stop
571;3435.56;982.06;3450.46;940.31;3430.69;933.25;3415.79;975.0;10;0.55;stop
572;3749.61;446.65;3778.37;443.42;3776.64;428.04;3747.88;431.27;10;0.56;stop
575;1387.01;870.9;1388.04;858.24;1360.24;855.98;1359.21;868.63;10;0.64;stop
576;1837.68;893.26;1837.78;859.54;1821.01;859.49;1820.91;893.21;10;0.65;stop
577;188.88;1634.52;189.58;1622.81;166.43;1621.42;165.73;1633.13;10;0.48;stop
578;2295.01;105.3;2327.83;101.9;2326.12;85.39;2293.3;88.78;10;0.42;stop
579;3215.75;1345.65;3234.22;1297.57;3213.62;1289.66;3195.16;1337.74;9;0.59;stop
581;1540.98;1771.3;1546.1;1758.85;1519.02;1747.7;1513.9;1760.15;10;0.53;stop
583;340.25;564.25;343.6;550.06;309.44;542.0;306.09;556.19;10;0.55;stop
584;873.33;1922.03;873.35;1905.8;839.48;1905.78;839.47;1922.01;10;0.47;stop
587;2565.7633333333333;185.58333333333334;2566.27;158.37333333333333;2551.4866666666667;158.10333333333335;2550.98;185.31333333333333;10;0.41666666666666674;stop
589;808.43;2085.51;818.46;2085.34;818.13;2065.74;808.11;2065.91;10;0.45;stop
590;1525.74;1168.94;1525.85;1154.41;1497.13;1154.19;1497.02;1168.72;10;0.55;stop
591;494.87;562.03;497.96;548.5;468.88;541.88;465.79;555.4;10;0.4;stop
592;871.14;1587.61;871.16;1555.65;855.03;1555.64;855.01;1587.6;10;0.44;stop
596;311.84;1046.63;340.96;1043.85;339.72;1030.87;310.6;1033.65;10;0.75;stop
600;2558.3;286.05;2571.83;285.8;2571.33;258.45;2557.79;258.7;10;0.42;stop
602;1603.21;559.95;1603.95;546.26;1577.17;544.8;1576.42;558.49;10;0.43;stop
608;3394.8;1040.915;3409.005;1012.05;3395.045;1005.1800000000001;3380.835;1034.04;10;0.365;stop
610;2560.09;364.72;2576.01;364.27;2575.16;333.91;2559.24;334.35;10;0.48;stop
613;1739.58;1690.61;1740.87;1676.63;1715.28;1674.26;1713.99;1688.25;10;0.53;stop
615;3772.9300000000003;1172.2849999999999;3789.4849999999997;1170.96;3787.065;1139.585;3770.52;1140.91;10;0.375;stop
616;1571.93;1685.09;1573.18;1670.87;1546.57;1668.54;1545.32;1682.76;10;0.52;stop
617;1997.77;2158.18;1999.6;2124.52;1982.11;2123.57;1980.27;2157.23;10;0.45;stop
622;1962.93;1630.73;1962.98;1577.79;1940.44;1577.77;1940.4;1630.71;9;0.75;stop
626;269.82;2103.77;287.12;2103.73;287.06;2071.86;269.76;2071.89;10;0.45;stop
627;3384.69;1325.31;3427.17;1317.06;3423.43;1297.82;3380.95;1306.07;9;0.64;stop
631;2372.66;1083.58;2405.87;1081.5;2404.84;1065.17;2371.63;1067.25;10;0.67;stop
642;925.71;1127.81;956.06;1127.39;955.85;1112.82;925.51;1113.24;10;0.81;stop
646;3737.31;203.94;3745.77;181.36;3734.57;177.16;3726.1;199.73;10;0.42;stop
648;3524.43;1101.9;3558.7;1101.22;3558.38;1085.28;3524.11;1085.97;10;0.5;stop
654;573.3;607.6;574.82;597.46;553.58;594.27;552.06;604.42;10;0.42;stop
657;1695.19;1168.51;1696.05;1153.26;1680.14;1152.37;1679.28;1167.62;10;0.76;stop
663;132.63;1593.16;133.77;1583.64;113.46;1581.22;112.33;1590.73;10;0.43;stop
673;1140.13;1634.06;1140.25;1621.21;1113.62;1620.94;1113.5;1633.79;10;0.49;stop
709;2520.16;73.92;2520.59;55.82;2504.84;55.45;2504.41;73.55;10;0.54;stop
730;2312.72;2169.88;2352.29;2151.25;2343.28;2132.12;2303.71;2150.75;9;0.37;stop
748;1729.77;1084.82;1765.4;1077.97;1762.49;1062.81;1726.86;1069.66;10;0.75;stop
765;2413.9;1082.11;2445.26;1080.75;2444.6;1065.52;2413.24;1066.88;10;0.73;stop
890;1894.57;815.35;1911.21;814.12;1908.68;779.9;1892.04;781.13;10;0.83;stop
892;579.9;1128.05;609.34;1124.89;607.91;1111.63;578.48;1114.79;10;0.75;stop
893;594.83;1145.04;622.9;1143.34;622.05;1129.33;593.98;1131.04;10;0.78;stop
898;2555.12;554.76;2586.01;549.79;2583.51;534.24;2552.61;539.21;10;0.73;stop
917;256.6;1874.59;270.45;1874.49;270.27;1849.16;256.42;1849.26;10;0.58;stop
970;2159.28;1082.01;2159.29;1065.63;2147.22;1065.62;2147.21;1082.0;10;0.55;stop
1012;1916.56;363.12;1936.14;362.75;1935.44;325.38;1915.86;325.75;10;0.79;move
1109;525.99;1134.13;563.4;1134.09;563.38;1116.8;525.97;1116.85;10;0.8;stop
1151;3304.35;1038.75;3305.61;1010.34;3290.96;1009.68;3289.7;1038.1;10;0.52;stop
1155;2569.11;1081.74;2569.27;1066.25;2535.77;1065.89;2535.6;1081.38;10;0.73;stop
1186;1893.33;2126.7;1906.89;2095.09;1891.92;2088.67;1878.36;2120.29;10;0.82;stop
1195;3150.33;1538.35;3167.03;1447.83;3140.3;1442.9;3123.59;1533.42;9;0.78;stop
1219;1655.26;1075.14;1656.1;1051.39;1520.62;1046.61;1519.78;1070.36;9;0.62;stop
1229;1984.73;1630.68;1984.94;1600.43;1968.52;1600.32;1968.31;1630.57;10;0.63;move
1248;1788.92;54.19;1806.53;53.62;1805.36;17.25;1787.75;17.82;10;0.73;stop
1282;2846.74;1097.05;2847.53;1080.64;2811.31;1078.88;2810.51;1095.3;10;0.74;stop
1299;1619.23;1134.9;1691.38;1131.83;1690.52;1111.72;1618.37;1114.79;9;0.42;move
1323;1965.32;1833.28;1971.5;1799.96;1956.05;1797.09;1949.87;1830.42;10;0.83;move
1346;1810.18;716.5;1825.79;715.3;1823.57;686.38;1807.96;687.58;10;0.62;stop
1349;488.81;1141.7;520.89;1141.67;520.88;1126.12;488.8;1126.14;10;0.8;stop
1359;1897.93;862.6;1915.21;861.78;1913.57;827.15;1896.29;827.97;10;0.79;stop
1386;1978.66;1726.84;1981.6;1698.09;1966.34;1696.53;1963.4;1725.28;10;0.81;move
1511;2138.62;554.19;2170.62;551.2;2169.19;535.94;2137.2;538.93;10;0.68;stop
1515;1673.32;1042.12;1673.41;1028.04;1647.68;1027.88;1647.59;1041.96;10;0.6;stop
1524;1877.1;2163.76;1890.7;2130.85;1875.9;2124.74;1862.3;2157.65;10;0.8;stop
1526;1893.96;770.63;1909.69;770.04;1908.54;739.12;1892.81;739.71;10;0.79;stop
1557;443.48;1142.11;477.76;1141.8;477.61;1125.7;443.33;1126.01;10;0.77;stop
1566;922.9480000000001;623.3599999999999;923.634;611.3199999999999;900.81;610.0160000000001;900.124;622.0540000000001;10;0.38200000000000006;stop
1581;564.53;1160.43;591.37;1158.8;590.47;1143.95;563.63;1145.57;10;0.72;stop
1590;2710.32;1089.72;2711.18;1074.79;2681.83;1073.1;2680.97;1088.03;10;0.77;stop
1622;1891.25;734.52;1908.25;733.35;1906.09;702.1;1889.1;703.27;10;0.83;stop
1640;1787.1550000000002;244.85777777777778;1802.06;243.79722222222222;1799.6594444444445;210.04666666666668;1784.7544444444443;211.10722222222222;10;0.40166666666666667;stop
1643;1963.43;1468.47;1978.15;1467.9;1977.07;1439.66;1962.35;1440.22;10;0.66;move
1645;457.56;1118.72;489.02;1118.33;488.84;1104.09;457.38;1104.49;10;0.76;stop
1697;1857.53;938.35;1860.93;907.74;1845.97;906.08;1842.57;936.69;10;0.81;stop
1724;1366.05;1134.92;1389.78;1133.62;1389.08;1120.71;1365.35;1122.0;10;0.72;stop
1728;1065.63;1170.78;1096.04;1169.77;1095.5;1153.47;1065.09;1154.48;10;0.51;stop
1751;3262.28;531.16;3280.78;505.2;3268.35;496.34;3249.85;522.3;10;0.72;move
1770;407.32;1140.54;438.19;1139.82;437.83;1124.46;406.96;1125.18;10;0.78;stop
1789;1218.28;1466.48;1222.55;1434.87;1206.1;1432.64;1201.83;1464.26;10;0.39;stop
1812;1881.82;944.34;1895.95;943.21;1893.68;914.72;1879.55;915.85;10;0.7;stop
1815;1856.47;899.86;1861.46;865.26;1845.91;863.01;1840.91;897.62;10;0.82;stop
1833;376.84;1140.63;405.58;1139.61;405.03;1124.37;376.3;1125.39;10;0.7;stop
1861;2646.07;1063.09;2646.67;1048.44;2639.84;1048.16;2639.23;1062.81;10;0.67;stop
1869;3839.19;64.25;3846.7;39.84;3835.18;36.29;3827.67;60.71;10;0.69;stop
1885;369.58;1120.54;399.87;1119.13;399.17;1104.15;368.88;1105.56;10;0.77;stop
1886;1889.19;697.8;1905.81;697.06;1904.31;663.45;1887.69;664.19;10;0.81;stop
1928;17.99;1625.35;48.96;1620.51;46.88;1607.15;15.9;1611.99;10;0.4;stop
1935;1865.73;830.98;1866.62;798.47;1850.15;798.02;1849.25;830.53;10;0.83;move
1936;3509.28;459.95;3537.86;455.95;3536.03;442.86;3507.45;446.87;10;0.51;stop
1949;1982.93;575.74;1986.9;560.47;1956.82;552.64;1952.85;567.91;10;0.78;stop
1976;365.11;1140.65;365.32;1122.9;328.64;1122.48;328.43;1140.23;10;0.76;stop
2010;356.71;1120.24;356.81;1104.65;323.91;1104.45;323.81;1120.04;10;0.57;stop
2030;1874.93;858.12;1891.18;857.34;1889.51;822.63;1873.26;823.41;10;0.8;move
2044;1862.34;730.68;1862.66;701.61;1847.81;701.45;1847.5;730.52;10;0.83;move
2073;3382.82;1325.95;3426.06;1318.46;3422.5;1297.88;3379.25;1305.37;10;0.45;stop
2075;407.49;1119.81;440.74;1118.22;440.01;1103.0;406.76;1104.6;10;0.72;stop
2076;2800.315;1093.7625;2801.3775;1078.4225;2769.1425;1076.1774999999998;2768.08;1091.51;10;0.385;stop
2083;2068.96;2093.6914285714283;2069.657142857143;2078.097142857143;2038.2542857142857;2076.6885714285713;2037.557142857143;2092.282857142857;10;0.39714285714285713;stop
2090;3470.16;1202.88;3473.93;1186.24;3439.22;1178.37;3435.44;1195.01;10;0.79;stop
2100;459.02;1647.78;459.48;1635.27;435.35;1634.4;434.9;1646.91;10;0.41;stop
2101;3717.62;1256.15;3722.25;1238.53;3683.0;1228.22;3678.38;1245.85;10;0.5;move
2112;2735.04;2035.89;2746.87;2022.62;2718.4;1997.23;2706.56;2010.51;10;0.8;stop
2126;2678.25;541.27;2710.66;537.92;2709.0;521.86;2676.59;525.21;10;0.65;move
2127;494.96;1120.34;522.48;1119.83;522.23;1106.22;494.71;1106.73;10;0.42;stop
2148;274.95;1138.07;306.55;1136.59;305.84;1121.31;274.23;1122.79;10;0.75;stop
2151;3510.59;2141.99;3545.55;2126.15;3538.47;2110.51;3503.51;2126.35;10;0.4;stop
2154;3646.15;472.41;3686.4;469.2;3685.1;452.9;3644.85;456.11;10;0.81;stop
2176;2757.84;2000.87;2800.93;1993.54;2797.31;1972.26;2754.22;1979.58;10;0.83;move
2180;1881.98;603.09;1898.3;600.51;1893.52;570.28;1877.2;572.86;10;0.8;move
2195;307.07;1645.58;333.12;1642.37;331.37;1628.17;305.32;1631.38;10;0.51;stop
2207;1909.38;2139.0;1920.49;2109.68;1906.81;2104.5;1895.7;2133.82;10;0.47;stop
2209;1075.24;289.045;1104.1100000000001;287.695;1103.51;274.86;1074.6399999999999;276.21000000000004;10;0.355;stop
2210;1067.41;1667.4;1067.81;1654.88;1045.72;1654.17;1045.31;1666.68;10;0.55;stop
2216;2791.17;2106.04;2807.96;2097.24;2789.53;2062.08;2772.74;2070.88;10;0.55;stop
2223;509.75142857142856;1442.582857142857;511.6114285714286;1429.4035714285712;485.87857142857143;1425.7642857142857;484.0085714285714;1438.9435714285714;10;0.36;stop
2229;245.29;1703.67;260.88;1703.07;259.55;1668.52;243.96;1669.12;10;0.56;stop
2237;219.36;1601.74;243.56;1599.15;242.13;1585.76;217.92;1588.35;10;0.36;stop
2239;1792.24;328.63;1820.7;307.51;1811.14;294.62;1782.68;315.74;10;0.77;stop
2240;1997.32;2098.45;2028.29;2097.75;2027.93;2082.05;1996.96;2082.75;10;0.51;stop
2251;2397.66;1289.87;2424.67;1288.17;2423.72;1272.88;2396.7;1274.58;10;0.54;move
2256;2558.12;1387.77;2560.21;1355.0;2542.25;1353.86;2540.16;1386.62;10;0.57;stop
2266;3063.69;1477.855;3077.775;1470.2849999999999;3061.9350000000004;1440.8200000000002;3047.85;1448.385;10;0.385;stop
2274;1088.699411764706;1632.086470588235;1088.9570588235292;1620.9623529411765;1059.82;1620.2870588235292;1059.5588235294117;1631.4076470588234;10;0.36;stop
2280;1043.52;994.45;1060.71;982.3;1047.11;963.05;1029.92;975.2;10;0.38;stop
2289;2552.264;121.086;2584.6820000000002;117.14999999999999;2582.986;103.13;2550.568;107.062;10;0.376;stop
2309;247.5;1774.1;261.72;1774.02;261.56;1744.34;247.34;1744.42;10;0.45;stop
2316;246.38;1115.52;271.53;1114.72;271.12;1101.67;245.97;1102.47;10;0.53;move
2322;1933.57;1428.76;1953.65;1425.57;1946.46;1380.36;1926.38;1383.56;10;0.49;stop
2341;1823.17;287.48;1841.6;286.54;1839.74;249.71;1821.3;250.64;10;0.8;move
2365;3762.74;1244.76;3766.35;1228.47;3727.89;1219.93;3724.27;1236.21;10;0.82;move
2372;2372.430625;2122.330625;2435.34125;2092.4293749999997;2424.40125;2069.419375;2361.490625;2099.3206250000003;9;0.37374999999999997;stop
2384;2565.16;398.19333333333327;2580.23;397.6166666666667;2579.09;367.9266666666667;2564.02;368.5133333333333;10;0.3733333333333333;stop
2390;2374.21;2172.61;2420.11;2148.26;2408.91;2127.14;2363.01;2151.49;9;0.37;stop
2408;115.02;1130.96;145.81;1129.51;145.14;1115.29;114.35;1116.74;10;0.75;move
2426;518.48;1653.45;539.33;1652.91;539.02;1640.92;518.17;1641.47;10;0.37;stop
2430;2035.06;1645.49;2036.37;1621.05;2023.94;1620.39;2022.63;1644.82;10;0.49;stop
2434;2535.6;1606.11;2536.4;1565.69;2515.28;1565.27;2514.47;1605.69;9;0.57;move
2447;3298.04;1347.92;3311.99;1310.57;3292.59;1303.33;3278.64;1340.68;9;0.51;stop
2449;1821.01;168.13;1837.16;167.27;1835.24;131.12;1819.09;131.98;10;0.79;move
2451;3714.24;468.8;3747.98;465.28;3746.38;449.95;3712.64;453.47;10;0.68;stop
2475;3632.3;1233.99;3636.02;1217.41;3603.32;1210.07;3599.6;1226.65;10;0.75;move
2477;3225.47;140.29;3241.61;140.19;3241.41;107.68;3225.27;107.77;10;0.75;move
2482;3207.38;139.62;3221.66;139.34;3221.06;109.28;3206.78;109.57;10;0.38;stop
2484;2026.09;1792.09;2028.96;1766.8;2014.53;1765.16;2011.67;1790.45;10;0.54;stop
2486;1058.08;1165.49;1058.32;1153.56;1037.23;1153.14;1036.99;1165.06;10;0.52;stop
2490;44.83;1120.76;79.27;1116.62;77.52;1102.05;43.08;1106.19;10;0.74;move
2495;2623.03;1324.49;2623.97;1313.52;2605.59;1311.95;2604.66;1322.92;10;0.38;stop
2499;1624.05;598.2;1652.8;596.64;1651.95;580.8;1623.2;582.36;10;0.6;stop
2507;890.67;785.4;893.1;772.16;868.08;767.56;865.65;780.8;10;0.45;stop
2510;1835.21;109.67;1853.56;109.11;1852.54;75.95;1834.19;76.52;10;0.79;move
2512;2501.6;1551.12;2517.06;1550.92;2516.65;1519.56;2501.19;1519.77;10;0.47;stop
2514;273.86;1181.18;278.46;1148.99;261.92;1146.63;257.32;1178.82;10;0.68;stop
2518;2389.916153846154;1323.9215384615386;2390.214615384615;1306.9007692307691;2357.8123076923075;1306.3284615384614;2357.5138461538463;1323.3492307692309;10;0.38384615384615384;stop
2526;409.56;26.71;432.13;9.93;423.87;-1.17;401.31;15.62;10;0.57;stop
2527;3823.49;1283.14;3827.47;1265.97;3790.88;1257.49;3786.9;1274.66;10;0.76;move
2528;3835.5;1255.75;3839.32;1239.33;3801.37;1230.5;3797.55;1246.92;10;0.7;stop
2529;1690.59;1133.93;1690.67;1109.35;1679.55;1109.32;1679.47;1133.9;9;0.48;stop
2530;3120.31;1135.41;3121.48;1119.05;3106.19;1117.96;3105.02;1134.32;10;0.5;stop
2531;1688.77;1148.97;1689.37;1134.05;1679.56;1133.65;1678.95;1148.57;10;0.59;stop
2535;3161.8899999999994;1667.6925;3175.62;1635.1274999999998;3160.6075000000005;1628.7924999999998;3146.88;1661.355;10;0.36749999999999994;stop
2541;482.29;17.32;515.15;15.22;514.27;1.43;481.41;3.53;10;0.54;stop
2544;7.45;1898.96;34.84;1891.38;31.2;1878.23;3.81;1885.81;10;0.38;stop
2545;1927.75;1380.39;1943.18;1378.06;1937.75;1342.11;1922.32;1344.44;9;0.39;stop
2546;445.43;21.95;476.39;20.38;475.66;6.17;444.71;7.74;10;0.41;stop
