vehicle_id;veh_bb_x1;veh_bb_y1;veh_bb_x2;veh_bb_y2;veh_bb_x3;veh_bb_y3;veh_bb_x4;veh_bb_y4;det_class;conf_score;state
1;2954.56;1200.97;2956.97;1176.51;2896.19;1170.53;2893.78;1194.99;9;0.85;stop
2;1983.9;1259.42;1997.38;1258.76;1995.98;1230.21;1982.49;1230.87;10;0.78;stop
3;1947.15;1296.5;1963.91;1293.54;1957.63;1258.09;1940.87;1261.06;10;0.79;move
4;3118.87;1229.79;3120.99;1214.02;3085.13;1209.21;3083.01;1224.98;10;0.84;stop
7;1987.69;1294.7;2002.6;1293.07;1999.31;1262.98;1984.4;1264.61;10;0.81;stop
9;2964.69;1071.49;2966.42;1054.73;2930.31;1051.01;2928.58;1067.77;10;0.83;stop
15;1984.17;1334.06;1999.46;1333.62;1998.52;1301.25;1983.23;1301.7;10;0.81;stop
20;690.72;1078.4;718.66;1077.78;718.35;1063.78;690.4;1064.4;10;0.74;move
21;1955.91;295.79;1975.3;294.39;1972.59;256.59;1953.2;257.98;10;0.83;stop
22;1827.92;523.06;1828.81;489.89;1811.92;489.44;1811.03;522.61;10;0.83;stop
23;2736.73;1049.57;2737.79;1034.03;2703.4;1031.68;2702.34;1047.22;10;0.83;stop
24;3178.46;1107.77;3181.24;1090.86;3145.92;1085.04;3143.13;1101.95;10;0.82;stop
25;3078.77;1223.47;3081.7;1207.03;3047.32;1200.9;3044.39;1217.34;10;0.81;stop
28;3081.51;1709.31;3102.78;1654.06;3077.49;1644.32;3056.22;1699.57;9;0.82;stop
32;1106.72;1668.17;1106.95;1652.94;1075.78;1652.46;1075.55;1667.69;10;0.74;stop
33;473.31;1070.89;505.12;1069.6;504.51;1054.42;472.69;1055.71;10;0.77;move
34;3403.5;1264.9;3404.72;1248.19;3370.88;1245.72;3369.66;1262.43;10;0.83;stop
35;1984.98;1363.88;1998.98;1363.5;1998.27;1337.25;1984.27;1337.63;10;0.82;stop
36;1718.16;569.61;1719.27;553.14;1686.09;550.89;1684.98;567.36;10;0.83;stop
37;827.28;1164.48;827.59;1149.1;798.48;1148.52;798.18;1163.9;10;0.83;stop
38;3139.18;1099.92;3141.27;1083.96;3109.26;1079.76;3107.17;1095.73;10;0.83;stop
42;83.03;1072.0;83.2;1055.54;48.22;1055.19;48.05;1071.65;10;0.8;move
45;1978.94;833.48;1994.9;830.99;1990.06;800.02;1974.1;802.51;10;0.83;stop
47;3072.68;1089.99;3075.62;1075.14;3044.98;1069.08;3042.04;1083.92;10;0.82;stop
49;2087.37;1099.17;2087.4;1085.62;2059.38;1085.58;2059.35;1099.13;10;0.79;move
50;1328.66;1065.12;1359.11;1064.82;1358.96;1049.88;1328.52;1050.18;10;0.82;move
51;1984.98;1970.11;1995.42;1934.2;1978.02;1929.14;1967.58;1965.05;10;0.83;stop
52;1942.93;231.2;1960.38;225.52;1949.57;192.36;1932.12;198.04;10;0.81;stop
55;2888.14;1328.89;2888.88;1311.73;2856.86;1310.36;2856.12;1327.52;10;0.83;stop
57;3822.22;1359.61;3826.57;1340.02;3790.28;1331.95;3785.93;1351.54;10;0.8;stop
60;2706.8;1176.7;2707.39;1159.82;2672.51;1158.61;2671.93;1175.49;10;0.82;stop
61;2917.71;2011.37;2933.02;1999.69;2909.79;1969.25;2894.48;1980.93;10;0.83;stop
65;3567.47;729.5;3580.46;699.33;3565.03;692.69;3552.04;722.85;10;0.82;stop
67;2802.6;1180.84;2803.37;1165.61;2768.49;1163.85;2767.72;1179.07;10;0.82;stop
68;1881.32;2028.15;1896.69;1996.33;1881.99;1989.23;1866.62;2021.04;10;0.81;stop
69;1861.94;2075.51;1874.37;2046.03;1859.46;2039.74;1847.03;2069.22;10;0.81;stop
70;1080.44;632.1;1082.03;617.42;1054.25;614.4;1052.65;629.08;10;0.82;stop
71;2939.54;49.42;2968.15;46.38;2966.71;32.85;2938.1;35.89;10;0.82;stop
72;1987.68;907.99;2002.04;907.79;2001.57;875.13;1987.21;875.34;10;0.8;stop
73;754.68;1163.92;785.71;1162.94;785.23;1147.95;754.2;1148.94;10;0.8;stop
74;1445.48;1080.64;1445.49;1064.76;1410.9;1064.73;1410.88;1080.62;10;0.8;move
75;2927.28;1975.53;2958.66;1960.34;2950.38;1943.22;2919.0;1958.41;10;0.82;stop
78;3168.56;483.79;3198.12;479.42;3196.12;465.9;3166.56;470.27;10;0.82;stop
81;3386.46;1006.98;3404.2;975.51;3389.79;967.39;3372.05;998.86;10;0.82;stop
82;1829.47;825.2;1846.98;825.18;1846.94;788.05;1829.42;788.07;10;0.82;stop
83;1177.25;1171.49;1207.91;1171.21;1207.75;1153.88;1177.09;1154.16;10;0.82;stop
84;2816.3;1054.97;2817.19;1038.65;2779.4;1036.59;2778.51;1052.91;10;0.8;stop
85;1979.97;144.14;2011.07;139.63;2008.91;124.74;1977.81;129.25;10;0.75;move
86;792.39;1623.3;792.85;1608.19;763.86;1607.32;763.4;1622.43;10;0.8;stop
87;1462.3;876.71;1463.67;863.27;1434.58;860.29;1433.2;873.73;10;0.81;stop
88;1976.59;681.06;1991.31;680.27;1989.78;652.06;1975.07;652.86;10;0.81;stop
89;1977.65;715.02;1992.21;714.34;1990.97;687.86;1976.41;688.54;10;0.81;stop
90;520.37;1045.09;520.52;1029.92;488.38;1029.6;488.23;1044.77;10;0.82;stop
93;3037.51;1082.8;3039.82;1068.21;3011.24;1063.7;3008.93;1078.29;10;0.8;stop
95;2873.6;1188.04;2874.76;1172.26;2840.93;1169.77;2839.77;1185.55;10;0.81;stop
96;1942.91;1834.76;1948.5;1800.66;1931.5;1797.87;1925.9;1831.97;10;0.81;stop
97;2026.05;1388.63;2028.25;1357.45;2012.89;1356.37;2010.69;1387.55;10;0.82;stop
99;3440.4;1266.84;3441.54;1249.71;3408.98;1247.53;3407.83;1264.66;10;0.81;stop
100;154.37;1633.43;156.27;1617.9;125.01;1614.07;123.11;1629.6;10;0.8;stop
101;1937.75;1870.81;1943.15;1836.42;1926.53;1833.82;1921.13;1868.2;10;0.78;stop
102;1988.45;1400.1;2003.26;1399.99;2003.05;1369.65;1988.24;1369.76;10;0.81;stop
103;1986.59;862.37;1999.98;861.83;1998.91;835.26;1985.52;835.8;10;0.81;stop
104;525.13;1045.79;556.94;1045.42;556.75;1028.9;524.94;1029.27;10;0.82;stop
109;2661.94;1173.26;2662.03;1159.07;2633.06;1158.87;2632.97;1173.06;10;0.81;stop
111;3287.61;476.9;3322.66;472.89;3320.83;456.85;3285.78;460.86;10;0.8;stop
112;2002.67;939.3;2002.73;913.04;1988.83;913.01;1988.77;939.27;10;0.79;stop
114;2462.46;93.93;2493.25;90.74;2491.66;75.38;2460.87;78.57;10;0.8;stop
120;3163.29;1237.77;3166.43;1220.31;3130.15;1213.79;3127.01;1231.25;10;0.77;stop
122;1786.82;281.12;1804.76;280.25;1803.1;245.94;1785.16;246.81;10;0.73;stop
123;2102.22;553.84;2131.99;549.88;2130.03;535.16;2100.26;539.12;10;0.79;stop
124;1801.3;249.85;1817.2;248.49;1814.36;215.34;1798.46;216.7;10;0.79;stop
125;2584.49;502.22;2584.58;473.2;2569.89;473.15;2569.8;502.18;10;0.78;stop
126;2782.13;512.21;2815.17;508.17;2813.25;492.42;2780.2;496.45;10;0.8;stop
128;2214.7;1169.33;2248.45;1169.13;2248.36;1153.8;2214.61;1153.99;10;0.8;stop
129;2991.5;1964.55;3005.19;1956.52;2989.75;1930.2;2976.06;1938.23;10;0.81;stop
130;2846.32;507.95;2882.22;504.42;2880.68;488.8;2844.78;492.33;10;0.82;stop
131;2462.63;532.64;2490.59;529.97;2489.25;515.86;2461.28;518.53;10;0.79;stop
132;3133.08;487.44;3162.14;483.71;3160.35;469.75;3131.29;473.47;10;0.81;stop
134;1971.08;891.9;1986.24;891.05;1984.42;858.6;1969.26;859.45;10;0.8;stop
135;3717.42;1308.39;3720.9;1291.35;3685.08;1284.03;3681.6;1301.07;10;0.77;stop
136;2875.81;1059.24;2877.48;1044.34;2848.94;1041.13;2847.27;1056.03;10;0.82;stop
137;2176.2;1168.05;2210.51;1167.73;2210.36;1151.7;2176.05;1152.02;10;0.8;stop
143;874.06;1077.97;901.39;1077.56;901.19;1064.03;873.86;1064.44;10;0.64;move
144;1934.87;113.21;1951.61;112.86;1950.88;78.6;1934.14;78.96;10;0.81;stop
146;2512.69;1171.03;2512.82;1154.6;2479.68;1154.34;2479.56;1170.78;10;0.81;stop
147;2587.16;1169.66;2587.33;1154.92;2559.34;1154.59;2559.17;1169.33;10;0.8;stop
148;2624.97;1171.96;2625.73;1156.07;2593.53;1154.54;2592.77;1170.43;10;0.81;stop
149;1984.74;933.37;1985.4;901.24;1970.76;900.94;1970.1;933.07;10;0.82;stop
150;243.56;1072.05;273.97;1071.98;273.94;1057.01;243.53;1057.08;10;0.77;move
151;2551.69;1565.54;2551.87;1532.81;2534.06;1532.71;2533.88;1565.44;10;0.79;stop
153;437.64;1611.25;438.35;1598.34;411.73;1596.87;411.02;1609.78;10;0.79;stop
155;1946.71;44.03;1962.41;42.24;1958.92;11.66;1943.22;13.45;10;0.8;stop
156;1980.93;754.47;1997.25;753.17;1994.82;722.66;1978.5;723.96;10;0.81;stop
157;1812.18;759.13;1827.53;758.71;1826.68;727.0;1811.33;727.41;10;0.79;stop
159;906.57;1158.19;906.82;1142.93;875.62;1142.43;875.37;1157.69;10;0.82;stop
162;2551.54;1169.88;2552.27;1154.78;2520.71;1153.25;2519.98;1168.35;10;0.8;stop
164;3239.69;1188.12;3242.38;1170.23;3207.49;1165.0;3204.81;1182.89;10;0.54;move
165;2647.21;522.52;2679.88;518.89;2678.16;503.48;2645.5;507.11;10;0.8;stop
167;2174.36;1328.58;2205.21;1324.63;2203.2;1308.98;2172.36;1312.93;10;0.79;stop
168;1845.91;2107.36;1859.99;2079.91;1846.81;2073.14;1832.73;2100.59;10;0.77;stop
169;802.61;617.5;803.33;602.24;774.78;600.88;774.06;616.14;10;0.8;stop
170;2977.25;48.6;3006.13;44.24;3004.0;30.15;2975.12;34.51;10;0.8;stop
171;2683.29;518.79;2714.46;515.72;2712.96;500.46;2681.79;503.53;10;0.8;stop
172;1026.52;1079.57;1059.18;1078.08;1058.48;1062.61;1025.82;1064.11;10;0.77;move
173;1148.88;1905.45;1165.11;1905.31;1164.87;1874.55;1148.64;1874.68;10;0.79;stop
174;3779.28;207.53;3793.04;175.43;3778.85;169.35;3765.09;201.44;10;0.8;stop
175;1222.4;1047.53;1255.49;1046.19;1254.85;1030.35;1221.76;1031.68;10;0.8;stop
176;1329.0;1045.84;1362.62;1044.52;1362.0;1028.66;1328.38;1029.98;10;0.8;stop
179;3406.29;973.57;3425.63;944.0;3412.14;935.18;3392.81;964.75;10;0.79;stop
182;1935.91;74.4;1951.97;73.17;1949.84;45.41;1933.78;46.64;10;0.81;stop
184;1976.34;782.32;1977.15;746.93;1961.16;746.56;1960.35;781.95;10;0.82;stop
185;1766.17;1654.8;1766.27;1638.26;1736.14;1638.07;1736.04;1654.62;10;0.79;stop
186;1788.47;130.45;1805.39;129.6;1803.66;95.12;1786.73;95.97;10;0.79;stop
190;2904.83;54.9;2936.52;51.44;2934.86;36.27;2903.17;39.73;10;0.79;stop
191;2762.84;1180.75;2763.53;1161.81;2724.54;1160.38;2723.84;1179.31;9;0.82;stop
192;3162.8;982.49;3202.23;979.46;3200.95;962.82;3161.52;965.85;10;0.79;stop
193;1200.51;1068.93;1225.68;1067.66;1224.99;1053.95;1199.82;1055.21;10;0.63;move
194;3172.73;1358.79;3185.99;1332.7;3173.21;1326.21;3159.95;1352.3;10;0.78;stop
196;1912.98;1697.8;1913.32;1681.22;1882.11;1680.58;1881.77;1697.15;10;0.8;stop
197;1906.24;1971.22;1912.03;1942.23;1897.29;1939.28;1891.5;1968.27;10;0.78;stop
198;3617.18;1312.49;3621.7;1298.53;3590.32;1288.37;3585.8;1302.33;10;0.78;stop
199;2428.01;535.17;2457.76;532.3;2456.36;517.83;2426.62;520.7;10;0.78;stop
200;3825.03;100.07;3836.31;73.6;3823.09;67.98;3811.82;94.44;10;0.79;stop
201;2741.84;515.04;2777.55;510.68;2775.7;495.58;2739.99;499.95;10;0.81;stop
202;2835.43;1184.16;2836.62;1170.59;2809.44;1168.21;2808.25;1181.78;10;0.8;stop
203;3325.05;1394.65;3329.79;1380.64;3301.2;1370.97;3296.46;1384.99;10;0.8;stop
205;2390.58;537.33;2420.43;535.63;2419.55;520.17;2389.7;521.87;10;0.79;stop
206;2351.91;582.49;2386.06;580.5;2385.09;563.89;2350.94;565.88;10;0.79;stop
207;2733.43;556.18;2768.75;554.62;2768.06;538.82;2732.73;540.38;10;0.79;stop
208;1276.43;1173.5;1322.48;1173.13;1322.32;1153.0;1276.27;1153.37;9;0.8;stop
209;2679.33;1047.93;2680.07;1032.66;2647.17;1031.07;2646.43;1046.34;10;0.79;stop
210;3004.05;1079.17;3006.79;1063.2;2972.98;1057.39;2970.24;1073.36;10;0.79;stop
211;2541.98;1710.08;2545.49;1673.23;2529.15;1671.67;2525.63;1708.52;10;0.8;stop
213;1784.19;204.45;1799.64;203.5;1797.81;173.55;1782.36;174.5;10;0.79;stop
214;2358.41;538.65;2388.26;535.12;2386.47;519.98;2356.62;523.51;10;0.8;stop
215;3758.74;940.41;3791.16;937.86;3790.01;923.34;3757.59;925.89;10;0.78;stop
216;2776.36;1289.09;2807.27;1287.81;2806.64;1272.53;2775.73;1273.81;10;0.79;stop
217;2446.31;1321.27;2446.62;1305.61;2416.69;1305.04;2416.38;1320.7;10;0.79;stop
218;1914.78;1658.48;1914.95;1642.6;1884.26;1642.27;1884.09;1658.15;10;0.78;stop
219;3030.15;42.28;3058.89;38.37;3057.04;24.75;3028.3;28.66;10;0.77;stop
220;1962.38;337.96;1978.74;336.75;1976.43;305.54;1960.08;306.75;10;0.79;stop
221;1061.01;1043.55;1088.4;1043.36;1088.3;1029.83;1060.92;1030.01;10;0.79;stop
222;3390.8;918.57;3415.9;894.67;3404.2;882.37;3379.1;906.27;10;0.78;stop
223;658.18;1619.68;658.57;1604.19;629.01;1603.44;628.61;1618.93;10;0.78;stop
225;1792.65;304.66;1812.37;287.11;1802.85;276.41;1783.13;293.95;10;0.72;stop
226;2891.53;505.99;2921.78;502.35;2920.03;487.76;2889.78;491.4;10;0.77;stop
227;1147.27;1043.05;1147.85;1029.06;1119.6;1027.89;1119.02;1041.88;10;0.81;stop
228;1640.68;1043.28;1640.77;1028.01;1610.57;1027.85;1610.48;1043.11;10;0.8;stop
229;990.66;1167.13;1019.85;1166.14;1019.34;1151.31;990.15;1152.3;10;0.8;stop
232;522.39;1382.09;522.88;1367.18;492.92;1366.19;492.43;1381.1;10;0.75;stop
233;3744.32;291.74;3756.59;260.87;3742.55;255.29;3730.29;286.17;10;0.79;stop
237;364.28;1646.45;364.84;1631.23;334.63;1630.11;334.07;1645.34;10;0.77;stop
238;1425.86;873.57;1426.64;859.31;1399.01;857.8;1398.24;872.07;10;0.79;stop
241;3708.69;945.07;3745.82;941.89;3744.43;925.71;3707.3;928.89;10;0.79;stop
242;3365.9;1040.46;3380.23;1014.12;3367.23;1007.04;3352.89;1033.38;10;0.76;stop
243;1926.36;762.16;1942.31;761.67;1941.39;731.84;1925.44;732.33;10;0.79;move
244;1163.89;1872.46;1164.06;1844.82;1149.86;1844.73;1149.69;1872.37;10;0.77;stop
246;2945.19;1316.09;2951.88;1297.69;2911.84;1283.13;2905.15;1301.52;10;0.79;stop
247;1815.66;567.73;1832.24;567.39;1831.59;535.89;1815.01;536.24;10;0.76;stop
248;1049.26;629.51;1050.22;614.97;1022.61;613.15;1021.65;627.68;10;0.78;stop
249;1295.03;1038.29;1321.75;1038.21;1321.72;1026.09;1295.0;1026.17;10;0.79;stop
250;2374.18;1041.96;2405.69;1041.7;2405.57;1026.92;2374.06;1027.17;10;0.75;stop
251;2086.88;1169.62;2121.28;1168.55;2120.81;1153.51;2086.41;1154.58;10;0.79;stop
255;1679.15;572.65;1681.79;557.28;1653.1;552.35;1650.46;567.72;10;0.81;stop
256;2289.42;543.53;2319.37;541.38;2318.21;525.22;2288.26;527.37;10;0.78;stop
257;2608.07;524.05;2641.23;520.69;2639.68;505.32;2606.52;508.69;10;0.78;stop
259;773.17;1044.67;799.88;1043.75;799.44;1030.96;772.73;1031.88;10;0.78;stop
262;3483.51;1278.06;3487.27;1261.84;3453.99;1254.12;3450.23;1270.35;10;0.78;stop
264;770.78;2010.77;771.0;1981.98;755.14;1981.86;754.92;2010.65;10;0.78;stop
266;869.38;1047.11;900.21;1045.98;899.68;1031.33;868.85;1032.45;10;0.78;stop
267;2340.82;1168.97;2369.41;1168.51;2369.18;1154.15;2340.59;1154.61;10;0.78;stop
269;1340.38;1678.02;1340.64;1662.66;1307.87;1662.11;1307.61;1677.47;10;0.78;stop
270;1726.59;1652.93;1727.15;1636.5;1695.84;1635.45;1695.29;1651.87;10;0.76;stop
271;1831.15;2139.21;1843.84;2115.1;1831.85;2108.79;1819.16;2132.9;10;0.64;stop
272;2644.52;76.98;2674.57;73.69;2672.98;59.15;2642.93;62.43;10;0.78;stop
274;687.06;1619.58;687.69;1606.73;661.06;1605.42;660.43;1618.27;10;0.77;stop
275;2085.53;1291.25;2116.01;1288.66;2114.84;1274.88;2084.37;1277.46;10;0.8;stop
277;1783.61;160.31;1797.02;158.76;1793.89;131.63;1780.48;133.17;10;0.79;stop
278;721.3;1162.68;721.45;1145.76;684.95;1145.45;684.8;1162.37;10;0.8;stop
280;805.56;1045.14;835.21;1044.67;834.97;1029.36;805.32;1029.83;10;0.76;stop
281;1388.24;1170.83;1416.84;1169.99;1416.39;1154.54;1387.78;1155.39;10;0.78;stop
285;1861.76;1696.96;1863.23;1680.81;1832.93;1678.04;1831.45;1694.19;10;0.77;stop
286;3269.63;560.31;3287.23;559.82;3286.31;527.19;3268.71;527.68;10;0.75;stop
288;648.9;1656.47;649.35;1639.67;618.6;1638.85;618.15;1655.64;10;0.77;stop
289;2567.91;2001.92;2600.81;1988.05;2594.34;1972.71;2561.44;1986.58;10;0.78;stop
290;1938.65;261.08;1955.95;260.57;1955.17;233.92;1937.86;234.43;10;0.68;stop
292;3729.96;327.4;3738.83;299.48;3725.04;295.1;3716.17;323.02;10;0.78;stop
293;2341.33;1042.37;2370.38;1041.22;2369.8;1026.5;2340.75;1027.65;10;0.65;stop
294;1797.17;480.67;1813.88;479.11;1810.7;445.21;1794.0;446.77;10;0.8;stop
295;1960.85;626.91;1974.24;625.85;1972.15;599.34;1958.76;600.4;10;0.77;stop
296;941.58;1163.43;942.31;1147.57;912.42;1146.2;911.69;1162.05;10;0.82;stop
298;2332.05;1167.87;2332.24;1153.41;2301.45;1153.0;2301.26;1167.47;10;0.76;stop
299;1589.37;1066.16;1589.4;1051.16;1559.5;1051.09;1559.47;1066.09;10;0.8;move
300;1442.86;1680.23;1443.41;1665.41;1415.76;1664.39;1415.22;1679.21;10;0.77;stop
301;2457.87;1321.57;2485.52;1320.68;2485.01;1304.74;2457.35;1305.63;10;0.74;stop
302;2076.37;120.14;2112.13;117.32;2110.88;101.49;2075.12;104.3;10;0.77;stop
303;232.8;1154.64;233.22;1139.32;202.91;1138.49;202.48;1153.8;10;0.77;stop
304;830.1;1164.39;863.25;1162.49;862.33;1146.36;829.17;1148.26;10;0.78;stop
307;892.26;621.74;893.96;606.79;863.86;603.38;862.17;618.33;10;0.72;stop
308;2927.88;503.33;2957.98;499.2;2955.87;483.86;2925.77;487.99;10;0.78;stop
309;3642.41;542.11;3652.25;511.45;3638.22;506.95;3628.38;537.61;10;0.78;stop
311;3381.76;1073.47;3394.37;1044.71;3378.56;1037.78;3365.94;1066.54;10;0.76;stop
312;1479.33;1643.75;1479.35;1630.04;1449.05;1630.0;1449.02;1643.71;10;0.77;stop
313;2569.62;467.1;2582.75;466.98;2582.5;439.65;2569.37;439.77;10;0.77;stop
315;3474.97;1108.62;3479.37;1092.01;3442.84;1082.32;3438.44;1098.93;10;0.75;stop
317;2819.35;60.93;2850.97;58.0;2849.48;41.96;2817.86;44.89;10;0.78;stop
320;2263.07;1167.92;2290.77;1167.51;2290.55;1152.95;2262.85;1153.37;10;0.75;stop
321;2993.57;1208.47;2996.33;1193.0;2967.05;1187.78;2964.3;1203.25;10;0.77;stop
322;515.55;1403.42;517.15;1390.16;487.57;1386.58;485.97;1399.84;10;0.75;stop
323;592.07;1045.96;622.84;1044.27;621.99;1028.73;591.22;1030.42;10;0.77;stop
324;292.22;1158.28;323.66;1156.57;322.78;1140.47;291.34;1142.18;10;0.71;stop
329;1341.88;1171.77;1373.01;1171.24;1372.74;1155.85;1341.62;1156.39;10;0.76;stop
330;852.14;1663.64;853.18;1649.8;824.11;1647.61;823.07;1661.45;10;0.73;stop
331;1263.15;1637.9;1263.29;1622.65;1230.98;1622.35;1230.84;1637.6;10;0.74;stop
332;1953.99;79.98;1968.24;78.53;1965.51;51.65;1951.26;53.1;10;0.76;stop
333;530.51;1159.87;560.56;1158.33;559.8;1143.57;529.76;1145.1;10;0.77;stop
334;3105.67;1093.29;3108.07;1079.48;3083.24;1075.15;3080.83;1088.96;10;0.67;stop
335;116.01;1630.24;117.98;1614.51;87.42;1610.7;85.46;1626.42;10;0.67;stop
338;3627.62;575.31;3638.87;545.61;3624.88;540.31;3613.63;570.01;10;0.78;stop
339;3033.17;1214.69;3035.47;1199.76;3002.46;1194.69;3000.16;1209.61;10;0.74;stop
340;1328.08;1638.6;1328.62;1624.96;1302.17;1623.9;1301.63;1637.54;10;0.72;stop
341;2208.89;548.66;2242.43;544.93;2240.67;529.09;2207.13;532.82;10;0.76;stop
342;2544.64;47.69;2559.55;47.44;2559.11;20.94;2544.2;21.18;10;0.65;stop
344;2016.06;1850.04;2020.99;1804.96;2001.5;1802.83;1996.58;1847.91;9;0.56;stop
346;1957.26;978.27;1971.73;974.63;1964.96;947.73;1950.49;951.37;10;0.75;move
347;3350.45;1071.04;3366.15;1041.83;3352.67;1034.58;3336.97;1063.8;10;0.75;stop
348;1590.7;1648.81;1621.23;1648.71;1621.18;1633.94;1590.65;1634.04;10;0.75;stop
349;1932.87;1427.45;1950.11;1424.96;1943.88;1381.68;1926.64;1384.16;9;0.75;stop
350;2391.32;96.13;2419.09;93.31;2417.68;79.37;2389.91;82.19;10;0.75;stop
351;3709.35;447.5;3743.31;444.35;3741.9;429.07;3707.94;432.21;10;0.76;stop
352;198.44;1153.38;198.45;1138.83;169.06;1138.81;169.05;1153.36;10;0.77;stop
353;1496.77;1003.96;1500.65;973.46;1485.6;971.54;1481.72;1002.04;10;0.76;stop
355;3199.66;482.38;3230.77;478.12;3228.78;463.55;3197.66;467.82;10;0.69;stop
356;432.0;1047.3;459.02;1045.57;458.16;1032.08;431.14;1033.8;10;0.75;stop
360;2553.07;1515.39;2554.64;1485.28;2538.3;1484.43;2536.73;1514.53;10;0.75;stop
361;351.63;1045.1;382.62;1044.71;382.43;1029.59;351.44;1029.98;10;0.76;stop
363;2376.08;1168.97;2407.23;1168.58;2407.04;1154.15;2375.9;1154.55;10;0.76;stop
364;3595.57;657.83;3608.95;621.74;3594.12;616.23;3580.73;652.33;10;0.74;stop
365;394.47;544.44;398.13;528.29;368.19;521.5;364.53;537.64;10;0.72;stop
366;1807.82;684.92;1823.62;684.74;1823.3;657.2;1807.5;657.38;10;0.73;stop
367;2722.59;69.64;2750.68;66.48;2749.04;51.86;2720.95;55.02;10;0.74;stop
368;2590.27;81.62;2617.19;79.13;2615.85;64.63;2588.93;67.12;10;0.73;stop
369;2069.28;555.91;2098.82;553.72;2097.72;538.72;2068.18;540.9;10;0.72;stop
372;1265.27;1676.28;1266.26;1662.56;1237.29;1660.47;1236.3;1674.19;10;0.75;stop
373;1942.22;1574.56;1960.94;1574.13;1960.03;1533.82;1941.31;1534.24;10;0.68;stop
374;3549.94;658.86;3562.08;631.37;3548.81;625.51;3536.67;653.01;10;0.76;stop
375;1213.57;1498.69;1217.2;1468.74;1201.24;1466.81;1197.61;1496.76;10;0.7;stop
376;2168.91;1166.19;2169.07;1148.27;2132.72;1147.94;2132.56;1165.85;10;0.78;stop
377;2504.41;1833.8;2507.81;1802.75;2492.46;1801.07;2489.07;1832.12;10;0.75;stop
378;2984.21;498.89;3014.69;494.29;3012.51;479.86;2982.03;484.46;10;0.77;stop
383;2495.54;530.75;2529.82;527.45;2528.34;512.12;2494.06;515.43;10;0.75;stop
384;1907.84;1219.66;1920.97;1215.45;1912.84;1190.09;1899.72;1194.3;10;0.74;stop
385;3563.81;910.65;3596.15;907.91;3594.94;893.57;3562.6;896.31;10;0.75;stop
386;3667.77;903.74;3701.05;903.6;3700.98;888.29;3667.7;888.43;10;0.73;stop
389;2033.39;1604.68;2034.18;1570.41;2019.05;1570.07;2018.26;1604.34;10;0.72;stop
390;1448.49;1042.54;1474.74;1041.57;1474.26;1028.59;1448.01;1029.55;10;0.71;stop
391;2894.66;1878.27;2933.53;1862.95;2926.27;1844.54;2887.41;1859.86;10;0.68;stop
392;506.38;1613.72;507.46;1600.21;481.75;1598.15;480.67;1611.67;10;0.75;stop
393;2220.29;1041.72;2220.36;1028.4;2193.83;1028.28;2193.77;1041.6;10;0.7;stop
395;2968.68;1849.9;3005.07;1821.67;2992.32;1805.23;2955.93;1833.45;9;0.77;stop
397;947.87;1167.885;980.605;1167.7150000000001;980.52;1151.865;947.785;1152.0349999999999;10;0.585;stop
399;2771.62;65.31;2808.08;61.83;2806.5;45.31;2770.05;48.79;10;0.69;stop
401;615.88;1655.4;616.56;1639.29;586.94;1638.04;586.26;1654.15;10;0.71;stop
402;1301.44;1677.33;1302.21;1663.23;1273.69;1661.67;1272.92;1675.77;10;0.76;stop
403;750.1;2012.42;751.64;1980.94;736.66;1980.2;735.11;2011.68;10;0.76;stop
404;3554.62;762.01;3565.21;731.83;3550.69;726.73;3540.1;756.92;10;0.73;stop
405;1700.76;1168.57;1732.83;1168.38;1732.74;1153.43;1700.67;1153.62;10;0.74;stop
407;2131.4;1295.72;2178.64;1292.91;2177.53;1274.34;2130.3;1277.15;9;0.71;stop
409;230.07;1040.8;230.63;1027.51;203.75;1026.39;203.2;1039.68;10;0.72;stop
410;761.62;1659.43;761.64;1643.41;730.88;1643.38;730.86;1659.41;10;0.69;stop
411;1459.25;1168.18;1489.97;1166.88;1489.37;1152.69;1458.65;1153.99;10;0.74;stop
413;585.2;1045.61;585.42;1031.33;561.36;1030.96;561.14;1045.24;10;0.76;stop
414;1911.92;227.76;1931.22;226.6;1928.83;186.8;1909.53;187.96;10;0.78;move
416;1007.43;627.59;1008.41;612.9;980.45;611.03;979.47;625.72;10;0.78;stop
420;470.47;1612.44;471.16;1598.89;445.0;1597.56;444.31;1611.11;10;0.79;stop
421;1163.75;1836.34;1164.91;1809.3;1150.0;1808.66;1148.84;1835.7;10;0.73;stop
422;658.25;1657.15;687.16;1656.97;687.06;1640.98;658.15;1641.15;10;0.69;stop
423;3718.8;247.09;3732.44;213.73;3717.45;207.6;3703.81;240.95;10;0.75;stop
425;1232.26;1675.1;1233.36;1660.38;1205.05;1658.27;1203.95;1672.99;10;0.68;stop
427;968.29;624.76;969.93;610.46;940.84;607.12;939.19;621.42;10;0.71;stop
429;3258.89;60.09;3286.05;57.63;3284.86;44.44;3257.7;46.9;10;0.72;stop
430;197.57;1040.28;197.97;1026.8;170.17;1025.97;169.76;1039.45;10;0.66;stop
431;2594.05;930.94;2611.87;930.04;2609.82;889.31;2592.0;890.21;10;0.69;stop
432;2471.06;1168.88;2471.07;1154.27;2441.44;1154.24;2441.43;1168.86;10;0.69;stop
434;676.59;1040.4;705.1;1036.58;703.41;1023.97;674.9;1027.8;10;0.74;stop
435;2602.08;975.68;2618.12;973.98;2614.17;936.82;2598.13;938.52;10;0.72;stop
436;1264.27;1637.04;1292.48;1636.68;1292.29;1622.09;1264.08;1622.44;10;0.6;stop
437;3613.59;611.73;3626.25;581.84;3612.66;576.08;3600.0;605.98;10;0.69;stop
438;2347.39;99.66;2378.51;97.11;2377.23;81.47;2346.12;84.01;10;0.72;stop
441;377.14;1609.47;405.9;1609.01;405.68;1594.9;376.91;1595.37;10;0.64;stop
444;3342.45;1370.09;3343.46;1356.24;3316.61;1354.28;3315.6;1368.13;10;0.71;stop
446;410.03;492.69;414.73;462.47;397.62;459.81;392.93;490.03;10;0.66;stop
447;3759.5;254.1;3770.87;226.84;3757.37;221.21;3746.01;248.47;10;0.73;stop
449;1372.33;1678.68;1372.94;1666.02;1347.92;1664.82;1347.31;1677.48;10;0.65;stop
450;268.95;44.06;301.12;40.8;299.65;26.25;267.47;29.52;10;0.66;stop
452;3325.38;955.79;3359.22;942.26;3353.37;927.65;3319.53;941.18;10;0.64;stop
453;143.44;1045.91;165.9;1044.14;164.76;1029.71;142.3;1031.48;10;0.65;stop
454;1983.75;791.87;1997.97;791.09;1996.5;764.01;1982.28;764.78;10;0.73;stop
455;1916.55;1252.05;1931.4;1249.49;1926.45;1220.7;1911.6;1223.26;10;0.73;stop
457;2546.19;78.67;2561.71;77.57;2559.81;50.71;2544.29;51.81;10;0.73;stop
458;2562.33;435.56;2579.66;434.92;2578.55;404.81;2561.22;405.45;10;0.6;stop
459;1927.29;1381.56;1944.1;1378.95;1938.21;1340.94;1921.4;1343.55;10;0.62;stop
460;3566.22;2117.34;3598.08;2103.47;3590.65;2086.41;3558.8;2100.28;10;0.71;stop
461;633.04;1195.32;661.98;1194.69;661.65;1179.37;632.71;1180.0;10;0.73;stop
463;3751.06;172.08;3762.05;142.1;3748.94;137.29;3737.95;167.28;10;0.66;stop
464;1222.51;1634.95;1222.51;1621.92;1196.24;1621.92;1196.24;1634.95;10;0.64;stop
465;2700.19;1381.52;2718.64;1380.95;2717.62;1348.01;2699.18;1348.58;10;0.67;stop
466;1969.91;2009.42;1980.05;1979.28;1964.97;1974.21;1954.83;2004.35;10;0.6;stop
467;831.33;1455.23;832.07;1441.33;802.73;1439.77;801.99;1453.67;10;0.61;stop
468;2504.03;1876.51;2506.69;1837.23;2488.34;1835.99;2485.69;1875.27;10;0.76;stop
469;427.96;1648.38;428.59;1633.16;398.91;1631.93;398.28;1647.15;10;0.5;stop
471;1605.96;1685.39;1606.75;1670.94;1577.79;1669.36;1577.0;1683.81;10;0.73;stop
472;3625.85;907.27;3661.41;905.03;3660.4;888.98;3624.84;891.22;10;0.66;stop
473;2545.75;1658.93;2548.03;1628.38;2532.13;1627.19;2529.85;1657.75;10;0.7;stop
474;1677.23;1042.29;1708.16;1041.75;1707.9;1026.58;1676.96;1027.13;10;0.65;stop
477;724.08;1656.83;724.11;1641.33;696.23;1641.29;696.21;1656.79;10;0.68;stop
478;2049.32;119.56;2074.95;117.71;2073.99;104.32;2048.36;106.16;10;0.6;stop
479;555.1;1616.51;555.42;1603.62;525.84;1602.87;525.52;1615.76;10;0.58;stop
482;2171.95;554.03;2205.43;549.64;2203.36;533.85;2169.88;538.24;10;0.57;stop
483;1415.22;1641.68;1440.45;1640.9;1440.03;1627.57;1414.8;1628.35;10;0.67;stop
484;104.87;1154.01;142.54;1153.17;142.16;1136.3;104.49;1137.14;10;0.69;stop
486;3293.24;1000.16;3310.28;994.53;3298.32;958.28;3281.28;963.91;10;0.72;stop
488;3677.25;490.92;3714.79;488.95;3714.0;473.77;3676.46;475.73;10;0.72;stop
489;1774.44;1655.23;1803.09;1655.0;1802.97;1639.89;1774.32;1640.12;10;0.67;stop
490;1500.96;968.57;1503.24;938.32;1488.16;937.18;1485.89;967.43;10;0.67;stop
491;1389.51;858.23;1390.85;844.29;1363.36;841.65;1362.02;855.58;10;0.62;stop
494;2031.91;1517.85;2032.31;1492.86;2019.4;1492.65;2019.0;1517.64;10;0.55;stop
495;820.99;1661.96;821.95;1646.24;791.84;1644.41;790.88;1660.14;10;0.68;stop
497;3241.69;1381.99;3253.87;1354.62;3241.12;1348.95;3228.94;1376.31;10;0.61;stop
498;2304.99;584.08;2337.5;581.83;2336.39;565.67;2303.87;567.92;10;0.72;stop
500;2313.59;1328.71;2314.32;1310.51;2272.66;1308.85;2271.93;1327.05;9;0.53;stop
502;310.64;38.53;339.83;35.97;338.58;21.7;309.39;24.26;10;0.65;stop
504;364.86;537.76;367.84;521.63;332.17;515.05;329.19;531.18;10;0.54;stop
505;2548.46;153.9;2565.79;153.64;2565.41;128.47;2548.08;128.73;10;0.61;stop
506;3411.49;1009.66;3425.0;984.52;3412.57;977.84;3399.06;1002.98;10;0.67;stop
507;682.19;1218.14;682.97;1190.73;667.81;1190.3;667.03;1217.71;10;0.66;stop
508;1162.24;1171.69;1162.63;1153.32;1127.13;1152.56;1126.74;1170.93;10;0.79;stop
509;1633.31;562.41;1633.52;547.24;1604.44;546.84;1604.23;562.01;10;0.44;stop
511;2773.66;2067.77;2788.6;2060.05;2772.22;2028.35;2757.27;2036.07;10;0.55;stop
513;1090.44;1037.36;1115.23;1037.14;1115.12;1025.89;1090.34;1026.11;10;0.64;stop
514;3583.69;950.63;3618.6;949.75;3618.18;932.81;3583.27;933.68;10;0.62;stop
515;3669.68;946.4;3705.44;944.74;3704.69;928.6;3668.93;930.26;10;0.63;stop
516;3562.25;800.36;3572.86;776.67;3559.94;770.89;3549.33;794.58;10;0.7;stop
517;731.14;2013.35;733.45;1984.77;721.05;1983.77;718.74;2012.35;10;0.65;stop
520;1712.6;1690.69;1713.46;1675.85;1684.59;1674.18;1683.74;1689.03;10;0.67;stop
521;2588.1;2067.68;2631.41;2054.08;2624.77;2032.95;2581.47;2046.54;9;0.54;stop
522;3119.17;1097.32;3121.32;1082.37;3109.58;1080.68;3107.43;1095.63;10;0.54;stop
523;2508.85;1736.01;2511.64;1705.58;2497.02;1704.24;2494.24;1734.67;10;0.61;stop
524;1426.11;1169.42;1456.95;1167.78;1456.14;1152.58;1425.3;1154.22;10;0.7;stop
525;551.53;1653.55;578.22;1653.45;578.16;1638.02;551.47;1638.11;10;0.52;stop
527;2581.94;697.01;2595.52;696.72;2594.94;669.86;2581.35;670.16;10;0.57;stop
529;2256.12;1368.81;2257.22;1329.98;2240.13;1329.5;2239.03;1368.33;10;0.66;stop
531;3022.4;497.48;3058.09;494.67;3056.82;478.46;3021.13;481.27;10;0.67;stop
532;3512.3;884.56;3523.67;847.41;3503.95;841.38;3492.58;878.53;10;0.55;stop
535;2096.2;1530.4;2127.31;1529.89;2127.05;1513.85;2095.94;1514.36;10;0.62;stop
536;887.65;1170.42;888.28;1158.5;867.35;1157.39;866.72;1169.31;10;0.45;stop
537;2681.34;1384.6;2695.97;1359.19;2683.41;1351.96;2668.78;1377.37;10;0.7;stop
538;3325.01;937.81;3337.59;927.22;3317.17;902.97;3304.6;913.56;10;0.54;stop
539;2854.36;59.48;2883.15;56.33;2881.5;41.3;2852.71;44.45;10;0.75;stop
540;3286.99;1079.89;3304.4;1050.22;3291.44;1042.61;3274.03;1072.28;10;0.58;stop
541;3553.63;1293.62;3557.83;1278.75;3530.12;1270.91;3525.92;1285.79;10;0.69;stop
542;3276.82;1314.62;3288.21;1277.2;3267.86;1271.01;3256.48;1308.42;10;0.53;stop
543;2000.47;1004.07;2014.5;1000.32;2006.78;971.43;1992.75;975.18;10;0.7;stop
544;2590.03;846.99;2605.13;846.37;2603.72;812.38;2588.62;813.01;10;0.55;stop
545;205.67;1598.64;206.51;1586.66;184.33;1585.11;183.49;1597.09;10;0.59;stop
547;3474.53;464.06;3504.17;460.18;3502.35;446.25;3472.7;450.14;10;0.68;stop
549;3699.58;301.36;3717.35;261.35;3701.04;254.11;3683.28;294.11;9;0.64;stop
551;486.35;1235.48;486.56;1221.14;461.0;1220.77;460.79;1235.11;10;0.57;stop
552;699.98;2012.55;715.99;2012.37;715.64;1982.14;699.63;1982.32;10;0.51;stop
553;3023.41;1799.78;3049.17;1757.84;3032.09;1747.35;3006.33;1789.29;9;0.62;stop
554;3131.49;1681.53;3137.26;1643.08;3116.95;1640.04;3111.18;1678.48;10;0.66;stop
556;575.45;1075.74;612.63;1075.18;612.36;1057.08;575.18;1057.63;10;0.75;move
557;3632.13;948.27;3663.38;944.61;3661.62;929.54;3630.37;933.2;10;0.57;stop
560;2009.11;1453.72;2010.54;1415.7;1992.71;1415.03;1991.28;1453.05;10;0.82;stop
565;3144.71;1740.39;3152.87;1698.52;3132.79;1694.61;3124.63;1736.48;9;0.55;stop
567;1407.78;1679.45;1408.88;1667.55;1383.35;1665.17;1382.24;1677.07;10;0.45;stop
568;3713.02;373.51;3721.56;346.63;3706.35;341.8;3697.82;368.68;10;0.56;stop
569;479.39;1220.14;479.57;1206.45;453.89;1206.11;453.71;1219.8;10;0.51;stop
570;338.08;1360.67;338.54;1347.75;312.54;1346.83;312.08;1359.75;10;0.47;stop
571;3436.23;979.68;3449.4;939.11;3430.02;932.82;3416.85;973.39;9;0.48;stop
575;1387.13;870.67;1387.94;858.0;1360.12;856.2;1359.31;868.88;10;0.57;stop
576;1820.97;893.73;1838.14;893.37;1837.43;859.58;1820.26;859.94;10;0.61;stop
577;188.32;1634.48;189.1;1622.98;166.52;1621.45;165.74;1632.96;10;0.39;stop
578;2295.36;104.31;2328.3;101.42;2326.89;85.26;2293.95;88.14;10;0.65;stop
579;3215.38;1346.2;3234.12;1298.29;3213.06;1290.05;3194.32;1337.96;9;0.55;stop
581;1539.82;1771.42;1545.24;1759.21;1519.05;1747.58;1513.64;1759.79;10;0.45;stop
584;839.1;1922.44;872.91;1922.16;872.77;1905.38;838.97;1905.65;10;0.43;stop
587;2550.62;185.52;2565.54;185.5;2565.51;158.17;2550.58;158.19;10;0.57;stop
590;1496.79;1169.16;1527.66;1168.18;1527.21;1153.96;1496.34;1154.95;10;0.57;stop
592;855.38;1587.91;871.5;1587.63;870.93;1555.34;854.81;1555.62;10;0.42;stop
596;310.81;1046.08;341.33;1043.67;340.29;1030.49;309.77;1032.89;10;0.74;stop
600;2558.35;285.35;2571.81;285.09;2571.28;258.02;2557.82;258.29;10;0.45;stop
610;2560.07;364.76;2576.25;364.19;2575.18;333.87;2559.0;334.44;10;0.47;stop
615;3774.3;1174.24;3789.55;1173.32;3787.58;1140.45;3772.33;1141.36;10;0.45;stop
616;1572.32;1685.14;1573.57;1670.76;1547.3;1668.48;1546.05;1682.86;10;0.52;stop
622;1941.65;1631.34;1962.55;1631.02;1961.72;1577.16;1940.83;1577.48;9;0.55;stop
627;3384.72;1324.96;3427.26;1316.44;3423.41;1297.22;3380.87;1305.75;9;0.59;stop
648;2554.99;1079.75;2555.43;1064.33;2521.76;1063.37;2521.32;1078.8;10;0.74;move
654;574.33;608.43;575.7;597.22;552.54;594.39;551.17;605.59;10;0.42;stop
657;1694.49;1167.39;1694.73;1153.98;1667.01;1153.49;1666.77;1166.9;10;0.7;move
673;1141.15;1634.18;1141.42;1620.4;1114.47;1619.89;1114.21;1633.66;10;0.44;stop
892;1931.7;1336.87;1948.11;1310.71;1934.83;1302.38;1918.42;1328.54;10;0.73;stop
1151;3304.135;1040.745;3305.77;1010.345;3291.1800000000003;1009.57;3289.54;1039.97;10;0.375;stop
1186;1995.79;1493.9;2011.5;1493.89;2011.46;1461.47;1995.75;1461.49;10;0.81;stop
1195;3151.54;1537.26;3166.69;1453.01;3140.02;1448.21;3124.87;1532.46;9;0.68;stop
1282;1994.95;1104.23;2028.42;1097.99;2025.8;1083.9;1992.33;1090.13;10;0.82;move
1346;1811.97;718.04;1826.43;717.22;1824.78;688.21;1810.32;689.03;10;0.68;stop
1515;1648.84;1041.85;1672.42;1041.39;1672.16;1028.15;1648.58;1028.61;10;0.73;stop
1524;1990.77;1540.57;2007.75;1540.25;2007.11;1505.93;1990.12;1506.25;10;0.82;stop
1557;1863.72;2129.08;1879.04;2096.5;1864.53;2089.67;1849.21;2122.25;10;0.8;stop
1581;589.53;1161.25;590.46;1143.4;567.35;1142.19;566.42;1160.04;10;0.56;stop
1789;1218.07;1465.92;1221.68;1435.14;1205.18;1433.21;1201.57;1463.99;10;0.39;stop
1869;3838.59;65.18;3847.26;40.87;3835.79;36.77;3827.11;61.08;10;0.71;stop
1936;3508.62;459.41;3538.55;455.4;3536.69;441.53;3506.76;445.54;10;0.64;stop
2101;1746.3;1073.54;1777.37;1073.19;1777.2;1058.33;1746.13;1058.69;10;0.81;move
2210;1066.81;1667.94;1067.43;1655.73;1044.44;1654.56;1043.82;1666.77;10;0.61;stop
2365;1919.78;668.81;1937.54;668.42;1936.72;631.69;1918.96;632.08;10;0.8;move
2408;3774.68;1316.37;3779.64;1297.21;3744.07;1288.01;3739.11;1307.17;10;0.83;stop
2510;1900.24;953.12;1916.26;951.93;1913.98;921.13;1897.96;922.32;10;0.8;stop
2526;409.4;25.43;432.21;9.4;424.04;-2.22;401.23;13.8;10;0.54;stop
2527;1998.31;1078.28;2031.81;1077.44;2031.44;1062.6;1997.94;1063.43;10;0.78;move
2541;482.73;17.1;516.49;15.23;515.7;0.95;481.95;2.81;10;0.61;stop
2546;445.73;21.84;475.97;20.57;475.36;6.05;445.12;7.32;10;0.49;stop
2623;2073.27;1076.83;2100.69;1076.77;2100.67;1062.92;2073.24;1062.98;10;0.78;move
2735;1891.65;2075.45;1906.34;2039.52;1890.51;2033.05;1875.82;2068.98;10;0.82;stop
2737;1933.73;876.18;1948.83;875.53;1947.52;845.07;1932.42;845.72;10;0.76;move
2744;2212.32;1082.85;2246.19;1081.84;2245.68;1064.77;2211.81;1065.78;10;0.81;move
2836;2413.88;1082.08;2445.43;1080.5;2444.62;1064.42;2413.07;1066.0;10;0.77;move
2898;1743.98;1172.28;1776.75;1171.97;1776.61;1157.59;1743.85;1157.91;10;0.68;stop
2933;2030.52;1045.42;2035.47;1032.38;2008.98;1022.33;2004.03;1035.37;10;0.81;move
2976;3426.84;880.9;3447.58;854.02;3434.72;844.1;3413.98;870.98;10;0.78;stop
2993;2795.72;1094.79;2797.17;1075.54;2747.25;1071.77;2745.8;1091.03;9;0.82;stop
3092;2130.78;1063.96;2162.0;1063.64;2161.84;1048.79;2130.63;1049.11;10;0.79;move
3187;1938.96;312.11;1956.24;310.63;1953.54;279.07;1936.26;280.55;10;0.8;stop
3214;2336.32;1064.01;2386.2;1063.65;2386.06;1044.24;2336.17;1044.6;9;0.77;move
3229;2007.13;1584.35;2007.44;1547.79;1990.74;1547.65;1990.43;1584.21;10;0.81;stop
3260;496.14;561.625;499.25;547.815;469.49;541.105;466.375;554.915;10;0.365;stop
3267;1955.31;1186.2;1957.72;1161.92;1943.84;1160.55;1941.43;1184.83;10;0.38;move
3269;1814.1;1121.45;1848.42;1113.52;1844.87;1098.17;1810.55;1106.1;10;0.82;stop
3279;1778.03;80.91;1794.72;78.9;1790.52;43.96;1773.83;45.97;10;0.7;stop
3321;2458.55;1059.0;2490.55;1057.73;2489.95;1042.5;2457.95;1043.77;10;0.76;move
3352;2952.86;1112.58;2955.19;1095.82;2922.64;1091.3;2920.31;1108.05;10;0.83;stop
3354;1905.81;2026.83;1918.08;1995.08;1903.44;1989.42;1891.17;2021.17;10;0.83;stop
3434;2905.36;1100.98;2907.1;1084.61;2869.17;1080.58;2867.43;1096.95;10;0.81;stop
3450;2007.26;1626.59;2008.67;1593.84;1992.86;1593.16;1991.46;1625.91;10;0.8;stop
3511;2540.89;1060.08;2571.88;1060.02;2571.86;1044.79;2540.87;1044.85;10;0.77;move
3584;2010.94;1661.0;2012.64;1631.56;1998.56;1630.75;1996.86;1660.19;10;0.8;stop
3633;2519.19;74.97;2520.94;53.28;2506.94;52.15;2505.19;73.84;10;0.48;stop
3693;3051.2;1125.83;3053.63;1109.27;3020.99;1104.48;3018.56;1121.04;10;0.83;stop
3747;2688.72;1088.45;2690.09;1070.64;2643.4;1067.05;2642.03;1084.86;9;0.83;move
3785;2004.73;1707.68;2007.06;1670.66;1989.77;1669.57;1987.44;1706.59;10;0.83;stop
3837;3093.47;1131.44;3096.07;1114.65;3060.75;1109.18;3058.15;1125.98;10;0.83;stop
3887;2553.15;120.36;2582.75;116.48;2580.97;102.95;2551.38;106.83;10;0.6;stop
3961;2002.56;1752.61;2006.1;1719.72;1990.25;1718.01;1986.71;1750.9;10;0.82;stop
3996;256.17;1874.74;270.3;1874.71;270.24;1849.01;256.11;1849.04;10;0.54;stop
4080;1997.25;1789.5;2001.23;1757.36;1985.25;1755.38;1981.27;1787.51;10;0.84;stop
4207;1991.44;1834.32;1997.14;1802.09;1982.06;1799.43;1976.36;1831.66;10;0.83;stop
4216;2792.87;1072.61;2793.67;1056.99;2765.1;1055.52;2764.3;1071.14;10;0.82;move
4321;1985.47;1872.01;1993.71;1837.77;1976.97;1833.74;1968.73;1867.98;10;0.82;stop
4413;2863.88;1076.52;2865.29;1061.05;2833.78;1058.17;2832.37;1073.63;10;0.83;stop
4426;1485.47;1683.01;1486.52;1668.45;1454.16;1666.11;1453.1;1680.67;10;0.7;stop
4491;2715.39;1068.19;2715.83;1052.13;2685.36;1051.31;2684.92;1067.37;10;0.79;move
4568;1974.35;1910.34;1983.43;1882.2;1968.97;1877.53;1959.88;1905.67;10;0.83;stop
4683;2002.67;1233.34;2019.64;1231.64;2016.01;1195.54;1999.05;1197.24;9;0.69;stop
4723;2140.92;553.24;2169.89;550.7;2168.58;535.76;2139.61;538.3;10;0.54;stop
4886;2926.29;1085.52;2929.12;1069.7;2892.96;1063.23;2890.13;1079.05;10;0.83;stop
4959;1897.61;912.18;1912.93;911.6;1911.64;877.7;1896.32;878.28;10;0.8;stop
5069;1978.89;1748.25;1982.66;1716.32;1967.23;1714.5;1963.47;1746.43;10;0.81;move
5256;1787.03;242.48;1801.75;241.26;1798.96;207.52;1784.23;208.74;10;0.59;stop
5317;1985.86;1664.4;1987.72;1631.68;1970.95;1630.73;1969.09;1663.44;10;0.8;move
5420;1779.59;1134.04;1779.61;1118.26;1749.59;1118.21;1749.56;1133.99;10;0.8;stop
5484;1613.25;1079.09;1644.23;1077.83;1643.62;1062.91;1612.64;1064.17;10;0.73;move
5684;1603.2475;559.8625;1603.9475;545.9675000000001;1577.1325;544.605;1576.425;558.5;10;0.35750000000000004;stop
5757;1893.63;854.42;1908.64;854.09;1907.94;821.83;1892.92;822.16;10;0.78;stop
5873;3331.73;1084.91;3339.23;1049.33;3323.58;1046.03;3316.08;1081.61;10;0.72;stop
5904;1878.81;948.71;1894.68;948.31;1893.79;912.6;1877.92;913.0;10;0.77;stop
5989;1735.35;1135.12;1735.35;1118.25;1699.95;1118.25;1699.95;1135.12;10;0.81;stop
6013;1879.37;907.6;1894.11;907.5;1893.88;874.4;1879.14;874.5;10;0.82;stop
6053;1855.05;937.04;1857.07;910.73;1843.01;909.65;1840.99;935.96;10;0.8;stop
6157;1875.03;866.92;1890.71;866.7;1890.25;832.96;1874.57;833.17;10;0.81;stop
6170;2392.64;1290.49;2423.57;1289.57;2423.11;1273.95;2392.18;1274.87;10;0.39;stop
6201;2791.4750000000004;2105.41;2807.48;2096.775;2789.11;2062.715;2773.105;2071.3450000000003;10;0.42000000000000004;stop
6216;1875.39;941.17;1875.69;911.29;1860.74;911.14;1860.44;941.02;10;0.81;stop
6250;1888.6;724.17;1905.94;723.65;1904.9;688.83;1887.56;689.35;10;0.81;stop
6281;1894.81;815.96;1910.89;815.47;1909.94;783.79;1893.86;784.28;10;0.82;stop
6317;1887.61;676.74;1904.56;675.07;1901.39;642.88;1884.44;644.55;10;0.84;stop
6381;1885.14;639.8;1902.6;637.92;1899.36;607.83;1881.9;609.7;10;0.83;stop
6386;1858.35;903.59;1873.55;903.54;1873.46;873.91;1858.26;873.96;10;0.81;stop
6407;246.48;1737.44;264.27;1736.98;263.52;1707.87;245.73;1708.33;10;0.54;stop
6451;977.94;1143.11;1007.94;1142.6;1007.68;1127.51;977.68;1128.03;10;0.82;move
6453;2087.7;1058.64;2087.81;1045.33;2061.3;1045.11;2061.19;1058.42;10;0.75;move
6464;1873.35;807.21;1889.88;806.35;1888.28;775.66;1871.74;776.53;10;0.81;stop
6482;3748.82;445.13;3779.15;441.64;3777.43;426.74;3747.1;430.24;10;0.54;stop
6493;1862.46;867.3;1865.78;835.34;1850.04;833.7;1846.72;865.66;10;0.83;stop
6494;1892.45;770.78;1907.86;770.75;1907.8;738.97;1892.39;739.0;10;0.74;stop
6531;1382.56;1045.41;1415.58;1044.8;1415.32;1030.21;1382.29;1030.82;10;0.76;stop
6573;1849.87;825.78;1866.46;825.54;1866.01;795.34;1849.42;795.59;10;0.81;stop
6630;1870.59;762.85;1887.2;762.72;1886.91;726.65;1870.3;726.78;10;0.82;stop
6635;3008.86;1120.92;3011.17;1103.99;2975.2;1099.08;2972.89;1116.01;10;0.82;stop
6709;2010.85;1269.82;2025.19;1266.83;2018.9;1236.68;2004.56;1239.67;10;0.79;stop
6730;3148.33;1143.47;3150.47;1125.81;3115.1;1121.53;3112.97;1139.19;10;0.83;stop
6744;1867.98;715.09;1884.98;714.92;1884.64;682.16;1867.64;682.33;10;0.82;stop
6760;3063.19;1478.0;3077.03;1470.81;3061.5;1440.91;3047.66;1448.1;10;0.44;stop
6821;1879.89;600.64;1898.08;598.31;1893.36;561.49;1875.17;563.82;10;0.84;stop
6844;2974.04;1095.46;2976.91;1078.84;2939.71;1072.41;2936.84;1089.04;10;0.84;stop
6855;922.56;1139.69;922.62;1123.57;886.82;1123.44;886.76;1139.55;10;0.8;move
6861;1849.85;788.31;1865.87;787.8;1864.9;757.44;1848.88;757.95;10;0.79;stop
6863;3190.57;1148.3;3193.13;1131.18;3159.12;1126.08;3156.55;1143.2;10;0.83;stop
6920;3014.29;1101.0;3016.86;1084.05;2981.49;1078.69;2978.92;1095.64;10;0.83;stop
6928;1846.94;748.95;1863.52;747.9;1861.53;716.36;1844.95;717.41;10;0.78;stop
6939;817.69;1137.99;846.57;1137.58;846.37;1123.26;817.49;1123.67;10;0.8;move
6968;3736.420476190476;205.30285714285714;3745.868571428571;180.46285714285713;3733.579523809524;175.78809523809522;3724.1314285714284;200.63714285714286;10;0.3890476190476191;stop
7010;770.51;1133.37;803.56;1133.34;803.55;1116.63;770.5;1116.66;10;0.8;move
7068;1858.22;702.85;1858.68;671.01;1842.66;670.77;1842.2;702.62;10;0.68;stop
7118;3059.31;1107.54;3062.71;1090.1;3025.44;1082.83;3022.04;1100.28;10;0.84;stop
7170;1617.1;1112.29;1649.02;1111.76;1648.78;1097.21;1616.86;1097.74;10;0.8;stop
7180;3104.29;1113.16;3107.08;1096.44;3072.71;1090.72;3069.92;1107.44;10;0.84;stop
7182;3242.96;1157.37;3245.75;1140.16;3212.66;1134.82;3209.88;1152.02;10;0.7;stop
7213;3306.04;1167.41;3308.0;1151.11;3276.15;1147.28;3274.19;1163.58;10;0.83;stop
7235;1799.28;592.69;1801.11;574.04;1765.85;570.56;1764.01;589.21;10;0.75;move
7271;1831.71;781.42;1846.82;780.48;1844.97;750.83;1829.87;751.77;10;0.71;stop
7294;3195.61;1129.83;3198.23;1112.21;3163.45;1107.05;3160.84;1124.67;10;0.83;stop
7312;3150.49;1119.57;3152.41;1103.53;3118.57;1099.49;3116.66;1115.53;10;0.82;stop
7320;1998.410909090909;2098.6436363636367;2029.9627272727273;2097.887272727273;2029.5663636363638;2081.1436363636362;1998.0145454545454;2081.8936363636362;10;0.36;stop
7335;1580.07;1109.31;1607.26;1108.89;1607.06;1095.69;1579.87;1096.11;10;0.79;stop
7410;3241.29;1138.05;3243.93;1119.49;3204.02;1113.82;3201.38;1132.38;10;0.83;stop
7414;2021.23;1310.96;2034.28;1304.08;2019.77;1276.54;2006.72;1283.42;10;0.81;stop
7425;270.83;2104.04;288.2;2103.9;287.92;2071.58;270.55;2071.73;10;0.36;stop
7448;3.71;1149.15;32.98;1148.64;32.73;1134.6;3.47;1135.11;10;0.67;stop
7462;1534.36;1109.93;1567.74;1108.86;1567.26;1093.94;1533.88;1095.02;10;0.79;stop
7466;1521.33;1134.09;1558.23;1133.15;1557.79;1115.91;1520.89;1116.85;10;0.76;move
7477;1965.73;1946.69;1975.51;1913.36;1959.58;1908.69;1949.81;1942.02;10;0.84;stop
7515;2013.95;582.65;2042.63;578.66;2040.55;563.72;2011.87;567.71;10;0.82;move
7518;3358.47;1161.92;3361.93;1144.88;3326.84;1137.76;3323.38;1154.8;10;0.83;stop
7534;1494.88;1113.31;1523.99;1112.28;1523.5;1098.44;1494.39;1099.47;10;0.77;stop
7550;1064.65;1172.2;1096.59;1170.99;1095.91;1153.18;1063.98;1154.39;10;0.57;stop
7618;3476.71;1189.71;3480.35;1174.58;3449.54;1167.17;3445.9;1182.29;10;0.82;stop
7620;1955.12;1978.85;1964.24;1950.83;1950.22;1946.27;1941.11;1974.29;10;0.83;stop
7634;1447.3;1108.85;1474.87;1107.76;1474.33;1093.9;1446.75;1094.99;10;0.8;stop
7637;306.93;1646.88;333.96;1642.31;331.51;1627.81;304.47;1632.38;10;0.42;stop
7649;459.14230769230767;1647.8676923076923;459.59923076923076;1635.1976923076925;435.1638461538462;1634.3223076923077;434.7069230769231;1646.9907692307693;10;0.36153846153846153;stop
7650;1739.88;1691.4;1741.11;1676.79;1715.26;1674.6;1714.02;1689.21;10;0.39;stop
7651;1872.99;548.88;1890.0;546.19;1884.42;510.87;1867.4;513.56;10;0.75;stop
7705;3311.04;1141.6;3311.97;1123.58;3272.09;1121.53;3271.16;1139.55;10;0.82;stop
7711;3464.79;1205.13;3468.49;1190.26;3438.02;1182.68;3434.32;1197.55;10;0.8;stop
7737;1401.2;1110.07;1432.32;1108.42;1431.55;1093.8;1400.43;1095.45;10;0.78;stop
7770;1937.58;2027.43;1949.67;1996.67;1935.42;1991.07;1923.33;2021.83;10;0.79;stop
7830;1364.27;1110.52;1392.77;1108.97;1391.98;1094.48;1363.48;1096.03;10;0.79;stop
7832;1992.33;580.33;1995.64;563.39;1963.17;557.04;1959.86;573.98;10;0.79;stop
7838;3515.33;1200.29;3519.04;1184.61;3487.8;1177.21;3484.08;1192.89;10;0.82;stop
7846;1842.32;688.67;1845.9;652.89;1829.03;651.2;1825.45;686.99;10;0.82;stop
7873;3120.26;1140.7;3120.84;1123.06;3112.99;1122.8;3112.41;1140.44;10;0.46;stop
7909;1910.65;2090.44;1926.64;2057.87;1912.01;2050.69;1896.02;2083.26;10;0.73;stop
7952;1843.09;648.94;1859.55;645.72;1853.66;615.56;1837.2;618.78;10;0.82;stop
7966;245.56;1704.12;261.58;1703.71;260.69;1669.0;244.67;1669.42;10;0.36;stop
7967;3488.34;1170.3;3491.45;1155.01;3462.29;1149.07;3459.17;1164.36;10;0.68;stop
7970;3394.56;1041.0;3408.51;1011.56;3393.88;1004.63;3379.93;1034.07;10;0.38;stop
7986;3382.42;1326.12;3425.71;1318.19;3421.95;1297.71;3378.67;1305.63;10;0.49;stop
8003;2500.4987499999997;1550.94125;2516.75625;1550.8737499999997;2516.63;1519.1875000000002;2500.3737499999997;1519.24625;10;0.37625000000000003;stop
8036;1321.5;1110.95;1352.71;1108.28;1351.5;1094.05;1320.29;1096.72;10;0.82;stop
8039;3533.13;1182.95;3537.5;1166.0;3502.81;1157.05;3498.44;1174.0;10;0.8;stop
8054;3272.98;593.87;3289.02;593.64;3288.58;563.0;3272.54;563.23;10;0.69;stop
8060;709.33;1142.99;738.44;1142.49;738.17;1126.7;709.06;1127.2;10;0.82;move
8071;1837.48;608.84;1859.31;607.46;1855.89;553.29;1834.07;554.66;9;0.71;stop
8077;1890.63;2142.27;1897.66;2118.52;1884.87;2114.73;1877.84;2138.48;10;0.47;stop
8085;132.55;1593.51;133.92;1583.78;113.31;1580.87;111.94;1590.59;10;0.44;stop
8133;741.55;1194.89;742.34;1181.3;716.26;1179.8;715.48;1193.39;10;0.43;stop
8152;290.6328571428571;1043.1442857142856;293.79428571428576;1032.5157142857142;275.0128571428571;1030.7385714285715;271.85285714285715;1041.3671428571429;10;0.3557142857142857;stop
8156;3577.54;1193.19;3581.33;1176.48;3545.59;1168.37;3541.8;1185.08;10;0.82;stop
8208;1922.24;432.34;1939.67;430.52;1936.51;400.16;1919.08;401.98;10;0.82;move
8211;3604.48;1227.44;3609.06;1208.29;3565.52;1197.88;3560.94;1217.02;10;0.77;stop
8212;1280.95;1114.96;1315.77;1112.11;1314.43;1095.66;1279.6;1098.51;10;0.78;stop
8219;2882.4;527.18;2914.31;522.81;2912.1;506.69;2880.19;511.07;10;0.81;move
8243;3547.46;1214.05;3551.54;1198.56;3525.04;1191.57;3520.96;1207.07;10;0.62;stop
8294;3639.12;1215.7;3644.88;1196.07;3598.38;1182.42;3592.62;1202.06;9;0.8;stop
8317;2541.93;2033.2;2574.76;2020.82;2568.57;2004.42;2535.74;2016.81;10;0.79;stop
8365;2025.76;1792.69;2028.97;1767.48;2014.86;1765.68;2011.65;1790.9;10;0.46;stop
8407;3685.92;1223.53;3689.13;1206.93;3652.83;1199.91;3649.62;1216.51;10;0.77;stop
8430;539.4666666666667;1653.0666666666666;539.505;1641.3833333333334;518.6600000000001;1641.305;518.6233333333333;1652.995;10;0.38;stop
8432;3206.5966666666664;141.01333333333332;3222.0199999999995;140.22333333333336;3220.59;111.64666666666668;3205.166666666667;112.43666666666667;10;0.36;stop
8444;219.25;1601.3400000000001;244.15;1600.5549999999998;243.755;1588.03;218.85500000000002;1588.82;10;0.355;stop
8456;1253.11;1115.8;1278.09;1112.75;1276.45;1099.32;1251.47;1102.38;10;0.6;stop
8457;3271.17;1161.83;3273.39;1146.28;3247.26;1142.55;3245.04;1158.09;10;0.39;stop
8459;1832.05;488.82;1849.06;488.13;1847.73;455.06;1830.72;455.74;10;0.81;stop
8472;171.61;1125.96;171.92;1109.71;136.83;1109.04;136.52;1125.29;10;0.81;move
8489;509.21799999999996;1443.219;511.46299999999997;1429.856;485.751;1425.531;483.49899999999997;1438.894;10;0.414;stop
8494;3138.49;33.37;3172.84;29.45;3170.88;12.33;3136.54;16.26;10;0.74;stop
8572;3532.7;480.18;3570.44;476.58;3568.86;460.13;3531.13;463.73;10;0.56;move
8576;3755.72;1242.63;3760.51;1225.22;3721.78;1214.56;3716.99;1231.97;10;0.82;stop
8609;30.2;1114.33;61.53;1113.28;61.03;1098.17;29.7;1099.22;10;0.7;move
8619;2810.54;1941.13;2857.01;1922.7;2850.09;1905.25;2803.62;1923.67;9;0.35;stop
8621;3749.06;226.22;3761.21;195.59;3747.19;190.03;3735.04;220.66;10;0.78;move
8637;808.51;2087.0;818.86;2086.59;818.05;2066.13;807.71;2066.53;10;0.35;stop
8641;1037.56;993.73;1053.79;993.35;1053.06;962.83;1036.84;963.21;10;0.53;stop
8647;2389.21;1323.31;2389.45;1306.83;2357.92;1306.38;2357.68;1322.85;10;0.51;stop
8650;1859.73;450.62;1877.25;448.93;1874.14;416.75;1856.63;418.44;10;0.83;stop
8653;3792.43;1275.85;3796.21;1259.65;3761.95;1251.65;3758.17;1267.85;10;0.83;stop
8659;3324.95;1042.18;3348.0;1039.96;3343.49;993.13;3320.43;995.35;10;0.44;stop
8664;91.44;1133.46;119.88;1132.68;119.49;1118.42;91.06;1119.19;10;0.74;move
8672;3709.166666666667;900.6966666666667;3735.083333333333;899.6766666666667;3734.5833333333335;886.9566666666667;3708.666666666667;887.9766666666667;10;0.35333333333333333;stop
8705;18.48;1624.94;48.65;1620.47;46.74;1607.56;16.57;1612.03;10;0.37;stop
8712;2621.3;1324.65;2622.04;1312.61;2599.45;1311.23;2598.71;1323.26;10;0.43;stop
8719;2034.28;1645.9;2035.52;1620.62;2022.47;1619.98;2021.23;1645.26;10;0.36;stop
8723;2071.672857142857;2094.347142857143;2072.2485714285713;2078.1657142857143;2039.2642857142857;2076.9928571428572;2038.69;2093.174285714286;10;0.37857142857142856;stop
8729;257.44;1198.05;258.61;1168.87;241.78;1168.2;240.61;1197.38;10;0.37;stop
8730;2238.52;833.54;2239.36;816.12;2207.67;814.58;2206.83;832.01;10;0.38;stop
8743;3825.3;1261.05;3829.06;1244.87;3792.82;1236.45;3789.06;1252.63;10;0.8;stop
8747;3797.74;1168.9155555555556;3814.09;1168.3055555555557;3812.88;1135.9766666666665;3796.5355555555557;1136.5866666666668;10;0.3655555555555555;stop
8748;2596.04;1015.74;2597.97;985.46;2583.09;984.51;2581.16;1014.79;10;0.78;stop
8749;2565.265263157895;398.79105263157896;2580.176315789474;398.18052631578945;2578.984736842105;368.9942105263158;2564.073684210526;369.6;10;0.42894736842105263;stop
8776;2634.93;1042.51;2638.93;1029.59;2613.94;1021.86;2609.95;1034.79;10;0.71;stop
8778;1038.56;1138.86;1125.67;1137.06;1125.19;1113.95;1038.08;1115.75;9;0.47;move
8821;545.92;602.7;548.34;590.56;520.95;585.11;518.54;597.26;10;0.51;stop
8854;3490.96;853.74;3500.71;831.51;3488.73;826.26;3478.98;848.49;10;0.52;move
8856;3182.635;28.365000000000002;3207.235;25.1;3205.49;11.945;3180.89;15.21;10;0.36;stop
8866;240.86;1667.02;256.17;1654.13;230.47;1623.61;215.16;1636.49;10;0.36;stop
8869;1826.01;299.14;1843.53;298.22;1841.67;262.8;1824.16;263.71;10;0.8;move
8878;279.66;1130.82;360.4;1130.05;360.19;1107.93;279.45;1108.7;9;0.41;move
8886;1486.65875;233.81625;1499.3124999999998;232.7325;1496.84125;203.875;1484.1875000000002;204.95875;10;0.36125;stop
8907;1624.33;597.7;1652.69;595.84;1651.67;580.18;1623.31;582.03;10;0.39;stop
8910;3659.94;1241.07;3663.63;1224.57;3630.06;1217.06;3626.37;1233.56;10;0.73;stop
8915;347.31;1609.87;371.12;1609.19;370.81;1598.26;347.0;1598.94;10;0.38;stop
8917;159.34750000000003;58.52;193.0625;55.0775;191.45499999999998;39.3925;157.74;42.832499999999996;10;0.37250000000000005;stop
8934;1076.44;1649.76;1077.29;1635.69;1050.93;1634.12;1050.09;1648.18;10;0.65;move
8940;1.58;1133.83;46.54;1131.88;45.85;1116.17;0.9;1118.12;9;0.57;stop
8946;3436.37;980.73;3449.95;939.83;3429.88;933.17;3416.3;974.07;10;0.42;stop
8949;222.835;49.458749999999995;254.45125;46.431250000000006;253.1175;32.541250000000005;221.51;35.56875;10;0.4475;stop
8951;3324.42;1042.88;3347.72;1040.54;3343.08;994.31;3319.78;996.65;9;0.5;stop
8957;1909.105;2137.5550000000003;1921.925;2107.8775;1908.975;2102.2925;1896.165;2131.9625;10;0.355;stop
8964;341.04;563.65;344.27;549.49;310.06;541.67;306.82;555.82;10;0.37;stop
8967;1074.45;289.26;1105.07;287.48;1104.3;274.18;1073.68;275.96;10;0.36;stop
8968;3688.45;470.62;3722.9;467.67;3721.55;451.88;3687.1;454.83;10;0.76;move
8973;3602.893846153846;2099.7723076923075;3631.170769230769;2086.31;3623.645384615385;2070.516923076923;3595.366923076923;2083.9776923076925;10;0.3646153846153846;stop
8976;1037.07;1165.76;1059.45;1165.61;1059.36;1152.86;1036.99;1153.02;10;0.39;stop
8995;1087.6;1632.99;1088.1;1620.64;1057.21;1619.39;1056.71;1631.73;10;0.38;stop
9004;1968.17;1814.3;1972.69;1781.19;1956.3;1778.95;1951.78;1812.06;10;0.79;move
9005;946.16;1168.84;981.77;1167.96;981.34;1150.53;945.73;1151.42;10;0.59;stop
9010;1927.64;1380.74;1943.76;1378.49;1938.61;1341.76;1922.49;1344.01;9;0.36;stop
