vehicle_id;veh_bb_x1;veh_bb_y1;veh_bb_x2;veh_bb_y2;veh_bb_x3;veh_bb_y3;veh_bb_x4;veh_bb_y4;det_class;conf_score;state
1;2954.99;1200.96;2957.5;1176.42;2894.55;1169.98;2892.03;1194.52;9;0.85;stop
4;3118.15;1229.44;3120.32;1213.4;3083.6;1208.44;3081.43;1224.47;10;0.84;stop
9;2964.57;1070.94;2966.18;1054.15;2929.5;1050.62;2927.88;1067.42;10;0.84;stop
21;1956.2;293.38;1974.11;292.11;1971.64;257.31;1953.74;258.58;10;0.83;stop
22;1827.96;523.5;1829.08;489.57;1811.74;489.0;1810.62;522.93;10;0.83;stop
23;2736.25;1049.07;2736.93;1033.63;2703.88;1032.18;2703.2;1047.62;10;0.83;stop
24;3177.96;1107.62;3180.5;1090.55;3144.54;1085.19;3142.0;1102.26;10;0.8;stop
25;3078.33;1223.38;3081.16;1206.88;3046.82;1201.0;3044.0;1217.5;10;0.82;stop
28;3080.33;1708.95;3102.34;1653.91;3076.42;1643.55;3054.41;1698.59;9;0.84;stop
32;1106.19;1667.41;1106.22;1652.35;1076.31;1652.28;1076.28;1667.34;10;0.74;stop
34;3403.41;1264.71;3404.47;1248.05;3370.97;1245.92;3369.9;1262.57;10;0.83;stop
36;1718.05;570.23;1719.27;553.89;1685.79;551.4;1684.57;567.73;10;0.81;stop
37;828.06;1164.0;828.25;1148.24;798.41;1147.87;798.21;1163.64;10;0.84;stop
38;3138.89;1100.16;3141.12;1083.84;3109.54;1079.52;3107.31;1095.85;10;0.83;stop
45;1978.97;833.41;1994.89;830.89;1990.03;800.09;1974.11;802.61;10;0.83;stop
47;3072.12;1089.86;3074.91;1074.99;3044.13;1069.2;3041.34;1084.08;10;0.83;stop
51;1985.05;1969.7;1995.68;1933.47;1978.51;1928.43;1967.88;1964.66;10;0.83;stop
52;1943.73;232.55;1960.83;226.6;1949.24;193.26;1932.14;199.21;10;0.73;stop
55;2888.25;1328.8;2889.06;1311.38;2856.75;1309.89;2855.94;1327.31;10;0.83;stop
57;3820.34;1359.2;3824.88;1340.14;3790.28;1331.89;3785.74;1350.96;10;0.82;stop
60;2706.28;1176.1;2706.83;1159.42;2671.98;1158.27;2671.43;1174.95;10;0.82;stop
61;2917.3;2011.49;2932.92;1999.61;2909.73;1969.13;2894.11;1981.02;10;0.83;stop
65;3566.86;728.96;3579.93;698.92;3564.7;692.29;3551.63;722.33;10;0.82;stop
67;2802.48;1180.48;2803.31;1165.18;2768.38;1163.27;2767.55;1178.57;10;0.82;stop
68;1882.15;2026.83;1897.47;1995.77;1882.28;1988.29;1866.97;2019.35;10;0.82;stop
69;1861.7;2074.75;1874.85;2044.77;1859.99;2038.25;1846.84;2068.23;10;0.82;stop
70;1080.57;631.91;1082.0;617.32;1054.11;614.59;1052.69;629.18;10;0.82;stop
71;2939.7;49.41;2967.91;46.64;2966.55;32.85;2938.34;35.63;10;0.81;stop
72;1987.74;907.09;2002.47;906.64;2001.51;875.47;1986.78;875.92;10;0.8;stop
73;754.29;1164.56;786.35;1163.07;785.62;1147.32;753.56;1148.81;10;0.8;stop
75;2926.88;1975.36;2958.37;1960.69;2950.31;1943.39;2918.82;1958.06;10;0.82;stop
78;3168.13;483.79;3197.65;479.34;3195.62;465.89;3166.1;470.35;10;0.81;stop
81;3385.95;1006.92;3403.66;975.51;3389.36;967.45;3371.66;998.87;10;0.83;stop
83;1176.99;1170.94;1207.59;1170.68;1207.45;1153.31;1176.84;1153.57;10;0.83;stop
84;2815.43;1054.16;2816.23;1038.27;2780.51;1036.46;2779.7;1052.35;10;0.81;stop
86;792.49;1622.73;792.91;1607.79;763.76;1606.96;763.34;1621.9;10;0.81;stop
87;1463.18;876.9;1464.56;863.08;1434.82;860.1;1433.44;873.92;10;0.81;stop
88;1976.73;684.4;1992.95;683.01;1990.21;650.98;1973.99;652.37;10;0.8;stop
89;1978.02;715.75;1993.15;714.67;1991.17;687.12;1976.04;688.21;10;0.8;stop
90;519.9;1045.51;520.08;1030.48;487.91;1030.11;487.74;1045.14;10;0.81;stop
93;3037.79;1082.92;3040.17;1068.37;3010.96;1063.58;3008.58;1078.13;10;0.82;stop
95;2872.72;1188.16;2873.93;1172.26;2839.7;1169.65;2838.49;1185.56;10;0.81;stop
96;1943.23;1834.72;1948.34;1800.47;1931.18;1797.91;1926.07;1832.16;10;0.82;stop
97;2026.43;1388.4;2027.6;1357.21;2011.39;1356.6;2010.21;1387.79;10;0.82;stop
99;3440.57;1267.03;3441.7;1249.47;3408.81;1247.35;3407.68;1264.9;10;0.81;stop
100;154.37;1633.95;156.56;1617.89;124.77;1613.55;122.58;1629.61;10;0.81;stop
101;1937.2;1871.15;1943.31;1837.31;1928.3;1834.6;1922.19;1868.44;10;0.8;stop
103;1986.68;861.61;2000.17;860.91;1998.82;834.89;1985.33;835.59;10;0.81;stop
104;525.56;1045.58;556.52;1045.19;556.32;1029.11;525.35;1029.5;10;0.81;stop
109;2662.15;1173.52;2662.41;1159.12;2632.85;1158.6;2632.59;1173.0;10;0.81;stop
111;3286.95;476.67;3322.25;472.88;3320.55;457.08;3285.25;460.87;10;0.8;stop
112;1988.64;939.15;2002.92;939.11;2002.86;913.73;1988.58;913.76;10;0.81;stop
114;2462.04;93.79;2493.54;90.78;2492.08;75.52;2460.59;78.53;10;0.81;stop
120;3162.29;1237.19;3165.31;1219.6;3129.27;1213.43;3126.26;1231.02;10;0.73;stop
122;1787.1;282.49;1804.53;281.62;1802.78;246.82;1785.35;247.7;10;0.81;stop
123;2102.89;554.01;2131.48;550.03;2129.55;536.12;2100.96;540.09;10;0.81;stop
124;1800.84;250.87;1817.09;249.9;1814.91;213.75;1798.66;214.73;10;0.8;stop
125;2569.92;501.22;2584.99;500.94;2584.46;471.91;2569.38;472.18;10;0.79;stop
126;2781.04;511.88;2814.88;508.25;2813.26;493.12;2779.41;496.75;10;0.8;stop
128;2214.73;1169.33;2247.88;1169.08;2247.77;1153.8;2214.62;1154.04;10;0.81;stop
129;2991.66;1964.85;3005.47;1956.65;2989.59;1929.9;2975.78;1938.1;10;0.81;stop
130;2846.56;507.71;2881.83;504.55;2880.44;489.04;2845.17;492.2;10;0.82;stop
131;2462.39;532.02;2490.73;529.54;2489.48;515.35;2461.15;517.84;10;0.79;stop
132;3132.72;487.49;3161.6;483.76;3159.78;469.69;3130.9;473.42;10;0.81;stop
134;1971.23;891.44;1986.49;890.43;1984.27;856.81;1969.01;857.82;10;0.81;stop
136;2876.05;1058.8;2877.17;1043.69;2848.7;1041.57;2847.58;1056.68;10;0.81;stop
137;2176.19;1167.62;2210.61;1167.1;2210.37;1151.01;2175.95;1151.52;10;0.8;stop
144;1934.1;112.45;1950.8;111.75;1949.4;78.24;1932.7;78.94;10;0.8;stop
146;2512.5;1171.18;2512.81;1154.8;2481.0;1154.19;2480.69;1170.57;10;0.81;stop
147;2587.66;1169.92;2587.78;1154.55;2558.84;1154.33;2558.72;1169.7;10;0.8;stop
148;2624.35;1171.92;2625.08;1156.06;2593.02;1154.58;2592.29;1170.44;10;0.81;stop
151;2552.08;1566.71;2552.83;1531.95;2533.67;1531.54;2532.92;1566.3;10;0.81;stop
153;436.9;1611.06;437.66;1597.62;411.54;1596.13;410.78;1609.57;10;0.78;stop
155;1945.85;44.38;1962.04;42.79;1958.94;11.3;1942.75;12.9;10;0.82;stop
156;1980.34;754.31;1996.13;752.8;1993.16;721.69;1977.37;723.2;10;0.8;stop
157;1813.56;759.68;1828.48;758.95;1826.94;727.57;1812.02;728.3;10;0.75;stop
159;905.88;1158.39;906.38;1144.23;876.31;1143.17;875.81;1157.33;10;0.8;stop
162;2551.8;1170.19;2552.54;1154.43;2520.45;1152.93;2519.71;1168.69;10;0.81;stop
165;2646.52;522.6;2679.44;519.0;2677.73;503.4;2644.81;507.0;10;0.79;stop
167;2173.74;1328.58;2204.57;1324.96;2202.7;1308.99;2171.87;1312.6;10;0.81;stop
168;1846.07;2107.89;1860.99;2079.97;1847.21;2072.61;1832.29;2100.53;10;0.81;stop
169;802.81;618.43;803.59;602.49;774.58;601.07;773.8;617.01;10;0.79;stop
170;2976.81;48.67;3006.61;44.28;3004.44;29.52;2974.64;33.9;10;0.8;stop
171;2683.15;519.05;2714.67;515.89;2713.1;500.2;2681.58;503.36;10;0.8;stop
173;1148.89;1905.21;1165.12;1905.08;1164.86;1873.85;1148.63;1873.98;10;0.78;stop
174;3779.57;206.3;3792.35;174.19;3778.56;168.7;3765.77;200.81;10;0.8;stop
175;1221.8;1047.7;1254.76;1046.84;1254.33;1030.18;1221.36;1031.04;10;0.81;stop
176;1330.15;1045.77;1362.61;1044.45;1361.97;1028.73;1329.51;1030.05;10;0.8;stop
179;3405.04;973.61;3424.87;943.45;3411.52;934.67;3391.7;964.84;10;0.8;stop
182;1933.67;73.73;1951.08;72.92;1949.83;46.09;1932.42;46.9;10;0.82;stop
184;1976.57;782.1;1977.05;747.0;1960.93;746.78;1960.45;781.88;10;0.81;stop
185;1766.24;1655.05;1766.52;1638.33;1736.43;1637.83;1736.15;1654.54;10;0.8;stop
186;1788.1;130.54;1805.23;129.95;1804.02;95.02;1786.9;95.61;10;0.79;stop
190;2904.82;55.37;2936.76;51.53;2934.87;35.81;2902.93;39.64;10;0.79;stop
191;2763.08;1180.7;2763.58;1161.45;2724.29;1160.42;2723.79;1179.68;9;0.8;stop
192;3162.24;982.27;3201.75;979.43;3200.57;963.04;3161.06;965.88;10;0.79;stop
194;3172.9;1358.56;3186.16;1332.07;3173.04;1325.5;3159.78;1351.99;10;0.79;stop
196;1912.81;1697.56;1912.9;1680.98;1882.0;1680.82;1881.91;1697.39;10;0.79;stop
197;1906.3;1970.78;1911.93;1941.41;1897.24;1938.6;1891.6;1967.96;10;0.8;stop
198;3617.46;1312.36;3621.97;1298.2;3590.04;1288.03;3585.53;1302.19;10;0.79;stop
199;2428.72;535.37;2458.28;532.37;2456.78;517.63;2427.22;520.63;10;0.79;stop
200;3824.09;99.84;3835.46;73.77;3822.16;67.97;3810.79;94.05;10;0.78;stop
201;2741.59;515.09;2776.54;510.79;2774.66;495.53;2739.71;499.84;10;0.82;stop
202;2835.69;1183.7;2836.89;1169.96;2809.18;1167.55;2807.99;1181.29;10;0.81;stop
203;3324.91;1394.82;3329.82;1380.68;3301.34;1370.8;3296.43;1384.95;10;0.79;stop
205;2390.03;537.71;2422.34;535.39;2421.22;519.79;2388.91;522.11;10;0.78;stop
206;2351.79;581.92;2385.14;579.78;2384.08;563.33;2350.74;565.47;10;0.79;stop
207;2732.08;556.86;2768.81;554.32;2767.67;537.77;2730.94;540.3;10;0.79;stop
208;1275.61;1173.8;1324.57;1173.07;1324.27;1152.7;1275.3;1153.43;9;0.8;stop
209;2679.11;1047.4;2680.22;1031.67;2647.39;1029.35;2646.28;1045.08;10;0.78;stop
210;3004.51;1079.04;3007.02;1062.98;2972.05;1057.52;2969.54;1073.58;10;0.8;stop
211;2542.86;1709.05;2546.14;1671.93;2529.39;1670.45;2526.11;1707.57;10;0.82;stop
213;1784.1;204.54;1799.96;203.45;1797.9;173.46;1782.04;174.55;10;0.8;stop
214;2358.68;538.74;2388.1;535.03;2386.19;519.89;2356.77;523.6;10;0.8;stop
215;3758.75;940.65;3791.27;937.87;3790.0;923.1;3757.48;925.88;10;0.79;stop
216;2777.23;1288.98;2807.66;1287.47;2806.89;1272.08;2776.47;1273.59;10;0.79;stop
217;2445.64;1321.39;2445.91;1305.42;2416.24;1304.92;2415.97;1320.89;10;0.8;stop
218;1914.53;1657.95;1914.83;1642.25;1885.06;1641.68;1884.76;1657.37;10;0.79;stop
219;3029.7;41.99;3058.69;38.59;3057.02;24.34;3028.03;27.73;10;0.76;stop
220;1961.14;338.6;1978.42;337.61;1976.55;304.9;1959.27;305.89;10;0.8;stop
221;1088.92;1042.93;1088.93;1029.34;1060.95;1029.32;1060.94;1042.91;10;0.79;stop
222;3390.69;918.43;3416.01;894.33;3404.31;882.04;3378.99;906.14;10;0.79;stop
223;658.67;1619.73;659.1;1604.21;629.46;1603.39;629.03;1618.91;10;0.78;stop
225;1794.49;305.34;1812.97;286.19;1802.13;275.73;1783.65;294.88;10;0.78;stop
226;2890.8;506.01;2921.2;501.11;2918.89;486.8;2888.49;491.7;10;0.78;stop
227;1147.09;1042.88;1147.67;1029.4;1120.91;1028.25;1120.33;1041.73;10;0.8;stop
228;1610.11;1044.21;1641.22;1044.04;1641.14;1028.04;1610.03;1028.21;10;0.81;stop
229;991.65;1166.95;1019.6;1166.36;1019.29;1151.67;991.34;1152.26;10;0.79;stop
232;521.93;1381.76;522.34;1367.34;493.39;1366.52;492.98;1380.94;10;0.76;stop
233;3743.49;291.97;3755.57;260.45;3741.51;255.06;3729.43;286.58;10;0.78;stop
237;363.54;1646.68;364.29;1631.35;334.43;1629.88;333.68;1645.21;10;0.79;stop
238;1425.24;873.67;1426.1;859.36;1398.51;857.71;1397.65;872.02;10;0.79;stop
241;3708.61;944.71;3745.76;941.86;3744.52;925.6;3707.36;928.46;10;0.79;stop
242;3365.82;1040.51;3380.25;1014.05;3367.3;1006.99;3352.87;1033.45;10;0.78;stop
244;1163.92;1872.14;1164.02;1846.04;1149.83;1845.98;1149.73;1872.09;10;0.77;stop
246;2943.97;1314.44;2949.52;1297.22;2911.28;1284.88;2905.73;1302.09;10;0.74;stop
247;1814.87;568.02;1831.93;567.66;1831.26;535.6;1814.19;535.96;10;0.78;stop
248;1047.89;629.7;1048.85;615.16;1022.68;613.43;1021.72;627.97;10;0.76;stop
249;1321.16;1037.91;1321.17;1025.36;1294.47;1025.34;1294.46;1037.89;10;0.8;stop
250;2405.5;1042.16;2405.58;1026.88;2374.25;1026.72;2374.17;1041.99;10;0.79;stop
251;2086.93;1169.9;2121.85;1168.71;2121.32;1153.23;2086.4;1154.42;10;0.79;stop
255;1853.26;822.97;1867.19;822.37;1865.99;794.78;1852.06;795.38;10;0.81;stop
256;2289.0;543.4;2318.48;541.61;2317.5;525.35;2288.02;527.14;10;0.79;stop
257;2607.26;524.98;2640.95;521.66;2639.36;505.52;2605.67;508.84;10;0.79;stop
259;772.76;1045.13;800.01;1043.78;799.35;1030.49;772.11;1031.84;10;0.79;stop
262;3482.96;1278.16;3486.75;1261.63;3453.6;1254.02;3449.81;1270.56;10;0.79;stop
264;754.66;2010.55;770.36;2010.43;770.13;1982.07;754.44;1982.2;10;0.78;stop
266;869.46;1047.34;900.29;1045.85;899.6;1031.66;868.77;1033.15;10;0.77;stop
267;2340.07;1169.14;2369.1;1168.56;2368.81;1153.99;2339.78;1154.57;10;0.79;stop
269;1339.85;1678.04;1340.24;1662.92;1307.27;1662.09;1306.89;1677.2;10;0.8;stop
270;1726.85;1652.96;1727.06;1635.8;1695.72;1635.42;1695.51;1652.57;10;0.8;stop
271;1829.07;2145.55;1844.73;2115.32;1830.74;2108.07;1815.09;2138.31;10;0.75;stop
272;2643.99;77.13;2675.24;73.56;2673.51;58.43;2642.26;62.0;10;0.79;stop
274;686.72;1619.73;687.44;1606.69;661.4;1605.27;660.69;1618.31;10;0.77;stop
275;2085.55;1291.68;2116.0;1289.27;2114.83;1274.44;2084.37;1276.85;10;0.79;stop
277;1783.07;160.8;1797.16;159.44;1794.43;131.13;1780.34;132.49;10;0.81;stop
278;720.44;1162.76;720.49;1146.41;684.87;1146.3;684.82;1162.65;10;0.79;stop
280;805.38;1045.28;835.51;1044.87;835.29;1029.22;805.16;1029.63;10;0.78;stop
281;1389.01;1170.69;1417.1;1170.03;1416.74;1154.69;1388.65;1155.35;10;0.8;stop
285;1861.75;1696.95;1863.25;1680.9;1832.65;1678.05;1831.16;1694.1;10;0.79;stop
286;3269.44;559.91;3286.26;559.54;3285.56;527.59;3268.74;527.96;10;0.75;stop
288;648.41;1656.69;649.07;1639.83;618.15;1638.62;617.49;1655.48;10;0.77;stop
289;2567.61;2002.15;2601.18;1988.2;2594.64;1972.47;2561.07;1986.43;10;0.77;stop
290;1938.84;262.03;1955.54;260.89;1953.66;233.53;1936.96;234.68;10;0.72;stop
292;3728.63;328.13;3737.93;300.26;3724.49;295.77;3715.19;323.65;10;0.79;stop
293;2341.29;1041.83;2369.16;1040.93;2368.71;1027.04;2340.84;1027.94;10;0.78;stop
294;1795.76;480.91;1812.09;480.2;1810.61;446.09;1794.28;446.8;10;0.78;stop
295;1959.75;628.39;1973.81;626.97;1971.0;598.99;1956.94;600.4;10;0.77;stop
296;941.39;1162.95;942.25;1147.18;912.33;1145.55;911.47;1161.32;10;0.81;stop
298;2332.11;1168.04;2332.32;1153.29;2301.39;1152.84;2301.18;1167.59;10;0.77;stop
300;1442.73;1680.12;1443.32;1665.62;1415.89;1664.5;1415.3;1679.01;10;0.78;stop
301;2457.38;1321.45;2484.89;1320.54;2484.37;1304.87;2456.86;1305.77;10;0.77;stop
302;2077.41;119.88;2112.0;116.74;2110.59;101.19;2076.0;104.32;10;0.78;stop
303;427.86;1140.55;427.94;1125.55;398.08;1125.39;398.0;1140.39;10;0.76;stop
304;829.74;1163.57;863.53;1162.2;862.83;1144.93;829.03;1146.3;10;0.8;stop
307;892.44;622.55;894.21;607.26;863.4;603.7;861.64;618.99;10;0.74;stop
308;2928.29;503.16;2958.64;498.12;2956.21;483.47;2925.86;488.51;10;0.77;stop
309;3641.08;543.43;3651.89;511.37;3637.67;506.57;3626.86;538.63;10;0.78;stop
311;3381.09;1073.48;3393.91;1044.74;3378.28;1037.77;3365.47;1066.51;10;0.77;stop
312;1479.3;1643.86;1479.38;1630.08;1449.08;1629.89;1448.99;1643.67;10;0.78;stop
313;2568.97;466.97;2582.23;466.87;2582.03;439.78;2568.77;439.88;10;0.78;stop
315;3474.89;1108.6;3479.41;1092.05;3443.86;1082.34;3439.34;1098.88;10;0.78;stop
317;2817.94;61.09;2850.48;58.17;2849.01;41.8;2816.48;44.72;10;0.78;stop
320;2262.46;1167.68;2290.63;1166.55;2290.04;1152.07;2261.87;1153.2;10;0.73;stop
321;2993.11;1207.42;2995.77;1192.21;2965.64;1186.96;2962.98;1202.17;10;0.79;stop
322;515.55;1402.89;516.91;1389.66;487.58;1386.64;486.21;1399.87;10;0.76;stop
323;592.4;1046.03;622.49;1044.35;621.67;1029.59;591.57;1031.28;10;0.75;stop
324;292.87;1157.0;322.58;1156.13;322.13;1140.82;292.42;1141.68;10;0.67;stop
329;1342.13;1171.52;1372.82;1170.84;1372.49;1156.1;1341.81;1156.79;10;0.77;stop
330;851.59;1663.09;852.66;1649.51;823.72;1647.22;822.65;1660.8;10;0.76;stop
331;1263.05;1637.94;1263.24;1622.7;1231.07;1622.31;1230.89;1637.55;10;0.79;stop
332;1953.64;79.93;1968.6;78.49;1965.86;50.0;1950.9;51.45;10;0.78;stop
333;530.6;1160.29;560.55;1158.55;559.71;1144.09;529.76;1145.82;10;0.76;stop
334;3105.78;1093.14;3108.3;1078.89;3082.65;1074.36;3080.14;1088.61;10;0.69;stop
335;116.27;1630.17;118.01;1614.13;87.05;1610.76;85.31;1626.81;10;0.74;stop
338;3626.54;575.68;3637.8;547.24;3624.08;541.82;3612.83;570.26;10;0.77;stop
339;3032.4;1214.68;3034.65;1199.59;3001.82;1194.69;2999.57;1209.79;10;0.75;stop
340;1327.35;1637.98;1327.93;1624.52;1301.78;1623.4;1301.2;1636.85;10;0.74;stop
341;2207.49;549.65;2241.85;545.31;2239.82;529.23;2205.46;533.56;10;0.77;stop
342;2543.94;48.25;2559.54;47.77;2558.69;20.37;2543.09;20.86;10;0.64;stop
344;2015.89;1850.26;2020.43;1803.37;2001.11;1801.49;1996.57;1848.38;9;0.69;stop
347;3349.39;1071.63;3366.07;1042.56;3352.8;1034.94;3336.11;1064.01;10;0.79;stop
348;1621.36;1648.73;1621.37;1634.04;1590.52;1634.02;1590.51;1648.71;10;0.78;stop
349;1933.4;1427.72;1951.59;1425.3;1945.6;1380.28;1927.41;1382.7;9;0.75;stop
350;2390.72;95.87;2418.47;93.3;2417.15;79.07;2389.41;81.64;10;0.77;stop
351;3708.43;447.73;3742.53;444.2;3740.94;428.83;3706.84;432.36;10;0.74;stop
352;169.43;1154.0;199.32;1153.84;199.24;1139.13;169.36;1139.29;10;0.74;stop
353;1496.98;1003.3;1500.87;973.07;1485.39;971.08;1481.5;1001.31;10;0.79;stop
355;3198.645;481.94;3230.6099999999997;478.1;3228.855;463.53;3196.8900000000003;467.37;10;0.46499999999999997;stop
356;431.88;1047.0;458.55;1045.49;457.81;1032.37;431.13;1033.89;10;0.72;stop
360;2552.94;1515.71;2554.95;1486.35;2538.43;1485.23;2536.42;1514.58;10;0.79;stop
361;351.86;1045.07;382.5;1044.47;382.21;1029.62;351.57;1030.22;10;0.71;stop
363;2375.39;1168.5;2406.78;1168.13;2406.61;1153.5;2375.22;1153.87;10;0.78;stop
364;3595.18;657.77;3608.39;621.73;3593.57;616.3;3580.36;652.33;10;0.75;stop
365;393.01;545.28;397.4;529.65;368.71;521.59;364.32;537.22;10;0.69;stop
366;1806.73;685.67;1823.87;684.86;1822.52;656.45;1805.38;657.26;10;0.71;stop
367;2721.71;69.9;2750.44;66.75;2748.79;51.6;2720.06;54.75;10;0.75;stop
368;2590.53;81.31;2618.02;78.84;2616.72;64.38;2589.23;66.84;10;0.74;stop
369;2069.38;555.97;2098.84;553.56;2097.62;538.65;2068.16;541.06;10;0.7;stop
372;1265.23;1676.4;1266.53;1661.91;1236.77;1659.23;1235.47;1673.72;10;0.78;stop
373;1941.45;1574.7;1960.52;1574.31;1959.68;1533.67;1940.61;1534.07;10;0.74;stop
374;3549.6;658.55;3562.29;630.91;3549.15;624.88;3536.46;652.52;10;0.76;stop
375;1213.61;1499.0;1217.7;1468.73;1201.2;1466.5;1197.11;1496.77;10;0.76;stop
376;2169.23;1165.65;2169.31;1147.52;2132.4;1147.35;2132.31;1165.48;10;0.77;stop
377;2504.85;1833.44;2507.64;1801.68;2492.02;1800.31;2489.23;1832.07;10;0.76;stop
378;2984.58;498.58;3014.1;494.56;3012.14;480.17;2982.62;484.19;10;0.76;stop
383;2496.39;531.0;2530.2;527.57;2528.61;511.88;2494.8;515.3;10;0.76;stop
384;1907.49;1220.35;1921.37;1216.09;1913.2;1189.4;1899.31;1193.66;10;0.74;stop
385;3563.39;911.03;3596.73;907.94;3595.36;893.19;3562.02;896.28;10;0.75;stop
386;3667.91;904.3;3701.1;903.73;3700.83;888.2;3667.65;888.77;10;0.73;stop
389;2034.04;1605.82;2035.31;1570.62;2019.52;1570.05;2018.25;1605.25;10;0.74;stop
390;1447.97;1042.86;1475.3;1041.81;1474.78;1028.27;1447.45;1029.32;10;0.76;stop
391;2894.75;1877.79;2933.08;1862.38;2925.72;1844.09;2887.39;1859.5;10;0.72;stop
392;504.58;1613.76;505.74;1600.27;480.74;1598.12;479.58;1611.61;10;0.8;stop
393;2194.29;1041.87;2220.59;1041.49;2220.4;1028.13;2194.1;1028.51;10;0.69;stop
395;2968.9;1850.28;3005.34;1821.76;2992.1;1804.85;2955.66;1833.36;9;0.76;stop
397;947.94;1168.04;980.5;1167.65;980.31;1151.71;947.75;1152.1;10;0.7;stop
399;2770.78;65.56;2809.11;62.27;2807.58;44.37;2769.25;47.65;10;0.62;stop
401;613.79;1655.18;614.58;1639.69;586.21;1638.25;585.42;1653.75;10;0.7;stop
402;1301.22;1677.52;1302.2;1663.46;1273.9;1661.48;1272.92;1675.54;10;0.76;stop
403;749.67;2012.91;751.02;1981.47;736.39;1980.84;735.04;2012.28;10;0.76;stop
404;3553.89;761.97;3565.3;731.36;3550.49;725.84;3539.08;756.45;10;0.73;stop
405;1700.86;1168.88;1732.8;1168.54;1732.64;1153.12;1700.7;1153.46;10;0.76;stop
407;2131.34;1295.88;2179.25;1293.21;2178.16;1273.62;2130.25;1276.29;9;0.73;stop
409;230.01;1040.97;230.64;1027.47;203.35;1026.22;202.72;1039.71;10;0.6;stop
410;760.57;1658.81;760.85;1643.62;731.0;1643.07;730.72;1658.26;10;0.72;stop
411;1459.28;1168.43;1490.07;1166.88;1489.35;1152.45;1458.55;1154.0;10;0.76;stop
413;585.59;1046.16;585.64;1031.41;560.97;1031.34;560.92;1046.09;10;0.76;stop
416;1007.3;627.65;1008.19;612.64;980.01;610.98;979.12;625.98;10;0.78;stop
420;471.22;1612.44;471.9;1598.9;445.18;1597.56;444.51;1611.1;10;0.78;stop
421;1163.61;1835.98;1164.55;1810.48;1150.13;1809.95;1149.2;1835.45;10;0.7;stop
422;686.54;1657.16;686.64;1641.15;657.84;1640.97;657.74;1656.98;10;0.73;stop
423;3718.61;246.81;3732.54;213.67;3717.64;207.41;3703.71;240.54;10;0.75;stop
425;1231.53;1675.49;1233.21;1661.07;1205.78;1657.88;1204.1;1672.3;10;0.73;stop
427;968.51;625.37;970.03;610.63;940.9;607.63;939.38;622.37;10;0.76;stop
429;3260.07;60.6;3285.67;58.56;3284.61;45.33;3259.02;47.37;10;0.68;stop
430;197.27;1040.24;197.61;1026.71;170.0;1026.01;169.65;1039.54;10;0.54;stop
431;2593.16;931.52;2611.48;930.7;2609.59;888.17;2591.27;888.98;10;0.71;stop
432;2470.96;1169.07;2471.07;1154.27;2440.41;1154.06;2440.31;1168.86;10;0.7;stop
434;675.79;1040.74;704.01;1036.9;702.33;1024.57;674.12;1028.41;10;0.7;stop
435;2600.42;975.7;2617.25;974.1;2613.58;935.67;2596.75;937.28;10;0.72;stop
436;1263.78;1637.25;1292.36;1636.99;1292.22;1621.87;1263.64;1622.14;10;0.76;stop
437;3612.47;611.93;3625.63;581.9;3611.91;575.89;3598.74;605.91;10;0.68;stop
438;2346.1;98.96;2379.38;97.2;2378.53;81.04;2345.24;82.8;10;0.72;stop
441;376.6;1609.71;406.84;1609.38;406.68;1594.67;376.45;1594.99;10;0.67;stop
444;3342.3;1370.12;3343.28;1356.2;3315.83;1354.25;3314.84;1368.18;10;0.74;stop
447;3759.59;254.04;3770.91;226.37;3757.28;220.8;3745.97;248.47;10;0.71;stop
449;1372.62;1678.98;1373.28;1665.82;1347.63;1664.52;1346.97;1677.68;10;0.72;stop
450;268.4;44.09;300.65;40.98;299.25;26.46;267.0;29.57;10;0.62;stop
452;3324.77;956.03;3359.01;942.25;3353.05;927.41;3318.8;941.18;10;0.7;stop
453;141.62;1044.87;167.76;1043.93;167.29;1030.76;141.15;1031.69;10;0.58;stop
454;1983.67;791.98;1998.06;791.2;1996.58;763.89;1982.19;764.67;10;0.73;stop
455;1916.2;1253.25;1931.9;1250.57;1926.8;1220.63;1911.1;1223.3;10;0.54;stop
457;2545.35;78.57;2561.09;77.65;2559.53;50.81;2543.79;51.72;10;0.74;stop
458;2563.85;436.89;2580.45;435.75;2578.15;402.36;2561.55;403.5;10;0.69;stop
459;1926.86;1380.1;1943.55;1377.86;1938.64;1341.28;1921.95;1343.51;10;0.66;stop
460;3566.26;2117.67;3598.33;2103.33;3590.62;2086.08;3558.55;2100.42;10;0.71;stop
461;632.75;1195.2;661.28;1194.66;661.0;1179.49;632.47;1180.03;10;0.65;stop
463;3751.03;172.79;3762.18;142.36;3748.97;137.52;3737.82;167.95;10;0.67;stop
464;1222.89;1635.05;1222.93;1621.9;1196.42;1621.82;1196.38;1634.97;10;0.66;stop
465;2701.36;1380.78;2718.73;1379.45;2716.26;1347.34;2698.9;1348.68;10;0.74;stop
466;1969.75;2008.08;1980.67;1979.04;1965.4;1973.3;1954.48;2002.34;10;0.73;stop
467;831.19;1455.23;831.99;1440.93;802.87;1439.3;802.07;1453.6;10;0.67;stop
468;2504.62;1875.71;2507.13;1836.84;2488.88;1835.66;2486.37;1874.53;10;0.79;stop
469;426.86;1648.31;427.6;1633.47;398.14;1632.0;397.4;1646.84;10;0.55;stop
471;1605.67;1685.46;1606.38;1670.77;1575.83;1669.29;1575.12;1683.98;10;0.66;stop
472;3625.92;907.3;3661.41;904.88;3660.33;888.95;3624.84;891.37;10;0.69;stop
473;2546.04;1658.99;2548.57;1627.35;2531.84;1626.01;2529.31;1657.65;10;0.74;stop
474;1679.7;1043.16;1709.23;1042.41;1708.83;1026.84;1679.3;1027.59;10;0.7;stop
477;724.49;1656.58;724.52;1640.65;696.76;1640.6;696.73;1656.54;10;0.69;stop
479;556.01;1616.98;556.35;1603.1;527.74;1602.4;527.4;1616.28;10;0.62;stop
482;1995.58;579.74;1996.64;563.23;1962.17;561.01;1961.11;577.52;10;0.82;stop
483;1415.5;1641.1;1440.05;1640.54;1439.75;1627.03;1415.2;1627.58;10;0.6;stop
484;104.85;1153.16;139.19;1153.04;139.13;1137.15;104.8;1137.27;10;0.54;stop
486;3292.98;999.44;3310.11;993.93;3298.58;958.06;3281.45;963.57;10;0.68;stop
488;3677.12;491.21;3715.02;489.04;3714.13;473.48;3676.23;475.65;10;0.68;stop
489;1774.33;1655.37;1802.5;1655.13;1802.38;1639.75;1774.2;1639.99;10;0.71;stop
490;1500.86;968.39;1502.87;938.41;1487.14;937.36;1485.13;967.34;10;0.72;stop
491;1389.5;858.68;1391.08;844.23;1363.37;841.2;1361.79;855.65;10;0.61;stop
494;2032.02;1517.31;2032.3;1492.21;2019.3;1492.06;2019.01;1517.16;10;0.65;stop
495;819.89;1662.0;820.9;1646.26;791.39;1644.38;790.39;1660.11;10;0.66;stop
498;2304.75;584.24;2337.76;581.97;2336.62;565.51;2303.62;567.78;10;0.68;stop
500;2313.53;1328.8;2314.44;1310.25;2272.72;1308.2;2271.81;1326.75;9;0.58;stop
502;309.83;38.16;339.04;35.92;337.98;22.07;308.77;24.32;10;0.67;stop
504;363.36;537.66;366.53;522.16;332.26;515.15;329.09;530.65;10;0.55;stop
505;2550.83;151.91;2564.4;150.6;2561.92;124.84;2548.35;126.15;10;0.61;stop
506;3411.28;1009.93;3425.05;984.11;3412.79;977.57;3399.01;1003.39;10;0.66;stop
507;682.14;1218.35;682.97;1191.49;667.86;1191.03;667.03;1217.88;10;0.66;stop
508;1161.24;1170.17;1161.39;1153.23;1128.69;1152.96;1128.55;1169.89;10;0.77;stop
511;2773.4;2067.47;2788.73;2059.01;2771.35;2027.53;2756.02;2035.99;10;0.73;stop
513;1115.24;1037.31;1115.3;1026.1;1089.76;1025.94;1089.7;1037.15;10;0.56;stop
514;3583.81;950.83;3618.46;950.01;3618.06;933.08;3583.41;933.9;10;0.65;stop
515;3668.46;945.63;3702.83;944.17;3702.16;928.43;3667.8;929.9;10;0.68;stop
516;3561.53;800.01;3571.51;778.61;3559.72;773.11;3549.74;794.51;10;0.6;stop
517;731.08;2013.37;733.35;1984.74;720.98;1983.76;718.71;2012.39;10;0.67;stop
520;1711.69;1690.56;1712.69;1676.25;1685.02;1674.31;1684.02;1688.63;10;0.75;stop
521;2588.11;2067.55;2631.7;2053.58;2624.77;2031.95;2581.18;2045.92;9;0.58;stop
524;1426.61;1169.35;1457.57;1167.7;1456.77;1152.65;1425.8;1154.3;10;0.67;stop
525;551.23;1652.46;577.54;1652.41;577.52;1638.16;551.21;1638.21;10;0.6;stop
527;2581.57;696.76;2595.72;696.55;2595.3;668.99;2581.15;669.2;10;0.62;stop
529;2256.01;1368.41;2256.76;1329.68;2239.11;1329.34;2238.37;1368.07;10;0.68;stop
531;3023.49;497.45;3058.35;493.84;3056.66;477.55;3021.81;481.16;10;0.64;stop
532;3512.67;883.33;3523.39;847.28;3504.52;841.67;3493.8;877.72;10;0.51;stop
535;2095.86;1530.08;2127.49;1529.89;2127.39;1513.61;2095.76;1513.8;10;0.58;stop
536;886.88;1170.37;887.65;1158.81;867.19;1157.44;866.41;1169.01;10;0.5;stop
537;2680.41;1384.65;2695.78;1359.64;2683.22;1351.92;2667.84;1376.92;10;0.71;stop
538;3325.03;937.65;3337.36;926.88;3316.22;902.67;3303.89;913.44;10;0.62;stop
539;2854.15;59.38;2883.15;56.16;2881.48;41.16;2852.48;44.39;10;0.74;stop
540;3286.05;1081.26;3304.32;1050.34;3290.51;1042.18;3272.24;1073.1;10;0.73;stop
541;3554.2;1294.3;3558.49;1278.61;3529.55;1270.7;3525.26;1286.39;10;0.71;stop
544;2590.14;846.4;2605.37;845.61;2603.61;811.85;2588.38;812.64;10;0.6;stop
545;204.87;1598.52;206.05;1586.61;182.79;1584.3;181.6;1596.21;10;0.55;stop
547;3473.84;463.9;3503.68;460.55;3502.1;446.41;3472.25;449.76;10;0.62;stop
549;3699.85;301.33;3717.16;261.77;3700.78;254.6;3683.46;294.16;9;0.55;stop
551;485.92;1235.42;486.2;1221.32;461.42;1220.83;461.14;1234.93;10;0.46;stop
552;700.15;2012.85;716.34;2012.39;715.48;1981.84;699.28;1982.3;10;0.59;stop
553;3021.69;1801.49;3048.98;1757.59;3031.56;1746.76;3004.27;1790.66;9;0.7;stop
557;3630.66;947.65;3662.78;944.33;3661.21;929.22;3629.1;932.54;10;0.53;stop
565;3145.2;1739.99;3152.83;1697.78;3132.3;1694.07;3124.67;1736.28;9;0.64;stop
567;1408.81;1680.32;1410.26;1667.47;1382.32;1664.31;1380.86;1677.15;10;0.48;stop
568;3713.53;373.65;3721.31;346.02;3705.85;341.66;3698.06;369.29;10;0.54;stop
569;479.24;1220.21;479.36;1206.26;453.57;1206.04;453.46;1219.99;10;0.35;stop
570;337.38;1360.62;337.89;1347.9;312.3;1346.88;311.8;1359.6;10;0.5;stop
575;1387.24;870.78;1388.15;858.13;1360.01;856.1;1359.1;868.75;10;0.53;stop
576;1820.88;893.9;1837.95;893.41;1836.97;858.85;1819.9;859.34;10;0.59;stop
577;190.18;1633.92;190.44;1621.59;166.07;1621.08;165.81;1633.41;10;0.48;stop
578;2295.42;104.36;2328.46;100.94;2326.83;85.2;2293.79;88.62;10;0.56;stop
579;3217.89;1346.12;3234.46;1298.78;3212.42;1291.07;3195.85;1338.41;9;0.52;stop
581;1540.39;1771.28;1545.51;1758.96;1518.49;1747.72;1513.36;1760.04;10;0.44;stop
584;838.82;1922.63;872.36;1922.16;872.12;1905.19;838.58;1905.65;10;0.37;stop
587;2550.48;186.51;2566.14;186.24;2565.64;157.17;2549.98;157.44;10;0.5;stop
590;1497.31;1169.41;1525.92;1168.74;1525.57;1153.71;1496.96;1154.38;10;0.65;stop
592;871.1;1588.24;871.3;1555.11;854.51;1555.01;854.31;1588.14;10;0.43;stop
596;310.91;1046.23;341.35;1043.56;340.19;1030.33;309.75;1033.0;10;0.71;stop
600;2557.91;286.11;2572.13;285.89;2571.71;258.39;2557.49;258.61;10;0.46;stop
610;2559.63;365.13;2575.89;364.4;2574.49;333.49;2558.23;334.23;10;0.5;stop
615;3774.27;1174.05;3789.82;1173.02;3787.61;1139.7;3772.05;1140.73;10;0.44;stop
616;1572.28;1684.5;1573.46;1670.15;1547.34;1668.0;1546.16;1682.35;10;0.44;stop
622;1940.49;1630.27;1962.79;1630.19;1962.61;1577.11;1940.3;1577.18;9;0.74;stop
627;3383.86;1325.0;3427.07;1316.69;3423.32;1297.19;3380.11;1305.49;9;0.4;stop
648;2014.35;1104.48;2046.21;1100.9;2044.65;1087.02;2012.79;1090.6;10;0.78;move
657;1694.54;1167.51;1694.8;1153.89;1666.96;1153.36;1666.7;1166.98;10;0.72;move
673;1140.94;1634.38;1141.14;1621.02;1114.69;1620.62;1114.48;1633.98;10;0.54;stop
892;1932.54;1336.23;1947.33;1309.98;1933.99;1302.46;1919.2;1328.71;10;0.7;stop
1186;1984.11;1227.24;2000.17;1225.88;1997.45;1193.76;1981.39;1195.12;10;0.81;stop
1195;3152.7;1537.1;3165.47;1455.3;3136.05;1450.71;3123.28;1532.51;9;0.71;move
1346;1812.05;717.99;1826.14;716.83;1823.71;687.14;1809.63;688.29;10;0.66;stop
1515;1647.83;1042.54;1673.25;1042.38;1673.17;1028.59;1647.75;1028.74;10;0.73;stop
1524;1983.55;1275.78;2000.56;1275.36;1999.7;1240.84;1982.69;1241.27;10;0.82;stop
1789;1218.3024999999998;1465.6925;1221.1200000000001;1434.9175;1204.9475000000002;1433.4275;1202.1299999999999;1464.2125;10;0.395;stop
1869;3838.22;64.59;3846.33;40.48;3834.28;36.42;3826.17;60.54;10;0.7;stop
2210;1067.26;1667.66;1067.99;1655.2;1045.86;1653.91;1045.14;1666.37;10;0.53;stop
2526;408.83;25.1;431.59;9.23;423.67;-2.13;400.91;13.73;10;0.63;stop
2541;482.71;16.6;515.56;14.79;514.79;0.74;481.94;2.56;10;0.57;stop
2546;445.35;21.93;475.85;20.74;475.28;6.19;444.78;7.39;10;0.43;stop
2744;170.47;1080.3;170.95;1063.83;136.33;1062.82;135.85;1079.29;10;0.75;move
2836;500.59;1071.39;533.59;1069.11;532.54;1053.92;499.54;1056.21;10;0.76;move
2898;1742.84;1172.34;1778.1;1171.86;1777.89;1156.41;1742.63;1156.89;10;0.64;stop
2976;3426.5;881.32;3447.95;853.35;3434.12;842.74;3412.67;870.71;10;0.78;stop
3229;2003.45;1235.73;2019.85;1234.64;2017.48;1198.77;2001.08;1199.86;10;0.82;stop
3279;1777.56;80.51;1794.73;78.29;1790.28;43.81;1773.11;46.02;10;0.66;stop
3321;1912.07;400.63;1929.3;400.29;1928.68;368.87;1911.45;369.21;10;0.8;move
3352;2230.73;1104.14;2262.32;1103.81;2262.15;1087.36;2230.56;1087.69;10;0.79;stop
3434;2179.77;1103.16;2214.43;1102.47;2214.1;1086.09;2179.45;1086.78;10;0.79;stop
3450;2004.01;1274.75;2019.44;1274.53;2018.99;1243.0;2003.56;1243.22;10;0.81;stop
3511;1927.22;598.28;1927.88;568.67;1913.43;568.35;1912.78;597.96;10;0.8;move
3584;2020.33;1312.9;2021.24;1284.05;2007.17;1283.6;2006.26;1312.45;10;0.81;stop
3633;2519.31;73.98;2520.83;50.76;2505.69;49.77;2504.17;72.99;10;0.6;stop
3693;1271.65;1077.42;1302.97;1077.29;1302.91;1062.33;1271.59;1062.46;10;0.79;move
3747;680.96;1079.86;722.9;1078.76;722.47;1062.33;680.53;1063.43;9;0.69;move
3785;1982.67;1320.67;1999.52;1320.37;1998.9;1284.83;1982.04;1285.13;10;0.81;stop
3837;1566.49;1068.79;1597.58;1067.6;1597.01;1052.96;1565.92;1054.15;10;0.76;move
3887;2553.31;120.04;2579.5;115.96;2577.44;102.71;2551.25;106.79;10;0.58;stop
3961;1986.11;1357.62;2001.5;1357.31;2000.89;1326.63;1985.5;1326.94;10;0.79;stop
3996;256.4;1876.13;271.51;1875.55;270.47;1848.56;255.37;1849.14;10;0.55;stop
4080;1990.1;1397.54;2006.59;1397.29;2006.08;1364.33;1989.6;1364.59;10;0.82;stop
4207;1987.22;1438.6;2002.4;1438.43;2002.03;1406.52;1986.85;1406.7;10;0.81;stop
4216;874.3;1078.64;897.81;1078.21;897.57;1065.42;874.07;1065.85;10;0.62;move
4321;1990.33;1478.29;2007.45;1477.39;2005.67;1443.34;1988.55;1444.23;10;0.79;stop
4413;1916.0;687.54;1932.82;686.87;1931.5;653.46;1914.68;654.13;10;0.81;move
4426;1486.36;1682.21;1487.12;1667.47;1454.39;1665.79;1453.63;1680.53;10;0.71;stop
4491;1035.75;1064.61;1066.0;1064.09;1065.75;1049.26;1035.5;1049.79;10;0.8;move
4568;2006.42;1514.91;2006.98;1487.99;1993.7;1487.71;1993.15;1514.64;10;0.81;stop
4886;1933.29;774.34;1950.16;774.04;1949.56;739.91;1932.68;740.21;10;0.79;move
5757;1975.16;377.45;1976.93;345.75;1960.09;344.8;1958.32;376.5;10;0.84;stop
6201;2791.15;2105.35;2807.57;2096.76;2789.79;2062.78;2773.37;2071.37;10;0.44;stop
6407;246.86;1736.34;263.5;1736.13;263.14;1708.04;246.5;1708.25;10;0.53;stop
6482;3746.61;445.67;3777.49;442.45;3775.89;427.14;3745.01;430.36;10;0.49;stop
6531;1382.49;1045.82;1415.8;1044.91;1415.39;1029.8;1382.07;1030.71;10;0.79;stop
6573;1827.13;953.87;1841.56;953.83;1841.5;926.01;1827.06;926.04;10;0.75;stop
6635;1143.86;1078.56;1173.97;1077.9;1173.64;1062.69;1143.53;1063.35;10;0.67;move
6730;1701.66;1079.03;1734.91;1078.42;1734.63;1062.97;1701.38;1063.58;10;0.79;move
6821;1899.95;936.42;1916.3;934.94;1913.15;900.14;1896.8;901.62;10;0.79;stop
6844;1480.83;1066.01;1516.37;1065.58;1516.17;1048.99;1480.63;1049.41;10;0.81;move
6863;1780.25;1076.84;1811.18;1076.37;1810.94;1060.66;1780.01;1061.13;10;0.79;move
6920;1435.92;1077.94;1435.93;1062.96;1402.46;1062.94;1402.45;1077.91;10;0.79;move
6928;1286.88;1048.7;1286.88;1033.67;1257.87;1033.67;1257.87;1048.7;10;0.82;stop
7010;3163.97;1175.71;3166.9;1158.64;3134.15;1153.04;3131.23;1170.1;10;0.72;stop
7118;1931.41;865.61;1947.63;864.53;1945.34;829.77;1929.12;830.84;10;0.81;move
7180;1798.98;1056.43;1830.78;1055.42;1830.27;1039.45;1798.47;1040.46;10;0.8;move
7213;2580.98;1081.78;2581.37;1066.58;2552.02;1065.84;2551.63;1081.04;10;0.77;move
7235;1883.93;969.05;1901.34;967.56;1898.51;934.45;1881.1;935.94;10;0.79;stop
7294;1909.65;1078.26;1940.52;1077.38;1940.1;1062.62;1909.23;1063.5;10;0.77;move
7312;1977.21;1011.16;1988.93;1001.75;1971.54;980.09;1959.82;989.5;10;0.69;move
7410;2108.95;1063.39;2145.92;1062.29;2145.43;1045.98;2108.46;1047.09;10;0.79;move
7425;270.59;2104.1;288.48;2103.66;287.69;2071.53;269.81;2071.97;10;0.46;stop
7466;1958.13;693.82;1974.51;693.47;1973.65;653.93;1957.27;654.28;10;0.76;stop
7477;2007.81;1560.08;2008.57;1526.16;1992.31;1525.8;1991.56;1559.72;10;0.83;stop
7518;2194.17;1060.34;2226.4;1059.81;2226.15;1044.53;2193.91;1045.07;10;0.77;move
7618;2808.78;1093.16;2809.51;1078.44;2779.84;1076.96;2779.11;1091.68;10;0.74;stop
7620;2012.01;1595.19;2012.03;1566.07;1997.49;1566.06;1997.47;1595.18;10;0.81;stop
7651;1898.81;894.07;1915.0;893.03;1912.69;857.0;1896.5;858.03;10;0.82;stop
7705;2436.54;1080.78;2472.78;1080.35;2472.58;1063.47;2436.34;1063.9;10;0.76;move
7770;2008.8;1647.29;2009.29;1613.19;1993.58;1612.96;1993.08;1647.06;10;0.8;stop
7838;2858.2;1098.59;2859.52;1083.44;2826.05;1080.53;2824.73;1095.68;10;0.74;stop
7909;2007.22;1688.33;2007.74;1654.29;1991.78;1654.04;1991.26;1688.09;10;0.76;stop
7967;2577.94;1058.86;2578.13;1044.14;2549.43;1043.77;2549.24;1058.48;10;0.78;move
8036;1770.59;1108.51;1800.54;1108.12;1800.35;1093.11;1770.4;1093.5;10;0.82;stop
8054;3273.0;594.39;3289.14;594.09;3288.56;563.42;3272.42;563.72;10;0.68;stop
8077;2004.73;1729.87;2009.25;1699.07;1994.27;1696.88;1989.75;1727.68;10;0.83;stop
8156;2635.44;1063.34;2636.52;1048.35;2604.44;1046.03;2603.35;1061.02;10;0.82;move
8211;2701.73;1067.52;2702.56;1050.22;2665.23;1048.42;2664.39;1065.71;10;0.8;move
8212;1728.4;1109.98;1765.26;1108.79;1764.7;1091.64;1727.84;1092.83;10;0.78;stop
8243;2904.66;1104.51;2905.67;1089.84;2880.84;1088.12;2879.83;1102.79;10;0.73;move
8294;2785.94;1073.57;2787.05;1055.08;2746.95;1052.68;2745.84;1071.17;10;0.55;stop
8407;2838.18;1074.97;2838.95;1058.44;2805.57;1056.91;2804.8;1073.43;10;0.83;stop
8456;1692.55;1108.17;1716.35;1107.98;1716.24;1094.58;1692.44;1094.77;10;0.75;stop
8472;1569.56;1148.16;1604.12;1148.05;1604.07;1132.22;1569.51;1132.32;10;0.8;move
8619;2808.96;1941.59;2857.51;1923.38;2850.26;1904.04;2801.71;1922.25;9;0.46;stop
8647;2389.57;1323.86;2389.96;1306.57;2357.56;1305.83;2357.16;1323.11;10;0.57;stop
8659;3180.61;1638.98;3187.21;1593.05;3164.39;1589.77;3157.79;1635.7;9;0.56;stop
8664;1340.77;1150.44;1367.64;1149.41;1367.11;1135.56;1340.23;1136.59;10;0.78;move
8743;2905.79;1084.02;2907.25;1067.77;2873.43;1064.73;2871.97;1080.98;10;0.84;stop
8748;2066.46;1054.02;2067.92;1039.29;2037.17;1036.23;2035.71;1050.96;10;0.81;move
8776;2635.44;1042.39;2639.52;1028.56;2613.44;1020.86;2609.36;1034.69;10;0.67;stop
8910;2988.17;1116.54;2990.51;1100.63;2958.86;1095.96;2956.52;1111.87;10;0.8;move
8940;1207.1;1152.69;1254.9;1151.44;1254.4;1132.18;1206.6;1133.43;9;0.76;move
9041;3046.71;1121.33;3048.88;1105.89;3017.51;1101.48;3015.34;1116.92;10;0.83;stop
9131;1890.66;735.1;1907.81;733.65;1905.09;701.52;1887.94;702.98;10;0.81;stop
9142;1104.15;1150.77;1134.03;1148.21;1132.72;1132.98;1102.85;1135.54;10;0.78;move
9171;1872.16;953.62;1884.01;937.06;1867.34;925.13;1855.49;941.69;10;0.71;stop
9208;3151.76;1138.94;3153.6;1121.55;3116.36;1117.62;3114.53;1135.01;10;0.81;stop
9236;1888.36;686.78;1904.51;685.46;1902.24;657.6;1886.08;658.92;10;0.81;stop
9237;1858.76;908.48;1873.66;907.82;1872.21;875.21;1857.31;875.87;10;0.79;stop
9242;1103.34;1129.0;1134.71;1126.53;1133.53;1111.62;1102.17;1114.09;10;0.81;move
9319;1875.66;911.78;1892.42;910.76;1890.18;874.16;1873.43;875.18;10;0.81;stop
9345;158.94;58.37;192.1;55.53;190.75;39.83;157.59;42.67;10;0.38;stop
9356;1858.06;865.93;1872.67;864.7;1870.09;833.95;1855.48;835.17;10;0.75;stop
9374;223.745;49.715;255.255;46.150000000000006;253.68;32.2;222.165;35.765;10;0.38;stop
9516;2000.5;1785.33;2004.38;1750.02;1988.75;1748.3;1984.87;1783.61;10;0.82;stop
9522;1876.51;858.8;1894.05;856.88;1889.99;819.7;1872.45;821.62;9;0.6;stop
9646;1849.04;780.15;1865.21;779.43;1863.65;744.22;1847.47;744.94;10;0.81;stop
9651;2674.77;1088.48;2675.95;1069.5;2635.98;1067.02;2634.8;1086.0;9;0.57;move
9724;1911.78;458.8;1930.24;456.87;1926.72;423.2;1908.26;425.13;10;0.78;move
9764;1844.74;741.3;1865.66;739.63;1862.13;695.33;1841.21;697.0;9;0.75;stop
9768;1027.54;1145.16;1027.55;1130.74;998.58;1130.72;998.57;1145.13;10;0.83;move
9812;1053.7;1128.98;1053.83;1113.42;1021.36;1113.14;1021.23;1128.71;10;0.82;move
9833;2125.53;1104.06;2126.14;1085.52;2081.97;1084.07;2081.36;1102.6;10;0.56;move
9839;1898.3;852.2;1913.82;850.72;1910.95;820.67;1895.43;822.16;10;0.69;stop
9860;2374.7;1061.99;2404.24;1061.34;2403.93;1047.38;2374.39;1048.04;10;0.78;move
9909;1831.48;781.06;1845.97;780.52;1844.92;752.31;1830.43;752.85;10;0.5;stop
9963;2507.93;1736.7;2511.45;1705.18;2496.82;1703.55;2493.3;1735.07;10;0.59;stop
9966;1894.55;803.29;1911.74;802.49;1910.2;769.46;1893.01;770.26;10;0.79;stop
9985;1843.71;682.25;1861.44;681.35;1859.79;648.63;1842.06;649.52;10;0.78;stop
10012;803.11;1140.55;835.98;1139.82;835.64;1124.45;802.77;1125.18;10;0.77;move
10035;1873.67;809.86;1889.96;809.01;1888.33;777.52;1872.04;778.36;10;0.77;stop
10075;2748.33;1090.56;2748.94;1075.19;2717.67;1073.94;2717.06;1089.31;10;0.77;move
10093;2139.67;552.81;2170.62;550.01;2169.27;535.06;2138.32;537.86;10;0.67;stop
10113;930.42;1125.6;959.66;1124.85;959.3;1110.9;930.06;1111.65;10;0.79;move
10157;2174.57;1080.94;2174.62;1064.54;2140.55;1064.43;2140.5;1080.84;10;0.81;move
10198;2049.4;119.74;2074.98;117.73;2073.91;104.13;2048.33;106.15;10;0.69;stop
10378;2351.56;1094.69;2377.74;1089.95;2375.32;1076.56;2349.13;1081.3;10;0.51;move
10406;2500.5;1551.04;2516.91;1550.89;2516.62;1519.65;2500.21;1519.8;10;0.35;stop
10457;708.89;1142.66;739.62;1142.53;739.55;1127.03;708.82;1127.16;10;0.81;move
10530;554.83;1141.51;591.04;1140.97;590.79;1124.43;554.59;1124.97;10;0.75;move
10552;526.25;1134.88;528.25;1119.93;499.38;1116.05;497.37;1131.01;10;0.79;stop
10574;2471.25;1062.81;2510.24;1059.47;2508.75;1042.06;2469.76;1045.4;10;0.7;move
10663;459.18;1120.13;490.02;1119.23;489.57;1103.62;458.73;1104.52;10;0.74;stop
10681;3070.89;1450.0;3086.97;1439.46;3067.86;1410.31;3051.78;1420.85;10;0.81;stop
10690;3097.41;1132.25;3099.74;1115.75;3066.09;1111.0;3063.76;1127.5;10;0.84;stop
10740;467.3;1141.98;495.65;1141.71;495.52;1126.77;467.16;1127.04;10;0.79;stop
10769;1871.73;776.74;1888.57;776.45;1888.02;744.26;1871.18;744.55;10;0.81;stop
10823;420.78;1123.34;451.31;1122.91;451.09;1107.91;420.57;1108.34;10;0.76;stop
10870;3102.44;1113.52;3104.84;1096.77;3067.81;1091.48;3065.41;1108.23;10;0.84;stop
10876;2967.94;1093.56;2970.31;1076.1;2932.31;1070.94;2929.94;1088.4;10;0.84;stop
10882;1840.27;637.05;1858.07;635.58;1855.35;602.7;1837.55;604.17;10;0.82;stop
10893;2162.14;112.12;2189.21;109.53;2187.86;95.45;2160.79;98.03;10;0.63;stop
10913;433.05;1140.04;461.51;1139.7;461.33;1124.96;432.87;1125.3;10;0.75;stop
10917;1869.43;739.62;1885.81;738.5;1883.57;706.0;1867.19;707.13;10;0.78;stop
10949;1875.92;861.09;1893.94;859.31;1890.2;821.35;1872.18;823.13;10;0.49;stop
10962;2051.19;1302.46;2055.42;1288.75;2028.81;1280.54;2024.58;1294.25;10;0.79;stop
10978;376.27;1121.22;406.24;1120.87;406.07;1106.28;376.1;1106.63;10;0.74;stop
10982;1840.27;603.18;1857.6;601.56;1854.14;564.57;1836.81;566.19;9;0.57;stop
11053;3209.54;1150.02;3212.53;1129.26;3172.03;1123.41;3169.03;1144.17;10;0.78;stop
11065;3037.82;1102.13;3039.89;1085.65;3005.3;1081.3;3003.23;1097.79;10;0.84;stop
11075;1739.96;1690.73;1741.11;1676.2;1715.17;1674.15;1714.02;1688.67;10;0.53;stop
11179;3251.74;1160.36;3254.55;1142.37;3217.01;1136.51;3214.2;1154.5;10;0.82;stop
11180;1900.17;324.85;1921.18;323.63;1918.27;273.65;1897.26;274.87;9;0.84;move
11203;1863.68;634.64;1881.47;633.36;1879.2;601.73;1861.4;603.01;10;0.79;stop
11238;3394.34;1041.12;3408.65;1011.56;3394.1;1004.51;3379.78;1034.07;10;0.5;stop
11240;288.78;1116.12;322.7;1115.57;322.47;1101.07;288.55;1101.62;10;0.57;stop
11245;3150.15;1121.74;3152.97;1103.22;3114.22;1097.32;3111.4;1115.84;10;0.84;stop
11252;1869.46;671.73;1885.16;670.88;1883.54;641.14;1867.84;642.0;10;0.81;stop
11308;3119.05;1096.88;3120.92;1081.35;3109.7;1080.0;3107.83;1095.53;10;0.54;stop
11329;3296.64;1165.71;3300.29;1147.08;3262.11;1139.6;3258.46;1158.24;10;0.84;stop
11366;245.68;1116.81;273.94;1116.32;273.7;1102.25;245.43;1102.74;10;0.67;stop
11368;1883.64;641.23;1900.92;639.91;1898.51;608.64;1881.24;609.97;10;0.83;stop
11410;3472.45;1196.58;3475.68;1180.12;3441.62;1173.42;3438.38;1189.88;10;0.81;stop
11482;2027.85;582.77;2060.02;579.16;2058.15;562.48;2025.98;566.09;10;0.81;stop
11491;1862.48;587.68;1880.73;585.43;1877.02;555.32;1858.77;557.57;10;0.82;stop
11510;3460.33;1044.95;3473.81;1033.07;3451.86;1008.17;3438.38;1020.06;10;0.77;stop
11534;3513.26;1202.68;3517.47;1186.96;3486.11;1178.57;3481.91;1194.29;10;0.82;stop
11567;3329.92;1052.13;3333.52;1010.33;3312.27;1008.5;3308.67;1050.3;10;0.81;stop
11578;1846.78;742.2;1866.6;739.29;1860.0;694.42;1840.18;697.34;10;0.47;stop
11598;202.87;1116.99;232.07;1116.12;231.66;1102.08;202.46;1102.94;10;0.74;stop
11606;1603.3;560.07;1604.03;546.09;1577.08;544.68;1576.35;558.66;10;0.48;stop
11685;277.93;1164.18;285.36;1136.42;271.44;1132.69;264.01;1160.46;10;0.55;stop
11721;3131.26;1681.5;3137.23;1642.32;3116.24;1639.12;3110.27;1678.31;10;0.74;stop
11762;3561.58;1215.8;3565.04;1199.58;3532.49;1192.64;3529.03;1208.85;10;0.82;stop
11796;409.77;492.5;414.39;462.62;397.41;460.0;392.79;489.88;10;0.62;stop
11836;3262.55;1134.7;3264.38;1117.83;3232.45;1114.37;3230.62;1131.23;10;0.82;stop
11861;333.95;1119.04;364.49;1118.03;364.02;1103.77;333.48;1104.78;10;0.48;stop
11871;360.33;1137.35;389.6;1136.55;389.2;1122.03;359.93;1122.83;10;0.74;stop
11872;2562.87;709.08;2578.49;707.74;2575.75;675.8;2560.14;677.13;10;0.58;move
11919;458.86;1648.27;459.28;1635.65;435.05;1634.85;434.63;1647.47;10;0.38;stop
11947;322.53;1138.3;353.06;1138.04;352.93;1122.95;322.41;1123.21;10;0.77;stop
12003;3301.26;1139.32;3303.11;1122.72;3270.61;1119.12;3268.77;1135.72;10;0.83;stop
12011;565.84;1160.7;592.09;1158.99;591.03;1142.73;564.78;1144.45;10;0.48;stop
12033;495.48;561.85;498.87;547.87;469.21;540.65;465.81;554.63;10;0.45;stop
12035;3085.38;1747.55;3103.0;1707.13;3081.5;1697.76;3063.88;1738.18;10;0.36;stop
12042;1996.96;1830.86;2002.06;1797.52;1985.73;1795.02;1980.63;1828.36;10;0.71;stop
12045;3655.46;1242.4;3659.55;1223.38;3619.54;1214.78;3615.45;1233.8;10;0.83;stop
12054;2086.45;577.65;2122.83;573.96;2121.05;556.35;2084.67;560.04;10;0.75;stop
12056;3608.59;1227.54;3611.58;1210.28;3577.35;1204.34;3574.35;1221.6;10;0.81;stop
12061;314.24;1137.61;314.24;1121.76;281.07;1121.76;281.07;1137.61;10;0.72;stop
12121;3352.52;1145.34;3355.11;1128.06;3317.79;1122.47;3315.2;1139.75;10;0.82;stop
12125;167.5;1115.96;196.41;1114.59;195.78;1101.23;166.87;1102.6;10;0.73;stop
12142;571.63;606.95;572.97;596.68;552.44;593.98;551.09;604.26;10;0.44;stop
12153;1634.49;1110.8;1689.08;1109.83;1688.76;1091.95;1634.17;1092.92;9;0.69;stop
12160;1987.43;1876.37;1994.25;1841.27;1979.32;1838.38;1972.5;1873.48;10;0.84;stop
12172;3382.18;1326.18;3425.92;1318.43;3422.19;1297.42;3378.46;1305.16;10;0.59;stop
12186;221.22;1136.59;254.22;1135.73;253.86;1121.84;220.85;1122.7;10;0.73;stop
12189;3120.65;1115.36;3121.68;1099.22;3112.6;1098.64;3111.57;1114.78;10;0.57;stop
12221;3456.38;955.33;3467.72;921.86;3450.18;915.92;3438.84;949.39;10;0.76;move
12227;1840.01;603.76;1859.92;601.54;1855.62;562.86;1835.7;565.08;10;0.65;stop
12247;1977.22;1916.83;1987.58;1883.71;1972.28;1878.92;1961.92;1912.04;10;0.83;stop
12250;191.1;1134.45;218.37;1133.92;218.12;1121.17;190.85;1121.7;10;0.75;stop
12283;1814.08;478.54;1831.46;478.26;1830.92;445.08;1813.54;445.36;10;0.82;stop
12305;3498.75;1177.82;3502.64;1160.56;3464.06;1151.86;3460.17;1169.13;10;0.83;stop
12316;538.75;1652.57;538.81;1640.97;518.75;1640.86;518.69;1652.47;10;0.44;stop
12339;1966.59;1951.27;1974.65;1926.24;1961.81;1922.11;1953.76;1947.14;10;0.78;stop
12344;151.07;1134.66;179.92;1134.06;179.63;1120.03;150.78;1120.63;10;0.76;stop
12366;1396.4;1135.26;1427.69;1134.56;1427.35;1119.24;1396.06;1119.94;10;0.81;move
12372;3735.4;204.97;3744.92;180.38;3732.73;175.66;3723.2;200.24;10;0.36;stop
12414;2000.41;1005.04;2014.75;1001.2;2006.84;971.59;1992.5;975.42;10;0.58;stop
12419;244.87;1702.88;261.65;1702.27;260.44;1669.3;243.67;1669.92;10;0.45;stop
12440;1948.27;2001.92;1963.18;1966.89;1947.8;1960.33;1932.88;1995.36;10;0.83;stop
12446;118.93;1132.99;147.09;1132.53;146.85;1117.94;118.69;1118.41;10;0.67;stop
12452;3063.89;1478.03;3077.64;1470.09;3060.8;1440.88;3047.04;1448.81;10;0.37;stop
12454;1856.52;555.94;1863.8;531.55;1842.48;525.19;1835.2;549.58;10;0.77;stop
12470;1038.26;993.43;1053.3;992.94;1052.37;964.07;1037.33;964.56;10;0.4;stop
12481;160.23;1116.09;160.39;1100.54;124.77;1100.16;124.61;1115.71;10;0.68;stop
12484;1187.64;1549.5;1192.51;1524.3;1179.36;1521.75;1174.49;1546.95;10;0.54;stop
12503;3570.03;1196.03;3575.52;1173.67;3511.85;1158.03;3506.35;1180.39;10;0.72;stop
12552;3507.35;459.9025;3536.3875;455.09749999999997;3534.21;441.97;3505.1825;446.77500000000003;10;0.4;stop
12564;3138.57;32.2;3172.22;29.25;3170.8;13.04;3137.15;15.99;10;0.58;stop
12566;1933.41;1428.6;1953.03;1425.7;1946.34;1380.52;1926.72;1383.43;10;0.61;stop
12571;1634.3;562.83;1634.59;548.14;1604.58;547.54;1604.28;562.23;10;0.37;stop
12572;340.7;564.15;344.19;549.64;308.99;541.16;305.49;555.68;10;0.39;stop
12576;3604.62;1200.18;3607.69;1184.54;3575.7;1178.26;3572.62;1193.89;10;0.82;stop
12579;121.30666666666666;1114.9544444444446;121.77333333333333;1099.3922222222222;91.03111111111112;1098.4855555555555;90.57444444444445;1114.0477777777778;10;0.3622222222222222;stop
12580;2800.59;533.25;2835.98;529.21;2834.02;512.06;2798.63;516.11;10;0.81;move
12587;808.28;2086.24;818.07;2085.87;817.34;2066.88;807.55;2067.26;10;0.35;stop
12608;1929.05;2044.11;1942.11;2014.38;1927.92;2008.14;1914.86;2037.87;10;0.83;stop
12611;3752.45;217.88;3765.06;186.57;3751.3;181.03;3738.69;212.34;10;0.74;move
12627;2387.38;1290.11;2414.12;1289.31;2413.74;1276.57;2387.0;1277.37;10;0.51;stop
12649;105.65;1131.23;106.29;1115.48;72.13;1114.09;71.49;1129.84;10;0.78;stop
12654;3749.89;1261.51;3753.59;1244.75;3718.24;1236.93;3714.53;1253.69;10;0.77;stop
12688;3663.89;1220.24;3668.46;1202.17;3631.73;1192.89;3627.17;1210.95;10;0.82;move
12745;219.57;1602.43;246.33;1599.51;244.96;1586.94;218.2;1589.87;10;0.39;stop
12776;1688.24;1108.5;1688.38;1093.21;1679.57;1093.13;1679.43;1108.42;10;0.68;stop
12781;1836.11;505.83;1854.16;504.61;1851.54;466.17;1833.5;467.39;10;0.81;move
12782;2070.648;2094.024;2071.332;2077.512;2038.002;2076.13;2037.318;2092.6420000000003;10;0.39;stop
12784;2622.4;1324.15;2623.28;1312.83;2601.72;1311.16;2600.84;1322.48;10;0.39;stop
12787;887.21;1125.71;887.64;1112.08;858.41;1111.16;857.99;1124.79;10;0.78;move
12812;3701.42;1253.05;3706.6;1232.99;3671.08;1223.83;3665.9;1243.88;10;0.63;stop
12825;1475.995;341.995;1489.065;341.59000000000003;1488.38;319.51;1475.305;319.90999999999997;10;0.385;stop
12843;3184.92;505.96;3227.24;502.63;3225.7;483.1;3183.38;486.44;10;0.76;move
12845;3799.46;1277.92;3804.12;1258.81;3762.42;1248.64;3757.76;1267.75;10;0.76;stop
12869;1857.32;533.73;1874.31;532.78;1872.24;495.65;1855.25;496.59;10;0.79;move
12924;3206.46;142.01;3223.78;141.0;3221.98;110.18;3204.66;111.19;10;0.44;stop
12937;3755.47;1237.2;3758.74;1221.05;3725.78;1214.36;3722.51;1230.51;10;0.8;stop
12964;1909.9;2092.33;1924.16;2058.51;1909.1;2052.17;1894.84;2085.99;10;0.82;stop
12966;19.5;1625.27;48.83;1620.22;46.6;1607.23;17.26;1612.28;10;0.41;stop
13016;2570.71;99.94;2600.1;98.57;2599.42;83.99;2570.02;85.37;10;0.78;move
13032;1787.0459999999998;245.62439999999998;1802.0528;244.4656;1799.3636;209.46799999999996;1784.3572;210.6172;10;0.35159999999999997;stop
13058;729.49;1124.68;758.53;1123.61;758.01;1109.57;728.97;1110.64;10;0.64;move
13059;740.66;1194.31;741.46;1180.95;716.22;1179.44;715.42;1192.8;10;0.4;stop
13065;37.27;1129.45;63.32;1128.33;62.75;1114.93;36.7;1116.04;10;0.6;stop
13106;1152.8030434782609;1798.1960869565216;1166.7060869565219;1798.1299999999999;1166.576956521739;1769.9269565217392;1152.6708695652173;1769.9900000000002;10;0.3947826086956522;stop
13120;2034.34;1647.42;2036.71;1621.97;2023.16;1620.71;2020.79;1646.16;10;0.4;stop
13129;2259.832307692308;575.6630769230769;2288.1346153846152;573.1930769230769;2287.129230769231;561.7115384615385;2258.8269230769233;564.176923076923;10;0.4;stop
13131;1075.09;288.87;1104.26;287.51;1103.66;274.57;1074.49;275.92;10;0.39;stop
13142;2555.9;519.37;2571.0;516.82;2565.85;486.38;2550.75;488.93;10;0.58;stop
13163;306.74;1646.91;333.29;1642.26;330.76;1627.78;304.21;1632.42;10;0.37;stop
13170;1858.29;267.35;1858.55;237.36;1840.71;237.21;1840.45;267.2;10;0.84;move
13185;926.68;623.5;927.24;610.46;900.51;609.32;899.95;622.35;10;0.38;stop
13186;3797.83;1168.8033333333333;3813.9066666666668;1168.2466666666667;3812.796666666667;1136.1933333333334;3796.7200000000003;1136.7533333333336;10;0.36333333333333334;stop
13187;357.2;49.36;400.4;46.85;399.37;29.15;356.17;31.67;9;0.58;move
13191;1998.79;2098.61;2029.41;2097.22;2028.71;2081.89;1998.09;2083.28;10;0.45;stop
13192;3808.93;1250.37;3812.15;1233.89;3779.2;1227.45;3775.98;1243.92;10;0.81;stop
13195;2026.0644444444445;1792.4833333333333;2029.0988888888887;1767.06;2015.121111111111;1765.3888888888887;2012.0911111111113;1790.8122222222223;10;0.3655555555555555;stop
13198;2573.88;610.365;2590.71;607.9100000000001;2586.12;576.505;2569.29;578.96;10;0.375;stop
13208;3226.09;160.51;3241.57;160.11;3240.78;129.65;3225.3;130.05;10;0.58;move
13226;1888.86;2132.72;1902.01;2103.48;1888.24;2097.28;1875.09;2126.52;10;0.81;move
13235;3119.79;1137.89;3120.55;1119.15;3113.46;1118.86;3112.7;1137.6;10;0.38;stop
13241;1909.43;229.37;1935.38;227.15;1923.36;86.75;1897.4;88.98;9;0.52;move
13250;509.24;1443.065;511.07500000000005;1429.525;484.51;1425.92;482.66999999999996;1439.46;10;0.4;stop
13258;3532.38;225.56;3546.93;219.69;3535.43;191.16;3520.88;197.03;10;0.37;stop
13259;2786.73;1073.27;2787.58;1054.92;2745.64;1052.98;2744.8;1071.33;9;0.52;stop
13265;6.03;1148.81;32.92;1148.5;32.76;1134.94;5.87;1135.25;10;0.38;stop
13269;2615.0499999999997;564.2176923076923;2639.1626923076924;560.995;2637.329230769231;547.2823076923077;2613.216538461538;550.505;10;0.36230769230769233;stop
13270;2674.96;1088.29;2676.13;1069.19;2640.87;1067.03;2639.7;1086.12;10;0.53;move
13274;2125.55;1104.18;2126.06;1083.97;2080.45;1082.82;2079.94;1103.03;9;0.52;move
13275;1671.8833333333332;1652.04;1672.6016666666667;1635.285;1640.305;1633.9016666666666;1639.585;1650.6483333333335;10;0.37166666666666665;stop
13281;1909.33;2139.99;1920.93;2110.1;1906.86;2104.64;1895.25;2134.52;10;0.42;stop
13285;240.25;1667.59;256.25;1654.79;230.85;1623.04;214.84;1635.84;10;0.39;stop
13288;6.35;1899.79;34.72;1892.17;31.0;1878.34;2.64;1885.95;10;0.39;stop
13291;3570.26;1197.26;3575.72;1174.5;3509.74;1158.67;3504.28;1181.43;9;0.39;stop
