vehicle_id; veh_bb_x1; veh_bb_y1; veh_bb_x2; veh_bb_y2; veh_bb_x3; veh_bb_y3; veh_bb_x4; veh_bb_y4; det_class; conf_score; state
  5929;    3026.29;    1071.48;    3028.64;    1054.71;    2995.74;    1050.08;    2993.39;    1066.85;       10;    0.83;   move
  6202;    1994.46;    1957.90;    2004.95;    1924.53;    1990.48;    1919.98;    1979.99;    1953.35;       10;    0.82;   stop
  2843;    2004.13;    1918.09;    2011.74;    1884.52;    1996.37;    1881.04;    1988.76;    1914.60;       10;    0.82;   stop
  5003;    2983.25;    1083.02;    2985.31;    1067.90;    2953.00;    1063.48;    2950.94;    1078.60;       10;    0.82;   move
    19;    1977.63;     669.25;    1992.15;     668.11;    1989.87;     639.12;    1975.35;     640.27;       10;    0.82;   stop
    36;     992.55;     635.71;     993.53;     622.51;     966.82;     620.54;     965.85;     633.74;       10;    0.82;   stop
  7728;     770.76;    1160.09;     799.55;    1156.17;     797.68;    1142.41;     768.88;    1146.33;       10;    0.82;   stop
  3927;    1678.67;    1127.89;    1712.83;    1126.07;    1712.08;    1111.99;    1677.92;    1113.81;       10;    0.82;   stop
  3187;    1985.18;    1104.80;    1996.65;    1092.84;    1970.32;    1067.58;    1958.85;    1079.54;       10;    0.82;   move
  5741;    2798.03;    1045.43;    2799.12;    1030.44;    2769.78;    1028.32;    2768.70;    1043.31;       10;    0.82;   move
     3;    3145.90;    1198.33;    3147.94;    1182.05;    3110.04;    1177.29;    3107.99;    1193.57;       10;    0.82;   stop
    67;    1983.81;     740.38;    1998.17;     738.78;    1994.94;     709.75;    1980.58;     711.34;       10;    0.81;   stop
     7;     855.04;    1172.16;     855.19;    1157.85;     825.90;    1157.53;     825.74;    1171.84;       10;    0.81;   stop
    40;    2007.40;     896.94;    2007.61;     866.04;    1993.29;     865.94;    1993.08;     896.84;       10;    0.81;   stop
   114;    3058.68;    1051.25;    3060.81;    1037.79;    3032.82;    1033.38;    3030.69;    1046.83;       10;    0.81;   stop
    27;    2725.64;    1153.78;    2726.14;    1137.77;    2691.98;    1136.72;    2691.49;    1152.73;       10;    0.81;   stop
    47;    2033.28;    1284.25;    2033.47;    1253.84;    2018.60;    1253.75;    2018.41;    1284.16;       10;    0.81;   stop
   107;    1998.31;    1775.18;    2001.45;    1743.04;    1986.44;    1741.57;    1983.30;    1773.71;       10;    0.81;   stop
  6626;    1963.57;    2036.19;    1975.15;    2003.03;    1960.90;    1998.06;    1949.32;    2031.22;       10;    0.81;   stop
  7981;     581.52;    1089.77;     581.81;    1075.44;     555.67;    1074.92;     555.38;    1089.24;       10;    0.81;   move
  5214;    1143.83;    1138.74;    1178.99;    1135.17;    1177.42;    1119.70;    1142.26;    1123.26;       10;    0.81;   stop
    10;    2950.96;    1036.84;    2952.20;    1021.73;    2920.14;    1019.09;    2918.90;    1034.20;       10;    0.81;   stop
    26;    1958.02;     640.30;    1973.85;     638.95;    1970.95;     605.07;    1955.12;     606.43;       10;    0.81;   stop
  1887;    2026.80;    1623.25;    2027.44;    1594.55;    2014.20;    1594.25;    2013.56;    1622.95;       10;    0.81;   stop
    21;    2824.69;    1155.84;    2825.32;    1141.77;    2792.06;    1140.29;    2791.43;    1154.36;       10;    0.81;   stop
    65;    2011.58;    1552.33;    2025.34;    1551.61;    2023.99;    1525.67;    2010.22;    1526.39;       10;    0.81;   stop
    37;    3429.03;     930.41;    3446.62;     902.82;    3433.47;     894.43;    3415.88;     922.03;       10;    0.81;   stop
    56;    3356.61;    1360.64;    3361.94;    1346.99;    3333.39;    1335.85;    3328.06;    1349.49;       10;    0.81;   stop
  6333;    1817.25;     317.51;    1833.06;     316.16;    1830.00;     280.43;    1814.19;     281.78;       10;    0.81;   stop
  5301;    1844.79;     702.59;    1859.75;     701.45;    1857.59;     673.28;    1842.63;     674.43;       10;    0.81;   move
  5663;    1869.07;     674.41;    1884.15;     672.67;    1880.46;     640.72;    1865.38;     642.45;       10;    0.81;   move
    23;    1075.00;     640.14;    1075.42;     626.12;    1045.06;     625.21;    1044.64;     639.23;       10;    0.81;   stop
  7990;    1458.43;    1136.47;    1488.09;    1133.63;    1486.82;    1120.28;    1457.16;    1123.12;       10;    0.81;   stop
  5767;    1019.94;    1144.53;    1048.72;    1143.84;    1048.37;    1129.10;    1019.59;    1129.78;       10;    0.81;   stop
    74;    2894.77;    1030.07;    2895.64;    1015.72;    2868.23;    1014.06;    2867.36;    1028.41;       10;    0.81;   stop
    60;    2013.32;    1587.31;    2028.11;    1586.90;    2027.31;    1558.19;    2012.51;    1558.60;       10;    0.81;   stop
  6960;    1932.61;    2115.71;    1945.79;    2086.33;    1932.89;    2080.54;    1919.71;    2109.92;       10;    0.81;   stop
  6952;    1811.82;     270.72;    1827.10;     269.43;    1824.51;     238.90;    1809.23;     240.19;       10;    0.81;   stop
  6121;    1414.54;    1152.41;    1447.52;    1152.27;    1447.46;    1136.96;    1414.48;    1137.10;       10;    0.81;   move
   126;    3025.30;    1047.93;    3027.98;    1032.41;    2994.20;    1026.57;    2991.52;    1042.09;       10;    0.81;   stop
   187;    2010.14;    1442.64;    2025.40;    1441.66;    2023.18;    1406.98;    2007.91;    1407.96;       10;    0.81;   stop
  6692;    3553.56;    1138.23;    3557.06;    1121.99;    3522.69;    1114.58;    3519.19;    1130.82;       10;    0.81;   stop
   853;    1968.18;     766.04;    1981.57;     764.62;    1978.51;     735.83;    1965.11;     737.26;       10;    0.81;   stop
  4914;    1847.39;     779.97;    1866.45;     778.66;    1862.77;     725.28;    1843.71;     726.59;        9;    0.81;   move
  1880;    2302.02;    1047.47;    2328.44;    1046.79;    2328.11;    1033.78;    2301.68;    1034.46;       10;    0.81;   stop
  4573;    1714.36;    1145.93;    1744.25;    1144.80;    1743.73;    1131.07;    1713.83;    1132.20;       10;    0.81;   stop
  2567;    2026.00;    1785.74;    2029.57;    1757.31;    2017.25;    1755.76;    2013.68;    1784.19;       10;    0.81;   stop
  1104;    1982.22;    1869.02;    1986.39;    1840.92;    1973.28;    1838.98;    1969.11;    1867.08;       10;    0.81;   stop
  5481;    1827.42;     462.06;    1843.63;     460.51;    1840.08;     423.31;    1823.87;     424.86;       10;    0.80;   stop
    97;    1979.94;     703.00;    1993.67;     701.73;    1991.31;     676.25;    1977.58;     677.52;       10;    0.80;   stop
   102;      93.03;    1098.27;      93.29;    1083.86;      62.01;    1083.29;      61.75;    1097.70;       10;    0.80;   stop
    62;    1996.82;    1238.00;    2010.97;    1237.77;    2010.43;    1204.38;    1996.28;    1204.60;       10;    0.80;   stop
  1738;    2254.66;    1066.59;    2284.71;    1065.87;    2284.34;    1050.66;    2254.29;    1051.38;       10;    0.80;   stop
  1516;    2640.37;    1126.80;    2670.57;    1126.61;    2670.48;    1111.95;    2640.28;    1112.14;       10;    0.80;   move
  5312;    2977.45;    1172.27;    2979.49;    1148.60;    2918.49;    1143.35;    2916.45;    1167.02;        9;    0.80;   stop
   116;    2024.82;    1399.02;    2026.40;    1365.23;    2011.68;    1364.54;    2010.10;    1398.33;       10;    0.80;   stop
  1643;    1939.28;    2022.24;    1949.73;    1994.06;    1937.47;    1989.51;    1927.02;    2017.69;       10;    0.80;   move
  1684;    2005.78;    1674.96;    2007.27;    1645.60;    1993.78;    1644.92;    1992.30;    1674.27;       10;    0.80;   move
  8188;    1839.89;     300.45;    1855.47;     299.39;    1853.39;     268.80;    1837.81;     269.86;       10;    0.80;   stop
  5035;    2556.83;    1040.89;    2557.04;    1023.92;    2522.17;    1023.49;    2521.96;    1040.46;       10;    0.80;   stop
    16;    2001.70;    1356.58;    2017.02;    1356.28;    2016.42;    1326.54;    2001.11;    1326.85;       10;    0.80;   stop
  6423;    1979.53;    1997.11;    1990.10;    1964.02;    1975.97;    1959.51;    1965.40;    1992.60;       10;    0.80;   stop
   173;    1903.99;    2107.17;    1914.52;    2082.80;    1903.01;    2077.83;    1892.48;    2102.20;       10;    0.80;   move
    66;    3317.64;    1346.29;    3326.43;    1313.98;    3310.48;    1309.64;    3301.70;    1341.96;       10;    0.80;   stop
  4701;    1890.95;    1018.33;    1904.80;    1016.32;    1900.30;     985.30;    1886.45;     987.31;       10;    0.80;   move
    49;    1144.96;    1055.11;    1145.15;    1040.05;    1114.04;    1039.64;    1113.85;    1054.70;       10;    0.80;   stop
     1;    2028.82;    1241.00;    2029.44;    1208.41;    2014.43;    1208.13;    2013.81;    1240.71;       10;    0.80;   stop
   109;    2011.02;    1515.06;    2024.24;    1514.92;    2023.98;    1489.82;    2010.76;    1489.96;       10;    0.80;   stop
  4632;    2677.17;    1063.33;    2677.94;    1045.68;    2643.52;    1044.17;    2642.75;    1061.82;       10;    0.80;   move
  5966;    1821.30;     371.91;    1836.91;     370.46;    1834.01;     339.09;    1818.40;     340.54;       10;    0.80;   stop
    22;    1960.88;     679.99;    1974.77;     679.03;    1972.59;     647.51;    1958.70;     648.47;       10;    0.80;   stop
  7673;     653.70;    1160.72;     653.73;    1144.68;     616.62;    1144.59;     616.58;    1160.63;       10;    0.80;   move
   124;    1994.80;     929.93;    2008.25;     929.57;    2007.58;     904.39;    1994.12;     904.75;       10;    0.80;   stop
    15;    2653.54;    1151.91;    2680.92;    1151.74;    2680.84;    1137.47;    2653.45;    1137.63;       10;    0.80;   stop
  5469;    3472.35;    1142.40;    3474.76;    1126.97;    3440.78;    1121.66;    3438.37;    1137.09;       10;    0.80;   stop
  1070;    3232.62;    1369.39;    3245.87;    1336.98;    3231.44;    1331.08;    3218.19;    1363.49;       10;    0.80;   stop
    72;    3475.84;     826.48;    3493.12;     798.59;    3480.41;     790.71;    3463.13;     818.60;       10;    0.80;   stop
    92;     938.36;    1060.27;     965.78;    1060.11;     965.70;    1045.36;     938.28;    1045.52;       10;    0.80;   stop
  7217;    3687.27;    1171.29;    3691.20;    1154.75;    3655.23;    1146.21;    3651.30;    1162.75;       10;    0.80;   stop
   141;    3239.34;    1452.37;    3243.78;    1418.88;    3228.48;    1416.85;    3224.03;    1450.34;       10;    0.80;   stop
  8337;    1831.68;     196.08;    1848.54;     194.79;    1845.95;     161.10;    1829.09;     162.40;       10;    0.80;   move
    57;    1790.43;     234.17;    1804.83;     233.14;    1802.82;     205.14;    1788.42;     206.17;       10;    0.80;   stop
   203;    1827.54;     822.10;    1844.39;     820.15;    1838.84;     772.03;    1821.99;     773.97;        9;    0.80;   stop
   183;    2787.25;     477.44;    2819.19;     474.14;    2817.83;     461.00;    2785.89;     464.30;       10;    0.80;   stop
  1112;     877.36;    1082.09;     910.09;    1080.64;     909.42;    1065.54;     876.69;    1066.98;       10;    0.80;   move
  3089;    1851.74;    1012.33;    1860.23;     982.00;    1845.20;     977.79;    1836.71;    1008.13;       10;    0.80;   move
  7479;    3780.09;    1216.29;    3783.46;    1201.00;    3751.79;    1194.02;    3748.42;    1209.31;       10;    0.80;   stop
    46;    1783.99;    1659.07;    1784.02;    1645.12;    1756.39;    1645.05;    1756.35;    1659.01;       10;    0.80;   stop
  2452;    2027.03;    1744.56;    2028.71;    1717.86;    2016.22;    1717.07;    2014.54;    1743.77;       10;    0.80;   stop
  4091;    1991.65;    1586.06;    2005.88;    1585.96;    2005.66;    1556.06;    1991.43;    1556.16;       10;    0.80;   move
  5056;    1890.30;     743.14;    1905.98;     741.89;    1903.20;     706.98;    1887.52;     708.24;       10;    0.80;   move
    80;    3781.17;     889.89;    3813.90;     886.86;    3812.58;     872.61;    3779.85;     875.64;       10;    0.80;   stop
    53;    2832.38;    1028.17;    2833.44;    1012.68;    2799.00;    1010.33;    2797.94;    1025.82;       10;    0.80;   stop
  2483;    2400.63;    1037.83;    2427.80;    1037.18;    2427.49;    1024.30;    2400.33;    1024.94;       10;    0.80;   stop
   179;    3101.40;    1191.06;    3103.26;    1175.21;    3071.10;    1171.44;    3069.24;    1187.29;       10;    0.80;   stop
    54;    2011.27;    1478.94;    2025.57;    1478.60;    2024.85;    1448.31;    2010.55;    1448.65;       10;    0.80;   stop
  6505;    3500.98;    1127.13;    3503.58;    1112.56;    3472.15;    1106.94;    3469.54;    1121.50;       10;    0.80;   stop
    79;    3142.03;     447.54;    3169.61;     443.10;    3167.34;     429.02;    3139.76;     433.47;       10;    0.80;   stop
   196;    2354.84;    1154.23;    2384.63;    1153.75;    2384.41;    1139.65;    2354.62;    1140.13;       10;    0.80;   stop
    32;    3499.60;    1067.35;    3504.06;    1052.02;    3469.78;    1042.03;    3465.31;    1057.35;       10;    0.80;   stop
   285;    2782.94;    1157.44;    2783.40;    1138.49;    2745.50;    1137.56;    2745.04;    1156.51;        9;    0.80;   stop
   204;    1922.46;      55.42;    1936.04;      54.35;    1933.95;      27.83;    1920.37;      28.90;       10;    0.79;   stop
   120;    2740.51;     525.60;    2774.29;     522.11;    2772.74;     507.15;    2738.96;     510.64;       10;    0.79;   stop
   112;    1983.87;     822.99;    1999.07;     820.41;    1993.75;     789.13;    1978.55;     791.72;       10;    0.79;   stop
    68;    3734.04;     895.31;    3769.37;     891.72;    3767.83;     876.57;    3732.51;     880.15;       10;    0.79;   stop
  6570;    1337.95;    1120.26;    1366.43;    1118.26;    1365.42;    1103.87;    1336.95;    1105.86;       10;    0.79;   stop
  5559;    2716.48;    1041.03;    2716.87;    1026.06;    2684.69;    1025.22;    2684.30;    1040.19;       10;    0.79;   move
  6608;    3548.23;    1157.21;    3551.63;    1141.28;    3517.71;    1134.04;    3514.31;    1149.97;       10;    0.79;   stop
  8071;    3459.48;    1194.93;    3464.75;    1180.19;    3432.09;    1168.51;    3426.82;    1183.24;       10;    0.79;   move
   181;    1745.77;    1657.67;    1746.15;    1642.75;    1715.86;    1641.96;    1715.47;    1656.88;       10;    0.79;   stop
  6533;    1883.86;     617.12;    1898.78;     615.05;    1893.89;     579.88;    1878.97;     581.95;       10;    0.79;   move
  8196;    1796.63;     101.30;    1819.79;      99.06;    1810.45;       2.20;    1787.28;       4.44;        9;    0.79;   stop
    98;    2650.12;     491.67;    2679.10;     488.27;    2677.51;     474.71;    2648.53;     478.10;       10;    0.79;   stop
   221;    1712.13;     561.40;    1712.95;     546.20;    1681.18;     544.47;    1680.36;     559.67;       10;    0.79;   stop
   166;    3177.65;     441.54;    3204.01;     437.45;    3202.04;     424.71;    3175.68;     428.80;       10;    0.79;   stop
  1461;    2221.28;    1049.02;    2250.69;    1048.02;    2250.22;    1034.48;    2220.81;    1035.48;       10;    0.79;   stop
   150;    2346.59;    1154.38;    2346.84;    1140.03;    2316.16;    1139.49;    2315.91;    1153.84;       10;    0.79;   stop
   419;    1992.57;    1824.40;    1996.68;    1794.32;    1983.18;    1792.48;    1979.07;    1822.55;       10;    0.79;   stop
   223;     513.37;    1070.77;     544.36;    1070.30;     544.13;    1054.54;     513.14;    1055.01;       10;    0.79;   stop
   153;     905.11;    1061.34;     934.83;    1060.15;     934.27;    1046.16;     904.54;    1047.35;       10;    0.79;   stop
  6768;     819.71;    1157.22;     849.99;    1154.78;     848.80;    1140.03;     818.52;    1142.47;       10;    0.79;   stop
  5375;    2662.68;    1043.67;    2663.47;    1025.69;    2626.69;    1024.08;    2625.91;    1042.06;       10;    0.79;   move
  1783;    2267.00;    1046.11;    2296.30;    1044.69;    2295.62;    1030.64;    2266.32;    1032.06;       10;    0.79;   stop
  2334;    2029.14;    1707.67;    2030.89;    1673.70;    2016.36;    1672.95;    2014.61;    1706.92;       10;    0.79;   stop
   101;    1876.43;    2115.23;    1887.92;    2089.45;    1876.57;    2084.39;    1865.08;    2110.17;       10;    0.79;   stop
  5834;    1858.74;     568.40;    1872.66;     566.73;    1869.41;     539.73;    1855.50;     541.40;       10;    0.79;   move
    93;     367.41;    1073.91;     398.76;    1073.44;     398.53;    1057.96;     367.18;    1058.43;       10;    0.79;   stop
  5328;    1103.14;    1142.87;    1135.04;    1140.14;    1133.74;    1124.94;    1101.83;    1127.68;       10;    0.79;   stop
  1496;    1691.77;    1063.23;    1729.11;    1061.68;    1728.42;    1045.02;    1691.08;    1046.57;       10;    0.79;   move
  4460;    1766.64;    1147.76;    1796.93;    1145.44;    1795.86;    1131.49;    1765.57;    1133.81;       10;    0.79;   stop
   309;    3058.90;    1184.99;    3060.83;    1170.26;    3030.35;    1166.26;    3028.42;    1180.99;       10;    0.79;   stop
   130;    2611.50;    1149.65;    2641.93;    1149.55;    2641.88;    1135.22;    2611.45;    1135.33;       10;    0.79;   stop
    90;    3410.46;     965.73;    3426.78;     933.24;    3411.73;     925.68;    3395.41;     958.17;       10;    0.79;   stop
    44;    3500.79;    1048.25;    3506.38;    1032.81;    3473.27;    1020.82;    3467.68;    1036.26;       10;    0.79;   stop
  5900;    3512.83;    1150.64;    3515.53;    1134.04;    3480.92;    1128.42;    3478.22;    1145.02;       10;    0.79;   stop
  5341;    3521.09;    1169.37;    3524.55;    1154.29;    3489.54;    1146.26;    3486.08;    1161.34;       10;    0.79;   stop
  5682;    3558.64;    1178.27;    3561.77;    1161.21;    3528.86;    1155.17;    3525.73;    1172.22;       10;    0.79;   stop
  6791;    3602.14;    1185.80;    3605.26;    1169.71;    3568.80;    1162.63;    3565.67;    1178.72;       10;    0.79;   stop
  5382;    1834.33;     542.04;    1848.93;     540.29;    1845.54;     512.08;    1830.94;     513.84;       10;    0.79;   move
   142;    1824.03;     684.64;    1838.40;     683.31;    1835.59;     652.99;    1821.22;     654.32;       10;    0.79;   stop
  3040;    1743.48;    1125.78;    1778.84;    1123.45;    1777.77;    1107.34;    1742.41;    1109.68;       10;    0.79;   stop
   180;    3017.36;    1178.05;    3019.61;    1163.69;    2990.61;    1159.14;    2988.36;    1173.50;       10;    0.79;   stop
  7618;    3811.08;    1199.35;    3813.98;    1184.13;    3782.67;    1178.15;    3779.77;    1193.37;       10;    0.79;   stop
   118;    1967.36;    1837.55;    1972.55;    1804.18;    1957.39;    1801.83;    1952.20;    1835.19;       10;    0.79;   stop
   222;    1811.98;     711.61;    1827.37;     709.46;    1823.08;     678.89;    1807.70;     681.04;       10;    0.79;   stop
  8297;     943.13;    1097.68;     976.18;    1097.17;     975.93;    1081.07;     942.89;    1081.58;       10;    0.79;   move
   160;     792.87;    1185.26;     823.74;    1184.56;     823.38;    1168.80;     792.51;    1169.50;       10;    0.79;   stop
  5340;    2899.84;    1072.19;    2901.07;    1058.75;    2874.41;    1056.31;    2873.18;    1069.75;       10;    0.79;   move
  6969;    3644.40;    1183.43;    3648.48;    1168.21;    3615.60;    1159.38;    3611.52;    1174.61;       10;    0.79;   stop
  7492;    3774.76;    1192.54;    3778.75;    1175.96;    3742.12;    1167.15;    3738.13;    1183.72;       10;    0.79;   stop
    64;    1493.78;    1655.70;    1493.96;    1642.05;    1464.97;    1641.67;    1464.79;    1655.33;       10;    0.79;   stop
  7744;    1839.51;     362.23;    1855.56;     360.51;    1852.36;     330.77;    1836.32;     332.49;       10;    0.79;   stop
  7778;    2365.33;     535.54;    2393.69;     531.74;    2391.92;     518.58;    2363.56;     522.39;       10;    0.79;   stop
   135;    3584.99;     681.62;    3597.89;     651.20;    3583.14;     644.94;    3570.23;     675.36;       10;    0.79;   stop
   177;    3421.24;     868.47;    3441.11;     845.53;    3430.01;     835.91;    3410.14;     858.85;       10;    0.79;   stop
  7385;     977.64;    1143.04;    1008.50;    1141.99;    1007.98;    1126.65;     977.12;    1127.70;       10;    0.79;   stop
    87;     888.68;    1174.67;     888.82;    1159.04;     858.82;    1158.77;     858.68;    1174.40;       10;    0.79;   stop
  2839;    1703.68;    1109.64;    1733.38;    1106.80;    1732.07;    1093.11;    1702.37;    1095.95;       10;    0.79;   stop
   197;    2394.31;    1153.46;    2422.73;    1153.16;    2422.57;    1138.16;    2394.15;    1138.47;       10;    0.79;   stop
    76;    2496.88;    1153.12;    2529.61;    1152.38;    2529.24;    1136.25;    2496.52;    1136.99;       10;    0.79;   stop
   172;    2754.12;    1023.74;    2754.60;    1009.13;    2720.88;    1008.01;    2720.40;    1022.62;       10;    0.79;   stop
   250;    2465.96;     508.08;    2493.32;     504.49;    2491.54;     490.92;    2464.18;     494.51;       10;    0.79;   stop
  3316;    1928.40;    1034.76;    1941.92;    1030.19;    1932.60;    1002.61;    1919.08;    1007.18;       10;    0.79;   move
  7272;    2170.76;    1048.42;    2201.00;    1046.47;    2200.05;    1031.70;    2169.81;    1033.65;       10;    0.79;   stop
  7813;    2597.43;     518.61;    2628.57;     514.34;    2626.69;     500.64;    2595.55;     504.91;       10;    0.78;   move
  7066;    1956.74;     554.03;    1964.11;     542.79;    1940.16;     527.09;    1932.79;     538.34;       10;    0.78;   stop
  3295;    1860.93;     928.42;    1875.14;     927.29;    1872.94;     899.71;    1858.73;     900.84;       10;    0.78;   move
  6313;    1377.56;    1113.79;    1403.96;    1112.77;    1403.44;    1099.09;    1377.04;    1100.10;       10;    0.78;   stop
    59;    2967.68;    1286.98;    2972.67;    1271.47;    2937.07;    1260.02;    2932.08;    1275.53;       10;    0.78;   stop
   213;    2863.09;     471.21;    2894.25;     468.82;    2893.16;     454.66;    2862.00;     457.05;       10;    0.78;   stop
   239;    3207.68;     439.44;    3238.22;     435.77;    3236.69;     423.06;    3206.15;     426.73;       10;    0.78;   stop
   136;    1294.61;    1045.49;    1317.84;    1045.09;    1317.64;    1033.51;    1294.41;    1033.91;       10;    0.78;   stop
  6640;     878.32;    1144.75;     910.54;    1143.91;     910.15;    1128.88;     877.92;    1129.72;       10;    0.78;   move
   256;    2857.51;    1157.91;    2858.39;    1144.51;    2831.24;    1142.72;    2830.36;    1156.11;       10;    0.78;   stop
     8;    1999.30;    1283.93;    2014.51;    1283.84;    2014.32;    1251.82;    1999.12;    1251.91;       10;    0.78;   stop
  1331;    1974.45;    1906.47;    1982.37;    1876.89;    1969.80;    1873.53;    1961.88;    1903.11;       10;    0.78;   stop
    96;    1861.07;    2149.37;    1874.85;    2121.52;    1862.68;    2115.50;    1848.90;    2143.36;       10;    0.78;   stop
    91;    2028.09;    1382.27;    2043.12;    1382.17;    2042.91;    1352.04;    2027.88;    1352.14;       10;    0.78;   stop
   188;    3751.88;     236.62;    3762.35;     206.08;    3748.12;     201.20;    3737.65;     231.73;       10;    0.78;   stop
    86;    2748.60;     482.94;    2782.50;     478.32;    2780.54;     463.94;    2746.64;     468.55;       10;    0.78;   stop
  2129;    1535.67;    1114.62;    1568.02;    1112.66;    1567.08;    1097.13;    1534.73;    1099.09;       10;    0.78;   stop
  7329;    1700.69;    1148.95;    1701.27;    1135.76;    1679.42;    1134.80;    1678.84;    1147.99;       10;    0.78;   stop
   254;    2191.85;    1319.86;    2221.32;    1315.02;    2218.90;    1300.27;    2189.43;    1305.10;       10;    0.78;   stop
  8008;    1806.36;     144.84;    1820.60;     143.94;    1818.39;     108.85;    1804.15;     109.75;       10;    0.78;   stop
  7689;    1808.33;     193.54;    1823.38;     192.90;    1821.95;     159.15;    1806.90;     159.79;       10;    0.78;   stop
  7182;     311.84;    1094.45;     312.53;    1080.14;     282.07;    1078.67;     281.38;    1092.98;       10;    0.78;   stop
  4739;    1852.04;     865.13;    1867.46;     864.48;    1866.09;     831.93;    1850.67;     832.58;       10;    0.78;   move
  6179;     938.24;    1144.19;     966.88;    1142.63;     966.10;    1128.31;     937.46;    1129.87;       10;    0.78;   stop
   268;    3215.00;    1408.58;    3225.07;    1382.53;    3212.50;    1377.67;    3202.43;    1403.72;       10;    0.78;   stop
   278;    2428.10;     510.70;    2460.16;     507.01;    2458.52;     492.80;    2426.46;     496.49;       10;    0.78;   stop
  5072;    1876.04;     831.24;    1890.26;     830.58;    1888.68;     796.64;    1874.46;     797.30;       10;    0.78;   move
   176;    3785.18;     150.13;    3797.57;     119.69;    3784.19;     114.24;    3771.80;     144.69;       10;    0.78;   stop
   190;    3282.32;     516.30;    3296.72;     516.03;    3296.12;     484.01;    3281.72;     484.28;       10;    0.78;   stop
  6318;    1290.40;    1156.85;    1325.00;    1154.85;    1324.10;    1139.27;    1289.50;    1141.28;       10;    0.78;   move
  4961;    2482.31;    1039.83;    2512.57;    1039.27;    2512.32;    1025.67;    2482.06;    1026.23;       10;    0.78;   stop
  7070;    3645.39;    1163.58;    3648.95;    1148.40;    3616.48;    1140.80;    3612.93;    1155.97;       10;    0.78;   stop
   247;     795.63;    1649.29;     795.78;    1636.02;     768.33;    1635.71;     768.18;    1648.98;       10;    0.78;   stop
  6723;    1947.76;    2076.23;    1958.62;    2049.34;    1946.99;    2044.64;    1936.13;    2071.54;       10;    0.78;   stop
   111;    1991.54;     853.50;    2004.56;     852.39;    2002.21;     825.00;    1989.19;     826.11;       10;    0.78;   stop
  8027;     593.42;    1105.83;     625.56;    1105.37;     625.33;    1088.86;     593.19;    1089.32;       10;    0.78;   move
   184;     863.53;    1064.15;     893.91;    1062.92;     893.35;    1048.98;     862.96;    1050.20;       10;    0.78;   stop
  5154;    1601.26;    1147.41;    1626.79;    1146.53;    1626.36;    1134.09;    1600.83;    1134.97;       10;    0.78;   stop
  6627;     987.87;    1161.62;    1017.70;    1159.89;    1016.88;    1145.75;     987.05;    1147.48;       10;    0.78;   move
  4346;    1906.39;    1079.49;    1920.14;    1076.39;    1913.45;    1046.76;    1899.70;    1049.86;       10;    0.78;   move
   210;    2278.06;    1154.90;    2306.08;    1154.64;    2305.94;    1140.10;    2277.92;    1140.36;       10;    0.78;   stop
   198;    2538.57;    1150.41;    2568.80;    1149.89;    2568.55;    1135.59;    2538.32;    1136.11;       10;    0.78;   stop
   245;    3079.38;    1376.47;    3092.82;    1363.31;    3059.37;    1329.15;    3045.93;    1342.31;        9;    0.78;   stop
   234;    2572.10;     438.62;    2584.83;     437.34;    2582.28;     411.88;    2569.54;     413.16;       10;    0.78;   stop
   249;    1948.77;     512.53;    1962.59;     511.42;    1960.51;     485.35;    1946.69;     486.45;       10;    0.78;   stop
   205;    3395.04;     892.75;    3418.03;     876.19;    3409.33;     864.12;    3386.35;     880.69;       10;    0.78;   stop
   377;     684.06;    1094.26;     711.07;    1094.01;     710.94;    1080.73;     683.93;    1080.99;       10;    0.78;   move
   248;    1906.62;    1661.61;    1936.74;    1660.90;    1936.38;    1645.89;    1906.26;    1646.60;       10;    0.78;   stop
   158;    1913.48;    2028.46;    1922.65;    2004.41;    1911.52;    2000.17;    1902.35;    2024.21;       10;    0.78;   stop
   220;    1767.28;     146.01;    1781.30;     145.59;    1780.45;     117.24;    1766.43;     117.66;       10;    0.77;   stop
   212;    1771.66;     190.93;    1786.40;     189.51;    1783.67;     161.20;    1768.93;     162.62;       10;    0.77;   stop
   257;    3297.61;     432.48;    3330.79;     427.93;    3328.64;     412.21;    3295.46;     416.76;       10;    0.77;   stop
   552;    1170.33;    1052.94;    1192.75;    1051.89;    1192.17;    1039.56;    1169.75;    1040.61;       10;    0.77;   stop
    11;     368.45;    1091.19;     396.63;    1090.07;     396.08;    1076.31;     367.91;    1077.43;       10;    0.77;   stop
  1778;    2211.57;    1069.18;    2246.85;    1068.22;    2246.43;    1052.57;    2211.15;    1053.53;       10;    0.77;   stop
   131;    2696.14;    1023.27;    2696.83;    1007.86;    2664.49;    1006.42;    2663.80;    1021.83;       10;    0.77;   stop
   117;    2572.27;    1696.54;    2575.32;    1660.57;    2560.73;    1659.33;    2557.68;    1695.31;       10;    0.77;   stop
   311;    3293.32;    1361.48;    3305.03;    1325.02;    3287.93;    1319.53;    3276.22;    1355.99;       10;    0.77;   stop
   151;     953.06;     633.18;     953.78;     620.93;     926.63;     619.32;     925.90;     631.57;       10;    0.77;   stop
  4074;    2102.34;    1129.69;    2130.63;    1128.18;    2129.91;    1114.69;    2101.62;    1116.20;       10;    0.77;   move
   125;    1819.49;    1017.62;    1839.62;     989.40;    1826.97;     980.38;    1806.84;    1008.60;       10;    0.77;   stop
   874;    2093.04;    1091.48;    2121.40;    1090.32;    2120.84;    1076.40;    2092.47;    1077.55;       10;    0.77;   stop
   255;    1959.14;    1492.10;    1972.57;    1490.02;    1968.42;    1463.27;    1954.99;    1465.35;       10;    0.77;   stop
  2703;    2015.55;    1850.24;    2020.50;    1819.35;    2007.45;    1817.26;    2002.50;    1848.15;       10;    0.77;   stop
  5496;    1055.94;    1142.93;    1084.16;    1141.53;    1083.43;    1126.76;    1055.21;    1128.16;       10;    0.77;   stop
   305;     154.61;    1188.41;     185.37;    1187.68;     185.00;    1172.21;     154.24;    1172.95;       10;    0.77;   stop
   185;    2194.71;    1157.59;    2221.95;    1157.03;    2221.66;    1143.04;    2194.42;    1143.60;       10;    0.77;   stop
   152;    1986.93;     779.37;    1999.72;     778.27;    1997.44;     751.76;    1984.66;     752.85;       10;    0.77;   stop
    14;     401.46;    1094.18;     430.71;    1092.99;     430.10;    1078.01;     400.85;    1079.19;       10;    0.77;   stop
   167;    1178.75;    1182.13;    1207.51;    1180.79;    1206.81;    1165.74;    1178.05;    1167.09;       10;    0.77;   stop
   271;    2630.85;     992.43;    2631.09;     964.06;    2616.90;     963.94;    2616.66;     992.31;       10;    0.77;   stop
  4779;    2437.89;    1039.32;    2470.88;    1037.61;    2470.11;    1022.81;    2437.12;    1024.52;       10;    0.77;   stop
  7247;    1917.77;    2149.46;    1930.26;    2121.87;    1918.48;    2116.54;    1905.99;    2144.13;       10;    0.77;   stop
  7701;    3127.50;    1630.90;    3137.09;    1595.19;    3119.06;    1590.35;    3109.48;    1626.06;       10;    0.77;   stop
    84;    1809.94;     506.80;    1824.89;     505.20;    1821.56;     474.20;    1806.61;     475.80;       10;    0.77;   stop
   119;    1949.34;     253.40;    1963.39;     252.36;    1961.34;     224.73;    1947.30;     225.77;       10;    0.77;   stop
   264;    1391.37;    1048.34;    1423.04;    1046.51;    1422.26;    1032.91;    1390.58;    1034.74;       10;    0.77;   stop
   171;     752.03;    1185.56;     779.34;    1183.97;     778.53;    1170.19;     751.23;    1171.78;       10;    0.77;   stop
   195;     945.29;    1186.18;     977.69;    1184.30;     976.77;    1168.45;     944.37;    1170.33;       10;    0.77;   stop
   289;    2615.26;     951.71;    2630.63;     950.08;    2626.86;     914.66;    2611.50;     916.30;       10;    0.77;   stop
  2034;    2283.83;    1131.69;    2315.16;    1130.92;    2314.80;    1116.06;    2283.46;    1116.83;       10;    0.77;   move
   236;    2228.14;    1157.48;    2261.40;    1156.17;    2260.80;    1140.89;    2227.53;    1142.21;       10;    0.77;   stop
   228;    1794.63;    1166.74;    1824.87;    1164.33;    1823.70;    1149.63;    1793.46;    1152.04;       10;    0.77;   stop
  8044;    3822.96;    1225.57;    3826.01;    1210.79;    3795.16;    1204.43;    3792.12;    1219.21;       10;    0.77;   stop
   337;    1164.62;    1893.44;    1179.48;    1893.35;    1179.31;    1866.31;    1164.46;    1866.40;       10;    0.77;   stop
  5561;    1870.45;     739.52;    1883.87;     738.94;    1882.55;     708.35;    1869.13;     708.93;       10;    0.77;   move
  7389;    3682.57;    1195.07;    3686.14;    1180.26;    3656.18;    1173.05;    3652.61;    1187.86;       10;    0.77;   stop
   237;    1946.39;     218.47;    1959.82;     217.27;    1957.36;     189.90;    1943.93;     191.11;       10;    0.77;   stop
   283;    2639.45;      40.97;    2668.25;      37.90;    2666.80;      24.28;    2638.00;      27.35;       10;    0.77;   stop
   132;    2687.15;     488.40;    2718.53;     484.78;    2716.97;     471.23;    2685.59;     474.85;       10;    0.77;   stop
   133;    2393.83;     514.63;    2422.55;     511.12;    2420.79;     496.74;    2392.07;     500.25;       10;    0.77;   stop
   324;    2102.69;     536.07;    2129.20;     532.73;    2127.49;     519.18;    2100.98;     522.52;       10;    0.77;   stop
   456;    3756.46;     115.46;    3766.23;      85.80;    3752.92;      81.41;    3743.14;     111.07;       10;    0.77;   stop
   241;    1085.31;    1056.42;    1085.41;    1041.90;    1057.81;    1041.71;    1057.71;    1056.23;       10;    0.77;   stop
   300;     581.24;    1068.68;     613.84;    1067.16;     613.13;    1051.94;     580.53;    1053.47;       10;    0.77;   stop
  6091;    1450.59;    1113.18;    1479.82;    1111.25;    1478.91;    1097.45;    1449.68;    1099.38;       10;    0.77;   stop
  4203;    1900.44;     884.11;    1915.64;     883.37;    1914.06;     851.20;    1898.86;     851.95;       10;    0.77;   move
   276;    2579.00;    1149.58;    2605.10;    1148.66;    2604.63;    1135.29;    2578.52;    1136.21;       10;    0.77;   stop
   262;    2823.94;     475.05;    2853.01;     471.49;    2851.31;     457.58;    2822.24;     461.13;       10;    0.76;   stop
  3511;     253.42;    1095.26;     253.59;    1080.12;     220.72;    1079.74;     220.55;    1094.88;       10;    0.76;   stop
   265;    1447.51;    1051.14;    1480.42;    1049.78;    1479.74;    1033.48;    1446.83;    1034.85;       10;    0.76;   stop
   242;    1221.08;    1056.15;    1252.59;    1054.30;    1251.67;    1038.60;    1220.16;    1040.45;       10;    0.76;   stop
   313;     719.63;    1184.43;     746.45;    1183.06;     745.68;    1167.95;     718.86;    1169.32;       10;    0.76;   stop
   290;    2153.82;    1159.38;    2184.64;    1157.71;    2183.81;    1142.37;    2152.99;    1144.04;       10;    0.76;   stop
   415;    1710.29;    1168.48;    1740.26;    1167.52;    1739.78;    1152.40;    1709.81;    1153.35;       10;    0.76;   stop
   230;    3183.86;     946.11;    3222.65;     942.40;    3221.14;     926.55;    3182.35;     930.25;       10;    0.76;   stop
  2113;    2017.22;    1663.96;    2031.33;    1663.60;    2030.53;    1632.29;    2016.42;    1632.65;       10;    0.76;   stop
  4109;    1970.31;     564.32;    2003.77;     563.09;    2003.19;     547.18;    1969.73;     548.41;       10;    0.76;   stop
   293;    1807.65;     677.21;    1822.05;     676.03;    1819.67;     646.92;    1805.27;     648.09;       10;    0.76;   stop
  8500;    3827.61;      40.67;    3837.14;      14.68;    3824.26;       9.95;    3814.73;      35.95;       10;    0.76;   stop
   280;     476.33;    1071.63;     509.39;    1070.73;     508.98;    1055.56;     475.92;    1056.46;       10;    0.76;   stop
  5391;    1549.96;    1149.95;    1582.49;    1148.99;    1582.04;    1133.80;    1549.51;    1134.76;       10;    0.76;   stop
   315;    2098.92;    1285.52;    2130.50;    1281.97;    2128.83;    1267.11;    2097.25;    1270.65;       10;    0.76;   stop
   458;    2004.53;    1321.95;    2016.43;    1321.83;    2016.22;    1299.30;    2004.32;    1299.42;       10;    0.76;   stop
  5520;    1574.19;    1132.15;    1605.41;    1131.35;    1605.06;    1117.85;    1573.84;    1118.65;       10;    0.76;   stop
  3134;    2185.90;    1087.66;    2185.91;    1073.49;    2157.35;    1073.47;    2157.34;    1087.64;       10;    0.76;   stop
  4955;    1898.19;     810.96;    1913.03;     810.03;    1911.06;     778.66;    1896.22;     779.60;       10;    0.76;   move
  4423;    2336.70;    1065.27;    2370.62;    1063.69;    2369.92;    1048.61;    2336.00;    1050.18;       10;    0.76;   stop
   302;    2362.54;     514.61;    2389.74;     510.88;    2387.96;     497.89;    2360.76;     501.62;       10;    0.76;   stop
   298;    3693.49;     896.61;    3727.26;     893.39;    3725.89;     879.01;    3692.11;     882.24;       10;    0.76;   stop
   321;    3286.44;     549.92;    3300.13;     548.69;    3297.62;     520.71;    3283.94;     521.93;       10;    0.76;   stop
   258;     707.98;    1020.83;     713.23;    1008.53;     689.84;     998.55;     684.59;    1010.85;       10;    0.76;   stop
    41;     495.85;    1087.50;     525.52;    1086.59;     525.08;    1072.50;     495.42;    1073.41;       10;    0.76;   move
  6170;    1408.66;    1114.92;    1440.51;    1113.42;    1439.84;    1099.08;    1407.99;    1100.58;       10;    0.76;   stop
  6752;    2581.23;    1032.60;    2596.19;    1008.82;    2584.40;    1001.40;    2569.44;    1025.18;       10;    0.76;   stop
   168;    1971.48;    1524.15;    1985.93;    1523.88;    1985.33;    1491.98;    1970.88;    1492.25;       10;    0.76;   stop
   354;    2040.12;    1603.69;    2054.82;    1603.56;    2054.50;    1568.81;    2039.80;    1568.94;       10;    0.76;   stop
  5467;    2446.68;    1063.95;    2479.20;    1061.81;    2478.19;    1046.55;    2445.67;    1048.69;       10;    0.76;   move
   200;    2960.72;    1992.82;    2973.95;    1982.01;    2950.78;    1953.68;    2937.55;    1964.49;       10;    0.76;   stop
   320;    2502.84;     504.09;    2531.29;     501.37;    2530.03;     488.16;    2501.58;     490.88;       10;    0.76;   stop
   251;    3654.90;     492.56;    3664.26;     461.38;    3650.10;     457.13;    3640.74;     488.31;       10;    0.76;   stop
  7263;    1281.04;    1123.91;    1312.06;    1120.37;    1310.40;    1105.84;    1279.38;    1109.38;       10;    0.76;   stop
   261;    3119.39;    1438.29;    3140.51;    1423.65;    3105.61;    1373.28;    3084.49;    1387.91;        9;    0.76;   stop
   175;    1960.03;    1874.14;    1965.31;    1845.16;    1952.72;    1842.86;    1947.44;    1871.84;       10;    0.76;   stop
  8072;    2036.19;     562.93;    2064.35;     560.71;    2063.31;     547.45;    2035.15;     549.66;       10;    0.76;   stop
   263;    3554.16;     866.88;    3585.03;     864.51;    3583.97;     850.62;    3553.09;     852.99;       10;    0.76;   stop
  8545;      32.15;    1158.70;      69.79;    1158.09;      69.51;    1140.99;      31.87;    1141.59;       10;    0.76;   move
  6886;    1634.07;    1133.04;    1667.27;    1131.73;    1666.68;    1116.96;    1633.48;    1118.27;       10;    0.76;   stop
  7878;    2346.91;    1040.96;    2379.31;    1039.89;    2378.84;    1025.66;    2346.44;    1026.73;       10;    0.76;   stop
   318;    3390.40;    1001.55;    3404.68;     974.07;    3391.47;     967.20;    3377.19;     994.68;       10;    0.76;   stop
   273;     765.51;    1687.98;     765.54;    1673.59;     736.15;    1673.52;     736.12;    1687.91;       10;    0.76;   stop
  1845;    1966.38;    1941.73;    1974.17;    1916.20;    1962.12;    1912.52;    1954.33;    1938.05;       10;    0.76;   stop
   347;     784.72;     631.26;     785.86;     617.57;     758.08;     615.24;     756.93;     628.93;       10;    0.75;   stop
   288;     989.08;    1183.39;    1016.38;    1181.16;    1015.29;    1167.86;     987.99;    1170.09;       10;    0.75;   stop
   414;     186.74;    1187.79;     217.21;    1187.54;     217.08;    1171.90;     186.62;    1172.14;       10;    0.75;   stop
  2964;    1938.63;    1192.70;    1957.51;    1187.08;    1943.65;    1140.55;    1924.77;    1146.17;        9;    0.75;   move
   328;    3434.67;     968.14;    3447.11;     941.97;    3434.40;     935.92;    3421.95;     962.09;       10;    0.75;   stop
  6913;    3597.15;    1149.08;    3601.50;    1132.38;    3563.48;    1122.48;    3559.13;    1139.18;       10;    0.75;   stop
   217;    1639.40;    1657.05;    1639.51;    1642.80;    1610.72;    1642.57;    1610.61;    1656.83;       10;    0.75;   stop
   352;    2899.36;     469.10;    2927.34;     465.87;    2925.80;     452.47;    2897.81;     455.69;       10;    0.75;   stop
  1222;    1547.73;    1079.62;    1578.41;    1077.87;    1577.52;    1062.38;    1546.84;    1064.13;       10;    0.75;   move
   267;    2458.73;    1152.12;    2489.32;    1150.72;    2488.65;    1136.13;    2458.06;    1137.53;       10;    0.75;   stop
   218;    1289.35;    1693.32;    1317.44;    1692.98;    1317.28;    1679.43;    1289.19;    1679.77;       10;    0.75;   stop
   312;    2210.32;     529.24;    2241.97;     525.69;    2240.37;     511.38;    2208.71;     514.94;       10;    0.75;   stop
   400;    2006.56;     995.20;    2020.81;     992.02;    2014.19;     962.30;    1999.94;     965.48;       10;    0.75;   stop
   303;    2935.43;     466.48;    2964.33;     462.69;    2962.57;     449.27;    2933.67;     453.06;       10;    0.75;   stop
  1573;    2123.46;    1068.94;    2149.37;    1068.76;    2149.29;    1056.18;    2123.38;    1056.36;       10;    0.75;   stop
   159;    3008.84;    1304.09;    3015.75;    1289.14;    2981.41;    1273.28;    2974.50;    1288.23;       10;    0.75;   stop
   232;    2574.40;    1645.17;    2575.77;    1616.87;    2561.97;    1616.20;    2560.60;    1644.51;       10;    0.75;   stop
   338;    1799.38;     353.50;    1814.35;     352.38;    1811.87;     319.25;    1796.90;     320.37;       10;    0.75;   stop
   348;    2583.98;      48.20;    2612.25;      45.42;    2610.90;      31.68;    2582.63;      34.46;       10;    0.75;   stop
   350;    1777.32;     267.15;    1792.81;     265.72;    1789.82;     233.48;    1774.33;     234.91;       10;    0.75;   stop
   325;    2140.74;     534.29;    2169.12;     531.19;    2167.63;     517.58;    2139.25;     520.68;       10;    0.75;   stop
   371;     666.89;    1062.01;     694.41;    1057.66;     692.49;    1045.49;     664.97;    1049.84;       10;    0.75;   stop
    28;     107.21;    1116.72;     141.77;    1115.62;     141.22;    1098.59;     106.67;    1099.69;       10;    0.75;   stop
    13;     352.44;    1112.21;     383.11;    1112.04;     383.03;    1096.54;     352.36;    1096.71;       10;    0.75;   move
   156;     333.17;    1094.16;     362.62;    1092.91;     361.99;    1078.03;     332.54;    1079.27;       10;    0.75;   stop
   235;     798.29;    1064.12;     827.19;    1062.81;     826.50;    1047.50;     797.59;    1048.81;       10;    0.75;   stop
  5896;    1497.13;    1112.13;    1525.35;    1110.58;    1524.62;    1097.37;    1496.40;    1098.92;       10;    0.75;   stop
  1625;    3580.57;    1037.66;    3586.62;    1022.98;    3554.74;    1009.84;    3548.69;    1024.52;       10;    0.75;   stop
   967;    1361.07;    1674.19;    1392.95;    1674.15;    1392.93;    1658.06;    1361.05;    1658.10;       10;    0.75;   move
   388;     437.00;    1645.81;     437.41;    1632.53;     410.50;    1631.69;     410.09;    1644.97;       10;    0.74;   stop
   211;    2577.98;    1551.15;    2578.75;    1517.65;    2562.90;    1517.29;    2562.13;    1550.78;       10;    0.74;   stop
   110;    2913.93;    1303.90;    2915.06;    1288.28;    2882.63;    1285.94;    2881.50;    1301.56;       10;    0.74;   stop
   339;    3692.00;     856.85;    3724.20;     855.66;    3723.63;     840.03;    3691.42;     841.21;       10;    0.74;   stop
   299;    1035.52;     637.66;    1036.47;     624.20;    1010.11;     622.34;    1009.16;     635.80;       10;    0.74;   stop
   395;     556.08;    1185.91;     585.15;    1185.40;     584.86;    1169.09;     555.79;    1169.60;       10;    0.74;   stop
   161;     765.58;    1063.78;     793.91;    1062.38;     793.25;    1048.97;     764.91;    1050.37;       10;    0.74;   stop
  5465;    1662.32;    1107.71;    1693.46;    1105.36;    1692.43;    1091.67;    1661.29;    1094.02;       10;    0.74;   stop
   376;    2133.32;    1321.43;    2160.50;    1319.89;    2159.68;    1305.44;    2132.50;    1306.99;       10;    0.74;   stop
   428;     627.81;    1218.68;     655.93;    1218.12;     655.63;    1202.88;     627.51;    1203.44;       10;    0.74;   stop
   282;    2511.89;    1020.61;    2540.79;    1019.30;    2540.11;    1004.39;    2511.21;    1005.70;       10;    0.74;   stop
   287;    3210.65;    1508.17;    3219.74;    1473.54;    3203.73;    1469.33;    3194.64;    1503.96;       10;    0.74;   stop
  1363;    2172.59;    1070.69;    2205.83;    1068.70;    2204.97;    1054.43;    2171.74;    1056.42;       10;    0.74;   stop
   233;    1790.96;     470.15;    1807.42;     468.22;    1803.32;     433.23;    1786.86;     435.16;       10;    0.74;   stop
   316;    2584.64;     619.98;    2598.54;     618.73;    2595.61;     586.02;    2581.71;     587.27;       10;    0.74;   stop
   402;      86.64;    1190.71;     140.82;    1189.13;     140.23;    1168.98;      86.06;    1170.56;        9;    0.74;   stop
  2363;    1803.88;    1055.98;    1837.25;    1041.38;    1830.20;    1025.27;    1796.83;    1039.87;       10;    0.74;   move
   310;    1267.08;    1653.12;    1267.38;    1639.26;    1238.86;    1638.63;    1238.55;    1652.49;       10;    0.74;   stop
   470;     122.69;    1096.43;     151.01;    1095.59;     150.59;    1081.38;     122.27;    1082.22;       10;    0.74;   stop
  3593;    1903.40;     957.12;    1919.24;     956.44;    1917.85;     923.88;    1902.01;     924.56;       10;    0.74;   move
   343;    1792.87;    1659.94;    1821.08;    1659.01;    1820.63;    1645.31;    1792.42;    1646.24;       10;    0.74;   stop
   349;    1164.42;    1929.87;    1180.72;    1929.54;    1180.08;    1897.38;    1163.78;    1897.71;       10;    0.74;   stop
   346;    1731.71;    1698.42;    1732.44;    1683.59;    1704.30;    1682.20;    1703.57;    1697.04;       10;    0.74;   stop
   334;     573.62;    1069.87;     573.74;    1055.65;     549.51;    1055.44;     549.39;    1069.67;       10;    0.74;   stop
   308;    1464.09;    1173.73;    1493.56;    1171.32;    1492.41;    1157.27;    1462.94;    1159.68;       10;    0.74;   stop
  1436;    2085.79;    1070.74;    2113.39;    1069.72;    2112.90;    1056.63;    2085.30;    1057.66;       10;    0.74;   stop
   266;    1919.63;    1216.68;    1933.08;    1212.52;    1924.97;    1186.32;    1911.52;    1190.48;       10;    0.74;   stop
   336;    1279.98;    1692.53;    1280.13;    1678.29;    1250.71;    1677.97;    1250.56;    1692.21;       10;    0.74;   stop
   301;    1787.07;     224.59;    1787.28;     194.58;    1772.43;     194.48;    1772.22;     224.48;       10;    0.73;   stop
   396;     521.11;    1186.55;     551.91;    1185.49;     551.39;    1170.32;     520.59;    1171.39;       10;    0.73;   stop
  8317;    2595.46;     952.84;    2609.79;     951.74;    2607.29;     919.16;    2592.96;     920.26;       10;    0.73;   stop
   296;    1326.23;    1692.80;    1354.84;    1692.43;    1354.65;    1677.70;    1326.03;    1678.07;       10;    0.73;   stop
   145;    2083.84;    1033.38;    2115.34;    1031.91;    2114.66;    1017.49;    2083.16;    1018.97;       10;    0.73;   stop
  7464;    1239.64;    1129.55;    1270.24;    1124.78;    1267.99;    1110.32;    1237.38;    1115.10;       10;    0.73;   stop
   358;    1672.87;    1168.18;    1701.51;    1167.09;    1701.00;    1153.82;    1672.37;    1154.91;       10;    0.73;   stop
  7534;    2605.85;     991.36;    2608.35;     962.84;    2594.65;     961.64;    2592.15;     990.16;       10;    0.73;   stop
   231;    1905.05;    1700.28;    1933.90;    1699.40;    1933.45;    1684.84;    1904.60;    1685.73;       10;    0.73;   stop
   362;    3566.39;     611.20;    3577.58;     583.97;    3564.23;     578.49;    3553.05;     605.72;       10;    0.73;   stop
  3724;    2524.17;    1059.92;    2554.98;    1059.58;    2554.83;    1044.96;    2524.02;    1045.29;       10;    0.73;   move
  8536;     858.47;    1669.22;     859.01;    1656.19;     834.09;    1655.16;     833.55;    1668.19;       10;    0.73;   move
   344;    3641.42;     524.34;    3651.33;     495.84;    3637.33;     490.97;    3627.42;     519.47;       10;    0.73;   stop
   329;     762.23;    2046.60;     762.93;    2015.00;     747.41;    2014.65;     746.71;    2046.25;       10;    0.73;   stop
   360;    1763.56;      60.70;    1778.40;      60.22;    1777.43;      29.86;    1762.58;      30.34;       10;    0.73;   stop
   351;    2574.81;     474.85;    2588.63;     473.72;    2586.31;     445.40;    2572.50;     446.53;       10;    0.73;   stop
   389;    2099.81;    1160.32;    2134.19;    1158.10;    2133.19;    1142.56;    2098.81;    1144.78;       10;    0.73;   stop
   420;    3347.09;     915.97;    3379.90;     902.02;    3373.85;     887.78;    3341.04;     901.73;       10;    0.73;   stop
   326;    2565.11;     406.78;    2579.59;     405.53;    2576.89;     373.97;    2562.41;     375.22;       10;    0.73;   stop
   357;    1345.26;    1179.38;    1377.69;    1178.34;    1377.24;    1164.00;    1344.81;    1165.03;       10;    0.73;   stop
   407;     213.74;    1072.96;     213.97;    1059.37;     187.05;    1058.91;     186.82;    1072.51;       10;    0.73;   stop
   374;    1341.07;    1652.86;    1341.74;    1640.26;    1316.18;    1638.89;    1315.51;    1651.49;       10;    0.73;   stop
   390;    1178.98;    1858.55;    1179.53;    1828.36;    1163.84;    1828.07;    1163.28;    1858.27;       10;    0.73;   stop
   370;    1933.65;    1974.78;    1937.68;    1948.94;    1925.10;    1946.97;    1921.07;    1972.81;       10;    0.73;   stop
   238;    1777.57;      93.75;    1790.82;      92.99;    1789.15;      63.75;    1775.89;      64.51;       10;    0.72;   stop
   332;    2582.08;     579.89;    2595.16;     578.67;    2592.54;     550.73;    2579.47;     551.96;       10;    0.72;   stop
   418;    3542.93;     802.26;    3551.81;     773.54;    3537.07;     768.99;    3528.19;     797.71;       10;    0.72;   stop
  2038;    2848.14;      16.61;    2876.35;      14.50;    2875.30;       0.49;    2847.09;       2.61;       10;    0.72;   stop
   450;     420.84;    1074.92;     448.35;    1071.91;     446.82;    1057.89;     419.31;    1060.90;       10;    0.72;   stop
   340;    1260.69;    1051.77;    1287.02;    1050.33;    1286.31;    1037.36;    1259.98;    1038.79;       10;    0.72;   stop
   319;     766.38;    2046.56;     781.87;    2046.13;     780.99;    2014.69;     765.50;    2015.12;       10;    0.72;   stop
   286;    2012.84;    1972.02;    2021.82;    1938.06;    2006.41;    1933.98;    1997.43;    1967.94;       10;    0.72;   stop
   333;    2589.14;     670.53;    2603.85;     669.76;    2602.36;     641.22;    2587.65;     641.99;       10;    0.72;   stop
   426;     625.13;    1236.71;     655.16;    1235.50;     654.56;    1220.47;     624.52;    1221.68;       10;    0.72;   stop
  6861;    1529.15;    1136.03;    1555.92;    1131.56;    1553.35;    1116.22;    1526.58;    1120.69;       10;    0.72;   stop
   457;    3725.26;     192.13;    3738.43;     158.46;    3724.12;     152.87;    3710.95;     186.54;       10;    0.72;   stop
   401;    2337.34;      71.74;    2369.63;      68.56;    2368.16;      53.69;    2335.87;      56.87;       10;    0.72;   stop
   460;     483.81;    1646.40;     508.26;    1646.03;     508.06;    1632.98;     483.62;    1633.35;       10;    0.72;   stop
   163;    3046.01;    1341.67;    3059.19;    1327.00;    3023.36;    1294.81;    3010.18;    1309.48;       10;    0.72;   stop
   453;    1962.52;    1573.07;    1978.98;    1572.89;    1978.54;    1531.93;    1962.08;    1532.11;       10;    0.72;   stop
   380;    3187.82;    1204.27;    3190.26;    1187.79;    3155.31;    1182.61;    3152.87;    1199.08;       10;    0.72;   stop
   304;     338.35;    1073.95;     365.57;    1073.35;     365.25;    1058.86;     338.02;    1059.47;       10;    0.72;   stop
   443;     661.96;    1244.34;     677.07;    1244.19;     676.79;    1214.72;     661.68;    1214.87;       10;    0.72;   stop
   369;    1331.04;    1051.19;    1361.49;    1050.34;    1361.08;    1035.68;    1330.63;    1036.54;       10;    0.72;   stop
   378;    2478.14;    1306.29;    2505.11;    1304.41;    2504.11;    1290.21;    2477.14;    1292.09;       10;    0.72;   stop
   449;    2067.51;      97.60;    2100.94;      94.15;    2099.49;      80.15;    2066.06;      83.60;       10;    0.71;   stop
   427;    1624.31;    1693.77;    1624.40;    1679.16;    1595.44;    1678.98;    1595.35;    1693.59;       10;    0.71;   stop
   314;    1927.51;    1249.83;    1941.90;    1246.95;    1935.74;    1216.17;    1921.35;    1219.05;       10;    0.71;   stop
   445;    2611.08;     496.29;    2644.22;     492.11;    2642.29;     476.83;    2609.16;     481.01;       10;    0.71;   stop
   291;    2437.10;    1305.69;    2466.76;    1304.95;    2466.40;    1290.81;    2436.74;    1291.55;       10;    0.71;   stop
   391;    3738.48;     271.88;    3746.64;     246.05;    3733.40;     241.87;    3725.24;     267.70;       10;    0.71;   stop
   433;     474.08;    1646.11;     474.26;    1632.69;     446.08;    1632.32;     445.90;    1645.75;       10;    0.71;   stop
   406;    2289.42;     521.20;    2318.58;     518.19;    2317.08;     503.67;    2287.92;     506.69;       10;    0.71;   stop
   331;    3485.39;     415.42;    3513.83;     411.78;    3512.11;     398.33;    3483.67;     401.97;       10;    0.71;   stop
   416;    2802.87;    1264.20;    2830.39;    1262.66;    2829.63;    1249.05;    2802.11;    1250.59;       10;    0.71;   stop
   367;    3310.87;    1043.38;    3327.22;    1012.26;    3313.51;    1005.05;    3297.15;    1036.17;       10;    0.71;   stop
   359;    2607.58;     907.76;    2623.45;     906.71;    2621.04;     870.30;    2605.18;     871.35;       10;    0.71;   stop
  7280;    3739.04;    1208.49;    3742.54;    1191.03;    3702.84;    1183.07;    3699.34;    1200.53;       10;    0.71;   stop
   384;    2455.50;      63.20;    2485.20;      60.68;    2484.00;      46.49;    2454.30;      49.00;       10;    0.70;   stop
   423;    3766.67;     197.03;    3776.78;     169.84;    3763.33;     164.84;    3753.22;     192.03;       10;    0.70;   stop
   375;    2175.19;     533.18;    2207.11;     529.06;    2205.19;     514.19;    2173.27;     518.31;       10;    0.70;   stop
  7514;    1584.39;    1116.97;    1640.07;    1116.44;    1639.86;    1094.78;    1584.18;    1095.31;        9;    0.70;   stop
   148;    1279.09;    1181.60;    1323.90;    1179.55;    1323.04;    1160.65;    1278.22;    1162.70;        9;    0.70;   stop
   127;     158.50;    1098.09;     189.68;    1095.91;     188.61;    1080.66;     157.43;    1082.84;       10;    0.70;   stop
   543;     860.05;    1690.07;     860.68;    1674.94;     830.26;    1673.68;     829.63;    1688.81;       10;    0.70;   stop
   495;    1949.26;    1425.93;    1966.94;    1423.17;    1959.74;    1377.01;    1942.06;    1379.77;        9;    0.70;   stop
  8205;    1962.89;    1630.68;    1984.56;    1629.65;    1982.11;    1577.82;    1960.44;    1578.85;        9;    0.70;   stop
  7858;     472.47;    1109.26;     510.59;    1107.99;     510.03;    1091.05;     471.91;    1092.32;       10;    0.70;   move
   409;    1681.68;    1041.27;    1713.20;    1039.60;    1712.45;    1025.36;    1680.92;    1027.03;       10;    0.70;   stop
   386;    1278.61;    1652.53;    1305.28;    1651.84;    1304.96;    1639.22;    1278.28;    1639.91;       10;    0.70;   stop
   884;    2094.45;    1053.35;    2156.24;    1052.12;    2155.80;    1030.15;    2094.01;    1031.38;        9;    0.70;   stop
   438;    1794.85;     268.16;    1808.94;     266.66;    1805.90;     238.09;    1791.81;     239.59;       10;    0.70;   stop
  5580;    1849.98;     518.92;    1864.93;     517.57;    1862.15;     486.83;    1847.20;     488.18;       10;    0.70;   stop
  2017;    2813.36;      21.93;    2841.13;      19.33;    2839.77;       4.79;    2812.00;       7.38;       10;    0.70;   stop
   408;    1391.11;    1177.65;    1420.90;    1176.41;    1420.26;    1161.22;    1390.48;    1162.47;       10;    0.69;   stop
  7354;    3728.36;    1182.16;    3732.36;    1165.47;    3696.64;    1156.90;    3692.64;    1173.59;       10;    0.69;   stop
   412;     360.88;    1683.95;     361.83;    1669.53;     332.87;    1667.61;     331.92;    1682.03;       10;    0.69;   stop
  7647;    2815.79;    2055.31;    2830.33;    2048.16;    2816.00;    2019.06;    2801.47;    2026.22;       10;    0.69;   stop
   440;    3649.55;    1269.86;    3653.60;    1256.23;    3623.57;    1247.32;    3619.53;    1260.96;       10;    0.69;   stop
   425;    3519.81;     412.01;    3549.15;     407.78;    3547.07;     393.30;    3517.72;     397.53;       10;    0.69;   stop
  2688;      50.22;    1118.92;      78.12;    1117.95;      77.63;    1103.90;      49.73;    1104.86;       10;    0.69;   stop
   466;    1128.83;    1182.93;    1161.13;    1181.69;    1160.54;    1166.45;    1128.25;    1167.69;       10;    0.69;   stop
   464;     279.28;    1189.17;     311.87;    1185.86;     310.41;    1171.46;     277.82;    1174.76;       10;    0.69;   stop
   522;    2876.11;    1260.20;    2902.91;    1259.64;    2902.64;    1246.30;    2875.84;    1246.86;       10;    0.69;   stop
   405;    3375.11;    1032.35;    3390.89;    1003.64;    3377.70;     996.40;    3361.93;    1025.11;       10;    0.69;   stop
  2600;     123.45;      79.43;     155.71;      75.81;     154.05;      60.96;     121.79;      64.58;       10;    0.69;   stop
  5060;    2785.77;    1067.37;    2787.70;    1051.72;    2754.48;    1047.63;    2752.55;    1063.28;       10;    0.69;   move
  8501;    3575.91;    2060.23;    3609.49;    2055.46;    3607.22;    2039.45;    3573.63;    2044.22;       10;    0.69;   stop
   392;    3689.21;     440.22;    3722.90;     435.54;    3720.79;     420.40;    3687.10;     425.09;       10;    0.68;   stop
   444;    3032.18;    1366.18;    3042.74;    1351.78;    3009.82;    1327.64;    2999.26;    1342.04;       10;    0.68;   stop
  5360;     233.88;      63.43;     266.57;      59.43;     264.87;      45.56;     232.18;      49.55;       10;    0.68;   stop
   471;    1245.14;    1691.56;    1245.52;    1677.41;    1218.61;    1676.69;    1218.23;    1690.84;       10;    0.68;   stop
  2718;    1742.12;    1106.54;    1774.56;    1104.24;    1773.51;    1089.46;    1741.07;    1091.76;       10;    0.68;   stop
   435;    2386.45;      68.36;    2413.84;      65.31;    2412.43;      52.58;    2385.03;      55.63;       10;    0.68;   stop
   548;     882.80;    1187.50;     883.31;    1176.93;     862.83;    1175.94;     862.32;    1186.51;       10;    0.68;   stop
  4242;    1127.03;    1078.57;    1159.12;    1078.23;    1158.97;    1063.43;    1126.88;    1063.77;       10;    0.68;   move
  7050;    3810.65;      96.86;    3826.86;      53.88;    3807.48;      46.57;    3791.27;      89.56;        9;    0.67;   stop
   413;    3576.99;     711.26;    3583.69;     683.37;    3569.57;     679.99;    3562.88;     707.88;       10;    0.67;   stop
   447;    3228.37;    1078.70;    3231.11;    1059.71;    3172.88;    1051.30;    3170.14;    1070.29;        9;    0.67;   stop
   403;     689.05;    1648.94;     689.66;    1636.38;     663.76;    1635.12;     663.15;    1647.69;       10;    0.67;   stop
   410;    2992.38;     459.94;    3021.15;     455.94;    3019.34;     442.87;    2990.57;     446.87;       10;    0.67;   stop
   441;     631.34;    1649.27;     661.49;    1649.25;     661.47;    1633.85;     631.33;    1633.88;       10;    0.67;   stop
   397;    2536.84;    1823.24;    2539.00;    1792.34;    2525.29;    1791.38;    2523.13;    1822.28;       10;    0.67;   stop
  8085;    1024.58;    1186.53;    1063.83;    1183.29;    1062.29;    1164.72;    1023.05;    1167.96;        9;    0.67;   stop
  8181;    2147.94;    1286.79;    2196.67;    1283.15;    2195.31;    1264.99;    2146.58;    1268.63;        9;    0.67;   stop
  7763;    3292.02;     587.19;    3304.99;     585.85;    3302.35;     560.31;    3289.38;     561.65;       10;    0.66;   stop
  8218;     835.63;    1098.93;     865.77;    1097.26;     864.94;    1082.44;     834.81;    1084.12;       10;    0.66;   move
   381;    2045.67;    1644.23;    2057.17;    1643.72;    2056.08;    1619.40;    2044.58;    1619.91;       10;    0.66;   stop
   451;    2355.46;     559.53;    2387.64;     556.20;    2386.04;     540.72;    2353.86;     544.05;       10;    0.66;   stop
  4835;    1882.73;     943.27;    1896.12;     942.73;    1895.02;     915.79;    1881.63;     916.33;       10;    0.66;   move
  5697;    1824.51;     414.82;    1839.16;     413.90;    1837.27;     383.93;    1822.62;     384.85;       10;    0.66;   stop
   463;    1221.03;    1514.24;    1223.64;    1485.21;    1208.97;    1483.89;    1206.36;    1512.92;       10;    0.66;   stop
   501;    1460.48;    1694.05;    1460.82;    1680.53;    1433.02;    1679.83;    1432.68;    1693.34;       10;    0.66;   stop
   355;    2566.38;     366.63;    2578.71;     365.65;    2576.75;     340.99;    2564.41;     341.98;       10;    0.66;   stop
   497;    2410.26;    1275.06;    2439.38;    1272.11;    2438.11;    1259.57;    2408.99;    1262.52;       10;    0.66;   stop
   442;    1811.95;     556.86;    1826.59;     556.59;    1826.06;     527.64;    1811.42;     527.91;       10;    0.65;   stop
   526;    3418.43;    1000.91;    3432.10;     972.35;    3418.76;     965.96;    3405.09;     994.53;       10;    0.65;   stop
   542;    1033.01;    1006.39;    1047.38;    1005.98;    1046.56;     976.99;    1032.18;     977.40;       10;    0.65;   stop
    29;     161.88;    1118.11;     198.69;    1115.68;     197.65;    1100.01;     160.85;    1102.44;       10;    0.65;   stop
   580;    3607.76;     904.07;    3641.79;     902.29;    3640.99;     887.03;    3606.96;     888.81;       10;    0.65;   stop
   494;     424.81;    1684.72;     425.42;    1669.80;     398.78;    1668.72;     398.17;    1683.63;       10;    0.65;   stop
   404;     335.34;     560.04;     338.17;     544.75;     305.44;     538.71;     302.61;     554.00;       10;    0.65;   stop
   539;    2541.21;      46.41;    2554.88;      45.19;    2552.42;      17.71;    2538.75;      18.94;       10;    0.64;   stop
   446;     124.92;    1078.38;     151.94;    1076.77;     151.17;    1063.81;     124.15;    1065.42;       10;    0.64;   stop
   476;    1232.60;    1652.73;    1232.85;    1640.66;    1206.96;    1640.14;    1206.72;    1652.22;       10;    0.64;   stop
   454;    2572.94;    1774.75;    2573.59;    1744.56;    2558.93;    1744.25;    2558.28;    1774.44;       10;    0.64;   stop
   564;    2546.85;     122.53;    2559.41;     121.26;    2556.90;      96.29;    2544.34;      97.55;       10;    0.64;   stop
  1465;    2545.54;     155.61;    2560.17;     155.18;    2559.33;     126.77;    2544.70;     127.20;       10;    0.64;   stop
  8525;    1903.17;     289.48;    1926.40;     287.01;    1919.58;     222.96;    1896.35;     225.43;        9;    0.64;   move
   481;    3347.27;     897.24;    3358.19;     887.10;    3336.16;     863.38;    3325.24;     873.52;       10;    0.64;   stop
   484;    1087.13;    1048.77;    1108.64;    1048.50;    1108.49;    1037.16;    1086.99;    1037.44;       10;    0.64;   stop
   524;     385.07;     512.91;     388.54;     482.69;     372.43;     480.84;     368.96;     511.06;       10;    0.64;   stop
  8559;    1871.33;     534.79;    1885.14;     532.76;    1881.67;     509.21;    1867.86;     511.24;       10;    0.64;   stop
   469;    2539.47;    1723.75;    2540.40;    1695.57;    2527.15;    1695.13;    2526.22;    1723.31;       10;    0.64;   stop
   439;    2330.81;    1316.44;    2331.36;    1298.20;    2289.19;    1296.94;    2288.64;    1315.18;        9;    0.63;   stop
   508;     151.59;    1674.94;     152.47;    1657.77;     117.94;    1655.99;     117.06;    1673.17;       10;    0.63;   stop
  8341;     298.90;      70.35;     333.23;      53.44;     325.47;      37.70;     291.15;      54.60;       10;    0.63;   move
   512;    1462.45;     877.50;    1463.31;     863.69;    1432.17;     861.75;    1431.31;     875.56;       10;    0.63;   stop
   490;    1760.40;    1697.51;    1761.06;    1683.20;    1734.97;    1681.99;    1734.31;    1696.30;       10;    0.63;   stop
   506;    3119.42;    1194.55;    3120.62;    1178.95;    3109.33;    1178.08;    3108.13;    1193.68;       10;    0.62;   stop
  8022;    3823.75;    1157.53;    3838.14;    1156.33;    3835.63;    1126.22;    3821.24;    1127.42;       10;    0.62;   stop
   459;     393.20;    1683.82;     393.42;    1669.08;     366.17;    1668.68;     365.96;    1683.42;       10;    0.62;   stop
   517;     833.30;    1479.38;     833.34;    1464.92;     804.51;    1464.84;     804.47;    1479.29;       10;    0.62;   stop
   421;    2705.75;    1365.13;    2720.57;    1339.63;    2708.50;    1332.62;    2693.68;    1358.12;       10;    0.62;   stop
   483;    3029.12;     458.69;    3063.84;     455.34;    3062.38;     440.19;    3027.66;     443.54;       10;    0.62;   stop
   518;    3096.24;    1451.13;    3109.10;    1443.34;    3091.26;    1413.87;    3078.40;    1421.66;       10;    0.62;   stop
   533;     513.31;    1433.76;     514.30;    1417.27;     481.37;    1415.30;     480.39;    1431.79;       10;    0.61;   stop
   566;    1560.14;    1784.07;    1565.54;    1771.16;    1538.11;    1759.68;    1532.71;    1772.59;       10;    0.61;   stop
  8519;    2164.03;     550.67;    2191.62;     547.10;    2189.91;     533.83;    2162.31;     537.40;       10;    0.61;   move
   569;    3654.39;     900.74;    3684.28;     897.09;    3682.49;     882.39;    3652.59;     886.04;       10;    0.61;   stop
   479;    1388.17;    1692.29;    1388.18;    1679.35;    1362.45;    1679.33;    1362.44;    1692.27;       10;    0.61;   stop
   591;     826.14;    1689.42;     826.36;    1673.60;     797.52;    1673.20;     797.30;    1689.02;       10;    0.61;   stop
   429;    2032.09;    1438.07;    2050.22;    1436.74;    2046.78;    1390.18;    2028.65;    1391.51;        9;    0.61;   stop
   379;    3316.98;     959.86;    3333.06;     953.20;    3318.64;     918.42;    3302.57;     925.09;       10;    0.61;   stop
   502;     728.08;    2046.43;     728.92;    2018.48;     719.53;    2018.19;     718.69;    2046.15;       10;    0.60;   stop
   519;    2970.55;    1955.43;    2997.84;    1940.13;    2990.45;    1926.94;    2963.16;    1942.25;       10;    0.60;   stop
   492;     876.53;     632.68;     877.30;     618.82;     848.38;     617.19;     847.60;     631.06;       10;    0.60;   stop
   531;    3582.54;     753.08;    3592.16;     729.86;    3579.02;     724.42;    3569.40;     747.64;       10;    0.60;   stop
   485;    3119.80;    1057.43;    3121.24;    1044.57;    3106.70;    1042.94;    3105.26;    1055.81;       10;    0.60;   stop
   504;    3403.82;    1043.50;    3419.69;    1011.05;    3403.36;    1003.06;    3387.49;    1035.51;        9;    0.60;   stop
   489;     655.53;    1689.25;     656.80;    1674.32;     626.03;    1671.69;     624.76;    1686.62;       10;    0.59;   stop
   546;    3451.30;     934.11;    3461.48;     908.93;    3447.76;     903.39;    3437.58;     928.57;       10;    0.59;   stop
   507;    3347.15;    1262.99;    3360.30;    1226.06;    3341.91;    1219.51;    3328.76;    1256.44;       10;    0.59;   stop
  5451;    1785.88;     113.16;    1785.90;      94.41;    1773.10;      94.40;    1773.09;     113.15;       10;    0.58;   stop
   516;    1214.27;    1593.03;    1214.27;    1563.72;    1201.11;    1563.72;    1201.11;    1593.03;       10;    0.58;   stop
   480;    2036.52;      98.86;    2061.90;      96.52;    2060.73;      83.95;    2035.35;      86.30;       10;    0.58;   stop
   633;     578.72;    1226.87;     579.93;    1192.50;     562.22;    1191.88;     561.01;    1226.25;       10;    0.58;   stop
  6218;    1571.10;     553.58;    1594.69;     553.51;    1594.65;     539.92;    1571.06;     539.99;       10;    0.58;   stop
   499;     901.84;    1185.43;     933.89;    1184.30;     933.31;    1168.07;     901.27;    1169.20;       10;    0.58;   stop
   536;    1422.97;     875.39;    1423.50;     861.57;    1395.15;     860.48;    1394.62;     874.31;       10;    0.57;   stop
  6057;    1691.06;    1105.66;    1691.09;    1091.49;    1678.70;    1091.46;    1678.67;    1105.63;       10;    0.57;   stop
   387;     980.67;    1669.58;     981.34;    1657.09;     956.21;    1655.74;     955.54;    1668.23;       10;    0.57;   move
  7391;    1846.13;     461.07;    1866.64;     459.18;    1862.06;     409.68;    1841.55;     411.57;        9;    0.57;   stop
   592;    1824.86;     887.51;    1841.12;     886.05;    1838.05;     851.74;    1821.78;     853.20;        9;    0.57;   stop
   562;    2529.21;    1533.95;    2543.42;    1533.75;    2543.04;    1505.80;    2528.83;    1506.00;       10;    0.57;   stop
   527;    3804.70;    1126.28;    3820.69;    1124.56;    3817.18;    1091.85;    3801.19;    1093.56;       10;    0.57;   stop
  2067;    2901.63;      12.95;    2931.99;      10.86;    2931.03;      -3.11;    2900.66;      -1.01;       10;    0.56;   stop
   465;    1428.21;    1653.54;    1453.16;    1653.06;    1452.92;    1640.46;    1427.96;    1640.94;       10;    0.56;   stop
   509;    1471.37;     226.14;    1484.28;     224.94;    1481.76;     197.98;    1468.85;     199.19;       10;    0.56;   stop
   575;    1060.79;    1651.77;    1061.00;    1639.29;    1035.65;    1638.86;    1035.44;    1651.34;       10;    0.56;   stop
   505;    1424.46;    1692.45;    1424.97;    1680.13;    1401.54;    1679.18;    1401.03;    1691.49;       10;    0.56;   stop
  6258;    1626.93;     557.14;    1627.15;     542.42;    1597.32;     541.99;    1597.10;     556.70;       10;    0.56;   stop
  8470;    1822.18;      97.27;    1838.74;      95.67;    1835.38;      60.80;    1818.82;      62.39;       10;    0.56;   move
   434;    2536.73;    1860.15;    2538.63;    1829.62;    2524.27;    1828.73;    2522.37;    1859.25;       10;    0.56;   stop
  7742;     449.52;      31.47;     483.70;      28.30;     482.36;      13.77;     448.17;      16.93;       10;    0.56;   stop
   711;    1896.33;     337.88;    1911.64;     336.07;    1908.04;     305.62;    1892.73;     307.43;       10;    0.56;   move
   626;     552.49;    1686.36;     579.59;    1685.41;     579.07;    1670.83;     551.98;    1671.78;       10;    0.56;   stop
   537;     743.44;    2047.83;     745.42;    2018.82;     732.25;    2017.92;     730.27;    2046.93;       10;    0.56;   stop
   510;     181.81;    1072.44;     182.06;    1059.94;     156.62;    1059.43;     156.37;    1071.93;       10;    0.55;   stop
   513;    1215.37;    1553.61;    1218.34;    1525.22;    1205.07;    1523.83;    1202.10;    1552.22;       10;    0.55;   stop
   603;    2552.10;      87.81;    2579.40;      83.88;    2577.52;      70.81;    2550.22;      74.75;       10;    0.55;   stop
  8412;    3840.54;    1203.59;    3842.17;    1188.12;    3831.96;    1187.04;    3830.33;    1202.51;       10;    0.55;   stop
   475;    2039.82;    1513.71;    2052.07;    1513.11;    2050.87;    1488.91;    2038.62;    1489.52;       10;    0.55;   stop
  7390;    3617.95;    2085.43;    3649.92;    2070.61;    3642.05;    2053.63;    3610.08;    2068.45;       10;    0.55;   stop
   529;    3206.57;      95.41;    3221.51;      93.75;    3218.12;      63.26;    3203.18;      64.92;       10;    0.55;   stop
  7806;     625.01;    1253.77;     655.52;    1252.06;     654.68;    1237.17;     624.17;    1238.88;       10;    0.55;   stop
   553;    2564.90;    1498.99;    2578.43;    1498.89;    2578.23;    1469.89;    2564.70;    1469.98;       10;    0.55;   stop
  8565;    3556.31;     714.58;    3562.95;     685.72;    3548.07;     682.29;    3541.42;     711.16;       10;    0.54;   stop
   549;     375.23;    1645.14;     398.66;    1644.31;     398.20;    1631.43;     374.78;    1632.25;       10;    0.54;   stop
   611;    3708.14;     245.94;    3723.82;     206.30;    3707.49;     199.84;    3691.81;     239.48;        9;    0.54;   stop
   424;    1469.63;     193.76;    1482.12;     191.81;    1477.87;     164.56;    1465.38;     166.51;       10;    0.54;   stop
  7781;     447.31;    1067.76;     467.79;    1064.50;     465.35;    1049.12;     444.86;    1052.38;       10;    0.54;   stop
   617;     738.16;    1216.85;     738.40;    1202.36;     710.27;    1201.90;     710.04;    1216.39;       10;    0.54;   stop
  8115;    1358.64;    1142.95;    1394.59;    1142.15;    1394.24;    1126.18;    1358.28;    1126.98;       10;    0.53;   move
  5902;    1498.16;    1692.91;    1498.48;    1679.40;    1469.59;    1678.71;    1469.27;    1692.23;       10;    0.53;   stop
   436;    2561.33;     335.77;    2575.44;     334.54;    2572.79;     304.35;    2558.69;     305.59;       10;    0.53;   stop
  8546;      23.35;    1188.33;      56.56;    1187.63;      56.22;    1171.36;      23.01;    1172.06;       10;    0.53;   stop
  5239;     275.50;      56.22;     303.00;      52.09;     301.06;      39.17;     273.56;      43.30;       10;    0.52;   stop
   588;    3324.71;    1004.89;    3328.97;     978.01;    3316.54;     976.04;    3312.28;    1002.92;       10;    0.52;   stop
   523;     690.70;    1687.37;     690.88;    1672.98;     663.99;    1672.63;     663.80;    1687.02;       10;    0.52;   stop
   515;    2410.04;    1309.90;    2410.04;    1293.35;    2378.71;    1293.35;    2378.71;    1309.90;       10;    0.52;   stop
   530;    1024.10;    1185.87;    1062.95;    1183.00;    1061.65;    1165.38;    1022.80;    1168.25;       10;    0.52;   stop
  6648;    1589.32;    1693.45;    1589.81;    1679.10;    1562.93;    1678.17;    1562.44;    1692.52;       10;    0.52;   stop
   625;     615.32;    1686.82;     616.10;    1672.68;     591.24;    1671.30;     590.46;    1685.45;       10;    0.52;   stop
  4599;     518.54;    1686.82;     539.95;    1686.73;     539.90;    1675.99;     518.49;    1676.09;       10;    0.52;   stop
  2081;    2767.60;      28.46;    2802.67;      24.18;    2800.68;       7.86;    2765.61;      12.15;       10;    0.51;   stop
  6518;    1654.24;    1040.97;    1677.31;    1040.25;    1676.89;    1026.78;    1653.82;    1027.50;       10;    0.51;   stop
   634;     304.96;    1683.84;     331.02;    1679.62;     328.79;    1665.85;     302.73;    1670.07;       10;    0.51;   stop
   468;    1999.46;    2009.24;    2009.92;    1980.35;    1996.54;    1975.51;    1986.08;    2004.40;       10;    0.51;   stop
   567;    2289.25;    1280.11;    2289.95;    1266.53;    2258.75;    1264.92;    2258.05;    1278.50;       10;    0.51;   stop
  8498;     156.96;      90.89;     190.02;      87.63;     188.51;      72.24;     155.45;      75.49;       10;    0.51;   move
   558;     528.99;    1648.59;     557.13;    1647.59;     556.63;    1633.59;     528.49;    1634.60;       10;    0.51;   stop
  1981;    2716.51;      35.28;    2744.49;      32.44;    2743.02;      17.92;    2715.04;      20.76;       10;    0.51;   stop
  7768;     320.74;    1114.14;     321.76;    1097.95;     298.48;    1096.48;     297.46;    1112.68;       10;    0.51;   move
   455;    2034.70;    1892.27;    2039.23;    1853.80;    2021.68;    1851.73;    2017.14;    1890.20;       10;    0.50;   stop
  8210;    1849.79;     407.00;    1865.90;     405.51;    1862.34;     367.00;    1846.22;     368.49;       10;    0.50;   stop
  8558;    1942.74;    1377.33;    1957.73;    1374.95;    1952.01;    1338.98;    1937.02;    1341.36;        9;    0.50;   stop
   568;    2309.25;     562.07;    2340.70;     558.01;    2338.87;     543.80;    2307.42;     547.86;       10;    0.49;   stop
  6537;    2651.08;    1017.81;    2654.17;    1005.05;    2630.42;     999.31;    2627.33;    1012.08;       10;    0.49;   stop
  8192;    1099.26;    1652.19;    1099.70;    1640.71;    1069.74;    1639.56;    1069.30;    1651.04;       10;    0.48;   stop
  8542;    2033.80;    1891.30;    2039.07;    1853.84;    2022.95;    1851.57;    2017.68;    1889.03;        9;    0.48;   stop
  4625;    3741.27;     148.43;    3749.86;     124.36;    3738.11;     120.16;    3729.52;     144.24;       10;    0.48;   stop
   541;     478.50;    1264.19;     478.74;    1249.73;     448.68;    1249.25;     448.45;    1263.70;       10;    0.47;   stop
  8361;    1501.40;    1175.04;    1532.95;    1172.21;    1531.60;    1157.09;    1500.05;    1159.91;       10;    0.47;   stop
   583;    3533.98;     838.01;    3543.48;     803.97;    3523.52;     798.40;    3514.02;     832.43;       10;    0.47;   stop
  8452;    1526.64;    1657.09;    1527.45;    1646.70;    1502.99;    1644.78;    1502.17;    1655.17;       10;    0.47;   stop
  6864;     727.17;    1687.99;     727.25;    1672.43;     719.60;    1672.39;     719.52;    1687.95;       10;    0.47;   stop
   598;     851.78;    1952.84;     881.69;    1950.86;     880.72;    1936.28;     850.81;    1938.27;       10;    0.47;   stop
   570;    1601.26;    1651.41;    1601.38;    1640.58;    1579.11;    1640.34;    1578.99;    1651.17;       10;    0.47;   stop
   520;    1430.60;    1174.39;    1459.81;    1173.78;    1459.52;    1159.98;    1430.31;    1160.60;       10;    0.46;   stop
  6339;    1942.53;    1376.88;    1958.13;    1374.27;    1952.22;    1338.87;    1936.62;    1341.48;       10;    0.46;   stop
   631;     162.36;    1676.07;     188.24;    1675.24;     187.80;    1661.43;     161.91;    1662.26;       10;    0.46;   stop
  7562;     237.24;    1708.58;     254.29;    1694.72;     228.23;    1662.67;     211.18;    1676.53;       10;    0.46;   stop
  8513;    3819.45;     383.67;    3842.52;     379.38;    3839.92;     365.39;    3816.85;     369.69;       10;    0.46;   stop
  8342;    2050.57;    2154.49;    2051.07;    2129.78;    2037.68;    2129.51;    2037.18;    2154.22;       10;    0.46;   stop
  7932;    2716.73;    1052.34;    2716.88;    1043.32;    2696.51;    1042.97;    2696.36;    1052.00;       10;    0.45;   move
   561;     443.00;    1249.22;     469.48;    1248.66;     469.19;    1235.16;     442.71;    1235.72;       10;    0.45;   stop
   573;     862.57;    1614.36;     876.60;    1613.41;     874.62;    1584.39;     860.59;    1585.34;       10;    0.45;   stop
  8549;    3047.11;    1339.06;    3058.57;    1326.08;    3024.14;    1295.69;    3012.68;    1308.67;        9;    0.45;   stop
   718;      46.69;    1631.82;      71.60;    1629.88;      70.50;    1615.68;      45.58;    1617.62;       10;    0.45;   stop
  8562;    1938.57;     140.81;    1967.16;     116.14;    1956.09;     103.31;    1927.50;     127.98;       10;    0.45;   stop
   595;     700.47;    1688.26;     728.56;    1687.73;     728.28;    1672.68;     700.19;    1673.20;       10;    0.45;   stop
  3107;    2050.71;    1791.77;    2051.33;    1769.17;    2039.79;    1768.85;    2039.17;    1791.45;       10;    0.44;   stop
  8371;    1064.14;    1185.64;    1096.52;    1184.37;    1095.86;    1167.48;    1063.48;    1168.75;       10;    0.44;   stop
   653;    1499.00;    1005.86;    1501.19;     975.17;    1486.75;     974.14;    1484.56;    1004.83;       10;    0.44;   stop
  7670;     189.08;      69.20;     220.09;      65.75;     218.50;      51.50;     187.49;      54.95;       10;    0.44;   stop
  6329;      59.30;    1188.75;      88.03;    1187.85;      87.53;    1171.88;      58.81;    1172.77;       10;    0.44;   stop
  8421;    2244.71;     816.30;    2245.39;     800.46;    2216.10;     799.20;    2215.42;     815.04;       10;    0.44;   stop
  8352;    2410.40;    2148.04;    2424.34;    2141.99;    2410.98;    2111.21;    2397.03;    2117.26;       10;    0.43;   stop
   613;    3414.58;    1287.49;    3456.01;    1279.69;    3452.60;    1261.57;    3411.17;    1269.37;        9;    0.43;   stop
   560;    2109.06;    2098.46;    2109.73;    2081.29;    2071.44;    2079.79;    2070.77;    2096.96;       10;    0.43;   stop
  7538;    1932.97;      22.77;    1945.53;      21.70;    1943.78;       1.14;    1931.22;       2.21;       10;    0.43;   stop
   628;    1688.45;    1657.56;    1689.49;    1641.56;    1680.04;    1640.94;    1679.00;    1656.94;       10;    0.43;   stop
   615;    3721.73;     317.15;    3730.72;     292.83;    3716.39;     287.53;    3707.40;     311.85;       10;    0.42;   stop
  2772;    1939.20;     140.10;    1966.97;     114.93;    1955.55;     102.34;    1927.78;     127.51;        9;    0.42;   stop
  8177;    2510.94;      41.70;    2511.54;      19.98;    2498.31;      19.61;    2497.71;      41.33;       10;    0.42;   stop
  4033;    1126.10;    1653.61;    1152.09;    1653.49;    1152.02;    1639.83;    1126.04;    1639.95;       10;    0.42;   stop
  8420;    2610.33;    1998.46;    2642.12;    1978.27;    2632.92;    1963.79;    2601.13;    1983.98;       10;    0.41;   stop
  8305;    2286.95;      76.34;    2318.49;      73.64;    2317.30;      59.78;    2285.76;      62.49;       10;    0.41;   stop
  8507;    2601.52;     816.80;    2616.03;     815.60;    2613.60;     786.33;    2599.10;     787.53;       10;    0.41;   stop
  3619;    1757.65;    1169.54;    1789.30;    1167.10;    1788.35;    1154.71;    1756.70;    1157.15;       10;    0.41;   stop
  2047;     202.20;    1638.53;     203.14;    1626.90;     178.42;    1624.90;     177.48;    1636.54;       10;    0.41;   stop
   624;    3513.35;     171.18;    3529.44;     167.77;    3522.59;     135.38;    3506.50;     138.79;       10;    0.41;   stop
  6130;    3737.03;     851.56;    3760.14;     849.78;    3759.22;     837.82;    3736.11;     839.59;       10;    0.41;   stop
  7610;    3120.15;    1390.20;    3124.59;    1378.18;    3113.10;    1373.93;    3108.66;    1385.95;       10;    0.41;   stop
   627;     458.87;    1685.32;     459.93;    1671.93;     435.50;    1669.99;     434.44;    1683.38;       10;    0.40;   stop
  6898;    1941.46;      60.11;    1953.63;      58.88;    1951.23;      34.96;    1939.06;      36.18;       10;    0.40;   stop
   572;    3529.32;    1072.38;    3547.37;    1069.67;    3540.36;    1022.94;    3522.31;    1025.64;       10;    0.40;   stop
  7754;     375.79;      40.41;     399.41;      25.24;     392.02;      13.73;     368.40;      28.90;       10;    0.39;   stop
  7659;      89.50;      83.48;     118.79;      80.54;     117.34;      66.05;      88.04;      68.99;       10;    0.39;   stop
  8418;    2536.37;     479.58;    2552.69;     475.67;    2550.51;     466.55;    2534.18;     470.46;       10;    0.39;   stop
   607;    2152.99;    1158.11;    2160.48;    1158.00;    2160.26;    1143.64;    2152.77;    1143.75;       10;    0.39;   stop
  5582;     975.32;    1652.52;     997.65;    1651.61;     997.18;    1639.98;     974.85;    1640.89;       10;    0.38;   stop
  8564;     278.17;    2150.08;     294.21;    2150.06;     294.17;    2117.42;     278.13;    2117.44;       10;    0.37;   stop
   578;      92.44;     877.78;      95.02;     849.68;      78.41;     848.16;      75.84;     876.26;       10;    0.36;   stop
  8390;    3840.52;    1306.49;    3843.94;    1292.24;    3824.48;    1287.57;    3821.06;    1301.83;       10;    0.36;   stop
   556;    2043.74;    1854.81;    2048.54;    1804.49;    2028.38;    1802.56;    2023.58;    1852.89;        9;    0.36;   stop
  7507;     845.62;     632.40;     846.61;     619.30;     822.62;     617.47;     821.62;     630.58;       10;    0.36;   stop
  8355;    1762.02;      95.49;    1773.38;      95.24;    1772.78;      67.63;    1761.42;      67.88;       10;    0.35;   stop
  8552;    2083.88;    1608.07;    2099.28;    1607.88;    2098.87;    1573.43;    2083.47;    1573.62;       10;    0.35;   stop
  8195;    3033.37;    1944.14;    3046.24;    1935.54;    3028.50;    1908.99;    3015.64;    1917.58;       10;    0.35;   stop
  8561;    1398.19;    1653.12;    1422.24;    1653.01;    1422.19;    1640.88;    1398.14;    1640.99;       10;    0.35;   stop