vehicle_id;veh_bb_x1;veh_bb_y1;veh_bb_x2;veh_bb_y2;veh_bb_x3;veh_bb_y3;veh_bb_x4;veh_bb_y4;det_class;conf_score;state
19;1977.03;670.0;1991.77;668.79;1989.35;639.5;1974.61;640.71;10;0.82;parked
22;1960.7;681.55;1974.84;680.44;1972.3;648.2;1958.16;649.31;10;0.8;parked
26;1957.49;641.08;1973.64;639.67;1970.63;605.42;1954.49;606.83;10;0.82;parked
40;1992.92;897.23;2007.24;897.21;2007.2;866.21;1992.89;866.22;10;0.81;parked
67;1983.01;742.11;1997.61;740.67;1994.62;710.27;1980.01;711.7;10;0.8;parked
97;1979.87;704.52;1993.81;703.23;1991.38;676.98;1977.44;678.27;10;0.8;parked
111;1991.69;853.47;2004.59;852.28;2002.06;825.03;1989.16;826.22;10;0.79;parked
112;1983.43;823.43;1998.65;820.98;1993.63;789.82;1978.41;792.27;10;0.79;parked
124;1994.63;930.35;2007.79;929.74;2006.62;904.52;1993.46;905.14;10;0.79;parked
152;1987.19;780.03;2000.25;778.7;1997.56;752.22;1984.5;753.55;10;0.75;parked
400;2008.26;996.31;2022.03;992.9;2014.74;963.44;2000.97;966.85;10;0.75;parked
