vehicle_id;veh_bb_x1;veh_bb_y1;veh_bb_x2;veh_bb_y2;veh_bb_x3;veh_bb_y3;veh_bb_x4;veh_bb_y4;det_class;conf_score;state
1;2995.68;1175.97;2998.34;1164.48;2972.07;1158.41;2969.41;1169.9;10;0.84;stop
2;2749.57;1137.96;2751.25;1124.97;2720.93;1121.04;2719.25;1134.03;10;0.83;stop
3;2611.74;1145.27;2612.99;1133.22;2587.63;1130.61;2586.39;1142.65;10;0.83;stop
4;2768.49;1156.13;2770.27;1142.71;2741.38;1138.87;2739.6;1152.29;10;0.81;stop
5;1703.97;1100.68;1704.34;1088.24;1677.78;1087.45;1677.41;1099.89;10;0.83;stop
6;2891.4;1156.81;2893.53;1144.11;2864.85;1139.31;2862.72;1152.02;10;0.83;stop
7;2720.5;1155.75;2721.73;1141.95;2691.5;1139.25;2690.27;1153.05;10;0.82;stop
8;2992.75;1301.67;2995.19;1287.2;2963.75;1281.89;2961.31;1296.36;10;0.84;stop
9;2477.71;1139.05;2478.78;1126.71;2452.79;1124.45;2451.72;1136.79;10;0.82;move
10;2968.54;1207.97;2970.75;1195.98;2944.27;1191.1;2942.06;1203.08;10;0.82;move
11;1940.89;1918.27;1948.82;1886.32;1935.86;1883.1;1927.93;1915.06;10;0.83;stop
12;1772.27;1117.66;1799.99;1104.74;1793.98;1091.84;1766.26;1104.76;10;0.81;move
13;2510.52;1121.23;2511.56;1108.62;2482.98;1106.27;2481.94;1118.88;10;0.82;stop
14;3536.93;1377.59;3540.69;1363.69;3509.32;1355.22;3505.56;1369.12;10;0.78;move
15;2907.23;1199.48;2909.24;1186.65;2880.52;1182.14;2878.51;1194.98;10;0.82;move
16;2623.25;1127.36;2625.13;1114.46;2596.38;1110.26;2594.49;1123.17;10;0.82;stop
17;1960.86;1950.87;1967.08;1919.46;1954.05;1916.88;1947.82;1948.29;10;0.83;stop
18;2661.92;1147.37;2663.13;1134.49;2635.33;1131.88;2634.12;1144.76;10;0.83;stop
19;3032.99;1309.45;3035.55;1295.37;3002.26;1289.3;2999.7;1303.38;10;0.83;stop
20;1869.69;995.59;1883.4;995.55;1883.31;967.53;1869.6;967.57;10;0.81;move
21;1970.11;909.34;1983.22;907.56;1979.39;879.41;1966.28;881.19;10;0.82;stop
22;3016.08;1279.2;3018.78;1264.92;2985.32;1258.61;2982.63;1272.89;10;0.81;stop
23;2677.54;1130.44;2678.89;1117.06;2647.83;1113.93;2646.48;1127.31;10;0.83;stop
24;2924.55;1162.28;2926.8;1150.06;2898.73;1144.91;2896.49;1157.12;10;0.83;stop
25;1953.45;1876.08;1959.37;1844.59;1945.8;1842.04;1939.88;1873.54;10;0.83;stop
26;1933.91;1952.78;1940.87;1927.09;1929.34;1923.97;1922.38;1949.66;10;0.83;stop
27;1976.38;1389.59;1976.84;1363.52;1963.37;1363.29;1962.91;1389.35;10;0.83;stop
28;3123.79;1224.51;3153.92;1217.49;3150.9;1204.55;3120.77;1211.57;10;0.76;move
29;3395.21;1153.96;3398.11;1141.49;3367.92;1134.47;3365.02;1146.94;10;0.81;stop
30;2597.8;1163.3;2598.89;1150.8;2573.45;1148.57;2572.36;1161.07;10;0.82;move
33;1812.03;2117.31;1824.64;2093.71;1813.85;2087.94;1801.24;2111.54;10;0.82;stop
34;1837.41;882.82;1838.46;854.73;1823.81;854.18;1822.76;882.27;10;0.81;stop
35;3386.46;1264.26;3389.43;1252.88;3364.47;1246.37;3361.5;1257.74;10;0.82;stop
36;1976.24;1738.44;1979.85;1702.12;1965.38;1700.69;1961.78;1737.0;10;0.83;stop
37;1954.25;825.53;1967.51;825.48;1967.4;794.47;1954.15;794.52;10;0.81;stop
38;1745.81;1164.78;1746.22;1151.41;1715.65;1150.47;1715.24;1163.84;10;0.82;stop
39;3331.44;1047.82;3345.61;1018.23;3332.31;1011.86;3318.14;1041.46;10;0.82;stop
40;1981.09;1463.47;1984.02;1438.15;1972.16;1436.78;1969.23;1462.1;10;0.82;stop
41;1269.41;1694.75;1270.42;1682.44;1243.84;1680.25;1242.83;1692.56;10;0.81;stop
42;1914.51;2001.47;1926.52;1969.3;1912.74;1964.15;1900.73;1996.33;10;0.83;stop
43;1886.5;2077.21;1898.16;2047.99;1884.5;2042.54;1872.84;2071.76;10;0.84;stop
44;1980.09;1522.62;1981.58;1490.21;1967.73;1489.57;1966.23;1521.98;10;0.83;stop
45;1838.36;89.73;1839.18;57.45;1824.64;57.08;1823.82;89.36;10;0.84;stop
46;2214.84;1233.99;2215.27;1219.4;2184.66;1218.51;2184.23;1233.1;10;0.82;stop
47;2858.79;1150.12;2860.74;1136.89;2832.31;1132.7;2830.36;1145.92;10;0.81;stop
48;3408.77;1039.59;3436.95;1037.26;3435.92;1024.78;3407.74;1027.11;10;0.81;move
49;1946.27;1986.26;1954.7;1957.2;1941.92;1953.49;1933.49;1982.55;10;0.82;stop
50;1852.08;292.83;1867.46;292.7;1867.17;257.86;1851.79;257.99;10;0.82;stop
51;2425.18;1135.26;2425.65;1122.54;2397.32;1121.49;2396.85;1134.21;10;0.81;move
52;2953.57;1292.83;2955.73;1279.54;2924.18;1274.42;2922.02;1287.71;10;0.82;stop
53;2564.37;1142.48;2565.32;1128.75;2534.88;1126.64;2533.93;1140.38;10;0.77;stop
54;1848.46;2044.25;1859.79;2018.74;1848.29;2013.63;1836.96;2039.14;10;0.82;stop
55;1953.75;907.23;1965.82;905.19;1961.25;878.15;1949.18;880.19;10;0.81;stop
56;3050.22;1185.3;3052.55;1173.57;3025.53;1168.2;3023.2;1179.93;10;0.81;stop
57;765.14;2007.38;767.6;1979.07;754.54;1977.93;752.08;2006.24;10;0.81;stop
58;783.88;2007.18;784.14;1979.2;770.49;1979.07;770.23;2007.05;10;0.82;stop
59;1747.39;1683.8;1748.14;1671.45;1721.6;1669.82;1720.84;1682.17;10;0.81;stop
60;164.57;1108.19;193.76;1107.75;193.56;1094.0;164.36;1094.44;10;0.76;move
61;1518.43;1160.93;1518.83;1147.23;1492.07;1146.44;1491.67;1160.15;10;0.81;stop
62;2100.73;1131.31;2101.46;1116.87;2070.77;1115.31;2070.04;1129.76;10;0.81;stop
63;2793.37;1180.38;2795.59;1166.11;2768.25;1161.87;2766.03;1176.14;10;0.79;move
64;1971.16;1780.12;1975.05;1750.81;1961.46;1749.01;1957.57;1778.32;10;0.82;stop
65;1798.75;382.3;1813.92;382.14;1813.62;353.45;1798.45;353.61;10;0.81;stop
66;1833.02;391.88;1846.52;391.72;1846.19;364.12;1832.7;364.28;10;0.82;stop
67;763.05;1039.06;767.08;1028.71;746.33;1020.63;742.3;1030.98;10;0.8;stop
68;1169.52;1090.0;1169.95;1078.74;1147.42;1077.88;1146.98;1089.13;10;0.82;stop
69;1660.09;1164.45;1660.24;1151.14;1630.54;1150.8;1630.38;1164.11;10;0.83;stop
70;1783.96;1166.67;1784.73;1153.56;1757.16;1151.95;1756.4;1165.06;10;0.8;stop
71;2381.79;1153.13;2382.28;1139.51;2354.09;1138.5;2353.59;1152.11;10;0.8;stop
72;2569.27;1243.43;2570.12;1230.01;2541.23;1228.19;2540.38;1241.61;10;0.81;stop
73;3030.5;1201.56;3033.2;1187.53;3000.25;1181.19;2997.55;1195.22;10;0.83;stop
74;2877.12;1278.01;2880.22;1257.35;2827.8;1249.49;2824.71;1270.15;9;0.82;stop
75;3367.48;1279.19;3370.88;1266.18;3338.46;1257.69;3335.05;1270.7;10;0.81;stop
77;1836.22;360.18;1848.43;360.07;1848.16;330.57;1835.95;330.68;10;0.81;stop
78;872.07;1083.58;872.29;1071.28;844.68;1070.8;844.46;1083.09;10;0.82;stop
79;1596.48;1181.74;1596.52;1168.47;1567.02;1168.38;1566.98;1181.65;10;0.76;stop
80;1998.16;1361.38;1998.42;1337.62;1986.77;1337.49;1986.52;1361.26;10;0.82;stop
81;3697.14;1419.43;3701.15;1405.4;3667.86;1395.88;3663.85;1409.92;10;0.81;move
82;1884.21;1728.53;1884.97;1715.51;1858.57;1713.97;1857.81;1726.99;10;0.81;stop
83;1907.4;22.48;1907.98;-1.37;1895.85;-1.67;1895.27;22.18;10;0.74;move
84;1867.54;830.81;1881.25;830.41;1880.3;798.19;1866.59;798.59;10;0.8;move
85;1813.76;798.78;1827.04;797.11;1823.56;769.47;1810.27;771.14;10;0.82;stop
86;537.0;1081.99;537.33;1072.2;514.87;1071.44;514.54;1081.24;10;0.8;stop
87;605.97;1188.14;606.78;1176.09;580.91;1174.36;580.1;1186.41;10;0.82;stop
88;1767.49;1183.36;1767.75;1169.54;1740.26;1169.01;1740.0;1182.84;10;0.81;stop
89;1904.22;1230.0;1917.09;1226.77;1909.53;1196.63;1896.66;1199.85;10;0.75;move
90;2098.0;1147.3;2098.55;1134.29;2069.75;1133.07;2069.2;1146.09;10;0.82;stop
91;1909.74;1859.69;1915.7;1829.71;1901.76;1826.94;1895.8;1856.92;10;0.82;stop
92;3469.08;1387.7;3472.74;1374.44;3441.23;1365.74;3437.57;1379.0;10;0.81;stop
93;1723.74;653.38;1724.98;641.01;1696.26;638.12;1695.02;650.49;10;0.81;stop
94;221.02;1176.19;221.46;1158.56;169.92;1157.25;169.47;1174.88;9;0.81;stop
96;1991.04;1396.17;1993.97;1370.99;1982.46;1369.65;1979.53;1394.83;10;0.81;stop
97;1852.41;354.03;1867.22;353.35;1865.71;320.97;1850.91;321.65;10;0.81;stop
98;1865.85;884.22;1880.34;883.81;1879.46;852.78;1864.97;853.19;10;0.81;move
99;1618.93;1166.81;1619.17;1147.93;1571.57;1147.31;1571.33;1166.19;9;0.8;stop
100;3049.49;1271.75;3051.95;1260.25;3026.45;1254.81;3023.99;1266.31;10;0.82;stop
101;2293.56;1235.04;2294.01;1221.76;2266.81;1220.84;2266.37;1234.12;10;0.81;stop
102;3405.69;1288.71;3408.93;1274.72;3375.25;1266.92;3372.01;1280.9;10;0.82;stop
103;1166.09;1879.18;1167.01;1856.29;1155.16;1855.82;1154.24;1878.71;10;0.81;stop
104;3626.69;1423.3;3629.37;1410.23;3597.69;1403.73;3595.0;1416.8;10;0.83;stop
105;1810.45;766.14;1822.84;765.82;1822.18;740.24;1809.79;740.55;10;0.79;stop
106;1829.45;285.99;1844.35;285.5;1843.3;253.45;1828.4;253.94;10;0.8;stop
107;866.53;1117.49;866.69;1104.74;839.26;1104.38;839.09;1117.13;10;0.77;move
108;1639.19;1182.56;1639.44;1170.36;1613.19;1169.81;1612.93;1182.02;10;0.81;stop
109;1425.12;1215.44;1425.31;1202.56;1399.75;1202.18;1399.57;1215.07;10;0.82;stop
110;2740.17;1175.89;2741.49;1159.83;2702.25;1156.61;2700.93;1172.67;9;0.41;move
111;1258.3;1657.89;1259.23;1645.98;1233.57;1643.99;1232.65;1655.9;10;0.81;stop
112;1968.39;1604.07;1982.29;1604.04;1982.24;1575.18;1968.33;1575.21;10;0.81;stop
113;1958.63;1815.85;1960.73;1785.07;1947.28;1784.15;1945.18;1814.93;10;0.82;stop
114;3710.69;1456.53;3714.68;1442.66;3680.56;1432.85;3676.57;1446.71;10;0.81;stop
115;1851.44;245.39;1863.65;245.19;1863.22;218.11;1851.0;218.31;10;0.8;stop
116;1505.78;1059.58;1509.22;1032.23;1496.84;1030.67;1493.41;1058.02;10;0.81;stop
117;1615.59;1199.26;1615.94;1187.52;1594.03;1186.86;1593.68;1198.61;10;0.8;stop
118;1336.4;1216.07;1336.9;1199.54;1291.6;1198.18;1291.1;1214.71;9;0.81;stop
119;1711.09;1128.69;1739.23;1122.28;1736.45;1110.06;1708.31;1116.47;10;0.81;move
120;2137.54;1148.17;2137.94;1135.36;2108.21;1134.45;2107.81;1147.26;10;0.81;stop
121;3367.96;1297.81;3371.53;1284.66;3341.73;1276.56;3338.16;1289.71;10;0.82;stop
122;3241.52;1343.66;3268.04;1342.69;3267.55;1329.15;3241.02;1330.12;10;0.76;stop
124;1977.78;1813.16;1981.05;1783.69;1968.91;1782.34;1965.64;1811.81;10;0.8;stop
125;1840.65;959.71;1855.1;959.61;1854.88;928.04;1840.43;928.14;10;0.81;move
126;1857.59;386.57;1869.38;386.21;1868.59;360.43;1856.8;360.79;10;0.8;stop
127;839.63;1082.28;839.75;1071.24;814.12;1070.97;814.0;1082.01;10;0.81;stop
128;2865.86;1384.35;2870.67;1371.51;2838.64;1359.52;2833.83;1372.36;10;0.8;stop
130;1826.28;212.73;1840.39;212.6;1840.1;180.45;1825.98;180.58;10;0.81;stop
131;1948.95;742.56;1962.48;741.48;1959.77;707.56;1946.24;708.64;10;0.81;stop
132;1308.91;1094.84;1309.29;1080.63;1278.03;1079.79;1277.65;1094.0;10;0.81;stop
133;1725.0;1181.03;1725.63;1168.23;1697.25;1166.84;1696.62;1179.64;10;0.82;stop
134;895.81;1198.65;896.64;1185.89;869.31;1184.1;868.48;1196.86;10;0.81;stop
135;3774.0;1448.61;3777.72;1435.59;3746.62;1426.7;3742.9;1439.73;10;0.8;move
136;3453.31;850.37;3465.7;823.05;3452.31;816.97;3439.92;844.3;10;0.8;stop
137;3226.63;1056.05;3256.9;1045.36;3252.44;1032.7;3222.16;1043.39;10;0.79;stop
138;2839.94;1165.53;2841.84;1153.28;2811.69;1148.6;2809.78;1160.84;10;0.83;stop
139;1937.27;117.73;1949.3;117.57;1948.95;90.4;1936.92;90.55;10;0.8;stop
140;1846.46;1056.09;1849.27;1029.87;1836.79;1028.54;1833.98;1054.75;10;0.67;move
141;1872.06;1055.19;1883.87;1054.88;1883.19;1028.31;1871.38;1028.62;10;0.7;move
142;821.17;1196.84;821.51;1184.4;793.76;1183.66;793.43;1196.1;10;0.81;stop
143;1861.35;1226.8;1863.47;1214.06;1838.78;1209.95;1836.66;1222.69;10;0.82;stop
144;2190.59;1131.12;2190.83;1117.11;2162.22;1116.63;2161.98;1130.64;10;0.79;stop
145;2905.44;1283.38;2907.86;1270.77;2882.31;1265.87;2879.89;1278.48;10;0.8;stop
146;874.82;1675.85;876.13;1662.73;846.43;1659.78;845.12;1672.9;10;0.8;stop
147;1837.65;464.25;1850.73;464.17;1850.57;438.0;1837.49;438.08;10;0.81;stop
148;1837.09;735.86;1837.4;708.23;1824.7;708.08;1824.38;735.71;10;0.82;stop
149;1493.38;1215.67;1493.49;1203.3;1467.62;1203.08;1467.51;1215.45;10;0.81;stop
150;2143.82;1131.7;2144.45;1118.46;2117.3;1117.17;2116.68;1130.41;10;0.75;stop
151;1474.45;1668.66;1475.15;1656.18;1447.18;1654.59;1446.47;1667.07;10;0.79;stop
153;1953.93;231.94;1954.23;204.13;1941.57;204.0;1941.27;231.8;10;0.81;stop
154;1957.97;387.24;1975.47;370.53;1967.34;362.01;1949.84;378.72;10;0.8;stop
155;1852.71;813.79;1852.75;781.48;1839.54;781.46;1839.5;813.77;10;0.79;move
156;1891.83;1129.71;1905.18;1124.8;1893.98;1094.41;1880.64;1099.33;10;0.81;move
157;1560.27;1161.12;1560.7;1148.37;1531.23;1147.38;1530.8;1160.13;10;0.82;stop
158;1832.2;1012.1;1834.53;982.43;1821.43;981.4;1819.1;1011.07;10;0.79;stop
159;2207.08;1149.79;2207.38;1137.95;2182.85;1137.33;2182.55;1149.17;10;0.77;stop
160;2118.08;1167.74;2118.28;1154.69;2090.17;1154.26;2089.97;1167.31;10;0.79;stop
161;2739.58;1257.01;2740.81;1243.64;2706.35;1240.49;2705.13;1253.86;10;0.8;stop
162;786.72;1668.71;787.01;1656.31;759.88;1655.66;759.58;1668.07;10;0.8;stop
163;3246.56;1303.62;3247.71;1272.29;3231.57;1271.7;3230.41;1303.02;10;0.8;move
164;1332.04;53.31;1332.47;41.03;1304.96;40.06;1304.53;52.34;10;0.81;stop
165;1969.82;798.91;1982.03;798.51;1981.18;772.72;1968.97;773.12;10;0.8;stop
166;1971.14;833.69;1984.71;833.52;1984.36;805.43;1970.79;805.6;10;0.8;stop
168;2535.6;711.15;2547.99;711.11;2547.9;685.53;2535.51;685.58;10;0.78;stop
169;1677.21;1180.88;1677.38;1167.38;1648.29;1167.0;1648.12;1180.5;10;0.82;stop
170;2707.8;1133.06;2709.15;1120.87;2682.18;1117.88;2680.83;1130.07;10;0.79;stop
171;2482.52;1751.82;2485.27;1717.66;2471.61;1716.55;2468.85;1750.72;10;0.8;stop
172;1297.9;54.55;1298.03;42.46;1273.85;42.2;1273.72;54.29;10;0.8;stop
174;1830.74;326.9;1845.22;326.72;1844.82;295.22;1830.34;295.41;10;0.81;stop
175;1815.88;385.42;1827.86;385.24;1827.48;359.33;1815.5;359.51;10;0.78;stop
176;2571.09;632.6;2596.94;630.01;2595.66;617.27;2569.81;619.87;10;0.8;stop
177;557.61;1421.04;559.65;1408.24;530.83;1403.65;528.79;1416.45;10;0.8;stop
178;1045.38;1205.98;1046.55;1192.76;1018.43;1190.27;1017.26;1203.49;10;0.8;stop
179;2082.48;1166.72;2083.13;1153.36;2053.02;1151.9;2052.37;1165.27;10;0.8;stop
180;3139.13;1070.45;3165.56;1062.21;3161.81;1050.17;3135.38;1058.41;10;0.8;stop
181;3301.74;1074.26;3317.71;1049.79;3306.7;1042.61;3290.73;1067.08;10;0.79;stop
183;1969.47;768.06;1982.47;767.62;1981.53;739.44;1968.53;739.88;10;0.8;stop
184;1857.32;528.21;1872.24;527.81;1871.4;496.67;1856.48;497.07;10;0.79;stop
185;1956.23;549.3;1968.67;548.84;1967.68;521.7;1955.24;522.16;10;0.79;stop
186;1871.2;948.35;1882.7;947.92;1881.8;923.65;1870.3;924.08;10;0.78;move
187;1049.21;692.77;1050.47;681.13;1026.98;678.6;1025.72;690.24;10;0.79;stop
188;1126.67;699.84;1128.17;687.12;1098.96;683.67;1097.46;696.4;10;0.78;stop
189;1980.7;1276.97;1993.69;1276.56;1992.8;1248.66;1979.81;1249.07;10;0.79;stop
190;2479.13;1116.27;2479.55;1104.25;2453.62;1103.35;2453.2;1115.38;10;0.82;stop
191;2225.28;1131.34;2225.41;1118.97;2196.72;1118.66;2196.59;1131.03;10;0.75;stop
192;2602.94;1244.34;2603.05;1232.01;2578.44;1231.78;2578.33;1244.11;10;0.77;stop
194;1795.77;2154.39;1810.45;2129.15;1799.63;2122.86;1784.95;2148.1;10;0.79;stop
195;1851.67;157.22;1864.13;157.21;1864.11;131.9;1851.65;131.91;10;0.82;stop
196;1831.98;586.2;1832.48;560.12;1820.8;559.89;1820.3;585.98;10;0.79;stop
197;465.69;1075.94;466.11;1064.34;440.87;1063.43;440.45;1075.03;10;0.79;stop
198;1841.41;582.18;1854.28;582.1;1854.12;555.75;1841.25;555.83;10;0.8;stop
199;1733.17;1203.34;1733.44;1189.0;1701.45;1188.41;1701.19;1202.75;10;0.8;stop
200;2252.04;1233.78;2252.07;1221.02;2226.77;1220.97;2226.74;1233.73;10;0.79;stop
201;2987.51;1191.97;2990.06;1179.99;2963.27;1174.28;2960.72;1186.26;10;0.84;stop
202;748.8;1666.69;749.33;1654.23;724.67;1653.19;724.14;1665.65;10;0.79;stop
203;3633.61;1321.8;3638.39;1307.94;3607.64;1297.34;3602.86;1311.2;10;0.8;stop
204;2118.73;288.37;2128.69;282.26;2115.77;261.19;2105.81;267.3;10;0.79;stop
205;1850.38;208.77;1863.13;208.52;1862.59;181.04;1849.84;181.29;10;0.81;stop
206;1932.14;1417.73;1945.98;1416.0;1941.99;1384.08;1928.15;1385.81;10;0.82;move
207;702.68;1109.52;703.01;1097.1;677.32;1096.42;676.99;1108.83;10;0.76;move
208;1479.07;1159.85;1479.41;1148.3;1452.68;1147.52;1452.34;1159.07;10;0.8;stop
209;3296.6;1015.0;3315.82;994.74;3306.21;985.63;3286.99;1005.88;10;0.78;stop
210;3673.64;1443.6;3677.38;1430.91;3648.23;1422.34;3644.5;1435.03;10;0.8;stop
211;1809.41;53.75;1821.13;53.68;1820.97;26.68;1809.24;26.75;10;0.79;stop
212;1965.93;455.14;1975.98;449.7;1964.82;429.11;1954.77;434.55;10;0.78;stop
213;1886.6;802.66;1899.8;801.97;1898.37;774.59;1885.17;775.28;10;0.78;move
214;1925.39;1311.5;1938.12;1309.52;1933.27;1278.25;1920.54;1280.23;10;0.8;move
215;1953.5;1034.86;1965.75;1033.99;1963.75;1005.89;1951.5;1006.76;10;0.74;move
216;1650.2;1219.14;1651.81;1206.42;1624.67;1202.99;1623.07;1215.71;10;0.82;stop
217;2431.93;1116.12;2432.22;1103.03;2402.94;1102.38;2402.65;1115.47;10;0.81;stop
218;2169.94;1147.82;2170.24;1136.57;2146.31;1135.93;2146.01;1147.18;10;0.78;stop
219;2329.0;1235.9;2329.31;1222.92;2300.0;1222.22;2299.69;1235.21;10;0.79;stop
221;2660.64;1386.67;2689.52;1386.6;2689.49;1373.52;2660.61;1373.59;10;0.78;stop
222;1903.43;272.15;1916.14;271.78;1915.29;242.54;1902.58;242.91;10;0.78;move
223;2822.39;1266.66;2823.92;1252.83;2794.64;1249.59;2793.11;1263.42;10;0.77;stop
224;1974.58;1638.88;1975.06;1611.46;1962.92;1611.25;1962.44;1638.66;10;0.79;stop
225;1830.88;2084.48;1841.98;2058.19;1830.34;2053.27;1819.23;2079.56;10;0.8;stop
226;1641.4;1123.24;1668.61;1122.7;1668.35;1109.89;1641.14;1110.43;10;0.75;move
227;2902.07;1402.03;2908.95;1390.09;2878.93;1372.78;2872.05;1384.72;10;0.79;stop
228;2956.94;1167.34;2958.94;1155.64;2932.43;1151.1;2930.43;1162.8;10;0.78;stop
229;3196.47;1421.05;3207.01;1392.0;3192.59;1386.76;3182.05;1415.82;10;0.79;stop
230;1900.62;2038.94;1912.42;2009.43;1899.63;2004.31;1887.83;2033.82;10;0.79;stop
231;3405.83;1307.31;3409.14;1293.07;3377.92;1285.81;3374.61;1300.05;10;0.81;stop
232;1852.21;430.61;1854.58;404.07;1842.76;403.01;1840.39;429.56;10;0.78;stop
233;1958.9;498.58;1973.06;497.69;1971.19;467.8;1957.03;468.68;10;0.79;stop
234;437.0;1074.48;437.1;1063.23;411.9;1063.02;411.81;1074.27;10;0.8;stop
235;1560.37;1097.23;1561.26;1084.97;1534.51;1083.02;1533.61;1095.28;10;0.79;stop
236;226.36;1103.49;250.97;1103.2;250.83;1091.2;226.22;1091.49;10;0.8;move
237;1960.19;956.62;1973.22;956.5;1972.99;932.26;1959.97;932.38;10;0.79;stop
238;2641.63;1416.56;2655.31;1415.63;2653.37;1386.94;2639.69;1387.87;10;0.78;stop
239;2491.77;1615.0;2494.1;1585.59;2480.35;1584.5;2478.03;1613.91;10;0.77;stop
240;3353.22;1257.31;3356.24;1244.28;3326.47;1237.38;3323.45;1250.41;10;0.8;stop
241;1817.62;464.29;1830.36;463.96;1829.63;435.71;1816.89;436.04;10;0.79;stop
242;1891.72;1008.24;1904.2;1007.99;1903.66;980.76;1891.17;981.01;10;0.75;move
243;1898.62;1075.44;1911.27;1073.67;1907.44;1046.31;1894.79;1048.08;10;0.73;move
244;1797.09;312.66;1810.48;312.04;1809.28;285.84;1795.89;286.46;10;0.8;stop
245;129.38;1586.78;129.73;1575.22;104.88;1574.47;104.53;1586.03;10;0.76;stop
246;2463.49;1238.96;2463.67;1225.18;2434.39;1224.79;2434.21;1238.57;10;0.78;stop
247;2769.16;1259.65;2770.45;1247.36;2744.09;1244.6;2742.8;1256.89;10;0.8;stop
248;1950.07;95.72;1962.82;95.21;1961.74;68.53;1948.99;69.04;10;0.79;stop
249;1860.82;448.54;1873.53;448.26;1872.96;422.21;1860.25;422.49;10;0.72;stop
250;1433.92;1094.68;1433.95;1082.29;1404.46;1082.2;1404.42;1094.59;10;0.79;stop
251;1404.84;1701.98;1406.28;1690.8;1381.78;1687.65;1380.35;1698.82;10;0.77;stop
252;1165.09;1912.01;1166.03;1885.35;1152.41;1884.87;1151.47;1911.53;10;0.79;stop
253;1828.93;245.43;1841.58;245.15;1841.0;219.75;1828.36;220.04;10;0.8;stop
254;1869.38;569.92;1881.39;568.37;1878.18;543.55;1866.17;545.1;10;0.8;stop
255;1813.28;834.71;1827.94;834.02;1826.57;804.42;1811.9;805.1;10;0.79;stop
256;594.2;624.99;596.73;614.01;573.92;608.76;571.39;619.74;10;0.8;stop
257;1752.85;1202.7;1776.42;1202.45;1776.28;1189.05;1752.71;1189.3;10;0.78;stop
258;1917.58;1528.56;1929.08;1527.88;1927.67;1503.88;1916.17;1504.55;10;0.79;stop
259;1216.18;1562.4;1219.88;1535.19;1208.19;1533.6;1204.5;1560.81;10;0.79;stop
260;2912.99;1259.32;2916.11;1245.5;2883.76;1238.18;2880.64;1252.0;10;0.81;move
261;3422.02;1273.64;3425.81;1261.57;3398.29;1252.92;3394.5;1265.0;10;0.81;stop
262;477.46;1617.29;478.63;1605.63;452.54;1603.02;451.37;1614.68;10;0.78;stop
263;1236.71;1693.48;1237.47;1680.74;1212.98;1679.27;1212.21;1692.01;10;0.78;stop
264;1842.59;735.6;1854.89;735.47;1854.63;710.02;1842.33;710.15;10;0.81;move
265;1885.86;737.76;1898.77;736.59;1896.58;712.36;1883.67;713.53;10;0.81;move
267;1888.2;897.3;1903.5;897.09;1903.05;864.45;1887.75;864.66;10;0.82;move
268;122.79;1089.88;123.58;1077.51;95.88;1075.75;95.09;1088.11;10;0.83;stop
269;1972.32;868.2;1983.55;868.01;1983.18;845.18;1971.95;845.36;10;0.79;stop
270;1404.87;1160.01;1405.01;1147.67;1377.25;1147.37;1377.12;1159.71;10;0.8;stop
271;1222.43;1521.72;1227.33;1493.27;1214.32;1491.03;1209.42;1519.48;10;0.78;stop
272;1374.44;1095.41;1374.93;1082.54;1346.94;1081.46;1346.44;1094.34;10;0.8;stop
273;2335.07;1236.36;2363.89;1235.9;2363.68;1222.89;2334.86;1223.35;10;0.78;stop
274;2501.29;1239.23;2501.73;1226.7;2471.96;1225.65;2471.52;1238.17;10;0.8;stop
275;1966.65;1353.84;1977.6;1353.66;1977.22;1330.41;1966.27;1330.59;10;0.79;stop
276;1804.42;1721.92;1805.29;1710.23;1777.76;1708.2;1776.9;1719.89;10;0.79;stop
277;3185.14;1453.75;3193.89;1424.99;3179.54;1420.63;3170.79;1449.38;10;0.79;stop
278;1819.4;622.21;1831.31;621.67;1830.1;595.04;1818.19;595.58;10;0.8;stop
279;1807.67;270.24;1808.0;245.16;1796.6;245.01;1796.27;270.09;10;0.77;stop
280;2684.11;666.4;2715.71;665.97;2715.52;652.1;2683.92;652.53;10;0.79;stop
281;2149.22;1110.98;2149.39;1098.84;2125.78;1098.52;2125.61;1110.66;10;0.76;stop
282;1692.78;1201.85;1693.27;1189.86;1666.47;1188.77;1665.98;1200.76;10;0.79;stop
284;2532.43;578.41;2544.39;578.37;2544.32;555.59;2532.36;555.63;10;0.77;stop
285;701.05;1239.73;701.36;1227.57;672.39;1226.84;672.08;1238.99;10;0.78;stop
286;571.77;1078.16;572.01;1065.52;542.92;1064.96;542.68;1077.6;10;0.79;stop
287;1439.83;930.88;1440.72;917.34;1408.67;915.25;1407.78;928.79;10;0.78;stop
288;1689.56;1219.09;1689.99;1207.35;1664.06;1206.41;1663.64;1218.15;10;0.79;stop
289;2094.28;1230.49;2094.61;1217.14;2063.72;1216.38;2063.39;1229.74;10;0.79;stop
290;3523.39;680.34;3532.68;652.09;3519.11;647.63;3509.82;675.88;10;0.74;stop
291;3580.94;1052.9;3613.9;1051.72;3613.44;1038.66;3580.47;1039.84;10;0.76;stop
292;748.7;2007.6;750.16;1981.19;738.18;1980.52;736.72;2006.94;10;0.79;stop
293;2812.65;1397.14;2814.37;1384.6;2788.35;1381.05;2786.63;1393.59;10;0.78;stop
294;1210.08;58.48;1238.31;57.64;1237.92;44.46;1209.69;45.3;10;0.78;stop
295;1826.68;129.04;1839.91;128.93;1839.69;103.27;1826.47;103.38;10;0.8;stop
296;1088.83;694.85;1089.96;683.6;1064.42;681.02;1063.29;692.28;10;0.79;stop
297;1698.18;1162.94;1698.5;1150.68;1674.57;1150.06;1674.25;1162.32;10;0.79;stop
298;1961.73;1289.3;1974.43;1288.87;1973.52;1262.2;1960.82;1262.63;10;0.75;stop
299;2059.62;1345.57;2085.4;1344.5;2084.88;1331.93;2059.1;1333.0;10;0.79;stop
300;1976.92;1559.38;1977.08;1532.19;1965.27;1532.12;1965.1;1559.31;10;0.78;stop
301;3283.64;1105.46;3299.69;1077.08;3286.36;1069.54;3270.31;1097.92;10;0.79;stop
302;3264.18;1139.35;3277.88;1114.72;3265.51;1107.84;3251.81;1132.47;10;0.71;stop
303;1330.11;1660.43;1331.32;1649.71;1308.02;1647.07;1306.81;1657.79;10;0.78;stop
304;1976.91;1427.58;1977.41;1402.59;1965.84;1402.36;1965.34;1427.35;10;0.79;stop
305;1404.3;53.41;1404.51;41.0;1376.7;40.53;1376.49;52.94;10;0.79;stop
306;1813.39;352.18;1824.88;351.81;1824.07;327.32;1812.58;327.69;10;0.78;stop
307;1843.09;681.0;1857.18;680.33;1855.91;653.25;1841.82;653.92;10;0.81;stop
308;1825.47;772.3;1837.41;771.57;1835.74;744.2;1823.8;744.93;10;0.79;stop
309;162.54;1091.6;162.77;1078.27;133.71;1077.78;133.48;1091.11;10;0.78;stop
310;259.81;1175.08;260.22;1162.02;233.32;1161.17;232.91;1174.23;10;0.78;stop
311;732.48;1193.25;759.09;1193.23;759.08;1181.44;732.47;1181.46;10;0.77;stop
312;596.75;1113.19;596.98;1099.86;565.75;1099.31;565.52;1112.64;10;0.8;move
313;1834.67;1395.81;1845.42;1392.68;1838.64;1369.44;1827.89;1372.57;10;0.78;stop
314;1339.37;1699.35;1340.32;1686.66;1313.38;1684.65;1312.43;1697.34;10;0.79;stop
315;2272.66;1384.38;2273.93;1369.19;2232.03;1365.68;2230.76;1380.87;9;0.77;stop
316;293.83;1068.58;294.85;1056.25;266.8;1053.92;265.77;1066.25;10;0.77;stop
317;1931.87;1138.69;1942.1;1130.86;1923.69;1106.81;1913.46;1114.64;10;0.83;move
318;1899.89;1303.32;1911.37;1301.45;1907.11;1275.18;1895.63;1277.05;10;0.79;stop
319;3584.85;595.17;3616.76;591.62;3615.15;577.17;3583.24;580.72;10;0.76;stop
320;814.82;1634.11;815.7;1622.35;790.98;1620.51;790.1;1632.27;10;0.77;stop
321;1958.37;345.49;1969.88;345.15;1969.19;321.64;1957.68;321.98;10;0.79;stop
322;767.92;1015.85;768.29;1004.39;742.19;1003.53;741.81;1014.98;10;0.78;stop
323;52.66;1068.63;52.81;1056.07;24.74;1055.75;24.6;1068.3;10;0.76;stop
324;910.42;1085.15;937.84;1084.79;937.67;1071.48;910.25;1071.83;10;0.78;stop
325;1354.63;1215.59;1380.67;1214.72;1380.24;1202.04;1354.21;1202.9;10;0.79;stop
326;680.72;1663.47;681.28;1651.89;654.28;1650.59;653.72;1662.17;10;0.79;stop
327;1841.88;1510.13;1870.93;1505.43;1868.83;1492.49;1839.79;1497.2;10;0.77;stop
328;1793.19;40.32;1805.25;40.0;1804.56;14.24;1792.5;14.56;10;0.79;stop
329;2527.71;187.41;2527.75;161.92;2515.29;161.9;2515.25;187.39;10;0.77;stop
330;2557.47;218.48;2581.2;218.4;2581.16;207.33;2557.43;207.41;10;0.77;stop
331;2525.85;480.06;2538.07;479.72;2537.4;455.94;2525.18;456.28;10;0.75;stop
332;1978.32;668.05;1981.8;655.68;1955.15;648.2;1951.67;660.57;10;0.81;stop
333;2536.55;747.05;2549.29;747.02;2549.2;717.13;2536.46;717.17;10;0.78;stop
334;1477.07;938.42;1478.47;926.14;1450.18;922.89;1448.78;935.17;10;0.77;stop
335;1512.63;989.64;1514.9;964.38;1503.5;963.36;1501.22;988.62;10;0.77;stop
336;1509.75;1027.29;1513.02;995.6;1500.75;994.34;1497.48;1026.02;10;0.79;stop
337;1016.19;1111.66;1016.2;1098.06;984.44;1098.03;984.43;1111.63;10;0.82;move
338;1984.63;1326.57;1998.06;1326.07;1996.94;1295.8;1983.5;1296.3;10;0.78;stop
339;1091.77;65.45;1091.92;54.11;1068.23;53.8;1068.08;65.14;10;0.78;stop
340;2880.94;199.65;2905.17;198.37;2904.56;186.78;2880.33;188.07;10;0.75;stop
341;2544.75;612.4;2545.27;584.83;2533.13;584.6;2532.6;612.17;10;0.77;stop
342;2728.95;625.28;2757.94;623.82;2757.3;611.09;2728.31;612.55;10;0.79;stop
343;116.98;1105.68;117.29;1093.46;89.27;1092.75;88.96;1104.97;10;0.82;move
344;1820.57;652.6;1832.18;652.34;1831.65;628.49;1820.04;628.75;10;0.77;stop
345;1963.68;1321.66;1975.14;1321.07;1973.82;1295.65;1962.36;1296.25;10;0.78;stop
346;733.04;2007.15;734.0;1977.98;722.5;1977.6;721.53;2006.77;10;0.78;stop
347;1180.36;1209.57;1180.52;1197.37;1152.14;1197.0;1151.98;1209.2;10;0.78;stop
348;722.27;1247.61;723.16;1221.26;710.23;1220.82;709.34;1247.18;10;0.75;stop
350;1479.99;1094.37;1480.06;1082.64;1455.13;1082.51;1455.07;1094.23;10;0.78;stop
351;2657.57;1248.92;2658.38;1235.73;2629.55;1233.95;2628.74;1247.15;10;0.74;stop
352;1724.65;1221.75;1725.41;1208.84;1696.48;1207.12;1695.71;1220.04;10;0.77;stop
353;3321.51;1077.96;3331.2;1056.2;3319.74;1051.1;3310.05;1072.86;10;0.78;stop
354;2002.03;1642.86;2002.32;1611.89;1989.47;1611.77;1989.18;1642.74;10;0.77;stop
355;1374.6;1701.12;1375.37;1689.06;1349.02;1687.38;1348.25;1699.44;10;0.76;stop
356;87.19;1088.86;88.56;1077.05;61.75;1073.96;60.39;1085.76;10;0.82;stop
357;1544.74;1112.02;1546.14;1100.03;1524.26;1097.48;1522.86;1109.47;10;0.78;stop
358;1778.17;1222.87;1805.37;1222.06;1804.96;1208.25;1777.76;1209.06;10;0.77;stop
359;2198.55;1111.44;2199.18;1099.35;2174.52;1098.06;2173.88;1110.15;10;0.77;stop
360;3623.42;1052.45;3652.07;1051.4;3651.58;1038.17;3622.93;1039.23;10;0.77;stop
361;1954.84;167.59;1966.67;166.66;1964.66;141.22;1952.83;142.15;10;0.79;stop
362;1437.71;51.93;1437.99;39.8;1411.91;39.2;1411.63;51.33;10;0.78;stop
363;1774.29;188.76;1775.09;161.49;1762.33;161.12;1761.54;188.39;10;0.74;stop
364;1038.24;1091.75;1038.75;1080.53;1016.58;1079.5;1016.06;1090.72;10;0.8;stop
365;1223.58;1212.34;1223.63;1198.63;1196.86;1198.53;1196.81;1212.24;10;0.75;stop
366;1804.63;576.32;1817.0;576.2;1816.75;549.8;1804.37;549.92;10;0.78;stop
367;2649.18;1446.46;2652.11;1421.58;2639.07;1420.04;2636.14;1444.92;10;0.76;stop
368;2975.56;1541.17;2987.02;1535.71;2974.28;1508.98;2962.82;1514.45;10;0.76;stop
369;1612.19;1675.29;1612.44;1663.15;1585.06;1662.58;1584.81;1674.73;10;0.75;stop
370;1178.45;58.81;1204.41;58.57;1204.3;45.81;1178.34;46.05;10;0.77;stop
371;1522.83;862.06;1526.01;838.21;1514.67;836.69;1511.49;860.54;10;0.76;stop
372;2540.35;793.4;2552.55;793.2;2552.15;769.23;2539.95;769.43;10;0.73;stop
373;2245.73;1112.74;2246.01;1101.88;2221.83;1101.26;2221.55;1112.12;10;0.76;stop
374;2797.98;623.82;2826.56;623.3;2826.31;609.93;2797.74;610.45;10;0.77;stop
375;1296.0;1658.41;1296.13;1647.12;1271.25;1646.84;1271.12;1658.13;10;0.76;stop
376;289.98;1176.74;290.21;1162.77;262.67;1162.33;262.45;1176.29;10;0.77;stop
377;637.6;1188.92;637.8;1175.85;612.09;1175.46;611.89;1188.52;10;0.76;stop
378;1892.03;1272.98;1903.37;1269.94;1896.31;1243.64;1884.97;1246.69;10;0.78;stop
379;1932.76;917.33;1944.77;916.08;1941.93;888.86;1929.92;890.11;10;0.81;move
380;1984.45;1070.49;1996.45;1068.03;1990.93;1041.13;1978.92;1043.6;10;0.77;stop
381;3068.61;1313.97;3070.72;1301.11;3043.14;1296.59;3041.03;1309.45;10;0.76;stop
382;3405.27;1367.18;3409.99;1355.17;3384.11;1345.01;3379.39;1357.02;10;0.76;stop
383;2515.95;215.3;2528.22;215.28;2528.17;190.26;2515.9;190.29;10;0.75;stop
384;641.71;1079.41;670.05;1078.94;669.85;1066.53;641.51;1067.0;10;0.77;stop
385;1295.9;1160.58;1325.63;1160.0;1325.35;1145.67;1295.62;1146.25;10;0.77;stop
386;2516.29;1082.78;2529.27;1082.63;2528.96;1055.84;2515.98;1055.99;10;0.78;stop
387;2310.28;1115.18;2338.88;1112.9;2337.84;1099.95;2309.25;1102.23;10;0.76;stop
388;2864.86;621.15;2892.5;618.68;2891.39;606.27;2863.75;608.74;10;0.74;stop
389;512.64;1617.61;513.26;1606.01;486.74;1604.58;486.12;1616.18;10;0.72;stop
390;406.77;1074.79;406.78;1063.66;384.48;1063.64;384.47;1074.78;10;0.77;stop
391;136.46;1170.8;137.32;1157.05;106.83;1155.13;105.96;1168.88;10;0.73;stop
392;2763.32;623.89;2790.28;621.82;2789.3;609.11;2762.35;611.18;10;0.77;stop
393;2533.26;1240.28;2533.58;1228.62;2509.74;1227.97;2509.42;1239.62;10;0.76;stop
394;3135.72;1197.22;3164.05;1191.72;3161.46;1178.4;3133.14;1183.91;10;0.77;stop
395;3368.81;1363.68;3372.23;1350.58;3342.75;1342.88;3339.33;1355.98;10;0.79;stop
396;1303.63;1697.21;1304.7;1685.78;1279.37;1683.42;1278.3;1694.85;10;0.75;stop
397;1938.91;144.96;1949.55;144.71;1948.99;121.11;1938.36;121.36;10;0.76;stop
398;1841.39;621.73;1854.01;621.3;1853.01;592.14;1840.4;592.57;10;0.78;stop
399;1961.25;60.87;1962.28;36.37;1950.57;35.88;1949.53;60.38;10;0.73;stop
400;6.0;1087.69;33.95;1087.3;33.75;1073.25;5.81;1073.63;10;0.7;stop
401;1441.69;1158.28;1441.82;1144.85;1415.81;1144.59;1415.68;1158.02;10;0.75;stop
402;1361.35;1160.34;1361.58;1147.5;1335.27;1147.03;1335.04;1159.88;10;0.79;stop
403;1975.73;937.98;1988.07;937.36;1986.71;910.39;1974.37;911.01;10;0.76;stop
404;2920.98;619.93;2952.3;618.05;2951.52;605.15;2920.2;607.03;10;0.74;stop
405;1897.54;1937.02;1908.7;1900.43;1893.71;1895.86;1882.55;1932.44;9;0.76;stop
406;1365.52;52.61;1365.73;41.2;1342.35;40.77;1342.15;52.18;10;0.77;stop
407;2058.2;650.23;2086.94;649.28;2086.49;635.65;2057.75;636.6;10;0.75;stop
408;1975.51;1180.83;1983.64;1170.38;1961.99;1153.55;1953.86;1163.99;10;0.82;move
409;2831.39;622.41;2857.31;620.98;2856.66;609.23;2830.74;610.66;10;0.72;stop
410;2142.37;1381.56;2167.01;1379.72;2166.01;1366.25;2141.36;1368.09;10;0.75;stop
411;3526.02;1016.07;3526.12;1003.53;3499.61;1003.31;3499.5;1015.84;10;0.73;stop
412;2894.79;1175.62;2896.81;1162.96;2870.36;1158.75;2868.35;1171.41;10;0.83;stop
413;2000.93;1680.72;2001.07;1659.48;1990.57;1659.41;1990.43;1680.64;10;0.77;stop
414;3221.64;1470.07;3227.06;1458.04;3199.29;1445.55;3193.88;1457.59;10;0.76;stop
415;3003.59;1530.95;3020.07;1520.08;2986.66;1469.43;2970.18;1480.29;9;0.74;stop
416;2268.02;642.07;2292.69;641.38;2292.35;629.18;2267.68;629.87;10;0.69;stop
417;1212.32;1598.79;1215.37;1570.53;1203.05;1569.21;1200.01;1597.47;10;0.77;stop
418;2693.63;627.18;2723.99;625.98;2723.48;613.13;2693.12;614.33;10;0.75;stop
419;1164.27;1953.93;1165.47;1927.91;1152.67;1927.32;1151.47;1953.34;10;0.77;stop
420;3155.66;108.79;3169.82;108.71;3169.66;79.65;3155.49;79.73;10;0.75;stop
421;564.23;617.71;566.69;606.65;538.27;600.34;535.81;611.4;10;0.75;stop
422;803.53;1053.12;804.23;1024.68;792.1;1024.38;791.4;1052.82;10;0.76;stop
423;627.74;1227.44;631.77;1196.85;618.2;1195.06;614.16;1225.65;10;0.75;stop
424;1977.03;1021.86;1988.04;1021.12;1986.53;998.64;1975.52;999.38;10;0.73;stop
425;2088.01;1382.46;2117.37;1381.33;2116.87;1368.17;2087.5;1369.29;10;0.76;stop
426;3232.26;1413.05;3251.77;1389.19;3240.24;1379.76;3220.73;1403.62;10;0.75;stop
427;1166.3;1846.47;1168.26;1821.12;1154.95;1820.09;1152.98;1845.44;10;0.78;stop
428;1708.81;1681.44;1709.82;1668.78;1682.13;1666.56;1681.12;1679.22;10;0.77;stop
429;1312.37;91.36;1312.64;77.96;1284.13;77.39;1283.86;90.79;10;0.78;stop
430;157.08;1070.93;175.99;1056.31;168.7;1046.88;149.79;1061.51;10;0.71;stop
431;1003.41;1086.57;1003.66;1073.93;978.47;1073.43;978.22;1086.07;10;0.75;stop
432;1116.32;1088.54;1116.78;1075.81;1089.8;1074.84;1089.34;1087.56;10;0.76;stop
433;1610.03;1097.69;1636.98;1097.13;1636.72;1084.81;1609.77;1085.37;10;0.78;stop
434;1933.18;2021.25;1943.79;1995.51;1931.66;1990.5;1921.05;2016.24;10;0.76;stop
435;939.14;683.82;940.46;671.26;913.45;668.43;912.13;680.99;10;0.76;stop
436;2185.18;237.19;2215.39;236.08;2214.89;222.37;2184.67;223.48;10;0.72;stop
437;973.8;1086.57;973.97;1073.81;945.26;1073.43;945.09;1086.19;10;0.78;stop
438;3439.54;784.86;3449.31;759.06;3436.08;754.05;3426.31;779.84;10;0.72;stop
439;3544.62;1053.88;3574.4;1052.57;3573.82;1039.56;3544.04;1040.87;10;0.75;stop
440;1064.25;1648.36;1064.95;1636.89;1042.31;1635.52;1041.62;1646.98;10;0.76;stop
442;1793.49;72.4;1805.43;72.27;1805.15;45.73;1793.22;45.85;10;0.77;stop
443;3068.94;190.79;3097.87;188.65;3096.81;174.28;3067.88;176.41;10;0.77;stop
444;2437.24;226.95;2465.02;224.9;2464.01;211.24;2436.23;213.29;10;0.74;stop
445;3412.64;170.85;3443.61;168.2;3442.36;153.53;3411.39;156.18;10;0.73;stop
446;1228.13;1177.18;1256.5;1177.05;1256.44;1163.95;1228.07;1164.08;10;0.75;move
447;2636.67;630.18;2664.86;628.18;2663.96;615.47;2635.76;617.47;10;0.75;stop
448;2344.83;1380.5;2345.4;1368.07;2316.8;1366.75;2316.22;1379.18;10;0.76;stop
449;714.09;1665.07;714.66;1653.04;688.41;1651.81;687.84;1663.84;10;0.77;stop
450;2364.95;1113.36;2365.13;1102.14;2341.68;1101.77;2341.5;1112.98;10;0.74;stop
451;2174.0;1231.63;2174.23;1219.08;2149.0;1218.62;2148.77;1231.17;10;0.78;stop
452;3449.1;1018.75;3449.23;1005.57;3420.9;1005.31;3420.77;1018.49;10;0.76;stop
453;3075.86;1076.89;3110.65;1075.73;3110.14;1060.61;3075.35;1061.77;10;0.74;stop
454;2608.47;215.66;2637.43;214.73;2637.03;202.28;2608.07;203.21;10;0.75;stop
455;3574.16;1016.57;3574.44;1002.49;3543.34;1001.87;3543.06;1015.95;10;0.74;stop
456;540.99;1620.1;542.24;1609.63;518.39;1606.78;517.14;1617.25;10;0.73;stop
457;3162.05;1467.34;3173.53;1435.79;3157.64;1430.01;3146.16;1461.56;10;0.75;stop
458;1973.79;262.24;2001.47;258.39;1999.71;245.7;1972.03;249.55;10;0.72;stop
459;1011.57;688.55;1012.78;676.2;988.39;673.82;987.19;686.17;10;0.79;stop
460;2527.94;550.62;2541.1;550.05;2539.81;520.38;2526.65;520.95;10;0.76;stop
461;3055.43;612.77;3081.88;610.94;3081.07;599.14;3054.62;600.96;10;0.74;stop
462;3198.03;1095.57;3213.38;1089.78;3201.34;1057.87;3185.99;1063.66;10;0.73;stop
463;1971.61;1912.11;1977.99;1872.83;1961.39;1870.14;1955.01;1909.42;10;0.79;stop
464;1860.46;890.87;1860.5;865.27;1849.13;865.26;1849.09;890.85;10;0.78;move
465;3370.93;601.31;3397.92;599.03;3396.88;586.74;3369.89;589.02;10;0.73;stop
466;1670.42;1099.4;1670.55;1086.73;1644.95;1086.48;1644.83;1099.14;10;0.78;stop
467;2434.9;1381.59;2435.01;1369.24;2410.1;1369.03;2409.99;1381.38;10;0.73;stop
468;3471.48;600.37;3501.83;599.97;3501.65;586.27;3471.3;586.67;10;0.73;stop
469;2859.97;1190.25;2861.91;1177.35;2835.53;1173.38;2833.59;1186.27;10;0.79;move
470;1438.98;1704.9;1440.16;1692.9;1414.02;1690.35;1412.84;1702.35;10;0.74;stop
471;1912.32;1471.86;1927.83;1469.95;1922.72;1428.39;1907.2;1430.3;9;0.76;stop
472;3565.05;161.75;3599.36;159.39;3598.39;145.28;3564.08;147.64;10;0.73;stop
473;101.75;1167.9;101.91;1155.61;72.16;1155.22;72.0;1167.52;10;0.72;stop
474;2141.79;1231.43;2141.96;1218.07;2112.96;1217.69;2112.79;1231.05;10;0.76;stop
475;3831.18;1008.73;3831.51;994.37;3805.69;993.77;3805.36;1008.13;10;0.63;stop
476;263.55;1639.91;265.0;1627.59;238.48;1624.46;237.03;1636.78;10;0.69;stop
477;1795.08;102.45;1806.82;102.3;1806.51;77.55;1794.77;77.7;10;0.76;stop
478;1659.87;1198.77;1660.58;1186.58;1635.26;1185.1;1634.55;1197.29;10;0.8;stop
479;3306.93;1107.53;3318.32;1085.43;3307.14;1079.66;3295.74;1101.75;10;0.75;stop
480;1694.35;1719.41;1695.71;1706.51;1671.65;1703.97;1670.29;1716.87;10;0.69;stop
481;2525.53;125.52;2525.92;98.54;2512.97;98.35;2512.58;125.33;10;0.76;stop
482;2154.8;236.44;2178.23;235.53;2177.77;223.68;2154.33;224.6;10;0.71;stop
484;234.55;1070.85;234.78;1058.69;210.06;1058.22;209.83;1070.37;10;0.73;stop
485;3630.67;1396.44;3633.68;1384.29;3610.58;1378.56;3607.57;1390.71;10;0.74;move
486;3619.93;591.28;3647.87;590.66;3647.57;577.43;3619.63;578.05;10;0.73;stop
487;3271.77;1036.34;3291.44;1018.35;3282.3;1008.35;3262.62;1026.34;10;0.71;stop
488;1544.97;1768.94;1545.89;1755.57;1515.03;1753.44;1514.11;1766.8;10;0.67;stop
489;838.62;1671.67;839.4;1659.98;814.71;1658.33;813.93;1670.02;10;0.75;stop
490;2807.07;1141.23;2808.48;1128.33;2783.94;1125.65;2782.53;1138.55;10;0.73;stop
491;1880.09;1691.16;1880.96;1679.9;1859.03;1678.22;1858.17;1689.47;10;0.76;stop
492;1901.24;1892.4;1905.1;1869.22;1893.85;1867.35;1889.99;1890.53;10;0.77;stop
493;1544.02;1218.16;1570.26;1217.57;1569.98;1205.09;1543.74;1205.68;10;0.76;stop
494;2953.58;617.9;2983.72;617.64;2983.61;604.37;2953.47;604.62;10;0.74;stop
495;1780.02;1684.81;1781.08;1673.44;1755.62;1671.07;1754.56;1682.44;10;0.78;stop
496;2849.13;202.76;2876.24;201.45;2875.62;188.74;2848.51;190.05;10;0.71;stop
498;705.56;2005.51;717.9;2005.35;717.56;1978.87;705.23;1979.02;10;0.74;stop
499;1065.81;1044.09;1065.81;1015.79;1053.12;1015.79;1053.12;1044.09;10;0.73;stop
500;2438.17;637.68;2464.85;636.19;2464.2;624.57;2437.52;626.06;10;0.71;stop
501;2920.5;1458.72;2930.27;1447.9;2903.25;1423.53;2893.48;1434.35;10;0.74;stop
502;168.41;1041.51;173.81;1016.2;161.12;1013.49;155.72;1038.8;10;0.72;stop
503;2487.49;1702.37;2488.18;1675.22;2474.51;1674.88;2473.82;1702.03;10;0.74;stop
504;2915.92;201.04;2942.95;197.95;2941.58;185.96;2914.55;189.05;10;0.66;stop
505;3190.51;1172.99;3205.65;1146.04;3192.93;1138.89;3177.78;1165.83;10;0.73;stop
506;2476.81;1823.02;2477.76;1798.81;2466.07;1798.36;2465.12;1822.56;10;0.73;stop
507;2075.95;239.68;2104.86;239.0;2104.55;226.07;2075.64;226.75;10;0.73;stop
508;984.96;686.99;985.85;675.18;958.75;673.13;957.86;684.95;10;0.77;stop
509;2091.35;646.49;2114.39;645.52;2113.9;633.76;2090.86;634.73;10;0.75;stop
510;2514.08;159.25;2526.99;158.59;2525.55;130.43;2512.64;131.09;10;0.75;stop
511;609.04;1660.08;609.88;1648.3;584.4;1646.48;583.56;1658.26;10;0.72;stop
512;257.61;138.01;287.83;136.47;287.08;121.68;256.85;123.22;10;0.69;stop
513;2357.54;227.89;2357.55;214.25;2327.71;214.23;2327.7;227.87;10;0.68;stop
514;1860.78;488.11;1873.3;487.73;1872.44;459.14;1859.92;459.52;10;0.75;stop
515;2599.83;630.57;2627.4;628.71;2626.54;615.93;2598.97;617.79;10;0.75;stop
516;1505.08;1216.62;1531.61;1215.96;1531.3;1203.25;1504.76;1203.92;10;0.74;stop
517;1482.04;1705.45;1482.82;1693.89;1455.33;1692.05;1454.56;1703.61;10;0.71;stop
518;2738.3;1356.65;2738.46;1344.64;2710.8;1344.28;2710.65;1356.29;10;0.72;stop
519;2766.81;206.35;2794.4;204.75;2793.69;192.46;2766.1;194.06;10;0.68;stop
520;3303.83;178.17;3337.53;175.85;3336.48;160.74;3302.79;163.06;10;0.72;stop
521;587.64;1623.55;588.57;1611.98;562.67;1609.89;561.74;1621.46;10;0.69;stop
522;714.95;1629.66;715.84;1618.75;693.18;1616.9;692.29;1627.81;10;0.74;stop
523;1824.71;170.34;1839.79;170.18;1839.42;134.54;1824.34;134.69;10;0.8;stop
524;2362.89;639.99;2389.56;638.37;2388.74;624.79;2362.07;626.41;10;0.74;stop
525;3441.51;880.76;3451.14;854.36;3438.81;849.87;3429.18;876.26;10;0.73;stop
526;3277.8;1167.36;3287.67;1142.94;3275.33;1137.95;3265.45;1162.37;10;0.71;stop
527;351.17;1180.96;378.97;1180.38;378.67;1166.54;350.88;1167.12;10;0.74;stop
528;225.42;139.57;250.94;137.91;250.12;125.28;224.6;126.94;10;0.64;stop
529;2125.79;647.0;2154.35;645.49;2153.71;633.25;2125.15;634.76;10;0.73;stop
530;2495.59;1565.9;2496.64;1537.34;2483.29;1536.85;2482.24;1565.41;10;0.74;stop
531;2481.74;1793.55;2484.0;1756.74;2469.01;1755.82;2466.75;1792.63;10;0.69;stop
532;1946.22;40.23;1946.36;21.16;1935.03;21.08;1934.89;40.15;10;0.69;stop
533;405.45;1649.85;406.2;1636.81;377.36;1635.15;376.61;1648.19;10;0.68;stop
534;292.59;133.15;320.42;131.37;319.6;118.57;291.77;120.35;10;0.66;stop
535;1344.17;88.51;1369.65;87.86;1369.33;75.74;1343.85;76.39;10;0.73;stop
536;1225.1;1096.32;1225.69;1076.32;1177.9;1074.93;1177.31;1094.93;9;0.76;stop
537;3635.62;1270.85;3650.94;1270.71;3650.63;1238.83;3635.31;1238.98;10;0.69;stop
538;2474.37;1908.83;2475.31;1871.54;2460.63;1871.17;2459.69;1908.46;10;0.72;stop
539;3759.48;1009.34;3789.72;1008.21;3789.27;995.97;3759.03;997.1;10;0.69;stop
540;1973.39;2160.58;1973.84;2137.15;1961.86;2136.92;1961.41;2160.35;10;0.64;stop
541;824.79;86.45;825.03;74.36;799.71;73.86;799.47;85.95;10;0.71;stop
542;55.57;1615.39;56.78;1602.89;29.39;1600.23;28.18;1612.74;10;0.72;stop
543;3227.65;1038.64;3237.78;1029.74;3218.6;1007.92;3208.47;1016.83;10;0.72;stop
544;3290.18;1136.84;3302.25;1113.26;3291.07;1107.54;3279.0;1131.11;10;0.72;stop
545;2524.92;407.51;2536.44;407.32;2536.08;385.61;2524.56;385.8;10;0.68;stop
546;3104.48;1323.29;3107.12;1310.04;3078.34;1304.29;3075.69;1317.54;10;0.72;stop
547;1908.68;1425.46;1921.93;1424.12;1918.57;1390.98;1905.32;1392.32;9;0.59;stop
548;2637.89;1358.99;2639.08;1340.19;2589.61;1337.07;2588.42;1355.88;9;0.7;stop
549;632.98;635.33;635.51;624.49;609.21;618.34;606.68;629.19;10;0.62;stop
550;235.7;1637.31;237.48;1624.99;212.89;1621.44;211.11;1633.76;10;0.67;stop
551;402.4;121.62;430.78;121.16;430.57;108.06;402.18;108.53;10;0.64;stop
552;2801.22;202.89;2826.64;200.84;2825.66;188.61;2800.23;190.66;10;0.67;stop
554;1333.55;1088.46;1333.88;1077.84;1312.45;1077.17;1312.12;1087.78;10;0.68;stop
555;1877.99;669.37;1889.04;667.57;1885.32;644.63;1874.27;646.43;10;0.75;move
556;2282.32;231.51;2309.82;230.91;2309.55;218.49;2282.05;219.09;10;0.68;stop
557;3509.98;708.88;3520.01;683.73;3507.21;678.62;3497.17;703.77;10;0.69;stop
558;3087.33;611.12;3115.5;608.56;3114.42;596.57;3086.25;599.12;10;0.73;stop
559;3112.14;1360.59;3120.55;1333.36;3106.77;1329.1;3098.35;1356.33;10;0.73;stop
560;2397.4;1380.79;2397.45;1368.24;2372.22;1368.15;2372.18;1380.7;10;0.67;stop
561;3652.42;371.52;3663.68;344.52;3650.7;339.11;3639.44;366.11;10;0.69;stop
562;3196.13;686.82;3196.43;656.52;3182.62;656.39;3182.32;686.68;10;0.61;stop
563;918.41;1204.7;919.91;1194.25;900.99;1191.55;899.5;1202.0;10;0.69;stop
564;3431.0;1375.29;3434.49;1363.94;3413.69;1357.53;3410.19;1368.87;10;0.72;stop
565;1412.96;1665.96;1435.63;1665.79;1435.54;1653.92;1412.87;1654.08;10;0.72;stop
566;207.1;1633.59;208.79;1619.73;176.58;1615.78;174.88;1629.64;10;0.6;stop
567;1523.76;900.37;1525.87;872.42;1513.74;871.5;1511.63;899.46;10;0.7;stop
568;2441.59;1901.7;2443.81;1873.65;2431.54;1872.67;2429.32;1900.73;10;0.73;stop
569;2727.37;210.09;2758.64;208.31;2757.75;192.66;2726.48;194.44;10;0.65;stop
570;2518.41;319.3;2531.41;318.76;2530.21;290.45;2517.22;290.99;10;0.66;stop
571;2402.16;640.85;2432.42;639.09;2431.59;624.77;2401.33;626.53;10;0.74;stop
572;1088.5;1207.2;1088.51;1191.32;1054.06;1191.3;1054.05;1207.18;10;0.71;stop
573;3247.9;1165.82;3262.44;1141.29;3249.91;1133.86;3235.37;1158.4;10;0.65;stop
574;3793.19;311.15;3808.71;310.81;3808.06;281.35;3792.54;281.69;10;0.57;stop
575;2524.85;452.81;2537.76;451.97;2536.15;426.94;2523.24;427.78;10;0.69;stop
576;3401.71;597.99;3426.27;595.72;3425.16;583.73;3400.6;586.0;10;0.64;stop
577;3796.59;147.31;3827.68;146.2;3827.16;131.59;3796.07;132.7;10;0.69;stop
579;3170.49;70.08;3171.24;40.5;3154.82;40.08;3154.07;69.66;10;0.63;stop
580;3199.59;605.7;3228.09;603.06;3226.97;590.9;3198.47;593.54;10;0.71;stop
581;631.79;2145.17;631.91;2133.82;609.46;2133.58;609.34;2144.93;10;0.46;stop
582;569.26;108.64;599.66;106.97;598.86;92.45;568.47;94.12;10;0.7;stop
583;1531.88;751.53;1533.73;728.85;1521.37;727.84;1519.52;750.53;10;0.39;stop
584;3627.08;338.44;3637.14;312.52;3625.42;307.97;3615.36;333.89;10;0.61;stop
585;3604.19;483.14;3614.0;458.4;3601.43;453.42;3591.62;478.16;10;0.67;stop
586;2249.51;233.05;2275.49;231.82;2274.87;218.64;2248.88;219.86;10;0.63;stop
587;140.78;1171.56;166.34;1171.4;166.26;1158.13;140.69;1158.29;10;0.64;stop
588;3730.47;584.28;3759.02;582.71;3758.28;569.31;3729.73;570.88;10;0.67;stop
589;3694.32;274.32;3703.02;251.36;3691.3;246.93;3682.6;269.89;10;0.68;stop
590;443.0;1613.88;443.36;1602.54;418.09;1601.75;417.73;1613.08;10;0.62;stop
591;2191.08;646.15;2219.9;644.5;2219.11;630.73;2190.29;632.37;10;0.68;stop
592;53.96;888.93;57.61;876.72;29.83;868.41;26.17;880.62;10;0.52;stop
593;1941.9;1520.93;1954.04;1520.47;1953.04;1494.07;1940.9;1494.53;10;0.81;move
594;333.77;1374.2;360.69;1371.68;359.51;1359.08;332.59;1361.6;10;0.66;stop
595;2470.4;635.98;2496.54;635.03;2496.1;622.89;2469.96;623.84;10;0.67;stop
596;3750.84;52.62;3764.43;18.93;3749.16;12.77;3735.57;46.46;10;0.68;stop
597;3111.1;1200.05;3114.27;1183.02;3064.21;1173.7;3061.04;1190.73;9;0.57;stop
598;614.45;1624.59;615.0;1612.73;592.12;1611.66;591.56;1623.52;10;0.65;stop
599;3452.61;1304.27;3456.66;1290.46;3419.27;1279.48;3415.22;1293.29;10;0.75;stop
600;1921.51;1558.62;1924.07;1538.7;1913.8;1537.38;1911.24;1557.3;10;0.56;stop
602;2529.73;513.43;2542.31;513.01;2541.4;485.57;2528.81;485.99;10;0.63;stop
603;1007.91;1204.01;1008.06;1189.75;977.71;1189.42;977.56;1203.69;10;0.65;stop
604;3115.14;609.94;3143.8;607.12;3142.67;595.69;3114.01;598.51;10;0.66;stop
605;438.55;1029.21;453.2;1027.45;449.73;998.6;435.08;1000.36;10;0.68;stop
606;2805.74;1356.4;2805.96;1344.05;2780.59;1343.6;2780.37;1355.95;10;0.65;stop
607;3762.44;582.09;3789.42;579.3;3788.19;567.4;3761.2;570.19;10;0.67;stop
608;1226.17;1656.4;1227.12;1646.29;1206.65;1644.35;1205.69;1654.46;10;0.66;stop
609;2032.13;1572.21;2065.18;1569.97;2064.18;1555.29;2031.14;1557.53;10;0.7;stop
610;3464.13;168.36;3495.67;166.76;3494.93;152.26;3463.39;153.86;10;0.65;stop
612;3565.14;583.86;3578.39;580.65;3572.05;554.5;3558.8;557.71;10;0.54;stop
613;1804.67;216.85;1818.27;216.68;1817.83;181.96;1804.23;182.14;10;0.66;stop
614;2519.64;286.79;2530.95;286.4;2530.11;261.65;2518.8;262.04;10;0.48;stop
615;486.99;1098.15;487.39;1087.04;464.57;1086.22;464.17;1097.33;10;0.8;move
616;2275.46;1148.72;2275.53;1137.45;2251.17;1137.28;2251.09;1148.55;10;0.79;stop
617;734.16;92.5;734.79;81.59;720.19;80.75;719.56;91.66;10;0.68;stop
618;703.1;1223.07;703.65;1210.94;677.84;1209.75;677.28;1221.88;10;0.65;stop
619;1863.37;610.28;1874.88;609.8;1873.88;585.6;1862.37;586.07;10;0.76;stop
620;159.04;1590.51;160.16;1578.54;136.97;1576.37;135.85;1588.33;10;0.56;stop
622;2050.59;274.63;2078.96;272.6;2078.16;261.43;2049.79;263.46;10;0.7;stop
623;3198.1;715.75;3199.1;689.82;3186.27;689.33;3185.28;715.25;10;0.57;stop
624;464.6;1652.19;465.25;1639.77;439.62;1638.43;438.97;1650.85;10;0.6;stop
625;3004.3;1550.34;3015.1;1546.55;3007.42;1524.66;2996.62;1528.45;10;0.62;stop
626;2326.99;679.52;2355.11;679.03;2354.89;665.98;2326.76;666.47;10;0.64;stop
627;631.33;1080.62;632.48;1069.3;611.8;1067.19;610.65;1078.52;10;0.64;stop
628;3466.58;1057.14;3496.63;1056.24;3496.23;1042.86;3466.18;1043.76;10;0.63;stop
629;3202.83;219.99;3228.81;216.95;3227.48;205.63;3201.5;208.68;10;0.48;stop
630;3596.28;406.86;3608.14;377.37;3595.28;372.2;3583.43;401.7;10;0.55;stop
631;3620.63;448.79;3629.51;421.58;3616.87;417.46;3607.99;444.67;10;0.61;stop
633;498.02;1654.21;498.24;1641.55;473.23;1641.1;473.01;1653.77;10;0.64;stop
634;692.44;96.55;693.08;83.65;665.06;82.28;664.42;95.17;10;0.63;stop
635;3677.98;322.11;3693.3;284.57;3675.77;277.42;3660.45;314.96;9;0.59;stop
636;3034.67;192.61;3057.81;190.91;3056.83;177.51;3033.69;179.22;10;0.59;stop
638;2679.34;211.82;2705.47;209.81;2704.54;197.68;2678.41;199.69;10;0.65;stop
639;2964.75;1470.78;2977.06;1459.8;2949.0;1428.34;2936.69;1439.33;9;0.59;stop
640;3775.42;1474.22;3778.5;1461.9;3750.83;1454.99;3747.75;1467.32;10;0.67;stop
642;1918.25;1612.41;1931.89;1612.26;1931.5;1575.84;1917.86;1575.99;10;0.64;stop
643;3677.38;588.09;3707.52;585.36;3706.37;572.66;3676.23;575.39;10;0.65;stop
644;1792.6;222.5;1803.34;222.31;1802.9;197.69;1792.16;197.88;10;0.56;stop
645;2475.21;1350.22;2475.53;1337.0;2445.16;1336.28;2444.85;1349.5;9;0.66;stop
646;2693.15;2094.26;2704.35;2089.11;2693.03;2064.49;2681.82;2069.64;10;0.59;stop
648;3675.59;1300.17;3676.9;1269.0;3661.29;1268.34;3659.97;1299.52;10;0.46;stop
649;644.35;1661.82;644.95;1649.66;621.27;1648.5;620.68;1660.65;10;0.68;stop
650;641.79;107.38;656.29;97.43;646.33;82.93;631.84;92.88;10;0.54;stop
651;3705.97;247.6;3717.28;219.44;3704.03;214.12;3692.72;242.28;10;0.57;stop
652;2699.02;1255.76;2700.54;1239.37;2665.29;1236.11;2663.78;1252.51;9;0.64;stop
653;1979.19;1694.37;1981.24;1647.59;1965.06;1646.88;1963.01;1693.66;9;0.63;stop
655;2782.44;1393.81;2783.97;1377.94;2739.81;1373.69;2738.28;1389.56;9;0.59;stop
656;1149.79;1651.84;1150.4;1640.09;1124.96;1638.78;1124.35;1650.53;10;0.59;stop
658;721.41;1075.61;745.24;1074.72;744.84;1063.77;721.01;1064.66;10;0.68;stop
659;2502.62;1445.78;2502.62;1416.78;2489.75;1416.78;2489.75;1445.78;10;0.66;stop
660;3807.16;1989.52;3837.62;1972.2;3829.71;1958.29;3799.25;1975.61;10;0.63;stop
661;2542.95;897.56;2555.58;897.37;2555.18;870.94;2542.54;871.13;10;0.51;stop
662;780.87;1240.76;782.78;1228.26;755.74;1224.12;753.83;1236.62;10;0.63;stop
663;791.27;1194.88;791.49;1182.21;761.23;1181.68;761.01;1194.35;10;0.58;stop
664;913.37;681.9;914.09;670.55;890.38;669.04;889.66;680.39;10;0.49;stop
665;1618.98;641.75;1619.51;630.84;1591.77;629.5;1591.24;640.41;10;0.65;stop
666;3507.8;1055.78;3532.36;1054.87;3531.89;1042.34;3507.33;1043.25;10;0.66;stop
667;1953.77;772.99;1963.97;772.74;1963.48;752.51;1953.28;752.76;10;0.78;stop
668;1377.07;89.71;1400.72;89.39;1400.56;77.35;1376.9;77.67;10;0.51;stop
669;3760.03;149.44;3793.1;147.98;3792.47;133.68;3759.4;135.14;10;0.5;stop
670;3581.59;1013.08;3603.79;1012.29;3603.41;1001.61;3581.21;1002.4;10;0.65;stop
671;1721.47;1719.34;1723.25;1707.61;1699.65;1704.03;1697.87;1715.76;10;0.54;stop
672;3432.13;2151.93;3460.22;2139.9;3453.81;2124.94;3425.72;2136.97;10;0.58;stop
673;1980.19;1691.81;1981.19;1648.69;1964.81;1648.31;1963.81;1691.44;10;0.59;stop
674;3646.76;156.55;3676.13;154.38;3675.11;140.64;3645.75;142.81;10;0.53;stop
675;3603.75;159.7;3634.83;157.25;3633.75;143.58;3602.67;146.03;10;0.66;stop
676;2138.95;68.26;2150.16;67.98;2149.55;44.24;2138.34;44.52;10;0.54;stop
677;3659.41;1271.07;3675.93;1270.9;3675.59;1237.68;3659.07;1237.85;10;0.56;stop
678;465.27;65.0;474.25;39.43;460.51;34.61;451.54;60.18;10;0.52;stop
679;2489.48;209.35;2490.68;188.43;2479.27;187.77;2478.07;208.69;10;0.63;stop
680;2048.09;240.24;2073.68;238.84;2072.98;226.07;2047.39;227.47;10;0.59;stop
682;3588.8;632.39;3589.04;618.57;3556.82;618.01;3556.58;631.82;10;0.49;stop
683;192.44;1881.32;196.66;1852.85;183.26;1850.86;179.04;1879.34;10;0.47;stop
684;2619.72;1447.46;2633.17;1422.62;2622.41;1416.79;2608.96;1441.63;10;0.71;stop
685;1538.82;1672.34;1539.47;1661.24;1516.68;1659.91;1516.03;1671.01;10;0.59;stop
686;3812.12;1484.22;3815.62;1472.5;3791.0;1465.15;3787.5;1476.87;10;0.55;stop
688;3827.16;233.08;3840.54;232.72;3839.72;201.92;3826.33;202.28;10;0.58;stop
689;1367.44;1664.36;1367.87;1653.11;1342.68;1652.14;1342.25;1663.39;10;0.56;stop
690;2858.58;1406.62;2863.21;1390.13;2821.17;1378.32;2816.54;1394.8;9;0.62;stop
691;412.72;1613.87;413.29;1603.03;388.84;1601.76;388.28;1612.59;10;0.56;stop
692;2936.55;1437.15;2947.94;1425.76;2916.73;1394.57;2905.34;1405.96;9;0.45;stop
694;302.96;1870.88;309.8;1846.87;297.98;1843.5;291.14;1867.51;10;0.55;stop
697;3786.15;1047.55;3817.32;1046.79;3816.97;1032.76;3785.81;1033.52;10;0.57;stop
698;2729.85;1389.29;2730.77;1375.39;2696.78;1373.15;2695.86;1387.05;10;0.65;stop
699;161.66;1877.93;166.88;1850.93;154.98;1848.63;149.76;1875.63;10;0.4;stop
700;1955.5;2162.23;1956.34;2137.95;1943.75;2137.52;1942.91;2161.8;10;0.52;stop
701;2729.17;666.3;2756.59;662.87;2754.83;648.82;2727.41;652.25;10;0.67;stop
702;1102.02;1651.15;1103.29;1640.56;1075.41;1637.23;1074.15;1647.82;10;0.52;stop
703;2464.79;1556.04;2466.5;1526.66;2453.34;1525.9;2451.62;1555.27;9;0.46;stop
706;2461.1;1595.48;2461.16;1571.43;2448.02;1571.4;2447.97;1595.45;10;0.51;stop
707;1960.15;198.61;1970.95;198.07;1969.95;178.26;1959.14;178.81;10;0.69;stop
708;191.69;850.04;194.68;823.43;181.9;821.99;178.91;848.6;10;0.39;stop
709;1047.36;1030.23;1048.18;1008.75;1035.58;1008.27;1034.76;1029.75;10;0.54;stop
710;904.06;78.14;904.77;64.84;881.6;63.61;880.89;76.91;10;0.56;stop
713;176.24;1881.22;179.39;1855.33;166.65;1853.78;163.5;1879.67;10;0.39;stop
714;2000.02;1487.88;2001.58;1446.64;1987.73;1446.12;1986.17;1487.36;10;0.46;stop
715;70.87;1580.38;71.97;1568.06;47.61;1565.87;46.5;1578.19;10;0.61;stop
716;350.03;1647.83;374.51;1645.46;373.26;1632.49;348.77;1634.85;10;0.46;stop
717;795.64;122.15;819.86;120.7;819.16;109.03;794.94;110.48;10;0.57;stop
718;186.99;879.83;191.03;855.3;177.93;853.14;173.89;877.67;10;0.4;stop
719;321.85;130.51;350.8;128.32;349.87;116.05;320.92;118.25;10;0.51;stop
720;1169.48;1809.42;1170.09;1782.98;1158.14;1782.71;1157.53;1809.14;10;0.42;stop
721;3108.4;188.92;3120.51;188.76;3120.35;176.7;3108.24;176.87;10;0.54;stop
722;1817.11;961.99;1831.03;961.58;1830.14;931.39;1816.22;931.8;10;0.72;stop
723;859.2;1475.55;859.74;1463.42;836.46;1462.38;835.92;1474.52;10;0.36;stop
725;2509.69;66.06;2522.82;65.69;2522.06;38.56;2508.93;38.93;10;0.56;stop
726;305.01;1764.34;305.2;1739.2;292.18;1739.1;291.99;1764.24;10;0.53;stop
727;208.29;1017.29;209.7;992.53;196.47;991.78;195.07;1016.54;10;0.39;stop
728;3325.72;991.32;3343.19;964.83;3329.59;955.87;3312.12;982.35;10;0.56;stop
729;208.7;1884.44;211.13;1855.46;197.47;1854.31;195.04;1883.29;10;0.46;stop
731;1048.49;1682.49;1050.03;1670.33;1025.26;1667.2;1023.72;1679.36;10;0.46;stop
732;546.5;1457.48;548.84;1445.91;526.0;1441.27;523.66;1452.84;10;0.57;stop
733;1812.56;242.54;1813.29;223.6;1803.19;223.21;1802.46;242.15;10;0.45;stop
735;3053.56;1505.7;3068.07;1471.56;3050.97;1464.3;3036.46;1498.44;10;0.59;stop
736;3153.76;1419.59;3165.77;1385.55;3148.11;1379.32;3136.11;1413.36;9;0.61;stop
738;3499.77;741.5;3508.29;713.87;3494.92;709.75;3486.4;737.38;10;0.59;stop
739;2472.29;1965.98;2476.28;1930.69;2459.34;1928.77;2455.34;1964.06;10;0.52;stop
740;2525.0649999999996;254.87;2549.05;250.225;2546.9025;239.1475;2522.9175;243.78750000000002;10;0.39;stop
744;966.37;1203.73;966.96;1188.45;926.44;1186.89;925.85;1202.18;9;0.63;stop
745;1403.85;929.45;1404.17;919.02;1382.77;918.36;1382.45;928.79;10;0.53;stop
750;2217.78;1422.17;2219.08;1386.92;2204.79;1386.39;2203.49;1421.65;9;0.51;stop
751;444.47400000000005;1183.6080000000002;471.2;1183.2000000000003;470.98800000000006;1169.52;444.27;1169.928;10;0.37600000000000006;stop
752;2448.86;1775.0;2451.91;1747.57;2440.01;1746.25;2436.97;1773.68;10;0.66;stop
753;449.74;95.12;460.99;73.02;448.86;66.84;437.6;88.94;10;0.42;stop
754;3167.713333333334;356.5033333333334;3180.05;356.0733333333334;3179.166666666667;330.68666666666667;3166.82;331.11;10;0.36;stop
755;2496.38;1856.21;2497.52;1841.85;2466.75;1839.41;2465.61;1853.78;10;0.51;stop
756;1019.98;1033.01;1020.56;1009.16;1008.4;1008.87;1007.81;1032.71;10;0.52;stop
757;563.78;109.06;563.86;96.43;535.91;96.26;535.83;108.88;10;0.46;stop
758;1439.83;89.01;1440.09;77.5;1415.42;76.93;1415.16;88.44;10;0.7;stop
759;2148.93;685.78;2159.97;685.7;2159.82;666.47;2148.78;666.55;10;0.52;stop
762;1864.71;757.25;1881.1;756.3;1878.92;718.75;1862.53;719.7;10;0.75;move
763;1079.55;1684.36;1080.87;1674.32;1059.64;1671.52;1058.32;1681.56;10;0.37;stop
764;1018.2;1645.45;1035.5;1645.43;1035.49;1636.18;1018.19;1636.2;10;0.47;stop
765;3436.33;1130.53;3451.16;1102.32;3437.42;1095.09;3422.59;1123.31;10;0.6;stop
766;1527.38;821.32;1530.85;791.3;1516.87;789.68;1513.4;819.7;10;0.45;stop
767;2936.08;1436.14;2947.21;1424.54;2916.92;1395.48;2905.79;1407.08;10;0.61;stop
769;315.5;2087.8;316.81;2058.45;302.78;2057.82;301.47;2087.18;10;0.55;stop
770;3412.01;2106.47;3420.58;2097.33;3404.55;2082.28;3395.98;2091.42;10;0.49;stop
773;2151.24;93.88285714285715;2160.23;93.60857142857142;2159.76;78.23714285714286;2150.77;78.51857142857142;10;0.3671428571428571;stop
774;2679.11;1441.31;2679.46;1400.04;2660.89;1399.88;2660.54;1441.15;9;0.61;stop
776;3634.48;414.2;3644.59;390.4;3633.02;385.49;3622.91;409.28;10;0.36;stop
777;533.258;1069.042;533.454;1059.594;509.242;1059.086;509.04600000000005;1068.5259999999998;10;0.392;stop
779;501.55;1245.81;528.04;1245.38;527.83;1232.01;501.33;1232.43;10;0.47;stop
782;892.0746153846154;1602.093076923077;892.6269230769232;1578.1161538461538;881.0330769230769;1577.8461538461538;880.4807692307693;1601.829230769231;10;0.37384615384615383;stop
784;729.6379999999999;793.95;730.876;772.6759999999999;720.018;772.05;718.7840000000001;793.3240000000001;10;0.354;stop
785;256.47;1600.66;257.25;1590.37;235.25;1588.71;234.47;1599.01;10;0.35;stop
786;3215.59;1376.32;3227.35;1343.63;3210.97;1337.74;3199.21;1370.43;9;0.55;stop
787;319.18;2131.71;319.9;2100.48;306.13;2100.17;305.41;2131.39;10;0.5;stop
788;1126.01;373.74;1152.17;373.62;1152.11;362.01;1125.96;362.13;10;0.43;stop
789;313.22;2052.91;314.88;2022.31;299.44;2021.47;297.77;2052.07;10;0.48;stop
791;3245.21;603.8;3266.18;602.81;3265.72;593.16;3244.76;594.15;10;0.38;stop
792;3275.98;1404.91;3315.59;1398.85;3312.77;1380.4;3273.16;1386.46;9;0.49;stop
794;778.46;1256.46;780.2;1245.06;753.93;1241.04;752.19;1252.44;10;0.49;stop
795;388.0;1376.83;389.27;1365.21;364.81;1362.54;363.54;1374.16;10;0.44;stop
797;3204.32;1137.7;3208.28;1112.18;3196.93;1110.42;3192.97;1135.94;10;0.58;stop
799;571.67;1661.82;572.64;1651.29;552.39;1649.43;551.43;1659.96;10;0.43;stop
800;261.26;1067.06;261.99;1055.1;237.02;1053.57;236.29;1065.53;10;0.48;stop
805;3790.73;276.42;3809.13;276.17;3808.64;240.61;3790.24;240.86;10;0.4;stop
806;3278.87;603.84;3303.06;602.47;3302.38;590.53;3278.19;591.91;10;0.51;stop
808;2285.52;680.78;2310.05;680.04;2309.73;669.22;2285.2;669.96;10;0.46;stop
809;1529.0900000000001;1790.865;1533.8600000000001;1778.88;1509.5349999999999;1769.2;1504.7649999999999;1781.185;10;0.36;stop
819;2443.51;1866.35;2445.33;1840.26;2432.99;1839.4;2431.17;1865.49;10;0.51;stop
823;3558.9755555555557;496.5300000000001;3568.7883333333334;469.0816666666667;3555.711666666667;464.40722222222223;3545.9016666666666;491.85833333333335;10;0.35277777777777775;stop
824;525.94;1654.45;526.6;1642.97;506.25;1641.8;505.58;1653.28;10;0.36;stop
827;3443.974;596.068;3444.134;584.5559999999999;3421.718;584.252;3421.558;595.754;10;0.392;stop
831;3514.85;591.2;3525.23;572.84;3515.47;567.32;3505.08;585.68;10;0.53;stop
840;2530.48;1357.99;2577.87;1357.7;2577.77;1340.32;2530.38;1340.61;9;0.41;stop
854;3587.75;528.25;3599.05;499.49;3584.12;493.62;3572.82;522.39;10;0.54;stop
863;1518.13;1179.1;1518.61;1168.46;1500.24;1167.65;1499.77;1178.29;10;0.74;move
871;1058.92;1182.19;1059.49;1169.14;1031.89;1167.93;1031.32;1180.98;10;0.82;move
910;3454.04;1285.25;3457.26;1273.73;3431.9;1266.63;3428.68;1278.15;10;0.81;stop
950;1824.73;22.65;1838.72;22.38;1838.18;-4.93;1824.19;-4.66;10;0.67;stop
983;1245.68;1212.6066666666666;1245.9133333333334;1200.8600000000001;1228.76;1200.5233333333333;1228.5266666666666;1212.26;10;0.44333333333333336;stop
1003;1689.81;1219.72;1690.59;1206.41;1679.94;1205.78;1679.15;1219.09;10;0.73;stop
1044;1865.02;2123.4;1876.31;2096.3;1863.23;2090.85;1851.94;2117.95;10;0.71;stop
1150;3108.46375;175.39749999999998;3120.3675000000003;175.31625000000003;3120.28625;163.09249999999997;3108.3824999999997;163.1675;10;0.35375;stop
1155;907.51;1164.98;908.28;1151.91;880.11;1150.27;879.35;1163.34;10;0.81;move
1159;3498.79;1316.73;3502.59;1303.56;3473.4;1295.14;3469.6;1308.32;10;0.81;stop
1167;1491.04;208.06;1501.95;207.81;1501.46;186.25;1490.55;186.5;10;0.72;move
1287;1555.27;684.84;1578.33;668.81;1571.11;658.41;1548.04;674.44;10;0.48;stop
1307;1693.01;47.98;1693.32;35.04;1679.6;34.71;1679.29;47.65;10;0.42;stop
1318;368.0;126.15;394.03;124.54;393.25;111.97;367.22;113.58;10;0.58;stop
1320;2987.76;1258.68;2989.77;1244.38;2956.93;1239.76;2954.92;1254.06;10;0.71;stop
1347;2121.73;1114.08;2121.91;1095.87;2076.77;1095.42;2076.59;1113.63;9;0.48;stop
1353;3447.83;916.33;3458.18;893.07;3446.55;887.89;3436.2;911.15;10;0.4;stop
1356;1850.41;2158.54;1859.54;2129.35;1847.09;2125.46;1837.96;2154.65;10;0.43;stop
1417;2000.59;1465.13;2001.29;1443.98;1988.66;1443.56;1987.96;1464.71;10;0.51;stop
1426;907.69;1899.4;933.62;1897.73;932.81;1885.1;906.88;1886.77;10;0.35;stop
1428;3498.87;1295.48;3502.22;1281.65;3468.63;1273.51;3465.28;1287.33;10;0.76;stop
1460;170.18;147.78;201.01;144.02;199.43;131.12;168.6;134.89;10;0.47;stop
1462;670.14;644.74;672.8050000000001;633.87;645.1700000000001;627.1;642.51;637.9649999999999;10;0.385;stop
1498;1990.83;1558.78;2001.48;1558.37;2000.67;1537.22;1990.02;1537.63;10;0.65;stop
1519;631.11;101.92;631.18;89.47;605.45;89.33;605.39;101.78;10;0.52;stop
1561;3545.9;1314.47;3549.48;1299.96;3516.28;1291.78;3512.71;1306.29;10;0.77;move
1571;450.04;115.62;465.93;97.21;455.58;88.29;439.7;106.7;10;0.4;move
1589;3490.571923076923;802.6196153846154;3492.0276923076926;790.8723076923077;3470.042692307692;788.1511538461539;3468.586923076923;799.8984615384616;10;0.3669230769230769;stop
1604;271.76384615384615;217.05153846153846;275.35076923076923;190.76307692307694;262.1461538461539;188.96076923076924;258.5592307692308;215.24923076923076;10;0.41538461538461535;stop
1609;264.68;248.5742857142857;268.65285714285716;221.50571428571428;255.4957142857143;219.57142857142858;251.52428571428572;246.64142857142858;10;0.4342857142857143;stop
1610;2372.74;228.73;2397.94;226.51;2396.88;214.52;2371.69;216.74;10;0.6;stop
1617;3340.25;173.9;3366.91;173.34;3366.62;159.39;3339.97;159.94;10;0.55;stop
1626;379.75;1151.81;411.7;1149.3;410.56;1134.75;378.61;1137.27;10;0.77;move
1651;3256.71;603.91;3280.04;602.85;3279.54;591.99;3256.21;593.05;10;0.48;stop
1653;1850.45;123.15;1862.46;123.04;1862.24;98.47;1850.22;98.58;10;0.81;stop
1668;2287.65;1152.88;2325.73;1152.58;2325.6;1136.49;2287.52;1136.8;10;0.78;stop
1710;290.1222222222222;1703.8033333333333;304.74888888888887;1702.5277777777778;301.9077777777778;1670.05;287.28333333333336;1671.331111111111;10;0.36666666666666664;stop
1737;788.12;123.07;789.95;111.22;766.28;107.55;764.44;119.41;10;0.39;stop
1743;3210.26;180.97;3236.94;178.84;3235.99;166.84;3209.31;168.97;10;0.53;stop
1750;3418.795;1056.5349999999999;3444.435;1054.97;3443.705;1043.0;3418.065;1044.56;10;0.365;stop
1761;3158.44;250.65;3159.78;222.5;3146.24;221.85;3144.9;250.0;10;0.36;move
1781;3840.62;1358.32;3842.35;1337.97;3828.13;1336.76;3826.4;1357.11;10;0.44;stop
1812;1990.1;1819.7;1991.39;1798.96;1980.77;1798.3;1979.48;1819.04;10;0.54;stop
1826;609.91;1219.73;611.22;1195.97;598.53;1195.27;597.21;1219.03;10;0.41;stop
1828;1640.55;643.13;1641.01;633.49;1623.08;632.62;1622.61;642.26;10;0.43;stop
1834;2564.52;1095.07;2564.98;1070.79;2552.73;1070.55;2552.27;1094.84;10;0.72;stop
1836;303.22;1732.77;303.34;1707.92;289.28;1707.86;289.16;1732.7;10;0.35;stop
1838;2141.35;271.42;2142.26;248.2;2131.4;247.77;2130.49;270.99;10;0.39;stop
1866;3670.86;1350.65;3675.04;1336.19;3637.89;1325.44;3633.71;1339.91;10;0.79;move
1881;497.21;111.38;518.11;98.55;511.54;87.84;490.64;100.66;10;0.38;stop
1889;1004.82;1644.59;1005.03;1634.25;984.55;1633.84;984.35;1644.18;10;0.36;stop
1890;864.29;1452.1;864.39;1442.17;842.6800000000001;1441.96;842.585;1451.8899999999999;10;0.36;stop
1934;1804.88;216.58;1818.53;216.47;1818.23;181.67;1804.58;181.78;9;0.49;stop
1936;466.69;1025.1;467.84;1001.42;455.81;1000.84;454.66;1024.51;10;0.49;stop
1937;107.58;144.74;121.09;123.7;110.39;116.83;96.88;137.87;10;0.46;stop
1943;1846.45;69.45;1860.49;69.42;1860.43;37.43;1846.38;37.45;10;0.8;move
1949;3214.08;1376.75;3226.7;1344.56;3210.6;1338.25;3197.99;1370.44;10;0.46;stop
1953;3460.29;783.95;3468.55;756.82;3454.71;752.61;3446.45;779.74;10;0.73;move
1968;3618.1575;1283.7375;3632.765;1282.965;3630.5925;1241.8825;3615.985;1242.655;10;0.365;stop
1972;1836.75;1414.91;1857.99;1411.96;1856.62;1402.09;1835.38;1405.04;10;0.54;stop
1983;3403.92;990.47;3411.145;958.5350000000001;3394.83;954.8499999999999;3387.605;986.78;9;0.37;stop
1984;2543.22;1387.96;2544.2;1375.98;2518.9;1373.92;2517.93;1385.89;10;0.42;stop
1986;3658.302307692308;580.3446153846153;3673.5546153846153;578.0292307692308;3669.1976923076923;570.3015384615385;3653.9453846153847;572.6169230769231;10;0.39;stop
1988;3739.12;210.31;3740.08;197.43;3715.88;195.63;3714.92;208.51;10;0.41;stop
1995;3578.97;1346.33;3582.88;1328.79;3544.16;1320.15;3540.25;1337.7;10;0.55;move
2000;3153.77;1417.85;3164.37;1384.12;3147.17;1378.71;3136.57;1412.45;10;0.4;stop
2001;168.8257142857143;1628.5371428571427;169.90857142857143;1614.4728571428573;139.58285714285714;1612.1342857142856;138.49571428571429;1626.1985714285713;10;0.3728571428571429;stop
2002;335.03;1191.76;346.37;1164.97;333.41;1159.49;322.07;1186.28;10;0.75;stop
2005;3829.235555555555;310.9588888888889;3841.612222222222;310.8833333333333;3841.394444444444;277.32111111111107;3829.0088888888886;277.4055555555555;10;0.36222222222222217;stop
2011;2490.22;1664.04;2494.09;1630.37;2480.78;1628.84;2476.91;1662.51;10;0.43;stop
2012;2739.84;1176.31;2741.38;1159.87;2702.12;1156.19;2700.57;1172.63;10;0.56;move
2017;146.45857142857142;1883.3542857142857;150.45142857142855;1859.2328571428573;138.57571428571427;1857.2657142857142;134.5814285714286;1881.3871428571429;10;0.3514285714285714;stop
2021;2217.73;1422.87;2219.36;1386.31;2205.4;1385.69;2203.77;1422.25;10;0.45;stop
2032;3092.652608695652;1195.973043478261;3095.171304347826;1179.3630434782608;3063.4213043478258;1174.5582608695652;3060.9026086956524;1191.1626086956524;10;0.37173913043478257;stop
2042;2482.25;1793.97;2484.38;1757.4;2469.63;1756.53;2467.49;1793.1;9;0.45;stop
2043;334.22;31.28666666666667;343.1;23.033333333333335;327.19000000000005;5.9;318.3;14.153333333333334;10;0.3966666666666667;stop
2046;3126.0055555555555;294.6677777777778;3140.6933333333336;294.18888888888887;3139.7222222222226;264.2344444444444;3125.0344444444445;264.71777777777777;10;0.35444444444444445;stop
2048;2233.74;1349.1;2234.83;1337.13;2206.82;1334.59;2205.73;1346.56;10;0.38;stop
2053;1933.07;1661.83;1933.69;1618.91;1916.68;1618.67;1916.06;1661.59;9;0.39;stop
2054;966.56;1204.09;967.13;1187.97;926.25;1186.53;925.69;1202.65;10;0.38;stop
2055;1907.83;1424.5;1921.3;1422.84;1917.36;1390.81;1903.89;1392.47;10;0.45;stop
2056;3830.4550000000004;368.985;3831.44;341.2575;3815.7949999999996;340.7025;3814.81;368.43499999999995;10;0.44000000000000006;stop
2064;2465.36;1556.09;2467.08;1526.61;2453.89;1525.84;2452.17;1555.32;10;0.4;stop
