vehicle_id;veh_bb_x1;veh_bb_y1;veh_bb_x2;veh_bb_y2;veh_bb_x3;veh_bb_y3;veh_bb_x4;veh_bb_y4;det_class;conf_score;state
1;2995.94;1175.97;2998.54;1164.45;2971.81;1158.4;2969.21;1169.93;10;0.83;stop
2;2749.43;1137.12;2750.95;1124.33;2721.07;1120.76;2719.55;1133.55;10;0.83;stop
3;2405.24;1133.49;2405.55;1121.68;2380.14;1121.01;2379.83;1132.82;10;0.79;stop
4;2575.24;1140.77;2576.08;1126.75;2546.51;1124.98;2545.67;1139.0;10;0.78;stop
5;1703.85;1100.72;1704.32;1088.42;1677.9;1087.41;1677.43;1099.7;10;0.83;stop
6;2891.52;1156.94;2893.7;1144.1;2864.73;1139.18;2862.55;1152.03;10;0.83;stop
7;2502.25;1140.26;2503.12;1126.29;2472.12;1124.37;2471.25;1138.33;10;0.75;stop
8;2991.42;1301.84;2994.06;1287.44;2962.83;1281.72;2960.19;1296.13;10;0.83;stop
9;2318.09;1130.21;2318.5;1118.53;2290.66;1117.54;2290.25;1129.22;10;0.75;stop
10;2672.42;1165.44;2673.64;1153.65;2647.33;1150.94;2646.11;1162.72;10;0.81;stop
11;1941.15;1918.21;1948.8;1886.33;1935.6;1883.17;1927.95;1915.04;10;0.84;stop
12;990.21;1116.86;990.62;1102.56;958.86;1101.64;958.44;1115.94;10;0.84;move
13;2507.51;1122.26;2534.1;1118.19;2532.11;1105.24;2505.53;1109.31;10;0.8;stop
15;2623.68;1164.74;2624.69;1151.59;2595.95;1149.39;2594.94;1162.53;10;0.82;stop
16;2623.57;1127.62;2625.59;1114.54;2596.05;1110.0;2594.04;1123.08;10;0.83;stop
17;1960.71;1950.7;1967.19;1919.77;1954.2;1917.05;1947.72;1947.98;10;0.83;stop
18;2448.92;1134.84;2449.33;1122.83;2421.95;1121.91;2421.55;1133.92;10;0.81;stop
19;3033.36;1309.31;3035.72;1295.05;3001.89;1289.44;2999.53;1303.7;10;0.83;stop
20;1956.74;1601.04;1956.83;1572.63;1942.51;1572.59;1942.42;1600.99;10;0.82;move
21;1969.74;909.28;1982.72;907.66;1979.19;879.47;1966.22;881.09;10;0.83;stop
22;3015.95;1279.3;3018.26;1265.19;2985.55;1259.83;2983.24;1273.93;10;0.81;stop
23;2677.47;1130.25;2678.72;1117.07;2647.91;1114.13;2646.65;1127.31;10;0.82;stop
24;2924.69;1161.9;2926.68;1149.98;2898.59;1145.28;2896.6;1157.21;10;0.82;stop
25;1953.5;1875.8;1959.0;1844.67;1945.75;1842.33;1940.25;1873.45;10;0.82;stop
26;1933.8;1952.73;1940.89;1927.19;1929.45;1924.02;1922.36;1949.56;10;0.82;stop
27;1961.66;1329.92;1974.75;1329.35;1973.59;1302.58;1960.5;1303.15;10;0.81;stop
28;2810.43;1182.19;2812.26;1169.95;2783.82;1165.69;2781.99;1177.92;10;0.81;stop
29;3395.32;1153.73;3398.03;1141.33;3367.81;1134.71;3365.09;1147.11;10;0.82;stop
30;2442.24;1155.73;2442.84;1142.74;2416.26;1141.52;2415.66;1154.51;10;0.76;stop
33;1812.74;2116.81;1825.06;2092.88;1814.26;2087.32;1801.94;2111.24;10;0.83;stop
34;1837.19;882.78;1838.43;854.84;1824.68;854.22;1823.44;882.16;10;0.8;stop
35;3280.87;1241.19;3282.65;1230.56;3257.25;1226.31;3255.47;1236.94;10;0.81;move
36;1975.82;1738.75;1979.63;1701.86;1965.24;1700.37;1961.43;1737.27;10;0.83;stop
37;1954.39;826.13;1967.62;826.1;1967.55;794.99;1954.31;795.02;10;0.81;stop
38;1745.62;1164.18;1746.06;1150.96;1715.49;1149.95;1715.05;1163.17;10;0.82;stop
39;3331.41;1048.19;3345.45;1018.67;3332.34;1012.43;3318.3;1041.96;10;0.82;stop
40;1985.56;1439.17;1987.79;1412.58;1975.75;1411.58;1973.52;1438.17;10;0.79;stop
41;1269.62;1694.71;1270.49;1682.15;1243.63;1680.29;1242.76;1692.85;10;0.81;stop
42;1914.53;2001.54;1926.33;1969.02;1912.72;1964.08;1900.92;1996.6;10;0.82;stop
43;1886.52;2076.67;1898.17;2047.4;1884.48;2041.96;1872.83;2071.22;10;0.83;stop
44;1980.58;1522.15;1981.76;1489.42;1967.79;1488.92;1966.61;1521.64;10;0.83;stop
45;1838.65;93.16;1838.8;61.03;1824.35;60.96;1824.2;93.1;10;0.84;stop
46;2214.24;1233.23;2214.59;1218.86;2184.69;1218.15;2184.35;1232.52;10;0.81;stop
47;2859.03;1150.37;2860.84;1137.43;2831.83;1133.38;2830.02;1146.32;10;0.8;stop
49;1946.3;1986.27;1954.83;1957.19;1942.17;1953.48;1933.63;1982.56;10;0.82;stop
50;1856.13;398.9;1870.78;398.35;1869.5;363.85;1854.85;364.4;10;0.8;move
51;2278.17;1130.78;2278.25;1118.27;2250.7;1118.1;2250.63;1130.61;10;0.78;stop
52;2952.54;1292.39;2954.76;1279.0;2922.96;1273.73;2920.74;1287.12;10;0.83;stop
53;2365.95;1133.56;2366.56;1120.11;2335.05;1118.69;2334.44;1132.14;10;0.78;stop
54;1847.83;2045.14;1859.52;2019.13;1847.8;2013.86;1836.11;2039.87;10;0.81;stop
55;1953.81;906.6;1965.81;904.54;1961.19;877.65;1949.19;879.71;10;0.81;stop
56;3050.44;1185.23;3052.67;1173.45;3025.31;1168.27;3023.08;1180.05;10;0.81;stop
57;765.25;2007.29;767.42;1979.02;754.44;1978.02;752.27;2006.3;10;0.82;stop
58;784.0;2007.64;784.0;1979.55;770.38;1979.55;770.38;2007.64;10;0.82;stop
59;1747.18;1684.49;1748.1;1672.24;1721.45;1670.26;1720.54;1682.51;10;0.81;stop
61;1518.87;1160.8;1519.15;1147.14;1491.63;1146.57;1491.35;1160.23;10;0.82;stop
62;2100.83;1131.2;2101.76;1116.21;2070.67;1114.3;2069.74;1129.29;10;0.79;stop
63;2539.06;1158.43;2540.26;1144.56;2512.94;1142.19;2511.74;1156.06;10;0.73;stop
64;1971.28;1780.7;1975.27;1751.39;1961.72;1749.55;1957.73;1778.86;10;0.82;stop
65;1798.61;382.59;1813.51;382.15;1812.64;353.16;1797.74;353.6;10;0.8;stop
66;1838.97;542.99;1853.08;542.04;1851.22;514.51;1837.1;515.46;10;0.79;move
67;763.38;1039.07;767.09;1028.4;745.24;1020.81;741.53;1031.47;10;0.8;stop
68;1169.49;1089.84;1169.87;1078.81;1147.45;1078.03;1147.07;1089.07;10;0.82;stop
69;1660.22;1163.95;1660.42;1150.63;1630.4;1150.17;1630.2;1163.49;10;0.82;stop
70;1784.08;1166.68;1784.94;1153.8;1757.18;1151.95;1756.32;1164.82;10;0.79;stop
71;2355.45;1151.03;2356.04;1138.57;2327.55;1137.22;2326.96;1149.68;10;0.81;stop
72;2569.25;1243.48;2570.11;1229.99;2541.25;1228.15;2540.39;1241.64;10;0.81;stop
73;2713.25;1154.53;2714.65;1140.9;2683.18;1137.66;2681.77;1151.28;10;0.81;move
74;2877.03;1277.96;2880.11;1257.33;2827.89;1249.54;2824.81;1270.17;9;0.81;stop
75;3182.11;1245.37;3184.65;1231.93;3152.58;1225.88;3150.04;1239.32;10;0.8;move
77;1838.47;485.69;1850.32;485.24;1849.28;458.18;1837.43;458.64;10;0.75;move
78;871.82;1083.59;872.03;1071.27;844.37;1070.78;844.15;1083.1;10;0.82;stop
79;1596.25;1181.64;1596.33;1168.67;1567.25;1168.49;1567.17;1181.46;10;0.79;stop
80;1984.87;1329.01;1996.56;1328.31;1995.0;1302.36;1983.32;1303.06;10;0.77;stop
82;1884.48;1728.62;1885.29;1715.54;1858.59;1713.88;1857.77;1726.96;10;0.81;stop
84;1919.7;1291.91;1933.79;1290.19;1930.05;1259.59;1915.96;1261.31;10;0.78;move
85;1814.15;798.7;1827.41;796.84;1823.59;769.55;1810.32;771.41;10;0.81;stop
86;536.3;1082.51;536.67;1072.69;514.64;1071.87;514.27;1081.68;10;0.81;stop
87;606.29;1187.83;606.89;1175.98;580.58;1174.67;579.99;1186.52;10;0.82;stop
88;1767.27;1183.37;1767.58;1169.63;1740.48;1169.0;1740.17;1182.75;10;0.81;stop
89;1928.08;1889.28;1932.86;1857.89;1919.42;1855.85;1914.64;1887.23;10;0.84;move
90;2088.04;1146.59;2088.65;1133.99;2061.15;1132.66;2060.54;1145.26;10;0.82;stop
91;1910.85;1859.56;1916.58;1829.69;1902.9;1827.07;1897.17;1856.93;10;0.81;stop
92;3469.09;1387.48;3472.77;1374.32;3441.23;1365.49;3437.54;1378.65;10;0.81;stop
93;1723.69;652.89;1724.98;640.47;1696.31;637.49;1695.02;649.91;10;0.81;stop
94;220.12;1175.52;220.38;1157.74;168.47;1156.98;168.21;1174.76;9;0.78;stop
96;1993.78;1380.25;1995.52;1354.28;1983.84;1353.5;1982.11;1379.47;10;0.8;stop
97;1860.74;580.98;1876.6;579.79;1874.26;548.52;1858.4;549.71;10;0.81;move
98;1926.12;1352.12;1940.31;1350.57;1937.13;1321.44;1922.94;1322.99;10;0.83;move
99;1618.32;1166.69;1618.52;1147.95;1571.06;1147.44;1570.86;1166.18;9;0.79;stop
100;3055.33;1273.01;3057.7;1261.26;3031.67;1255.99;3029.3;1267.74;10;0.82;stop
101;2293.53;1235.18;2294.12;1221.91;2266.85;1220.7;2266.26;1233.96;10;0.81;stop
102;3353.09;1275.78;3356.54;1261.5;3323.79;1253.59;3320.34;1267.87;10;0.78;move
103;1166.21;1879.82;1167.05;1856.55;1155.04;1856.12;1154.2;1879.38;10;0.81;stop
105;1810.29;766.01;1822.87;765.74;1822.33;740.37;1809.76;740.63;10;0.8;stop
106;1832.63;327.54;1846.93;326.41;1844.34;293.46;1830.04;294.59;10;0.83;stop
108;1638.84;1181.96;1639.12;1169.88;1613.53;1169.29;1613.26;1181.37;10;0.81;stop
109;1425.11;1215.46;1425.26;1202.46;1399.77;1202.16;1399.62;1215.17;10;0.81;stop
111;1258.09;1658.08;1259.14;1646.06;1233.23;1643.79;1232.17;1655.81;10;0.8;stop
112;1982.3;1605.23;1982.48;1575.23;1968.33;1575.14;1968.15;1605.15;10;0.82;stop
113;1958.41;1816.14;1960.85;1784.91;1947.5;1783.86;1945.05;1815.09;10;0.81;stop
114;3711.56;1456.44;3715.67;1442.55;3681.56;1432.46;3677.45;1446.36;10;0.81;stop
115;1851.31;252.76;1864.22;252.61;1863.91;225.37;1851.0;225.51;10;0.81;stop
116;1505.85;1058.83;1509.13;1031.79;1496.77;1030.3;1493.5;1057.33;10;0.81;stop
117;1615.76;1198.62;1616.11;1187.04;1593.86;1186.38;1593.52;1197.96;10;0.79;stop
118;1336.26;1216.17;1336.79;1199.5;1291.74;1198.08;1291.21;1214.75;9;0.81;stop
119;778.17;1115.34;778.47;1102.66;751.12;1102.03;750.83;1114.71;10;0.8;move
120;2137.42;1147.75;2137.91;1134.89;2108.33;1133.75;2107.84;1146.61;10;0.81;stop
121;3306.05;1279.0;3309.42;1265.48;3278.95;1257.88;3275.58;1271.39;10;0.8;move
122;3050.43;1212.39;3052.79;1199.35;3023.07;1193.98;3020.71;1207.02;10;0.81;move
124;1978.59;1821.94;1980.64;1791.28;1967.91;1790.43;1965.86;1821.09;10;0.77;stop
125;1343.2;1128.91;1343.77;1114.44;1312.93;1113.21;1312.35;1127.68;10;0.82;move
126;1881.83;701.48;1894.56;699.91;1891.42;674.4;1878.69;675.97;10;0.79;move
127;839.39;1082.91;839.46;1071.62;813.94;1071.47;813.87;1082.75;10;0.81;stop
128;2865.66;1383.66;2870.43;1370.89;2838.84;1359.09;2834.07;1371.86;10;0.8;stop
130;1825.8;219.06;1840.6;219.05;1840.57;185.37;1825.78;185.38;10;0.81;stop
131;1948.73;742.47;1962.22;741.7;1960.27;707.65;1946.78;708.43;10;0.81;stop
132;1308.75;1094.83;1309.15;1080.68;1278.19;1079.8;1277.79;1093.95;10;0.8;stop
133;1725.05;1181.11;1725.64;1168.05;1697.2;1166.76;1696.61;1179.83;10;0.8;stop
134;896.13;1198.53;896.83;1185.75;869.28;1184.22;868.57;1197.0;10;0.8;stop
136;3453.71;850.23;3466.12;822.6;3452.85;816.64;3440.44;844.28;10;0.79;stop
137;3226.51;1055.99;3256.94;1045.58;3252.56;1032.76;3222.12;1043.17;10;0.79;stop
138;2617.76;1144.74;2618.99;1131.81;2588.37;1128.89;2587.13;1141.82;10;0.84;stop
139;1937.28;117.8;1949.44;117.45;1948.66;89.76;1936.5;90.11;10;0.8;stop
141;1950.72;1706.85;1952.61;1677.96;1940.28;1677.15;1938.39;1706.04;10;0.8;move
142;821.29;1196.09;821.45;1183.66;792.38;1183.28;792.22;1195.72;10;0.8;stop
143;1861.56;1226.58;1863.43;1213.82;1838.56;1210.17;1836.69;1222.93;10;0.81;stop
144;2190.95;1131.13;2191.25;1117.24;2162.43;1116.62;2162.13;1130.51;10;0.79;stop
145;2905.12;1283.29;2907.48;1270.59;2882.63;1265.96;2880.27;1278.66;10;0.81;stop
146;874.31;1675.92;875.68;1662.75;846.38;1659.71;845.01;1672.87;10;0.81;stop
147;1843.01;684.62;1856.94;684.14;1855.99;656.38;1842.06;656.86;10;0.8;move
148;1836.71;736.75;1837.24;707.99;1824.23;707.75;1823.7;736.51;10;0.8;stop
149;1467.62;1215.57;1493.39;1215.54;1493.38;1203.18;1467.61;1203.21;10;0.8;stop
150;2142.6;1131.85;2143.09;1119.16;2116.65;1118.15;2116.16;1130.84;10;0.74;stop
151;1474.56;1668.75;1475.35;1656.31;1447.07;1654.5;1446.28;1666.94;10;0.8;stop
153;1941.21;230.55;1953.84;230.5;1953.72;203.7;1941.1;203.75;10;0.81;stop
154;1957.65;387.03;1974.84;370.62;1966.82;362.22;1949.63;378.63;10;0.81;stop
155;1511.85;1132.24;1512.16;1118.46;1481.78;1117.76;1481.46;1131.54;10;0.78;move
156;2622.83;1226.87;2623.62;1212.85;2591.17;1211.0;2590.38;1225.03;10;0.82;move
157;1560.13;1161.16;1560.54;1148.26;1531.37;1147.34;1530.96;1160.24;10;0.81;stop
158;1831.71;1012.2;1834.19;982.39;1821.07;981.3;1818.59;1011.11;10;0.79;stop
159;2206.76;1149.74;2207.01;1137.91;2182.62;1137.39;2182.36;1149.21;10;0.77;stop
160;2118.14;1167.83;2118.56;1155.07;2091.24;1154.17;2090.82;1166.93;10;0.78;stop
161;2739.47;1257.02;2740.76;1243.82;2706.59;1240.48;2705.3;1253.68;10;0.78;stop
162;786.74;1668.1;787.06;1655.86;759.86;1655.15;759.54;1667.39;10;0.8;stop
163;2792.78;1160.77;2794.42;1147.18;2764.72;1143.61;2763.08;1157.2;10;0.81;move
164;1331.88;52.67;1332.06;39.99;1304.0;39.58;1303.81;52.26;10;0.79;stop
165;1971.02;798.9;1983.23;798.42;1982.23;772.73;1970.02;773.2;10;0.79;stop
166;1971.2;834.02;1984.73;833.82;1984.3;805.1;1970.77;805.3;10;0.81;stop
168;2535.69;710.66;2547.87;710.63;2547.81;685.46;2535.63;685.49;10;0.79;stop
169;1676.85;1180.34;1677.05;1166.86;1647.53;1166.41;1647.32;1179.89;10;0.81;stop
170;2707.62;1133.33;2708.96;1121.58;2682.3;1118.54;2680.96;1130.29;10;0.79;stop
171;2482.66;1751.22;2485.16;1717.03;2471.46;1716.03;2468.97;1750.22;10;0.79;stop
172;1273.2;54.19;1297.7;53.63;1297.42;41.44;1272.93;41.99;10;0.79;stop
174;1833.9;427.51;1849.22;426.98;1848.23;398.24;1832.91;398.77;10;0.81;move
175;1815.41;384.25;1827.39;383.98;1826.82;358.25;1814.85;358.52;10;0.78;stop
176;2571.08;632.66;2596.99;629.95;2595.67;617.22;2569.76;619.92;10;0.8;stop
177;557.64;1421.11;559.7;1408.18;530.8;1403.58;528.74;1416.51;10;0.79;stop
178;1045.45;1205.64;1046.37;1192.59;1018.37;1190.61;1017.44;1203.66;10;0.81;stop
179;2082.98;1166.14;2083.63;1152.89;2052.52;1151.36;2051.87;1164.61;10;0.79;stop
180;3138.5;1070.94;3164.43;1062.47;3160.56;1050.62;3134.63;1059.09;10;0.8;stop
181;3301.26;1073.78;3317.32;1049.49;3306.24;1042.16;3290.18;1066.45;10;0.78;stop
183;1969.55;767.94;1982.41;767.51;1981.45;739.56;1968.59;739.99;10;0.8;stop
184;1877.99;1059.42;1892.21;1057.87;1888.51;1024.08;1874.29;1025.63;10;0.65;move
185;1956.17;550.07;1968.78;549.59;1967.74;522.05;1955.12;522.53;10;0.78;stop
186;1941.07;1515.27;1952.88;1514.64;1951.62;1490.73;1939.8;1491.36;10;0.79;move
187;1049.18;691.88;1050.35;680.19;1026.45;677.8;1025.28;689.49;10;0.81;stop
188;1127.03;699.67;1128.51;687.13;1098.6;683.61;1097.12;696.15;10;0.78;stop
189;1963.47;1107.17;1975.84;1105.27;1971.78;1078.71;1959.41;1080.6;10;0.8;move
190;2480.01;1116.07;2480.03;1103.6;2453.87;1103.56;2453.85;1116.03;10;0.76;stop
191;2225.48;1130.72;2225.59;1118.4;2197.08;1118.16;2196.97;1130.48;10;0.75;stop
192;2603.02;1244.57;2603.21;1231.93;2578.36;1231.55;2578.16;1244.19;10;0.78;stop
194;1795.79;2154.49;1810.33;2129.03;1799.34;2122.76;1784.8;2148.22;10;0.78;stop
195;1864.11;157.0;1864.44;131.73;1851.67;131.56;1851.34;156.84;10;0.82;stop
196;1831.83;586.39;1832.9;560.48;1820.96;559.99;1819.88;585.89;10;0.79;stop
197;466.43;1077.22;467.1;1064.55;439.66;1063.09;438.99;1075.77;10;0.79;stop
198;1886.36;1113.95;1899.17;1111.4;1893.54;1083.18;1880.74;1085.73;10;0.77;move
199;1732.88;1203.44;1733.34;1189.38;1700.95;1188.31;1700.48;1202.37;10;0.8;stop
200;2226.6;1233.81;2251.66;1233.79;2251.65;1220.94;2226.59;1220.96;10;0.79;stop
202;748.93;1666.68;749.46;1654.27;724.61;1653.2;724.08;1665.61;10;0.8;stop
203;3633.7;1321.84;3638.5;1307.24;3607.55;1297.07;3602.75;1311.66;10;0.78;stop
204;2119.03;288.55;2128.88;282.13;2115.47;261.58;2105.62;268.0;10;0.79;stop
205;1850.14;208.73;1863.06;208.37;1862.27;180.52;1849.35;180.88;10;0.8;stop
206;1839.79;2117.06;1853.43;2087.35;1840.55;2081.44;1826.92;2111.15;10;0.83;move
207;178.12;1090.99;178.69;1078.68;151.88;1077.45;151.31;1089.75;10;0.81;move
208;1479.05;1159.74;1479.34;1148.33;1452.7;1147.64;1452.41;1159.04;10;0.8;stop
209;3296.91;1014.8;3316.51;994.02;3306.84;984.89;3287.24;1005.67;10;0.79;stop
210;3673.49;1442.68;3676.93;1430.22;3648.39;1422.32;3644.94;1434.78;10;0.79;stop
211;1820.33;53.72;1820.69;26.3;1808.92;26.15;1808.56;53.57;10;0.8;stop
212;1918.78;142.64;1929.39;142.31;1928.72;120.61;1918.11;120.94;10;0.79;move
213;2158.9;1197.15;2159.2;1183.93;2134.1;1183.35;2133.8;1196.57;10;0.77;move
214;1889.89;2001.62;1901.3;1973.28;1889.45;1968.51;1878.04;1996.85;10;0.83;move
215;1923.21;445.78;1935.93;445.55;1935.44;418.22;1922.73;418.45;10;0.81;move
216;1649.78;1218.85;1651.13;1206.16;1623.97;1203.27;1622.62;1215.96;10;0.82;stop
217;2431.92;1115.84;2431.94;1102.71;2402.95;1102.66;2402.93;1115.79;10;0.78;stop
218;2169.68;1148.07;2170.01;1136.35;2146.57;1135.68;2146.24;1147.4;10;0.78;stop
219;2328.72;1236.03;2329.12;1222.98;2300.28;1222.09;2299.88;1235.15;10;0.8;stop
221;2688.88;1386.68;2688.94;1373.64;2660.12;1373.51;2660.06;1386.55;10;0.79;stop
223;2822.29;1266.18;2823.85;1252.43;2794.74;1249.13;2793.18;1262.89;10;0.77;stop
224;1974.53;1639.19;1975.17;1611.21;1962.97;1610.93;1962.33;1638.91;10;0.8;stop
225;1830.74;2083.85;1841.69;2057.65;1830.01;2052.78;1819.06;2078.97;10;0.81;stop
226;1337.71;1107.15;1338.1;1095.31;1312.79;1094.47;1312.4;1106.32;10;0.8;stop
227;2902.11;1402.05;2908.99;1390.09;2878.89;1372.76;2872.01;1384.72;10;0.79;stop
228;2956.93;1167.82;2959.25;1155.8;2932.45;1150.61;2930.12;1162.64;10;0.79;stop
229;3196.64;1420.07;3206.75;1390.82;3192.42;1385.87;3182.31;1415.11;10;0.79;stop
230;1899.44;2038.86;1911.35;2009.59;1898.56;2004.39;1886.65;2033.66;10;0.77;stop
231;3380.41;1300.51;3384.24;1286.4;3353.65;1278.09;3349.82;1292.19;10;0.8;stop
232;1851.71;630.32;1863.78;629.04;1860.98;602.68;1848.9;603.96;10;0.8;move
233;1958.77;498.52;1973.14;497.65;1971.33;467.86;1956.96;468.73;10;0.79;stop
234;436.59;1074.64;436.65;1063.0;411.38;1062.86;411.32;1074.5;10;0.79;stop
235;1560.21;1096.56;1561.01;1084.28;1534.67;1082.56;1533.86;1094.84;10;0.79;stop
237;1960.0;956.73;1972.64;956.58;1972.35;932.15;1959.71;932.3;10;0.79;stop
238;2641.68;1416.27;2655.08;1415.43;2653.32;1387.23;2639.92;1388.07;10;0.79;stop
239;2491.66;1614.85;2494.12;1585.81;2480.46;1584.65;2478.01;1613.69;10;0.8;stop
240;3209.36;1230.12;3210.95;1217.54;3182.52;1213.95;3180.93;1226.52;10;0.79;move
241;1817.06;464.47;1830.33;463.9;1829.07;434.4;1815.79;434.97;10;0.78;stop
242;2355.61;1202.55;2356.5;1189.87;2330.76;1188.07;2329.87;1200.75;10;0.78;move
243;2456.44;1202.92;2456.72;1190.57;2430.19;1189.96;2429.9;1202.31;10;0.78;move
244;1796.92;312.11;1810.25;311.54;1809.17;285.83;1795.84;286.39;10;0.8;stop
245;129.36;1586.92;129.78;1575.22;105.01;1574.33;104.59;1586.03;10;0.76;stop
246;2463.34;1238.95;2463.63;1225.42;2434.53;1224.8;2434.24;1238.33;10;0.78;stop
247;2768.85;1259.6;2770.02;1247.16;2743.27;1244.65;2742.11;1257.09;10;0.79;stop
248;1949.86;95.78;1962.72;95.28;1961.67;68.47;1948.81;68.97;10;0.79;stop
249;1887.46;797.85;1900.42;797.27;1899.29;771.53;1886.33;772.1;10;0.75;stop
250;1433.22;1094.67;1433.24;1082.25;1404.03;1082.2;1404.01;1094.63;10;0.78;stop
251;1405.7;1701.98;1407.05;1690.6;1382.05;1687.65;1380.7;1699.03;10;0.78;stop
252;1165.01;1911.32;1165.84;1883.7;1152.49;1883.3;1151.66;1910.92;10;0.79;stop
253;1829.63;273.49;1842.06;273.31;1841.71;247.95;1829.28;248.12;10;0.79;stop
255;1813.45;834.64;1827.88;834.32;1827.24;805.61;1812.81;805.93;10;0.8;stop
256;594.16;625.2;596.78;614.23;573.97;608.78;571.35;619.75;10;0.78;stop
257;1752.86;1202.56;1776.38;1202.36;1776.27;1189.19;1752.75;1189.39;10;0.79;stop
258;1917.51;1528.69;1929.26;1527.96;1927.74;1503.75;1915.99;1504.48;10;0.78;stop
259;1216.0;1562.24;1219.89;1535.43;1208.38;1533.76;1204.49;1560.57;10;0.78;stop
260;2954.1;1268.58;2956.82;1254.43;2923.65;1248.05;2920.93;1262.19;10;0.82;stop
261;3381.11;1261.97;3383.97;1249.52;3355.77;1243.03;3352.9;1255.48;10;0.8;move
262;477.3;1617.28;478.51;1605.73;452.7;1603.03;451.49;1614.58;10;0.78;stop
263;1236.99;1693.47;1237.66;1680.59;1212.13;1679.28;1211.47;1692.16;10;0.76;stop
264;1633.99;1130.78;1634.13;1118.38;1609.38;1118.09;1609.24;1130.5;10;0.77;move
265;1892.79;999.32;1904.51;998.95;1903.71;973.93;1891.99;974.3;10;0.77;stop
267;2260.04;1200.5;2260.08;1185.7;2227.21;1185.62;2227.17;1200.43;10;0.81;move
269;1972.3;867.85;1983.32;867.79;1983.2;845.52;1972.18;845.58;10;0.8;stop
270;1377.05;1159.9;1405.09;1159.88;1405.08;1147.47;1377.04;1147.49;10;0.79;stop
271;1222.31;1521.31;1226.99;1493.67;1213.88;1491.44;1209.19;1519.08;10;0.77;stop
272;1374.44;1095.17;1374.78;1082.45;1346.93;1081.7;1346.59;1094.42;10;0.78;stop
273;2335.14;1236.28;2363.8;1235.85;2363.61;1222.97;2334.95;1223.4;10;0.79;stop
274;2501.31;1239.22;2501.74;1226.68;2471.94;1225.65;2471.51;1238.19;10;0.8;stop
275;1963.51;1286.51;1974.91;1286.07;1973.99;1262.18;1962.59;1262.62;10;0.75;move
276;1804.36;1721.89;1805.24;1710.32;1777.54;1708.23;1776.67;1719.8;10;0.78;stop
277;3184.73;1454.35;3193.41;1425.26;3179.02;1420.97;3170.34;1450.05;10;0.79;stop
278;1819.64;622.08;1831.28;621.45;1829.86;595.17;1818.22;595.8;10;0.78;stop
279;1807.74;270.19;1807.74;245.06;1796.25;245.06;1796.25;270.19;10;0.79;stop
280;2684.22;666.57;2715.68;665.95;2715.4;651.93;2683.95;652.55;10;0.78;stop
281;2149.14;1111.03;2149.38;1098.94;2125.86;1098.47;2125.62;1110.56;10;0.75;stop
282;1692.63;1201.78;1693.11;1189.9;1666.62;1188.84;1666.14;1200.73;10;0.79;stop
284;2532.68;578.51;2544.2;578.45;2544.07;555.49;2532.55;555.55;10;0.79;stop
285;701.03;1239.73;701.34;1227.56;672.4;1226.83;672.1;1239.0;10;0.77;stop
286;571.12;1078.72;571.42;1066.03;542.63;1065.34;542.33;1078.04;10;0.77;stop
287;1439.9;931.05;1440.89;917.41;1408.6;915.08;1407.61;928.72;10;0.75;stop
288;1690.37;1219.25;1690.91;1207.47;1664.38;1206.25;1663.84;1218.03;10;0.78;stop
289;2094.18;1229.79;2094.44;1216.57;2063.82;1215.96;2063.56;1229.18;10;0.78;stop
290;3522.87;680.45;3533.09;651.87;3519.63;647.05;3509.41;675.63;10;0.76;stop
291;3580.61;1054.31;3612.8;1052.21;3611.89;1038.19;3579.7;1040.29;10;0.74;stop
292;748.86;2007.43;749.73;1981.08;738.01;1980.69;737.14;2007.05;10;0.8;stop
293;2812.81;1397.2;2814.55;1384.65;2788.19;1380.99;2786.45;1393.54;10;0.78;stop
294;1209.68;58.4;1238.21;57.45;1237.76;43.97;1209.23;44.93;10;0.77;stop
295;1826.79;128.78;1839.89;128.62;1839.58;102.97;1826.49;103.13;10;0.81;stop
296;1089.42;695.19;1090.63;683.37;1064.4;680.68;1063.19;692.51;10;0.81;stop
297;1698.04;1162.93;1698.29;1150.56;1673.58;1150.07;1673.33;1162.44;10;0.78;stop
298;1944.49;1161.09;1957.65;1158.56;1952.7;1132.79;1939.54;1135.32;10;0.75;move
299;2060.8;1345.54;2086.44;1344.54;2085.95;1331.96;2060.31;1332.96;10;0.79;stop
300;1977.22;1559.41;1977.5;1532.2;1965.53;1532.09;1965.25;1559.3;10;0.77;stop
301;3283.54;1105.37;3299.64;1077.15;3286.46;1069.63;3270.36;1097.85;10;0.78;stop
302;3264.13;1139.7;3277.8;1115.28;3265.55;1108.43;3251.89;1132.84;10;0.76;stop
303;1330.6;1660.18;1331.89;1648.99;1307.52;1646.2;1306.24;1657.38;10;0.77;stop
304;1975.59;1386.87;1975.92;1361.66;1964.35;1361.51;1964.02;1386.71;10;0.8;move
305;1403.81;52.42;1403.91;40.05;1377.19;39.83;1377.09;52.2;10;0.78;stop
306;1813.57;351.92;1824.76;351.33;1823.46;326.46;1812.28;327.04;10;0.77;stop
307;1701.28;1126.67;1727.39;1122.8;1725.47;1109.83;1699.36;1113.7;10;0.79;move
308;1825.27;772.45;1837.27;771.76;1835.66;744.05;1823.67;744.74;10;0.79;stop
310;259.16;1175.57;259.5;1162.29;233.02;1161.62;232.69;1174.9;10;0.77;stop
311;758.27;1193.72;758.42;1182.24;732.35;1181.9;732.2;1193.38;10;0.78;stop
312;110.72;1089.41;111.26;1075.57;79.71;1074.34;79.17;1088.18;10;0.81;move
313;1834.25;1395.62;1844.96;1392.76;1838.78;1369.63;1828.07;1372.49;10;0.78;stop
314;1339.05;1698.82;1340.08;1686.22;1313.7;1684.05;1312.67;1696.65;10;0.77;stop
315;2272.22;1384.31;2273.51;1369.34;2231.9;1365.75;2230.61;1380.73;9;0.77;stop
316;291.62;1068.27;292.6;1056.21;268.07;1054.23;267.09;1066.29;10;0.65;stop
317;2775.89;1231.5;2776.64;1218.03;2745.99;1216.32;2745.23;1229.78;10;0.8;move
318;1899.88;1302.6;1911.33;1300.75;1907.12;1274.77;1895.67;1276.63;10;0.79;stop
319;3585.09;594.89;3616.51;591.37;3614.91;577.1;3583.49;580.63;10;0.75;stop
320;815.17;1634.06;815.99;1622.28;791.47;1620.57;790.65;1632.34;10;0.77;stop
321;1958.39;345.56;1969.88;345.22;1969.18;321.57;1957.68;321.91;10;0.78;stop
322;767.86;1015.82;768.21;1004.34;741.89;1003.55;741.54;1015.03;10;0.77;stop
323;52.44;1068.34;52.64;1055.53;24.31;1055.09;24.12;1067.91;10;0.72;stop
324;910.07;1085.15;937.63;1084.79;937.46;1071.47;909.9;1071.83;10;0.78;stop
325;1354.78;1215.71;1380.63;1214.63;1380.1;1201.91;1354.25;1203.0;10;0.78;stop
326;680.96;1663.58;681.55;1651.88;654.04;1650.48;653.45;1662.19;10;0.77;stop
327;1841.78;1510.18;1870.61;1505.45;1868.47;1492.44;1839.64;1497.17;10;0.78;stop
328;1793.15;39.98;1805.02;39.79;1804.6;14.02;1792.73;14.21;10;0.79;stop
329;2515.27;187.13;2527.84;187.07;2527.73;161.62;2515.16;161.68;10;0.77;stop
330;2557.11;218.23;2580.45;218.1;2580.39;207.02;2557.05;207.15;10;0.76;stop
331;2525.75;480.13;2537.94;479.91;2537.5;455.87;2525.31;456.09;10;0.75;stop
332;1927.28;303.2;1940.1;302.32;1938.22;275.05;1925.4;275.93;10;0.79;move
333;2536.58;746.78;2549.49;746.64;2549.17;716.85;2536.26;716.99;10;0.78;stop
334;1476.96;938.22;1478.43;925.87;1450.29;922.53;1448.82;934.88;10;0.76;stop
335;1512.66;989.7;1514.81;964.26;1503.46;963.3;1501.31;988.74;10;0.77;stop
336;1509.77;1026.51;1513.13;995.33;1500.73;993.99;1497.37;1025.17;10;0.79;stop
337;234.13;1093.11;234.52;1078.02;202.27;1077.21;201.89;1092.29;10;0.77;move
338;2005.18;1241.65;2018.21;1217.0;2006.57;1210.85;1993.54;1235.5;10;0.78;move
339;1091.75;64.7;1091.79;54.08;1067.69;53.98;1067.65;64.61;10;0.78;stop
340;2882.51;199.27;2905.77;198.16;2905.24;187.17;2881.98;188.28;10;0.76;stop
341;2544.56;612.26;2545.46;585.14;2533.32;584.74;2532.42;611.86;10;0.77;stop
342;2728.76;625.18;2758.02;623.96;2757.49;611.2;2728.23;612.41;10;0.78;stop
344;1821.12;652.9;1832.44;652.58;1831.76;628.47;1820.43;628.79;10;0.77;stop
345;1955.05;1212.16;1966.26;1210.25;1962.2;1186.34;1950.99;1188.25;10;0.79;move
346;732.76;2007.03;733.76;1978.11;722.52;1977.72;721.52;2006.64;10;0.78;stop
347;1178.5;1209.6;1178.51;1197.92;1151.93;1197.9;1151.93;1209.58;10;0.76;stop
348;721.71;1246.7;722.73;1221.32;709.85;1220.8;708.83;1246.18;10;0.74;stop
350;1480.5;1094.55;1480.61;1082.55;1455.75;1082.32;1455.64;1094.33;10;0.77;stop
351;2658.05;1248.93;2658.89;1235.77;2630.2;1233.94;2629.36;1247.11;10;0.75;stop
352;1723.37;1220.95;1724.03;1208.17;1697.34;1206.8;1696.69;1219.58;10;0.78;stop
353;3320.56;1078.01;3331.29;1056.93;3319.76;1051.05;3309.02;1072.14;10;0.73;stop
354;2002.12;1642.72;2002.3;1611.99;1989.38;1611.91;1989.2;1642.64;10;0.77;stop
355;1373.87;1701.37;1374.78;1689.06;1348.63;1687.13;1347.72;1699.44;10;0.75;stop
357;1537.61;1110.93;1539.41;1099.79;1517.89;1096.32;1516.09;1107.46;10;0.79;stop
358;1777.99;1222.17;1805.44;1221.57;1805.14;1207.83;1777.69;1208.43;10;0.78;stop
359;2198.23;1111.36;2198.81;1099.3;2174.83;1098.14;2174.25;1110.2;10;0.78;stop
360;3622.8;1052.11;3652.72;1050.97;3652.2;1037.57;3622.28;1038.72;10;0.76;stop
361;1953.57;167.43;1965.78;166.43;1963.68;140.82;1951.47;141.82;10;0.79;stop
362;1437.66;51.36;1437.97;39.32;1411.97;38.64;1411.65;50.68;10;0.78;stop
363;1774.25;188.97;1775.06;161.85;1762.24;161.46;1761.43;188.59;10;0.74;stop
364;1037.91;1092.36;1038.54;1081.28;1016.34;1080.02;1015.71;1091.09;10;0.8;stop
365;1196.29;1212.32;1223.67;1212.16;1223.59;1198.55;1196.2;1198.72;10;0.74;stop
366;1805.14;576.26;1817.12;576.01;1816.56;549.86;1804.59;550.11;10;0.78;stop
367;2649.2;1446.25;2652.02;1421.73;2639.05;1420.25;2636.23;1444.77;10;0.76;stop
368;2975.33;1541.29;2986.82;1535.73;2974.04;1509.33;2962.56;1514.89;10;0.76;stop
369;1611.43;1675.42;1611.82;1663.33;1584.69;1662.46;1584.3;1674.54;10;0.75;stop
370;1178.6;58.75;1204.47;58.12;1204.15;45.31;1178.28;45.94;10;0.76;stop
371;1522.81;862.08;1525.78;838.04;1514.69;836.67;1511.72;860.71;10;0.77;stop
372;2540.79;793.65;2553.25;793.44;2552.83;768.97;2540.37;769.19;10;0.74;stop
373;2245.85;1112.73;2246.17;1101.99;2222.28;1101.27;2221.95;1112.01;10;0.75;stop
374;2798.52;623.72;2826.55;623.09;2826.25;609.79;2798.22;610.43;10;0.76;stop
375;1295.79;1658.47;1295.92;1647.06;1271.46;1646.78;1271.33;1658.19;10;0.75;stop
376;290.15;1176.83;290.27;1162.46;262.97;1162.23;262.85;1176.6;10;0.77;stop
377;636.96;1188.62;637.15;1176.14;611.79;1175.75;611.6;1188.23;10;0.77;stop
378;1892.11;1273.22;1903.24;1270.36;1896.89;1245.66;1885.76;1248.52;10;0.76;stop
379;1955.59;428.48;1964.6;402.23;1953.41;398.39;1944.4;424.64;10;0.82;stop
380;1984.78;1070.51;1996.89;1067.93;1991.16;1041.11;1979.05;1043.7;10;0.77;stop
381;3072.01;1315.89;3074.21;1301.16;3041.99;1296.36;3039.79;1311.09;10;0.76;stop
382;3406.3;1366.66;3410.78;1354.96;3384.95;1345.06;3380.47;1356.76;10;0.75;stop
383;2516.03;215.11;2528.42;214.95;2528.09;189.89;2515.7;190.05;10;0.75;stop
384;640.79;1079.96;670.14;1079.24;669.83;1066.91;640.49;1067.63;10;0.77;stop
385;1295.34;1160.72;1325.16;1159.96;1324.79;1145.53;1294.97;1146.29;10;0.76;stop
386;2516.31;1082.55;2529.14;1082.46;2528.94;1056.07;2516.11;1056.17;10;0.74;stop
387;2310.34;1113.35;2337.95;1112.97;2337.78;1100.65;2310.17;1101.03;10;0.75;stop
388;2864.87;620.97;2892.62;618.71;2891.62;606.45;2863.86;608.72;10;0.74;stop
389;513.3;1618.25;513.82;1606.07;486.08;1604.87;485.55;1617.06;10;0.76;stop
390;380.33;1075.22;406.29;1075.08;406.23;1063.22;380.27;1063.36;10;0.77;stop
391;136.4;1170.69;137.08;1156.77;105.71;1155.25;105.03;1169.17;10;0.73;stop
392;2762.93;623.42;2789.6;621.3;2788.57;608.45;2761.9;610.58;10;0.77;stop
393;2533.26;1240.24;2533.58;1228.67;2509.74;1228.01;2509.42;1239.58;10;0.76;stop
394;3135.89;1197.31;3164.81;1191.78;3162.23;1178.31;3133.31;1183.84;10;0.76;stop
395;3368.85;1363.67;3372.27;1350.63;3342.71;1342.89;3339.29;1355.93;10;0.77;stop
396;1303.66;1696.68;1304.69;1685.07;1279.34;1682.82;1278.31;1694.43;10;0.77;stop
397;1938.26;144.48;1949.33;144.36;1949.08;121.02;1938.01;121.14;10;0.78;stop
398;1808.54;1097.49;1825.84;1077.66;1816.21;1069.26;1798.91;1089.09;10;0.68;move
399;1960.87;59.91;1961.16;37.55;1950.1;37.41;1949.81;59.76;10;0.73;stop
401;1441.55;1158.25;1441.9;1145.32;1415.95;1144.63;1415.6;1157.55;10;0.74;stop
402;1334.93;1160.43;1360.7;1160.18;1360.57;1146.95;1334.8;1147.19;10;0.72;stop
403;1975.61;938.32;1987.78;937.64;1986.26;910.61;1974.1;911.3;10;0.76;stop
404;2921.13;619.88;2952.18;617.92;2951.37;605.2;2920.32;607.16;10;0.74;stop
405;1898.19;1936.73;1909.11;1899.6;1893.53;1895.02;1882.61;1932.15;9;0.78;stop
406;1365.36;52.71;1365.74;41.43;1342.51;40.66;1342.14;51.94;10;0.76;stop
407;2059.11;649.79;2088.13;648.75;2087.64;634.96;2058.62;636.0;10;0.76;stop
408;2854.42;1234.03;2856.16;1221.39;2828.0;1217.53;2826.27;1230.17;10;0.81;move
409;2831.32;622.64;2857.21;621.06;2856.49;609.24;2830.6;610.82;10;0.72;stop
410;2141.57;1381.52;2169.05;1378.98;2167.93;1366.85;2140.45;1369.39;10;0.77;stop
411;3525.77;1016.0;3525.86;1003.55;3499.86;1003.37;3499.77;1015.82;10;0.7;stop
412;2655.12;1147.03;2656.24;1134.34;2632.0;1132.22;2630.89;1144.91;10;0.81;stop
413;2000.93;1681.62;2001.0;1659.66;1990.57;1659.63;1990.5;1681.59;10;0.76;stop
414;3221.51;1469.73;3226.88;1457.6;3199.43;1445.43;3194.05;1457.56;10;0.76;stop
415;3003.53;1530.93;3020.01;1520.09;2986.72;1469.45;2970.24;1480.28;9;0.73;stop
416;2268.04;642.16;2293.79;641.47;2293.46;629.09;2267.71;629.78;10;0.74;stop
417;1211.69;1598.19;1214.51;1571.05;1202.56;1569.81;1199.74;1596.95;10;0.74;stop
418;2693.48;627.25;2723.8;626.03;2723.28;613.06;2692.95;614.28;10;0.75;stop
419;1164.15;1953.87;1165.22;1927.92;1152.23;1927.38;1151.15;1953.33;10;0.72;stop
420;3170.13;108.3;3170.3;79.76;3156.12;79.67;3155.95;108.21;10;0.76;stop
421;564.44;617.37;566.67;606.6;538.06;600.68;535.83;611.45;10;0.74;stop
422;804.49;1053.92;804.51;1025.09;791.89;1025.08;791.87;1053.91;10;0.75;stop
423;627.45;1227.68;631.18;1197.44;617.55;1195.76;613.82;1226.0;10;0.74;stop
424;1976.78;1021.86;1987.81;1021.08;1986.22;998.64;1975.19;999.42;10;0.75;stop
425;2088.04;1382.51;2117.33;1381.43;2116.83;1368.11;2087.55;1369.2;10;0.76;stop
426;3232.03;1413.23;3251.32;1388.93;3239.53;1379.58;3220.25;1403.88;10;0.76;stop
427;1166.42;1846.51;1168.38;1821.1;1154.82;1820.05;1152.87;1845.47;10;0.76;stop
428;1708.81;1681.46;1709.81;1668.75;1681.85;1666.54;1680.84;1679.25;10;0.77;stop
429;1312.57;91.1;1312.93;77.28;1283.93;76.53;1283.57;90.34;10;0.77;stop
430;155.86;1071.07;175.1;1056.11;167.81;1046.74;148.57;1061.7;10;0.71;stop
431;1003.22;1086.79;1003.71;1074.19;978.65;1073.21;978.16;1085.81;10;0.75;stop
432;1115.22;1089.08;1115.9;1076.88;1089.78;1075.42;1089.1;1087.62;10;0.76;stop
433;1610.03;1097.44;1637.98;1097.12;1637.84;1085.06;1609.89;1085.38;10;0.77;stop
434;1933.61;2021.09;1944.07;1995.67;1931.89;1990.66;1921.43;2016.08;10;0.76;stop
435;939.08;683.78;940.41;671.32;913.79;668.47;912.46;680.93;10;0.77;stop
436;2185.36;237.28;2215.82;236.04;2215.26;222.29;2184.81;223.52;10;0.72;stop
437;973.81;1086.41;974.01;1074.05;945.26;1073.59;945.06;1085.95;10;0.76;stop
438;3439.41;785.0;3449.31;758.86;3436.21;753.9;3426.31;780.04;10;0.74;stop
439;3544.61;1053.9;3574.4;1052.58;3573.83;1039.54;3544.03;1040.86;10;0.75;stop
440;1065.51;1647.57;1065.89;1635.94;1042.74;1635.18;1042.36;1646.81;10;0.76;stop
442;1793.32;72.36;1805.25;72.26;1805.04;45.77;1793.11;45.87;10;0.77;stop
443;3069.3;190.93;3097.65;188.59;3096.45;174.13;3068.1;176.48;10;0.78;stop
444;2436.95;226.64;2464.0;224.91;2463.18;212.11;2436.13;213.84;10;0.74;stop
445;3412.85;170.43;3444.2;168.11;3443.09;153.01;3411.74;155.32;10;0.74;stop
446;1516.07;1178.48;1516.14;1166.16;1488.8;1166.02;1488.74;1178.34;10;0.8;stop
447;2636.58;630.19;2664.92;628.23;2664.04;615.47;2635.7;617.42;10;0.75;stop
448;2344.71;1380.46;2345.22;1367.94;2316.91;1366.79;2316.4;1379.31;10;0.76;stop
449;714.13;1665.17;714.71;1652.96;688.37;1651.71;687.79;1663.92;10;0.76;stop
450;2365.03;1114.23;2365.55;1103.14;2341.6;1102.02;2341.08;1113.11;10;0.75;stop
451;2174.69;1231.74;2174.89;1218.9;2149.44;1218.51;2149.24;1231.35;10;0.78;stop
452;3448.7;1018.74;3448.95;1005.86;3421.3;1005.33;3421.05;1018.21;10;0.73;stop
453;3077.03;1076.77;3111.92;1075.08;3111.22;1060.73;3076.33;1062.42;10;0.72;stop
454;2608.68;215.43;2637.34;214.23;2636.82;201.95;2608.16;203.15;10;0.74;stop
455;3574.3;1016.49;3574.52;1002.43;3543.2;1001.95;3542.98;1016.01;10;0.75;stop
456;539.76;1620.03;541.11;1609.65;519.62;1606.84;518.26;1617.23;10;0.75;stop
457;3162.39;1467.3;3173.96;1435.82;3158.23;1430.04;3146.66;1461.53;10;0.75;stop
458;1956.02;284.57;1961.02;259.33;1949.88;257.12;1944.88;282.36;10;0.76;stop
459;1011.8;687.94;1013.04;675.8;988.73;673.31;987.49;685.45;10;0.8;stop
460;2527.94;550.35;2540.89;549.88;2539.81;520.65;2526.86;521.12;10;0.75;stop
461;3056.71;613.31;3083.14;610.84;3082.04;599.16;3055.61;601.63;10;0.75;stop
462;3198.01;1095.68;3213.49;1089.82;3201.36;1057.76;3185.88;1063.62;10;0.72;stop
463;1971.73;1912.15;1977.89;1872.69;1961.27;1870.1;1955.11;1909.56;10;0.78;stop
464;1934.22;1448.92;1945.53;1447.53;1942.53;1423.21;1931.22;1424.6;10;0.79;move
465;3369.96;600.61;3398.5;599.18;3397.85;586.26;3369.31;587.7;10;0.73;stop
466;1670.07;1099.18;1670.23;1087.01;1646.43;1086.7;1646.27;1098.87;10;0.78;stop
467;2435.55;1382.21;2435.71;1369.85;2410.57;1369.54;2410.42;1381.9;10;0.75;stop
468;3471.57;600.08;3501.6;599.98;3501.55;586.44;3471.52;586.55;10;0.75;stop
469;2580.18;1160.15;2581.32;1145.94;2555.07;1143.85;2553.93;1158.06;10;0.73;stop
470;1438.8;1704.48;1440.15;1692.58;1414.2;1689.64;1412.85;1701.54;10;0.71;stop
471;1912.9;1471.95;1927.97;1470.02;1922.69;1428.87;1907.63;1430.8;9;0.72;stop
472;3565.26;161.83;3599.16;159.43;3598.18;145.67;3564.28;148.07;10;0.71;stop
473;101.2;1168.0;101.49;1155.81;72.7;1155.12;72.41;1167.32;10;0.73;stop
474;2141.74;1231.37;2141.87;1218.04;2113.01;1217.76;2112.88;1231.08;10;0.76;stop
475;3803.78;1008.43;3831.95;1006.93;3831.22;993.13;3803.05;994.63;10;0.75;stop
476;264.53;1639.78;265.75;1627.16;239.38;1624.6;238.15;1637.22;10;0.69;stop
477;1795.13;102.19;1806.83;101.89;1806.18;76.69;1794.48;76.99;10;0.77;stop
478;1659.85;1198.14;1660.51;1185.99;1635.27;1184.61;1634.61;1196.76;10;0.79;stop
479;3305.89;1108.59;3317.64;1086.52;3306.3;1080.47;3294.54;1102.55;10;0.76;stop
480;1694.42;1718.48;1695.62;1706.1;1671.58;1703.77;1670.38;1716.15;10;0.74;stop
481;2525.73;125.4;2525.73;98.47;2512.77;98.47;2512.77;125.4;10;0.76;stop
482;2154.6;236.11;2178.33;235.38;2177.96;223.45;2154.23;224.19;10;0.71;stop
484;210.49;1071.14;234.63;1071.07;234.59;1058.86;210.45;1058.93;10;0.63;stop
486;3620.25;591.06;3647.51;590.52;3647.25;577.65;3619.99;578.19;10;0.74;stop
487;3270.33;1036.75;3291.42;1019.28;3282.79;1008.87;3261.71;1026.34;10;0.73;stop
488;1544.96;1768.22;1545.84;1755.09;1515.04;1753.03;1514.16;1766.16;10;0.71;stop
489;838.74;1671.73;839.56;1660.0;814.87;1658.27;814.05;1670.0;10;0.75;stop
490;2807.32;1141.89;2809.0;1129.2;2784.16;1125.92;2782.49;1138.62;10;0.73;stop
491;1880.22;1690.87;1881.16;1679.18;1858.62;1677.38;1857.69;1689.07;10;0.75;stop
492;1901.58;1892.69;1905.14;1868.68;1894.17;1867.06;1890.61;1891.07;10;0.75;stop
493;1542.96;1217.26;1569.92;1217.24;1569.92;1204.86;1542.95;1204.88;10;0.74;stop
494;2953.98;617.8;2983.8;617.51;2983.68;604.23;2953.85;604.52;10;0.72;stop
495;1780.36;1684.75;1781.3;1673.21;1755.42;1671.12;1754.49;1682.67;10;0.78;stop
496;2849.03;202.78;2876.35;201.43;2875.72;188.72;2848.4;190.07;10;0.74;stop
498;705.59;2004.67;717.77;2004.56;717.53;1978.77;705.36;1978.88;10;0.74;stop
499;1065.63;1043.64;1065.65;1015.12;1052.75;1015.11;1052.73;1043.63;10;0.71;stop
500;2437.21;637.77;2464.64;636.39;2464.04;624.48;2436.61;625.86;10;0.74;stop
501;2919.51;1458.47;2929.17;1447.78;2901.99;1423.22;2892.33;1433.9;10;0.72;stop
502;168.46;1041.89;173.77;1015.79;160.6;1013.11;155.29;1039.21;10;0.75;stop
503;2486.68;1702.25;2487.5;1675.41;2474.2;1675.0;2473.38;1701.84;10;0.76;stop
504;2915.82;200.93;2942.98;197.97;2941.68;186.07;2914.52;189.03;10;0.68;stop
505;3190.53;1173.11;3205.52;1146.92;3192.91;1139.7;3177.91;1165.89;10;0.72;stop
506;2476.89;1823.14;2477.74;1798.64;2465.98;1798.23;2465.14;1822.74;10;0.75;stop
507;2076.96;239.3;2106.1;238.58;2105.79;225.89;2076.65;226.61;10;0.72;stop
508;984.88;687.69;985.86;675.78;958.84;673.56;957.86;685.47;10;0.77;stop
509;2092.52;646.46;2115.52;645.39;2114.98;633.79;2091.98;634.86;10;0.74;stop
510;2514.04;158.55;2527.06;157.87;2525.58;130.01;2512.57;130.7;10;0.75;stop
511;609.12;1660.08;609.85;1648.01;584.31;1646.49;583.59;1658.55;10;0.69;stop
512;256.68;137.09;287.13;136.0;286.6;121.19;256.15;122.28;10;0.69;stop
513;2328.06;228.23;2357.27;228.06;2357.19;214.46;2327.98;214.63;10;0.69;stop
514;1889.86;862.23;1902.98;861.47;1901.39;834.27;1888.27;835.03;10;0.79;stop
515;2600.12;630.88;2627.37;628.52;2626.25;615.62;2599.0;617.98;10;0.76;stop
516;1505.29;1217.07;1531.3;1216.64;1531.09;1203.93;1505.08;1204.36;10;0.75;stop
517;1482.65;1705.5;1483.44;1693.89;1455.85;1692.0;1455.06;1703.61;10;0.72;stop
518;2738.41;1356.34;2738.55;1344.46;2711.87;1344.13;2711.72;1356.01;10;0.7;stop
519;2768.11;206.3;2794.29;204.62;2793.51;192.52;2767.34;194.19;10;0.67;stop
520;3303.72;177.96;3337.57;175.79;3336.59;160.48;3302.74;162.65;10;0.74;stop
521;588.96;1623.96;590.09;1612.04;563.23;1609.48;562.09;1621.4;10;0.71;stop
522;715.75;1629.37;716.37;1618.5;693.31;1617.19;692.69;1628.06;10;0.75;stop
523;1839.58;170.75;1839.58;134.12;1824.55;134.12;1824.55;170.75;10;0.8;stop
524;2362.72;639.92;2389.68;638.41;2388.9;624.58;2361.95;626.09;10;0.76;stop
525;3441.87;880.37;3451.34;854.66;3439.38;850.26;3429.91;875.96;10;0.7;stop
526;3277.92;1167.19;3287.57;1143.06;3275.2;1138.12;3265.55;1162.25;10;0.69;stop
527;349.3;1181.29;379.02;1180.56;378.67;1166.21;348.94;1166.94;10;0.68;stop
528;225.4;138.54;250.16;137.6;249.67;124.9;224.92;125.84;10;0.62;stop
529;2125.69;646.77;2154.27;645.68;2153.81;633.48;2125.23;634.57;10;0.73;stop
530;2495.82;1565.91;2496.52;1537.17;2483.06;1536.84;2482.35;1565.58;10;0.74;stop
531;2481.63;1792.85;2483.98;1756.36;2469.12;1755.4;2466.77;1791.89;10;0.69;stop
532;1934.98;39.83;1946.28;39.82;1946.27;20.92;1934.97;20.93;10;0.7;stop
533;405.54;1650.07;406.42;1636.88;377.27;1634.93;376.39;1648.12;10;0.69;stop
534;293.68;132.64;318.31;131.2;317.57;118.61;292.94;120.05;10;0.61;stop
536;1225.39;1096.35;1226.0;1076.39;1177.61;1074.9;1177.0;1094.86;9;0.73;stop
537;3636.26;1271.04;3651.06;1270.53;3649.99;1239.58;3635.19;1240.09;10;0.71;stop
538;2473.63;1908.59;2474.73;1871.84;2460.25;1871.41;2459.15;1908.16;10;0.71;stop
539;3759.24;1008.64;3788.05;1007.66;3787.64;995.73;3758.83;996.71;10;0.72;stop
540;1973.68;2160.92;1974.24;2136.87;1961.57;2136.58;1961.01;2160.63;10;0.6;stop
541;824.25;86.11;824.5;74.18;799.41;73.64;799.15;85.57;10;0.73;stop
542;55.62;1615.55;56.88;1602.85;28.93;1600.08;27.67;1612.77;10;0.71;stop
543;3227.74;1037.96;3237.46;1029.55;3218.51;1007.66;3208.79;1016.07;10;0.72;stop
544;3289.5;1137.0;3302.03;1113.3;3290.81;1107.37;3278.28;1131.07;10;0.71;stop
545;2524.89;408.02;2536.5;407.82;2536.11;385.11;2524.5;385.31;10;0.68;stop
546;3104.85;1322.83;3107.21;1309.53;3080.31;1304.75;3077.95;1318.05;10;0.72;stop
547;1907.67;1425.15;1920.78;1423.76;1917.33;1391.28;1904.22;1392.68;9;0.7;stop
548;2637.65;1359.2;2638.83;1340.51;2589.85;1337.43;2588.67;1356.11;9;0.69;stop
549;632.73;635.18;635.09;623.73;608.52;618.26;606.16;629.71;10;0.72;stop
550;236.24;1636.67;237.77;1624.23;212.59;1621.14;211.06;1633.59;10;0.66;stop
551;401.56;121.53;430.33;119.72;429.54;107.22;400.77;109.03;10;0.39;stop
552;2801.4;203.11;2826.23;201.64;2825.47;188.95;2800.65;190.43;10;0.67;stop
554;1333.71;1089.22;1334.06;1078.22;1312.29;1077.53;1311.94;1088.53;10;0.6;stop
555;1891.44;937.56;1902.9;937.13;1902.06;914.75;1890.6;915.18;10;0.76;stop
556;2310.26;231.26;2310.27;218.76;2281.62;218.74;2281.61;231.24;10;0.69;stop
557;3510.27;708.5;3519.91;684.14;3506.92;679.0;3497.28;703.36;10;0.69;stop
558;3087.19;611.09;3115.7;608.43;3114.56;596.31;3086.05;598.98;10;0.72;stop
559;3111.58;1359.95;3120.04;1333.1;3106.39;1328.8;3097.93;1355.65;10;0.72;stop
560;2396.61;1380.77;2396.67;1368.28;2371.89;1368.16;2371.83;1380.66;10;0.67;stop
561;3653.03;371.78;3664.98;344.55;3651.97;338.84;3640.02;366.07;10;0.69;stop
562;3196.35;686.81;3196.9;656.9;3182.4;656.63;3181.85;686.54;10;0.58;stop
563;918.07;1205.53;919.8;1194.89;901.06;1191.85;899.33;1202.48;10;0.66;stop
564;3430.71;1375.01;3434.16;1364.34;3413.98;1357.81;3410.53;1368.48;10;0.7;stop
565;1412.35;1665.96;1435.1;1665.82;1435.02;1653.92;1412.28;1654.06;10;0.7;stop
566;206.57;1633.57;208.14;1619.36;176.17;1615.81;174.59;1630.02;10;0.46;stop
567;1523.38;900.33;1524.86;871.59;1512.99;870.98;1511.51;899.72;10;0.65;stop
568;2441.56;1901.07;2443.69;1873.1;2431.57;1872.18;2429.44;1900.15;10;0.72;stop
569;2727.15;210.33;2758.95;208.39;2757.97;192.42;2726.18;194.36;10;0.6;stop
570;2517.92;320.1;2531.4;319.78;2530.71;290.78;2517.23;291.1;10;0.7;stop
571;2402.0;640.39;2431.55;638.36;2430.63;624.95;2401.08;626.98;10;0.76;stop
572;1088.65;1207.54;1088.93;1191.58;1053.92;1190.96;1053.64;1206.92;10;0.69;stop
573;3248.02;1165.84;3262.32;1141.08;3249.79;1133.84;3235.49;1158.6;10;0.67;stop
574;3793.09;311.55;3808.88;311.18;3808.16;280.95;3792.37;281.32;10;0.54;stop
575;2524.76;453.38;2538.0;452.48;2536.24;426.37;2523.0;427.27;10;0.68;stop
576;3402.47;597.75;3427.05;596.23;3426.28;583.73;3401.7;585.25;10;0.71;stop
577;3795.92;148.08;3828.68;146.21;3827.83;131.3;3795.07;133.17;10;0.68;stop
579;3170.25;70.6;3172.91;40.25;3156.94;38.85;3154.28;69.2;10;0.62;stop
580;3199.54;605.85;3227.29;603.12;3226.09;590.87;3198.33;593.6;10;0.73;stop
581;629.95;2145.28;630.44;2134.42;609.43;2133.47;608.93;2144.33;10;0.57;stop
582;569.41;107.15;599.24;106.06;598.72;91.6;568.88;92.69;10;0.62;stop
583;1531.92;751.47;1533.62;729.42;1521.33;728.47;1519.63;750.52;10;0.56;stop
584;3626.74;339.5;3637.42;313.02;3625.76;308.32;3615.08;334.79;10;0.63;stop
585;3605.28;482.93;3614.7;458.44;3602.22;453.64;3592.8;478.12;10;0.69;stop
586;2247.37;233.59;2276.11;230.62;2274.76;217.54;2246.01;220.51;10;0.65;stop
587;166.12;1172.35;166.18;1159.33;141.61;1159.21;141.55;1172.24;10;0.56;stop
588;3730.99;584.27;3758.58;582.55;3757.76;569.32;3730.17;571.04;10;0.69;stop
589;3695.12;273.67;3704.0;251.25;3692.38;246.65;3683.5;269.06;10;0.68;stop
590;442.72;1614.17;443.23;1602.56;417.91;1601.46;417.4;1613.06;10;0.61;stop
591;2190.91;646.25;2220.08;644.55;2219.27;630.63;2190.11;632.32;10;0.68;stop
592;53.97;889.19;57.57;877.15;30.64;869.09;27.04;881.14;10;0.63;stop
594;332.71;1374.86;360.2;1371.61;358.7;1358.89;331.2;1362.14;10;0.62;stop
595;2470.41;635.57;2496.69;634.25;2496.09;622.18;2469.81;623.5;10;0.7;stop
596;3750.68;52.27;3764.42;18.29;3749.32;12.18;3735.58;46.16;10;0.7;stop
597;3111.5;1200.29;3114.8;1183.19;3064.28;1173.46;3060.99;1190.56;9;0.53;stop
598;615.54;1624.63;616.04;1612.58;592.9;1611.62;592.4;1623.67;10;0.67;stop
599;3438.41;1299.65;3442.68;1285.93;3404.4;1274.02;3400.14;1287.75;10;0.69;stop
600;1921.38;1558.53;1924.07;1538.25;1913.93;1536.9;1911.24;1557.19;10;0.64;stop
602;2529.69;513.13;2542.38;512.68;2541.43;485.87;2528.75;486.32;10;0.65;stop
603;1007.89;1203.89;1008.03;1189.85;977.74;1189.54;977.6;1203.59;10;0.63;stop
604;3115.82;609.93;3143.99;607.16;3142.93;596.4;3114.76;599.17;10;0.65;stop
605;437.98;1029.38;453.03;1027.48;449.37;998.43;434.31;1000.33;10;0.69;stop
606;2805.39;1356.23;2805.66;1344.34;2781.18;1343.77;2780.9;1355.66;10;0.65;stop
607;3762.52;581.01;3790.85;578.78;3789.98;567.78;3761.65;570.01;10;0.71;stop
608;1225.43;1656.36;1226.29;1646.18;1205.13;1644.39;1204.27;1654.57;10;0.62;stop
609;2031.79;1572.09;2064.88;1570.0;2063.96;1555.41;2030.87;1557.5;10;0.68;stop
610;3463.91;167.91;3495.81;166.31;3495.15;153.18;3463.25;154.79;10;0.65;stop
612;3565.25;584.21;3578.11;581.06;3571.94;555.79;3559.07;558.94;10;0.65;stop
613;1804.62;217.11;1818.18;217.0;1817.88;182.26;1804.32;182.38;10;0.7;stop
614;2518.9;286.21;2530.41;285.88;2529.73;261.67;2518.22;261.99;10;0.59;stop
616;2275.23;1148.83;2275.43;1137.61;2250.27;1137.17;2250.07;1148.39;10;0.76;stop
617;733.93;92.34;734.39;81.52;719.99;80.91;719.54;91.73;10;0.66;stop
618;703.06;1223.74;703.73;1211.42;677.87;1210.01;677.2;1222.33;10;0.67;stop
619;1911.55;1160.59;1923.35;1156.75;1915.7;1133.28;1903.9;1137.13;10;0.76;move
620;158.52;1590.4;159.73;1578.85;137.03;1576.47;135.82;1588.03;10;0.55;stop
622;2051.09;274.04;2080.58;272.18;2079.91;261.46;2050.42;263.32;10;0.72;stop
623;3198.31;715.2;3199.13;689.35;3186.06;688.94;3185.25;714.79;10;0.6;stop
624;465.28;1652.1;465.79;1639.6;439.4;1638.52;438.89;1651.03;10;0.62;stop
625;3004.09;1550.2;3014.87;1546.9;3008.1;1524.8;2997.32;1528.1;10;0.59;stop
626;2326.95;679.47;2355.11;679.08;2354.92;666.03;2326.77;666.42;10;0.65;stop
627;631.41;1080.51;632.41;1069.1;611.71;1067.3;610.72;1078.72;10;0.73;stop
628;3466.31;1057.59;3496.77;1057.0;3496.5;1043.35;3466.04;1043.94;10;0.61;stop
629;3202.87;220.24;3229.72;217.17;3228.38;205.39;3201.53;208.46;10;0.54;stop
630;3595.97;407.2;3608.06;379.11;3595.59;373.74;3583.5;401.83;10;0.64;stop
631;3620.68;448.85;3629.47;421.46;3616.82;417.4;3608.03;444.79;10;0.65;stop
633;498.69;1654.43;499.11;1641.72;473.5;1640.88;473.08;1653.59;10;0.66;stop
634;692.4;96.69;693.02;83.44;665.1;82.14;664.48;95.39;10;0.52;stop
635;3677.64;322.52;3693.55;284.84;3676.11;277.48;3660.2;315.16;9;0.64;stop
636;3032.71;191.71;3059.71;189.71;3058.79;177.29;3031.79;179.29;10;0.67;stop
638;2680.82;212.32;2704.46;211.83;2704.18;198.3;2680.54;198.79;10;0.62;stop
639;2964.9;1470.85;2977.19;1459.81;2948.85;1428.27;2936.56;1439.31;9;0.64;stop
640;3776.33;1474.38;3779.35;1462.08;3751.8;1455.31;3748.77;1467.61;10;0.68;stop
642;1918.28;1611.75;1932.0;1611.51;1931.38;1575.38;1917.66;1575.61;10;0.67;stop
643;3676.53;588.03;3706.52;585.26;3705.35;572.59;3675.36;575.37;10;0.66;stop
644;1792.49;222.57;1803.47;222.37;1803.01;197.62;1792.03;197.82;10;0.65;stop
645;2475.55;1350.12;2475.87;1337.12;2445.95;1336.38;2445.63;1349.38;9;0.66;stop
646;2693.0;2094.2;2704.53;2088.92;2692.0;2061.55;2680.47;2066.83;10;0.62;stop
648;3676.32;1300.15;3676.73;1268.81;3660.56;1268.6;3660.15;1299.94;10;0.57;stop
649;644.17;1661.99;644.83;1649.57;621.46;1648.32;620.79;1660.74;10;0.65;stop
650;633.99;100.49;659.89;98.1;658.82;86.54;632.92;88.93;10;0.46;stop
651;3706.3;247.32;3717.85;219.5;3705.57;214.4;3694.02;242.22;10;0.62;stop
652;2698.91;1255.72;2700.48;1239.53;2665.69;1236.16;2664.13;1252.34;9;0.67;stop
655;2781.96;1392.94;2783.44;1377.59;2740.29;1373.44;2738.81;1388.79;9;0.57;stop
656;1149.99;1652.3;1150.55;1640.67;1125.32;1639.45;1124.76;1651.08;10;0.58;stop
658;721.51;1076.17;745.27;1075.0;744.74;1064.14;720.98;1065.31;10;0.7;stop
659;2502.39;1446.91;2503.02;1417.62;2489.99;1417.34;2489.36;1446.63;10;0.72;stop
660;3807.19;1989.83;3837.85;1972.16;3829.68;1957.98;3799.02;1975.66;10;0.66;stop
661;2542.96;897.83;2555.77;897.54;2555.16;870.67;2542.35;870.96;10;0.6;stop
662;780.87;1240.82;782.82;1228.27;755.67;1224.05;753.72;1236.6;10;0.59;stop
663;786.45;1193.29;786.58;1181.86;761.27;1181.59;761.14;1193.01;10;0.55;stop
664;913.42;682.16;914.36;670.48;890.33;668.54;889.39;680.22;10;0.57;stop
665;1618.56;641.92;1619.24;631.01;1592.19;629.33;1591.51;640.24;10;0.67;stop
666;3507.99;1056.22;3534.09;1055.18;3533.57;1041.91;3507.47;1042.94;10;0.61;stop
667;1953.81;772.71;1964.12;772.37;1963.44;751.66;1953.13;752.0;10;0.79;stop
668;1378.58;88.98;1401.52;88.53;1401.29;76.96;1378.36;77.41;10;0.52;stop
669;3760.98;149.01;3794.02;147.46;3793.4;134.12;3760.35;135.66;10;0.62;stop
670;3582.08;1013.02;3604.23;1012.25;3603.86;1001.67;3581.71;1002.43;10;0.62;stop
671;1721.92;1719.73;1723.51;1708.09;1699.2;1704.77;1697.61;1716.41;10;0.54;stop
672;3432.09;2151.75;3460.88;2139.88;3454.79;2125.12;3426.0;2136.99;10;0.58;stop
673;1979.29;1693.23;1981.24;1648.73;1964.96;1648.02;1963.01;1692.52;9;0.57;stop
675;3604.37;159.56;3634.14;157.36;3633.13;143.73;3603.36;145.93;10;0.65;stop
676;2139.15;67.94;2150.13;67.57;2149.35;44.0;2138.37;44.36;10;0.55;stop
677;3659.88;1268.61;3675.87;1268.23;3675.12;1236.39;3659.13;1236.77;10;0.61;stop
679;2489.08;208.69;2490.44;188.6;2479.67;187.87;2478.31;207.97;10;0.52;stop
680;2048.25;240.2;2074.57;238.91;2073.94;226.11;2047.62;227.4;10;0.57;stop
682;3590.5;632.1;3590.64;618.16;3557.0;617.82;3556.86;631.77;10;0.46;stop
683;192.38;1881.44;196.305;1853.115;182.615;1851.22;178.695;1879.54;10;0.41000000000000003;stop
684;2620.01;1447.04;2632.87;1422.22;2622.11;1416.65;2609.26;1441.47;10;0.7;stop
685;1538.51;1672.37;1539.23;1661.4;1515.86;1659.88;1515.15;1670.85;10;0.58;stop
686;3812.09;1484.51;3815.78;1471.85;3785.41;1462.99;3781.72;1475.65;10;0.7;stop
688;3828.6;233.71;3842.66;232.5;3840.15;203.17;3826.09;204.37;10;0.62;stop
689;1367.58;1665.14;1368.43;1653.2;1342.55;1651.36;1341.7;1663.3;10;0.42;stop
690;2858.75;1406.59;2863.35;1390.34;2821.0;1378.34;2816.4;1394.6;9;0.7;stop
691;412.46;1613.81;412.81;1602.56;388.63;1601.82;388.29;1613.06;10;0.52;stop
692;2936.47;1437.16;2947.77;1425.77;2916.34;1394.56;2905.04;1405.95;9;0.52;stop
694;303.66;1869.79;308.67;1846.05;297.27;1843.65;292.27;1867.38;10;0.46;stop
697;3786.15;1047.17;3817.37;1046.29;3816.97;1032.2;3785.75;1033.09;10;0.57;stop
698;2728.6;1389.99;2729.52;1375.91;2696.6;1373.76;2695.68;1387.84;10;0.6;stop
699;161.36555555555555;1878.2144444444443;166.91666666666669;1850.7644444444445;154.9633333333333;1848.3455555555556;149.41222222222223;1875.8011111111111;10;0.35;stop
700;1955.49;2162.25;1956.35;2137.94;1943.76;2137.5;1942.9;2161.81;10;0.56;stop
701;2733.07;668.86;2756.07;662.9;2752.06;647.39;2729.05;653.35;10;0.61;stop
702;1102.18;1651.18;1103.51;1640.7;1075.82;1637.2;1074.49;1647.68;10;0.62;stop
703;2464.67;1556.45;2466.53;1526.87;2453.45;1526.05;2451.59;1555.63;9;0.54;stop
706;2460.75;1596.33;2460.93;1570.63;2448.38;1570.54;2448.2;1596.24;10;0.6;stop
707;1961.1;199.19;1971.24;198.19;1969.28;178.25;1959.13;179.25;10;0.55;stop
708;192.4;850.27;194.84;822.93;181.66;821.76;179.22;849.1;10;0.6;stop
709;1047.41;1030.13;1048.26;1008.88;1035.53;1008.37;1034.68;1029.62;10;0.49;stop
710;903.85;77.47;904.16;63.7;880.4;63.15;880.09;76.93;10;0.65;stop
716;350.03;1647.26;374.15;1644.63;372.79;1632.11;348.66;1634.75;10;0.57;stop
717;794.26;122.08;820.35;120.67;819.69;108.54;793.61;109.95;10;0.67;stop
718;187.19;879.9;190.95;855.11;177.5;853.07;173.74;877.86;10;0.57;stop
719;321.1;130.46;347.97;129.1;347.34;116.57;320.46;117.94;10;0.48;stop
720;1169.2;1809.77;1170.6;1782.99;1158.42;1782.35;1157.03;1809.14;10;0.5;stop
721;3108.75;189.02;3120.28;188.8;3120.0;174.35;3108.47;174.58;10;0.53;stop
722;1816.42;962.74;1830.37;962.44;1829.7;931.76;1815.75;932.06;10;0.62;stop
723;858.99;1475.52;859.71;1463.23;836.1;1461.86;835.39;1474.14;10;0.46;stop
725;2509.29;65.88;2522.33;65.4;2521.33;38.19;2508.29;38.67;10;0.55;stop
726;301.7669230769231;1764.4869230769232;305.3284615384615;1745.059230769231;295.2061538461538;1738.9453846153847;291.64461538461535;1758.3784615384616;10;0.3576923076923077;stop
727;208.17;1017.53;209.47;993.14;196.83;992.47;195.53;1016.86;10;0.67;stop
728;3325.05;991.01;3342.55;965.11;3329.33;956.18;3311.83;982.08;10;0.55;stop
729;209.11375;1883.24375;212.04;1855.22875;197.96625;1853.7525;195.04;1881.7675000000002;10;0.42374999999999996;stop
731;1049.05;1682.35;1050.32;1669.96;1024.7;1667.34;1023.43;1679.73;10;0.43;stop
732;546.83;1456.92;548.96;1445.54;526.61;1441.36;524.48;1452.74;10;0.59;stop
733;1813.49;242.05;1813.88;222.79;1803.38;222.58;1803.0;241.84;10;0.6;stop
735;3054.99;1503.94;3068.28;1470.1;3052.26;1463.81;3038.97;1497.65;10;0.53;stop
736;3153.67;1419.84;3166.1;1386.14;3148.21;1379.54;3135.77;1413.23;9;0.58;stop
738;3501.12;736.64;3507.54;713.78;3495.45;710.39;3489.02;733.25;10;0.52;stop
739;2472.47;1966.44;2476.05;1931.15;2459.16;1929.43;2455.57;1964.72;10;0.57;stop
740;2524.79;254.53;2549.31;250.44;2547.46;239.34;2522.94;243.44;10;0.44;stop
744;966.19;1204.08;966.6;1188.53;926.62;1187.48;926.22;1203.04;9;0.62;stop
745;1404.41;929.36;1404.66;918.41;1382.22;917.89;1381.97;928.84;10;0.42;stop
750;2217.65;1421.79;2219.07;1386.79;2204.92;1386.21;2203.49;1421.21;9;0.56;stop
752;2448.94;1774.93;2451.44;1749.71;2439.94;1748.57;2437.44;1773.79;10;0.58;stop
755;2496.39;1856.31;2497.63;1841.97;2466.73;1839.31;2465.5;1853.65;10;0.46;stop
756;1019.74;1032.82;1020.57;1009.47;1008.63;1009.05;1007.81;1032.4;10;0.49;stop
757;535.6865217391305;108.71826086956521;563.8778260869565;108.44695652173912;563.7582608695652;95.65173913043478;535.5595652173913;95.9304347826087;10;0.3526086956521739;stop
758;1439.46;88.51;1439.48;76.91;1414.66;76.87;1414.64;88.47;10;0.67;stop
759;2159.38;686.56;2159.42;670.21;2149.37;670.19;2149.33;686.54;10;0.46;stop
762;1912.23;1223.18;1927.2;1220.06;1919.52;1183.2;1904.55;1186.32;9;0.72;move
763;1079.49;1684.57;1081.01;1674.51;1059.7;1671.3;1058.18;1681.36;10;0.46;stop
764;1017.37;1645.61;1035.88;1645.34;1035.75;1636.02;1017.24;1636.28;10;0.5;stop
765;3437.3;1130.96;3451.53;1102.73;3437.39;1095.6;3423.16;1123.83;10;0.51;stop
766;1527.21;821.13;1530.77;791.53;1517.04;789.87;1513.48;819.47;10;0.45;stop
767;2936.16;1436.12;2947.2;1424.6;2916.84;1395.5;2905.8;1407.03;10;0.52;stop
769;315.62;2087.15;317.11;2057.3;303.13;2056.6;301.64;2086.45;10;0.53;stop
770;3411.58;2106.53;3420.4;2097.83;3404.98;2082.21;3396.16;2090.92;10;0.38;stop
773;2151.13;94.37;2160.49;94.01;2159.87;77.76;2150.51;78.11;10;0.36;stop
774;2678.45;1440.85;2678.88;1399.97;2660.43;1399.77;2659.99;1440.66;9;0.61;stop
776;3634.2299999999996;414.2;3643.965;390.795;3632.335;385.96000000000004;3622.5950000000003;409.355;10;0.36;stop
779;527.31;1245.38;527.32;1232.46;501.13;1232.44;501.12;1245.36;10;0.39;stop
782;891.905;1602.29;892.53;1578.1025000000002;880.8074999999999;1577.8000000000002;880.19;1601.9950000000001;10;0.36750000000000005;stop
784;729.32;795.63;731.13;772.33;720.37;771.5;718.56;794.79;10;0.53;stop
785;255.71;1601.01;256.76;1590.58;234.6;1588.37;233.56;1598.79;10;0.49;stop
786;3214.18;1376.6;3226.55;1344.6;3210.51;1338.4;3198.14;1370.4;10;0.47;stop
787;319.65;2131.75;320.58;2100.54;306.6;2100.12;305.67;2131.34;10;0.44;stop
788;1125.8300000000002;373.1066666666667;1151.8766666666666;372.7866666666667;1151.73;361.5166666666667;1125.6933333333336;361.84333333333336;10;0.38333333333333336;stop
789;312.08;2053.44;315.25;2022.43;300.58;2020.93;297.4;2051.94;10;0.48;stop
791;3246.2;604.73;3270.92;603.45;3270.37;592.8;3245.64;594.09;10;0.43;stop
792;3276.14;1404.62;3315.55;1398.39;3312.61;1379.76;3273.2;1385.98;9;0.43;stop
794;778.01;1256.74;780.03;1245.3;754.31;1240.76;752.29;1252.2;10;0.53;stop
795;389.7;1376.42;390.82;1364.43;364.99;1362.02;363.87;1374.01;10;0.36;stop
797;3203.79;1137.75;3208.54;1113.48;3197.46;1111.31;3192.71;1135.58;10;0.62;stop
799;571.68;1661.22;572.53;1650.72;552.38;1649.09;551.53;1659.6;10;0.44;stop
805;3791.16;276.83;3809.52;276.15;3808.21;240.67;3789.86;241.35;10;0.39;stop
806;3278.01;603.85;3302.99;602.4;3302.3;590.52;3277.32;591.98;10;0.51;stop
808;2285.52;680.29;2309.96;679.78;2309.73;668.59;2285.29;669.09;10;0.42;stop
809;1528.03;1790.41;1532.84;1778.73;1509.47;1769.09;1504.66;1780.77;10;0.41;stop
819;2443.26;1865.5;2445.26;1840.07;2433.24;1839.13;2431.24;1864.56;10;0.46;stop
827;3444.322727272727;596.065;3444.5018181818186;584.5931818181818;3421.6281818181824;584.2450000000001;3421.4522727272733;595.7168181818182;10;0.39409090909090905;stop
831;3515.43;591.13;3525.11;571.64;3514.89;566.56;3505.21;586.06;10;0.65;stop
854;3587.54;527.53;3598.93;499.3;3584.33;493.41;3572.94;521.64;10;0.59;stop
863;1551.88;1179.92;1552.46;1168.98;1532.87;1167.96;1532.29;1178.89;10;0.39;stop
871;1577.41;1198.98;1577.72;1185.53;1550.09;1184.9;1549.78;1198.34;10;0.82;stop
910;3421.9;1275.2;3424.87;1263.38;3399.35;1256.99;3396.38;1268.81;10;0.8;move
950;1837.53;51.93;1837.81;20.77;1823.41;20.63;1823.12;51.8;10;0.83;stop
983;1245.97;1212.23;1246.13;1201.17;1227.34;1200.9;1227.18;1211.95;10;0.44;stop
1044;1865.05;2122.55;1875.36;2096.56;1863.1;2091.7;1852.8;2117.69;10;0.73;stop
1159;3496.04;1315.58;3499.69;1302.71;3470.53;1294.42;3466.87;1307.29;10;0.79;stop
1167;1725.6;419.9;1726.92;408.57;1703.55;405.85;1702.24;417.18;10;0.68;move
1287;1554.68;684.49;1578.46;669.48;1571.7;658.76;1547.91;673.77;10;0.48;stop
1318;366.68;126.02;394.46;124.18;393.64;111.64;365.85;113.47;10;0.49;stop
1320;3007.9;1261.18;3009.97;1246.83;2976.16;1241.94;2974.09;1256.3;10;0.76;stop
1347;2121.49;1114.13;2121.73;1095.95;2077.01;1095.37;2076.77;1113.55;9;0.55;stop
1353;3448.0283333333336;916.3091666666667;3458.4049999999997;892.3558333333333;3446.3425;887.1274999999999;3435.965;911.0808333333333;10;0.37333333333333335;stop
1356;1849.35;2159.95;1859.85;2130.7;1847.59;2126.3;1837.09;2155.55;10;0.51;stop
1417;2000.79;1464.58;2000.89;1444.17;1988.46;1444.11;1988.36;1464.52;10;0.38;stop
1426;908.26;1899.05;935.34;1897.79;934.77;1885.45;907.69;1886.71;10;0.46;stop
1428;3490.03;1293.22;3492.98;1279.08;3456.84;1271.55;3453.9;1285.68;10;0.71;stop
1462;670.65;644.86;673.4;633.68;645.6;626.86;642.85;638.04;10;0.4;stop
1498;1990.66;1558.3;2001.37;1558.02;2000.84;1537.7;1990.13;1537.98;10;0.65;stop
1519;630.675;101.86500000000001;630.78;89.6;604.95;89.38499999999999;604.845;101.65;10;0.36;stop
1561;3530.89;1309.69;3534.49;1296.31;3502.23;1287.65;3498.64;1301.04;10;0.78;stop
1610;2373.49;228.55;2397.14;226.64;2396.13;214.13;2372.48;216.04;10;0.62;stop
1617;3342.02;174.58;3366.04;174.15;3365.79;160.11;3341.77;160.53;10;0.52;stop
1626;1335.24;1182.19;1363.72;1182.02;1363.64;1167.94;1335.16;1168.1;10;0.81;move
1653;1850.24;122.59;1862.31;122.52;1862.16;97.91;1850.09;97.98;10;0.81;stop
1668;2320.43;1152.12;2320.52;1136.36;2282.7;1136.13;2282.6;1151.89;10;0.79;stop
1737;787.5;123.41;789.55;111.27;765.49;107.21;763.44;119.35;10;0.53;stop
1743;3210.64;180.86;3236.72;178.45;3235.61;166.48;3209.53;168.9;10;0.61;stop
1812;1990.11;1820.64;1991.09;1798.97;1980.2;1798.48;1979.22;1820.15;10;0.57;stop
1828;1640.27;642.81;1640.97;633.09;1623.35;631.82;1622.65;641.54;10;0.46;stop
1836;303.29;1732.73;303.49;1707.07;289.21;1706.96;289.01;1732.62;10;0.36;stop
1866;3580.23;1323.17;3583.87;1307.89;3546.65;1299.02;3543.01;1314.3;10;0.79;stop
1936;466.83;1025.35;468.15;1000.34;455.21;999.65;453.88;1024.66;10;0.54;stop
1943;1846.13;84.86;1861.14;84.69;1860.75;50.7;1845.74;50.87;10;0.8;stop
1953;3725.75;159.14;3738.11;131.36;3723.63;124.92;3711.27;152.7;10;0.71;move
1972;1836.72;1415.01;1858.11;1411.87;1856.66;1401.99;1835.27;1405.13;10;0.69;stop
1995;3530.34;1326.92;3533.25;1316.31;3511.22;1310.27;3508.31;1320.88;10;0.73;stop
2002;1194.15;1180.03;1224.25;1179.57;1224.04;1165.59;1193.93;1166.06;10;0.77;move
2079;878.75;1921.9;879.24;1909.72;854.88;1908.73;854.38;1920.91;10;0.48;stop
2122;1842.37;40.79;1858.27;40.54;1857.76;8.71;1841.85;8.96;10;0.82;stop
2143;602.43;648.2;627.63;648.07;627.57;636.88;602.37;637.01;10;0.67;stop
2156;1118.33;1210.1;1118.7;1195.3;1090.42;1194.58;1090.05;1209.39;10;0.59;stop
2164;271.78000000000003;217.22000000000003;275.24333333333334;190.69;261.3466666666667;188.87666666666667;257.87666666666667;215.40666666666667;10;0.3666666666666667;stop
2220;1893.97;897.41;1906.06;896.73;1904.49;868.84;1892.41;869.52;10;0.76;stop
2228;3617.91;1280.69;3633.14;1279.76;3630.84;1242.12;3615.61;1243.05;10;0.45;stop
2230;464.72;64.65;473.99;39.04;460.13;34.02;450.85;59.64;10;0.41;stop
2253;3167.14;357.37;3180.12;356.74;3178.8;329.81;3165.82;330.45;10;0.37;stop
2262;264.6984210526316;248.77157894736843;268.4147368421053;220.87052631578948;254.69631578947372;219.04842105263157;250.98526315789474;246.93947368421053;10;0.3831578947368421;stop
2266;2546.560909090909;1387.3390909090908;2547.1545454545458;1375.33;2520.7799999999997;1374.0218181818182;2520.1863636363632;1386.04;10;0.38;stop
2282;194.275;817.8325;195.845;796.8525;183.8875;795.96;182.3275;816.9399999999999;10;0.36;stop
2289;3584.23;1345.48;3587.44;1330.41;3551.08;1322.65;3547.87;1337.72;10;0.79;stop
2290;2002.05;1489.6;2002.51;1446.25;1987.39;1446.09;1986.92;1489.44;9;0.41;stop
2293;846.22;1161.52;846.71;1149.18;819.63;1148.1;819.13;1160.44;10;0.77;move
2294;2232.6825;1348.9775;2233.975;1337.16;2206.33;1334.15;2205.045;1345.9675;10;0.36;stop
2302;3108.59;178.23;3120.33;178.09;3120.16;163.21;3108.42;163.35;10;0.49;stop
2303;2530.0;1357.88;2577.21;1357.67;2577.13;1340.43;2529.92;1340.65;9;0.37;stop
2376;526.51;1655.36;527.26;1643.1;506.62;1641.83;505.86;1654.09;10;0.38;stop
2386;669.67;671.5;671.49;661.56;647.52;657.17;645.7;667.11;10;0.46;stop
2408;3215.27;1375.67;3226.73;1343.24;3210.36;1337.45;3198.89;1369.88;9;0.52;stop
2417;175.92666666666668;1880.8966666666665;179.24;1855.565;166.885;1853.9483333333333;163.5716666666667;1879.2800000000002;10;0.355;stop
2427;2404.03;1154.83;2404.4;1141.03;2372.35;1140.17;2371.98;1153.97;10;0.74;stop
2475;1980.12;1690.98;1980.84;1648.3;1964.32;1648.02;1963.6;1690.7;10;0.62;stop
2491;1258.98;1164.16;1285.94;1161.37;1284.65;1148.84;1257.68;1151.63;10;0.77;stop
2503;3420.17;1056.57;3444.86;1055.2;3444.2;1043.43;3419.52;1044.8;10;0.43;stop
2521;2513.82;587.16;2526.03;587.06;2525.81;560.34;2513.59;560.44;10;0.78;move
2526;535.18;1070.18;535.66;1060.1;510.13;1058.88;509.65;1068.96;10;0.48;stop
2547;864.17;1451.91;864.3;1441.87;842.59;1441.59;842.46;1451.63;10;0.38;stop
2555;2141.55;271.14;2142.82;248.11;2131.39;247.48;2130.11;270.51;10;0.42;stop
2566;2490.01;1665.285;2494.295;1630.94;2480.99;1629.28;2476.705;1663.625;10;0.365;stop
2573;1689.6960000000001;1219.5580000000002;1690.432;1206.7720000000002;1679.8400000000001;1206.168;1679.112;1218.954;10;0.732;stop
2608;413.4;1153.53;443.57;1153.31;443.48;1139.6;413.3;1139.82;10;0.6;move
2627;289.4745454545455;1703.3072727272727;304.73545454545456;1701.940909090909;301.9145454545455;1670.33;286.6581818181818;1671.6918181818182;10;0.39909090909090905;stop
2633;3164.8799999999997;323.4761111111111;3177.452222222222;321.8466666666667;3176.4222222222224;296.30833333333334;3163.85;297.94722222222225;10;0.3794444444444444;stop
2653;70.7;1580.1;71.51;1567.71;47.66;1566.15;46.85;1578.54;10;0.44;stop
2654;204.55;1047.19;207.5;1023.44;194.82;1021.87;191.88;1045.62;10;0.58;stop
2661;3177.44;673.4;3178.63;644.79;3165.68;644.25;3164.5;672.87;10;0.69;move
2662;468.51;1184.6628571428573;472.55285714285714;1172.4828571428573;448.2357142857143;1170.337142857143;444.1828571428572;1182.517142857143;10;0.3985714285714286;stop
2669;3648.07;156.2;3676.67;154.03;3675.68;140.99;3647.08;143.15;10;0.57;stop
2686;3819.61;384.07;3845.21;363.08;3836.01;351.86;3810.42;372.86;10;0.38;stop
2720;270.32;1142.19;270.75;1130.29;245.31;1129.37;244.88;1141.28;10;0.72;move
2726;184.47;1593.7;185.97;1584.03;164.28;1580.68;162.78;1590.35;10;0.37;stop
2732;1693.1825;47.9;1693.465;35.0925;1679.61;34.79;1679.3325;47.5975;10;0.36249999999999993;stop
2741;252.1563636363636;1876.5004545454544;253.83909090909088;1854.9418181818182;241.52318181818183;1853.9845454545455;239.84045454545458;1875.543181818182;10;0.3704545454545455;stop
2762;3254.0;604.345;3279.05;603.095;3278.5;592.02;3253.455;593.27;10;0.44999999999999996;stop
2765;168.67;1628.2237499999999;169.79375;1614.19875;139.61875;1611.7762500000001;138.49374999999998;1625.80125;10;0.37124999999999997;stop
2775;3148.13;335.65;3160.44;335.58;3160.3;310.29;3148.0;310.35;10;0.41;move
2796;3404.89;990.65;3411.48;958.03;3394.8;954.66;3388.2;987.28;9;0.39;stop
2814;266.3225;2162.52;297.9175;2158.29;296.06;2144.3599999999997;264.46500000000003;2148.5874999999996;10;0.35749999999999993;stop
2815;966.54;1202.46;966.83;1187.77;930.49;1187.04;930.2;1201.73;10;0.49;stop
2819;155.78;1139.51;156.19;1125.51;123.36;1124.56;122.95;1138.55;10;0.79;move
2823;1562.3008333333332;1709.0874999999999;1562.7749999999999;1695.7341666666666;1533.6991666666668;1694.6958333333332;1533.225;1708.0491666666667;10;0.35416666666666663;stop
2830;1138.505294117647;1082.1888235294118;1138.555294117647;1073.2323529411765;1119.2158823529412;1073.1211764705881;1119.1647058823528;1082.0788235294117;10;0.36705882352941177;stop
2842;3126.73;294.47;3141.95;293.27;3139.52;262.4;3124.3;263.6;10;0.36;stop
2864;1343.93;88.23;1368.8;87.49;1368.44;75.46;1343.58;76.19;10;0.73;stop
2869;610.12;1219.8633333333332;611.205;1196.6733333333334;598.32;1196.0666666666668;597.2333333333333;1219.2666666666669;10;0.4016666666666667;stop
2883;638.24;664.4566666666666;639.54;654.6233333333333;617.0766666666667;651.64;615.77;661.4666666666667;10;0.37666666666666665;stop
2889;2499.5071428571428;1157.25;2500.2285714285717;1141.76;2462.4928571428572;1140.0;2461.7714285714283;1155.49;10;0.7;stop
2891;3738.67;210.25;3739.76;197.72;3716.33;195.68;3715.24;208.22;10;0.37;stop
2896;2482.18;1793.34;2484.36;1756.91;2469.69;1756.03;2467.51;1792.46;9;0.4;stop
2906;3055.48;1504.67;3068.86;1470.83;3051.4;1463.93;3038.01;1497.76;9;0.52;stop
2908;1804.69;216.73;1818.38;216.64;1818.14;181.52;1804.45;181.61;9;0.49;stop
2909;834.1333333333333;1892.4566666666667;838.6033333333334;1874.1733333333336;828.85;1871.7933333333335;824.38;1890.0766666666668;10;0.3666666666666667;stop
2912;1913.24;1472.87;1928.45;1470.83;1923.01;1430.2;1907.8;1432.24;10;0.38;stop
2917;311.5433333333334;1220.6333333333334;314.97333333333336;1196.1566666666668;302.21000000000004;1194.3666666666668;298.77333333333337;1218.8400000000001;10;0.3666666666666667;stop
2920;3840.54;1359.03;3842.88;1337.15;3828.21;1335.58;3825.87;1357.46;10;0.37;stop
2921;3829.37;310.7266666666667;3841.7200000000003;310.54999999999995;3841.25;277.55333333333334;3828.9066666666668;277.73;10;0.42;stop
2923;1199.58;1179.35;1199.74;1167.31;1192.92;1167.21;1192.76;1179.25;10;0.73;stop
2924;1916.25;1659.25;1933.58;1659.22;1933.5;1617.87;1916.17;1617.91;9;0.44;stop
2925;106.66;143.53;120.66;123.72;110.61;116.62;96.61;136.43;10;0.36;stop
2926;2034.301304347826;2108.931739130435;2035.4243478260871;2094.697391304348;1999.495652173913;2091.8669565217388;1998.3721739130438;2106.101739130435;9;0.351304347826087;stop
2931;3153.52;1417.89;3164.64;1384.39;3147.42;1378.67;3136.29;1412.17;10;0.4;stop
