vehicle_id;veh_bb_x1;veh_bb_y1;veh_bb_x2;veh_bb_y2;veh_bb_x3;veh_bb_y3;veh_bb_x4;veh_bb_y4;det_class;conf_score;state
1;2995.81;1175.66;2998.2;1164.17;2971.94;1158.72;2969.55;1170.2;10;0.83;stop
2;2749.11;1138.04;2750.82;1124.95;2720.26;1120.96;2718.56;1134.05;10;0.83;stop
3;805.31;1110.34;805.44;1099.42;782.48;1099.16;782.36;1110.08;10;0.79;move
4;1907.44;375.52;1922.5;375.29;1922.06;346.73;1907.0;346.96;10;0.83;move
5;1703.34;1100.75;1703.81;1088.39;1677.29;1087.37;1676.81;1099.74;10;0.83;stop
6;2891.59;1156.93;2893.75;1144.08;2864.66;1139.2;2862.5;1152.04;10;0.82;stop
7;1007.61;1110.35;1007.72;1097.13;979.7;1096.9;979.59;1110.12;10;0.81;move
8;2991.4;1301.99;2993.94;1287.66;2962.85;1282.14;2960.31;1296.47;10;0.83;stop
9;1953.72;318.59;1954.89;293.95;1943.47;293.41;1942.3;318.05;10;0.82;stop
10;2139.45;1146.76;2139.86;1134.43;2115.3;1133.62;2114.89;1145.95;10;0.83;stop
11;1973.66;1601.07;1973.76;1569.22;1959.34;1569.18;1959.24;1601.03;10;0.81;stop
13;2484.03;1118.04;2511.94;1117.56;2511.72;1104.96;2483.81;1105.44;10;0.82;stop
15;2101.53;1167.32;2101.74;1153.98;2073.53;1153.55;2073.32;1166.89;10;0.79;stop
16;2623.4;1127.55;2624.94;1114.61;2596.22;1111.2;2594.69;1124.14;10;0.82;stop
17;1960.86;1950.85;1967.13;1919.58;1953.77;1916.9;1947.5;1948.17;10;0.82;stop
18;1900.12;157.08;1912.11;156.73;1911.38;132.04;1899.39;132.4;10;0.8;move
19;3032.14;1309.58;3034.55;1295.5;3000.86;1289.73;2998.45;1303.81;10;0.82;stop
21;1969.98;909.46;1983.13;907.76;1979.52;879.85;1966.37;881.55;10;0.82;stop
23;2677.53;1130.39;2678.73;1116.7;2647.84;1113.99;2646.64;1127.68;10;0.82;stop
24;2924.23;1162.28;2926.48;1150.01;2898.58;1144.91;2896.34;1157.18;10;0.82;stop
25;1979.7;1558.81;1979.73;1529.33;1966.42;1529.32;1966.4;1558.8;10;0.81;stop
26;1979.53;1705.36;1992.42;1705.0;1991.72;1679.77;1978.83;1680.13;10;0.82;stop
28;2152.25;1167.68;2152.28;1154.39;2121.25;1154.32;2121.22;1167.61;10;0.79;stop
29;3394.95;1154.0;3397.81;1141.37;3367.24;1134.44;3364.38;1147.06;10;0.81;stop
30;902.71;1113.43;903.21;1101.57;879.0;1100.57;878.51;1112.43;10;0.77;move
33;1812.09;2116.84;1824.57;2092.92;1813.79;2087.29;1801.3;2111.21;10;0.82;stop
34;1836.98;882.68;1837.67;854.67;1823.4;854.32;1822.71;882.33;10;0.81;stop
35;2206.43;1146.54;2206.74;1135.6;2184.07;1134.96;2183.76;1145.9;10;0.79;stop
36;1979.52;1446.85;1979.93;1411.38;1965.48;1411.21;1965.07;1446.68;10;0.79;stop
37;1967.29;826.2;1967.34;794.95;1954.08;794.93;1954.03;826.18;10;0.81;stop
39;3331.0;1048.11;3344.87;1018.66;3331.81;1012.52;3317.94;1041.96;10;0.81;stop
41;1269.48;1694.54;1270.44;1682.59;1243.77;1680.46;1242.81;1692.41;10;0.81;stop
42;1975.26;1656.96;1976.47;1624.06;1962.24;1623.54;1961.03;1656.44;10;0.82;stop
43;1847.67;1727.13;1850.68;1712.98;1819.74;1706.37;1816.72;1720.52;10;0.82;stop
44;1977.74;1283.66;1991.65;1283.07;1990.32;1252.09;1976.41;1252.68;10;0.78;stop
45;1840.17;674.31;1855.38;674.03;1854.79;643.06;1839.59;643.35;10;0.82;stop
46;2214.3;1233.97;2214.77;1219.52;2184.64;1218.53;2184.17;1232.98;10;0.82;stop
47;2858.23;1150.3;2860.01;1137.28;2831.93;1133.45;2830.15;1146.47;10;0.82;stop
49;1946.13;1986.67;1954.72;1958.1;1941.78;1954.21;1933.18;1982.77;10;0.82;stop
50;1871.87;1066.48;1887.29;1065.7;1885.63;1032.77;1870.21;1033.55;10;0.7;move
51;2035.79;257.79;2061.73;257.21;2061.46;245.09;2035.52;245.66;10;0.62;move
52;2952.4;1292.98;2954.69;1279.73;2923.1;1274.27;2920.81;1287.52;10;0.82;stop
53;491.74;1099.85;492.39;1086.9;463.57;1085.46;462.92;1098.41;10;0.8;move
54;1847.86;2045.06;1859.42;2019.13;1847.77;2013.94;1836.2;2039.87;10;0.81;stop
55;1953.63;906.98;1965.61;905.08;1961.37;878.39;1949.39;880.3;10;0.81;stop
56;2686.86;1150.23;2687.58;1138.81;2663.1;1137.27;2662.38;1148.69;10;0.81;move
57;764.49;2006.75;767.17;1978.86;754.26;1977.62;751.58;2005.51;10;0.82;stop
58;783.83;2006.57;784.11;1978.87;770.54;1978.74;770.27;2006.44;10;0.83;stop
59;1747.14;1684.39;1748.03;1672.31;1721.56;1670.36;1720.67;1682.44;10;0.82;stop
63;1129.72;1117.3;1130.14;1105.5;1103.96;1104.57;1103.55;1116.38;10;0.8;move
64;1978.81;1482.09;1979.3;1453.27;1965.06;1453.03;1964.58;1481.85;10;0.78;stop
65;1798.7;381.71;1813.8;381.64;1813.68;352.92;1798.58;352.98;10;0.81;stop
66;1843.78;1048.67;1847.42;1020.78;1834.31;1019.08;1830.68;1046.97;10;0.79;move
67;764.11;1039.13;767.76;1028.22;745.43;1020.74;741.78;1031.65;10;0.8;stop
68;1169.35;1089.79;1169.64;1078.68;1147.02;1078.09;1146.73;1089.2;10;0.81;stop
71;578.65;1105.45;579.24;1093.44;551.03;1092.05;550.44;1104.06;10;0.72;move
72;2569.39;1244.17;2570.36;1230.67;2541.11;1228.58;2540.14;1242.08;10;0.81;stop
73;2156.07;1131.4;2156.47;1117.22;2125.68;1116.35;2125.28;1130.53;10;0.8;stop
74;2877.4;1278.25;2880.36;1257.75;2827.99;1250.19;2825.03;1270.69;9;0.82;stop
75;2256.27;1150.85;2256.5;1137.96;2226.48;1137.4;2226.25;1150.29;10;0.79;stop
77;1896.91;1163.73;1908.95;1160.44;1901.28;1132.39;1889.24;1135.69;10;0.8;move
78;871.81;1083.34;871.87;1071.18;844.52;1071.03;844.46;1083.2;10;0.82;stop
82;1884.42;1728.09;1885.18;1714.81;1858.36;1713.28;1857.61;1726.57;10;0.81;stop
85;1813.85;798.81;1826.86;797.08;1823.18;769.44;1810.17;771.17;10;0.81;stop
86;536.89;1082.21;537.29;1072.17;514.05;1071.23;513.64;1081.27;10;0.79;stop
87;606.36;1187.55;607.02;1175.44;580.51;1174.01;579.86;1186.12;10;0.8;stop
91;1909.72;1859.42;1915.44;1829.84;1901.78;1827.2;1896.06;1856.78;10;0.81;stop
92;3469.04;1387.76;3472.75;1374.53;3441.28;1365.68;3437.56;1378.91;10;0.79;stop
93;1723.76;652.99;1725.08;640.4;1696.24;637.38;1694.92;649.97;10;0.81;stop
94;221.42;1175.68;221.88;1158.23;169.29;1156.82;168.82;1174.27;9;0.8;stop
96;3365.44;1008.68;3372.25;983.24;3359.25;979.76;3352.44;1005.2;10;0.77;move
97;1911.7;1226.09;1925.59;1223.51;1920.05;1193.78;1906.16;1196.37;10;0.81;move
101;2293.06;1235.14;2293.6;1221.85;2266.19;1220.73;2265.65;1234.03;10;0.8;stop
102;2312.88;1169.35;2342.58;1163.4;2339.75;1149.28;2310.05;1155.23;10;0.77;move
103;1166.34;1880.5;1167.27;1855.91;1154.91;1855.44;1153.98;1880.03;10;0.78;stop
105;1810.3;766.25;1822.94;765.95;1822.32;740.12;1809.69;740.42;10;0.8;stop
106;1855.94;916.56;1855.94;884.0;1841.0;884.0;1841.0;916.56;10;0.82;stop
109;1425.12;1215.4;1425.33;1202.63;1399.75;1202.22;1399.55;1214.99;10;0.82;stop
111;1257.64;1657.85;1258.58;1646.13;1232.55;1644.03;1231.6;1655.75;10;0.79;stop
112;1980.0;1321.98;1993.87;1321.8;1993.5;1292.52;1979.63;1292.7;10;0.81;stop
113;1978.93;1518.73;1979.27;1491.94;1966.07;1491.77;1965.73;1518.56;10;0.8;stop
114;3711.51;1456.66;3715.62;1442.72;3681.61;1432.71;3677.51;1446.66;10;0.81;stop
115;1869.67;911.43;1881.92;911.27;1881.55;882.38;1869.3;882.54;10;0.8;move
116;1505.58;1058.62;1509.08;1032.09;1497.04;1030.51;1493.54;1057.03;10;0.82;stop
118;1336.16;1216.21;1336.68;1199.45;1291.84;1198.04;1291.32;1214.8;9;0.81;stop
122;2187.95;1170.35;2188.2;1157.8;2161.49;1157.27;2161.24;1169.82;10;0.8;stop
124;1977.63;1827.26;1980.2;1796.36;1966.62;1795.24;1964.05;1826.14;10;0.75;stop
126;1889.96;889.21;1901.76;888.99;1901.29;863.54;1889.49;863.76;10;0.78;move
127;839.36;1083.0;839.53;1071.78;812.99;1071.37;812.82;1082.59;10;0.81;stop
128;2865.58;1384.32;2870.44;1371.64;2838.92;1359.56;2834.06;1372.24;10;0.8;stop
130;1840.21;801.17;1855.03;801.04;1854.75;768.21;1839.94;768.33;10;0.8;stop
131;1948.64;742.34;1962.14;741.51;1960.08;707.79;1946.58;708.61;10;0.81;stop
132;1308.84;1094.94;1309.23;1080.52;1278.09;1079.69;1277.71;1094.1;10;0.81;stop
134;895.92;1198.61;896.73;1185.89;868.92;1184.14;868.12;1196.86;10;0.81;stop
136;3453.69;850.46;3466.18;822.92;3452.87;816.89;3440.38;844.42;10;0.79;stop
137;3226.55;1056.16;3257.04;1045.2;3252.51;1032.59;3222.02;1043.55;10;0.8;stop
139;1937.2;117.24;1949.33;116.97;1948.74;90.33;1936.6;90.6;10;0.8;stop
142;821.07;1196.84;821.42;1184.45;792.88;1183.66;792.54;1196.05;10;0.8;stop
143;1861.5;1227.3;1863.41;1214.2;1838.63;1210.58;1836.71;1223.68;10;0.81;stop
144;1946.62;616.45;1960.36;615.77;1959.01;588.42;1945.26;589.1;10;0.8;stop
145;2905.08;1283.58;2907.73;1270.89;2882.67;1265.67;2880.02;1278.36;10;0.82;stop
146;874.55;1675.78;875.78;1662.58;846.41;1659.85;845.19;1673.04;10;0.81;stop
147;1808.96;1089.58;1825.75;1069.64;1815.98;1061.42;1799.19;1081.36;10;0.67;move
148;1835.87;737.28;1836.71;707.59;1823.75;707.22;1822.91;736.91;10;0.78;stop
149;1493.19;1215.6;1493.3;1203.38;1467.81;1203.15;1467.7;1215.37;10;0.8;stop
151;1474.14;1668.73;1474.95;1656.41;1446.36;1654.52;1445.55;1666.84;10;0.79;stop
153;1953.7;232.3;1954.03;203.79;1941.52;203.64;1941.19;232.15;10;0.8;stop
154;1957.87;386.87;1974.32;370.35;1966.32;362.38;1949.87;378.9;10;0.81;stop
158;1831.6;1012.33;1834.32;982.36;1821.19;981.17;1818.47;1011.14;10;0.81;stop
159;104.54;1103.6;104.66;1091.35;78.51;1091.09;78.39;1103.34;10;0.78;move
160;1886.11;1712.3;1913.65;1709.59;1912.35;1696.45;1884.82;1699.16;10;0.79;stop
161;2738.59;1257.13;2739.93;1243.74;2706.29;1240.37;2704.95;1253.76;10;0.8;stop
162;786.78;1668.6;787.0;1656.25;760.23;1655.78;760.02;1668.12;10;0.8;stop
163;2197.11;1132.1;2197.69;1118.0;2167.51;1116.77;2166.94;1130.88;10;0.78;stop
164;1331.99;53.05;1332.35;40.6;1303.89;39.77;1303.52;52.22;10;0.8;stop
165;1969.99;799.43;1982.3;798.83;1981.01;772.2;1968.7;772.79;10;0.79;stop
166;1971.25;833.6;1984.65;833.41;1984.25;805.53;1970.85;805.72;10;0.81;stop
168;2535.34;710.61;2547.53;710.37;2547.04;684.96;2534.84;685.19;10;0.79;stop
170;2707.76;1133.59;2709.17;1121.4;2682.22;1118.29;2680.81;1130.47;10;0.79;stop
171;2482.69;1751.69;2485.22;1717.71;2471.44;1716.69;2468.91;1750.66;10;0.8;stop
172;1273.49;54.16;1297.72;54.11;1297.69;42.03;1273.47;42.08;10;0.8;stop
174;1841.81;986.17;1857.4;986.06;1857.19;956.7;1841.6;956.82;10;0.82;move
175;1815.94;384.28;1827.47;383.69;1826.15;358.22;1814.62;358.81;10;0.76;stop
176;2570.31;632.29;2596.45;629.87;2595.31;617.58;2569.18;620.0;10;0.79;stop
177;558.0;1420.88;560.09;1407.98;531.37;1403.34;529.29;1416.24;10;0.79;stop
178;1045.57;1205.82;1046.57;1192.54;1018.24;1190.43;1017.25;1203.71;10;0.81;stop
179;1894.01;1994.9;1902.64;1969.17;1890.49;1965.1;1881.86;1990.83;10;0.82;move
180;3139.18;1070.39;3165.45;1062.42;3161.76;1050.23;3135.49;1058.2;10;0.79;stop
181;3300.68;1074.58;3317.14;1049.76;3305.88;1042.3;3289.43;1067.12;10;0.76;stop
183;1968.81;768.69;1982.38;768.17;1981.26;738.81;1967.68;739.33;10;0.79;stop
185;1955.74;549.13;1968.39;548.9;1967.89;521.87;1955.23;522.1;10;0.79;stop
187;1049.25;692.33;1050.56;680.56;1026.94;677.92;1025.63;689.69;10;0.78;stop
188;1127.27;699.9;1128.67;687.11;1099.11;683.85;1097.7;696.64;10;0.76;stop
190;2479.13;1116.27;2479.38;1103.87;2453.62;1103.35;2453.37;1115.76;10;0.8;stop
192;2604.04;1244.55;2604.13;1231.76;2578.46;1231.58;2578.37;1244.37;10;0.78;stop
194;1795.56;2154.59;1810.33;2128.94;1799.42;2122.66;1784.65;2148.31;10;0.78;stop
195;1867.54;841.45;1879.52;841.3;1879.18;814.55;1867.2;814.7;10;0.79;move
196;1832.0;586.19;1832.85;559.73;1821.06;559.35;1820.21;585.81;10;0.79;stop
197;465.56;1076.01;466.02;1064.38;440.54;1063.36;440.07;1074.99;10;0.79;stop
200;2226.56;1234.51;2253.56;1234.17;2253.38;1220.24;2226.38;1220.58;10;0.8;stop
201;2170.36;1145.85;2170.43;1133.54;2147.02;1133.4;2146.94;1145.71;10;0.8;stop
202;748.91;1666.6;749.44;1654.36;724.68;1653.28;724.15;1665.52;10;0.79;stop
203;3633.54;1321.91;3638.16;1308.12;3607.71;1297.93;3603.09;1311.72;10;0.78;stop
204;2119.31;288.66;2129.24;282.07;2115.94;262.02;2106.01;268.61;10;0.79;stop
205;1883.95;744.16;1896.48;743.27;1894.55;716.09;1882.02;716.98;10;0.78;stop
209;3297.04;1014.58;3316.31;994.18;3306.71;985.11;3287.44;1005.51;10;0.78;stop
210;3675.37;1444.5;3679.4;1431.57;3648.38;1421.9;3644.35;1434.83;10;0.77;stop
211;1809.6;54.04;1821.15;53.88;1820.77;26.39;1809.22;26.55;10;0.8;stop
215;1936.39;80.93;1937.94;52.49;1925.64;51.82;1924.09;80.26;10;0.81;stop
216;1649.13;1219.56;1650.74;1207.06;1624.62;1203.69;1623.01;1216.19;10;0.75;stop
217;2403.44;1116.22;2431.69;1115.69;2431.43;1102.28;2403.19;1102.81;10;0.79;stop
218;31.09;1100.85;56.9;1100.76;56.86;1088.21;31.05;1088.3;10;0.69;stop
219;2328.8;1236.06;2329.25;1223.06;2300.2;1222.06;2299.75;1235.06;10;0.79;stop
221;2660.22;1387.17;2688.94;1386.8;2688.78;1373.58;2660.06;1373.95;10;0.78;stop
223;2822.24;1266.52;2823.69;1252.76;2795.02;1249.73;2793.57;1263.49;10;0.76;stop
224;1965.29;1352.87;1978.1;1352.23;1976.71;1324.63;1963.9;1325.27;10;0.78;stop
225;1830.36;2083.26;1841.73;2057.18;1830.39;2052.24;1819.02;2078.32;10;0.8;stop
227;2902.2;1402.39;2909.11;1390.24;2878.8;1372.99;2871.89;1385.13;10;0.79;stop
228;2956.22;1167.62;2958.44;1155.55;2932.68;1150.82;2930.46;1162.88;10;0.8;stop
229;3195.89;1420.96;3206.53;1392.13;3192.24;1386.85;3181.6;1415.69;10;0.79;stop
230;1973.54;1694.42;1974.57;1664.14;1961.71;1663.7;1960.68;1693.99;10;0.82;stop
231;2394.43;1155.3;2421.6;1154.77;2421.32;1140.83;2394.15;1141.36;10;0.78;move
232;1928.94;1310.32;1940.94;1308.35;1936.56;1281.68;1924.56;1283.65;10;0.8;move
233;1958.8;497.17;1973.42;496.36;1971.86;468.08;1957.24;468.89;10;0.79;stop
234;436.78;1074.57;437.05;1063.52;412.12;1062.93;411.86;1073.98;10;0.8;stop
235;1559.97;1096.76;1560.85;1084.28;1533.78;1082.37;1532.9;1094.84;10;0.78;stop
237;1960.2;956.72;1973.35;956.52;1972.99;932.16;1959.84;932.36;10;0.79;stop
238;2642.01;1416.2;2655.65;1415.46;2654.11;1387.3;2640.48;1388.04;10;0.79;stop
239;2491.56;1614.68;2494.05;1585.99;2480.57;1584.82;2478.07;1613.51;10;0.8;stop
240;2233.62;1131.3;2233.86;1119.24;2206.94;1118.7;2206.7;1130.76;10;0.76;stop
241;1817.05;465.09;1829.74;464.81;1829.07;434.91;1816.39;435.19;10;0.79;stop
244;1796.84;312.1;1810.26;311.57;1809.26;285.84;1795.83;286.37;10;0.81;stop
245;129.59;1586.88;129.77;1574.76;104.32;1574.37;104.13;1586.49;10;0.75;stop
246;2463.53;1239.05;2463.7;1225.06;2434.35;1224.7;2434.18;1238.69;10;0.78;stop
247;2768.89;1260.15;2770.12;1247.93;2743.24;1245.22;2742.01;1257.45;10;0.79;stop
248;1949.71;94.55;1961.95;94.34;1961.54;69.14;1949.3;69.34;10;0.8;stop
249;1891.95;972.9;1904.87;972.75;1904.55;946.35;1891.63;946.5;10;0.79;move
250;1433.1;1094.86;1433.36;1082.62;1404.15;1082.01;1403.89;1094.26;10;0.79;stop
251;1405.7;1702.17;1407.31;1691.12;1382.05;1687.45;1380.44;1698.51;10;0.76;stop
252;1165.52;1910.82;1166.37;1883.09;1153.11;1882.68;1152.25;1910.41;10;0.78;stop
253;1845.35;860.44;1857.95;859.98;1857.03;834.93;1844.42;835.39;10;0.77;move
255;1812.98;834.93;1827.77;834.49;1826.87;804.2;1812.07;804.64;10;0.79;stop
256;594.14;624.9;596.7;613.88;573.98;608.62;571.43;619.63;10;0.79;stop
258;1916.97;1530.13;1928.86;1529.86;1928.28;1504.56;1916.39;1504.83;10;0.8;stop
259;1215.67;1562.45;1219.69;1535.25;1208.14;1533.55;1204.13;1560.75;10;0.79;stop
262;477.7;1617.2;478.74;1605.41;452.77;1603.11;451.73;1614.9;10;0.79;stop
263;1237.76;1693.89;1238.76;1680.93;1211.93;1678.86;1210.93;1691.82;10;0.74;stop
265;2028.7;1198.16;2031.67;1185.86;2007.8;1180.09;2004.83;1192.39;10;0.6;move
269;1972.38;867.98;1983.51;867.78;1983.12;845.39;1971.99;845.59;10;0.79;stop
270;1761.97;1164.49;1762.24;1152.46;1736.4;1151.88;1736.14;1163.92;10;0.8;stop
271;1222.53;1521.08;1227.63;1492.87;1214.78;1490.55;1209.68;1518.76;10;0.78;stop
272;1373.52;1095.33;1373.96;1082.49;1346.73;1081.55;1346.29;1094.39;10;0.79;stop
273;2335.19;1236.2;2363.68;1235.93;2363.56;1223.05;2335.07;1223.32;10;0.78;stop
274;2501.24;1239.27;2501.7;1226.68;2472.01;1225.6;2471.55;1238.2;10;0.8;stop
276;1805.02;1722.73;1806.11;1711.15;1778.11;1708.52;1777.02;1720.1;10;0.79;stop
277;3184.8;1454.38;3193.52;1425.31;3178.95;1420.94;3170.23;1450.01;10;0.8;stop
278;1819.55;620.76;1831.42;620.6;1831.07;595.36;1819.21;595.52;10;0.8;stop
279;1807.53;270.5;1807.8;244.87;1796.32;244.75;1796.04;270.38;10;0.79;stop
280;2684.19;667.27;2715.75;666.56;2715.43;652.35;2683.87;653.07;10;0.78;stop
281;2149.22;1110.88;2149.4;1098.98;2125.78;1098.62;2125.6;1110.52;10;0.8;stop
284;2544.16;578.39;2544.3;555.68;2532.59;555.61;2532.45;578.32;10;0.79;stop
285;701.05;1239.33;701.3;1226.87;672.39;1226.29;672.14;1238.76;10;0.78;stop
286;571.24;1078.17;571.51;1065.57;542.51;1064.95;542.24;1077.55;10;0.76;stop
287;1439.98;931.04;1440.96;917.42;1408.52;915.08;1407.54;928.7;10;0.78;stop
288;1689.56;1219.47;1690.22;1207.46;1664.06;1206.03;1663.41;1218.04;10;0.79;stop
289;2094.37;1230.05;2094.72;1216.51;2063.63;1215.7;2063.28;1229.24;10;0.79;stop
290;3523.67;679.97;3533.07;651.72;3519.77;647.29;3510.37;675.55;10;0.73;stop
291;3581.14;1052.71;3613.7;1051.52;3613.23;1038.85;3580.68;1040.04;10;0.76;stop
292;748.73;2007.09;750.07;1980.7;738.14;1980.1;736.81;2006.49;10;0.8;stop
293;2812.77;1397.09;2814.41;1384.51;2788.23;1381.09;2786.59;1393.68;10;0.8;stop
294;1210.08;58.57;1238.43;57.45;1237.92;44.37;1209.57;45.49;10;0.78;stop
295;1845.72;713.17;1858.88;712.64;1857.78;685.21;1844.62;685.73;10;0.8;stop
296;1088.63;694.85;1089.77;683.56;1064.62;681.03;1063.48;692.31;10;0.79;stop
299;2059.44;1345.41;2085.41;1344.68;2085.06;1332.09;2059.09;1332.82;10;0.79;stop
300;1963.38;1314.11;1976.55;1314.03;1976.37;1281.83;1963.2;1281.91;10;0.8;stop
301;3283.91;1105.52;3299.68;1076.99;3286.09;1069.48;3270.32;1098.01;10;0.76;stop
302;3263.89;1139.04;3277.25;1115.04;3264.86;1108.15;3251.5;1132.15;10;0.73;stop
303;1330.84;1660.04;1332.06;1649.1;1307.29;1646.33;1306.07;1657.28;10;0.77;stop
305;1377.21;52.81;1403.82;52.75;1403.79;40.0;1377.18;40.06;10;0.79;stop
306;1813.12;352.18;1824.74;351.85;1824.05;327.32;1812.43;327.65;10;0.78;stop
308;1825.21;772.51;1836.76;771.85;1835.16;743.99;1823.62;744.65;10;0.79;stop
310;260.11;1175.15;260.48;1161.84;233.48;1161.1;233.11;1174.41;10;0.77;stop
311;758.95;1193.33;758.95;1181.38;732.62;1181.36;732.61;1193.31;10;0.75;stop
313;1834.44;1395.75;1845.09;1392.78;1838.59;1369.5;1827.94;1372.47;10;0.78;stop
314;1338.5;1698.86;1339.51;1686.11;1313.12;1684.02;1312.11;1696.77;10;0.79;stop
315;2271.82;1384.27;2273.08;1369.29;2231.75;1365.8;2230.48;1380.77;9;0.78;stop
316;293.84;1068.49;294.67;1055.92;265.85;1054.01;265.02;1066.58;10;0.77;stop
318;1898.9;1302.0;1910.47;1299.92;1905.85;1274.25;1894.28;1276.33;10;0.78;stop
319;3584.88;595.41;3616.72;591.93;3615.12;577.28;3583.28;580.76;10;0.76;stop
320;815.29;1633.95;816.08;1622.34;791.49;1620.68;790.7;1632.29;10;0.78;stop
321;1958.36;345.72;1969.7;345.48;1969.2;322.53;1957.86;322.77;10;0.79;stop
322;768.34;1015.44;768.37;1004.02;742.11;1003.94;742.08;1015.36;10;0.76;stop
323;53.01;1068.34;53.16;1055.43;24.22;1055.09;24.07;1068.01;10;0.71;stop
324;910.67;1084.83;937.56;1084.54;937.42;1071.8;910.53;1072.09;10;0.79;stop
325;1354.5;1215.6;1380.78;1214.76;1380.38;1202.03;1354.09;1202.86;10;0.79;stop
326;681.92;1663.69;682.57;1651.95;654.02;1650.37;653.37;1662.11;10;0.79;stop
327;1840.97;1510.65;1870.78;1505.82;1868.63;1492.54;1838.82;1497.37;10;0.78;stop
328;1793.23;40.27;1805.25;39.93;1804.52;14.29;1792.5;14.63;10;0.78;stop
329;2527.8;187.41;2527.82;161.92;2515.2;161.91;2515.18;187.4;10;0.78;stop
330;2556.96;218.33;2580.64;218.11;2580.54;206.92;2556.86;207.14;10;0.76;stop
331;2525.81;480.04;2537.86;479.83;2537.44;455.96;2525.39;456.17;10;0.77;stop
333;2536.71;747.41;2549.38;747.26;2549.04;717.34;2536.37;717.49;10;0.78;stop
334;1478.07;938.47;1479.52;926.33;1450.3;922.84;1448.85;934.98;10;0.79;stop
335;1512.6;989.39;1514.73;964.57;1503.53;963.61;1501.39;988.43;10;0.77;stop
336;1509.79;1027.45;1513.0;995.41;1500.71;994.18;1497.5;1026.22;10;0.78;stop
339;1067.62;65.11;1091.86;65.03;1091.82;54.14;1067.58;54.22;10;0.77;stop
340;2882.52;199.51;2905.89;198.15;2905.23;186.93;2881.86;188.29;10;0.77;stop
341;2544.69;612.49;2545.31;584.78;2533.18;584.51;2532.57;612.22;10;0.77;stop
342;2729.41;626.07;2757.63;624.34;2756.84;611.43;2728.62;613.16;10;0.78;stop
344;1820.35;652.58;1831.9;652.29;1831.31;628.24;1819.76;628.52;10;0.76;stop
346;733.1;2007.02;733.97;1978.07;722.57;1977.73;721.7;2006.68;10;0.79;stop
347;1179.96;1209.47;1180.12;1197.27;1151.61;1196.9;1151.45;1209.1;10;0.77;stop
348;721.41;1246.35;722.77;1220.89;710.16;1220.22;708.79;1245.67;10;0.73;stop
350;1455.85;1094.36;1480.45;1094.26;1480.4;1082.51;1455.8;1082.62;10;0.77;stop
351;2656.94;1248.98;2657.85;1235.89;2629.06;1233.9;2628.15;1246.99;10;0.76;stop
352;1723.48;1221.4;1724.43;1208.3;1697.37;1206.35;1696.43;1219.45;10;0.77;stop
353;3321.14;1077.36;3331.61;1056.56;3320.11;1050.76;3309.64;1071.57;10;0.74;stop
354;2002.12;1642.6;2002.14;1612.03;1989.38;1612.02;1989.36;1642.59;10;0.77;stop
355;1372.58;1701.4;1373.54;1689.13;1347.67;1687.1;1346.71;1699.37;10;0.77;stop
358;1778.14;1222.4;1805.41;1221.57;1804.98;1207.6;1777.71;1208.43;10;0.76;stop
359;2198.02;1111.67;2198.76;1099.32;2173.92;1097.83;2173.18;1110.18;10;0.79;stop
360;3623.56;1052.4;3651.95;1051.29;3651.44;1038.22;3623.05;1039.33;10;0.76;stop
361;1953.4;167.59;1965.65;166.75;1963.85;140.66;1951.6;141.5;10;0.79;stop
362;1438.06;52.33;1438.24;39.75;1411.56;39.36;1411.38;51.94;10;0.78;stop
363;1773.96;189.17;1775.2;161.85;1762.38;161.27;1761.14;188.59;10;0.73;stop
364;1037.89;1091.94;1038.61;1080.69;1016.92;1079.31;1016.21;1090.56;10;0.8;stop
365;1223.57;1212.3;1223.6;1198.64;1196.87;1198.58;1196.83;1212.24;10;0.76;stop
366;1804.65;576.79;1816.94;576.69;1816.73;550.46;1804.43;550.56;10;0.78;stop
367;2649.22;1445.93;2651.77;1421.93;2639.03;1420.57;2636.48;1444.57;10;0.71;stop
368;2975.45;1541.39;2986.97;1535.72;2973.93;1509.24;2962.41;1514.91;10;0.77;stop
369;1611.68;1675.58;1612.13;1663.29;1584.44;1662.29;1584.0;1674.59;10;0.71;stop
370;1178.51;58.75;1204.31;58.61;1204.24;45.87;1178.44;46.02;10;0.77;stop
371;1522.94;862.05;1525.94;838.13;1514.56;836.7;1511.56;860.62;10;0.77;stop
372;2540.22;793.4;2552.51;793.29;2552.28;769.22;2539.99;769.34;10;0.77;stop
373;2245.98;1113.04;2246.35;1101.8;2221.02;1100.96;2220.65;1112.2;10;0.77;stop
374;2797.42;624.41;2826.74;622.97;2826.08;609.71;2796.76;611.15;10;0.75;stop
375;1295.41;1658.6;1295.69;1647.25;1271.28;1646.65;1271.0;1658.0;10;0.76;stop
376;290.15;1177.09;290.59;1162.82;262.97;1161.97;262.54;1176.25;10;0.76;stop
377;637.06;1188.45;637.09;1175.99;611.69;1175.93;611.66;1188.39;10;0.76;stop
378;1892.27;1273.77;1903.25;1270.67;1896.35;1246.23;1885.38;1249.33;10;0.76;stop
379;1960.29;416.18;1973.89;393.14;1963.62;387.07;1950.02;410.11;10;0.82;stop
380;1984.37;1069.74;1996.4;1067.29;1991.0;1040.76;1978.98;1043.21;10;0.76;stop
381;3069.58;1315.59;3071.98;1301.45;3041.51;1296.28;3039.11;1310.43;10;0.77;stop
382;3405.94;1367.57;3410.54;1355.77;3384.37;1345.56;3379.77;1357.35;10;0.73;stop
383;2516.06;215.47;2528.36;215.33;2528.07;190.09;2515.77;190.23;10;0.74;stop
384;641.24;1079.23;668.6;1078.91;668.45;1066.71;641.09;1067.03;10;0.77;stop
385;1678.19;1163.75;1678.45;1149.83;1648.44;1149.25;1648.17;1163.17;10;0.72;stop
387;2309.01;1113.94;2337.38;1112.8;2336.86;1100.06;2308.5;1101.2;10;0.77;stop
388;2864.88;621.04;2892.27;618.48;2891.14;606.38;2863.75;608.95;10;0.76;stop
389;513.01;1617.3;513.39;1605.72;487.3;1604.88;486.92;1616.46;10;0.74;stop
390;407.24;1074.5;407.27;1063.07;384.01;1063.0;383.98;1074.43;10;0.77;stop
391;136.17;1171.23;137.21;1156.94;106.65;1154.71;105.6;1169.0;10;0.74;stop
392;2762.95;623.86;2789.58;621.66;2788.55;609.14;2761.92;611.34;10;0.77;stop
394;3136.02;1196.95;3164.46;1191.88;3162.11;1178.67;3133.67;1183.74;10;0.76;stop
395;3368.0;1363.48;3371.37;1350.1;3341.69;1342.61;3338.31;1356.0;10;0.77;stop
396;1303.63;1696.85;1304.47;1685.65;1279.37;1683.78;1278.53;1694.98;10;0.76;stop
397;1938.47;144.87;1949.44;144.6;1948.87;120.63;1937.9;120.9;10;0.76;stop
399;1960.68;60.08;1961.71;36.04;1950.29;35.55;1949.26;59.59;10;0.76;stop
402;1715.21;1162.93;1715.26;1151.31;1690.16;1151.2;1690.11;1162.81;10;0.69;stop
403;1975.19;938.39;1988.19;937.92;1987.25;911.68;1974.25;912.14;10;0.74;stop
404;2920.9;619.92;2951.95;617.93;2951.13;605.16;2920.08;607.15;10;0.74;stop
405;1898.09;1936.9;1908.99;1899.5;1893.06;1894.85;1882.16;1932.25;9;0.74;stop
406;1365.45;52.52;1365.65;41.26;1342.43;40.85;1342.23;52.11;10;0.75;stop
407;2059.21;650.36;2088.06;649.26;2087.54;635.52;2058.69;636.61;10;0.76;stop
409;2831.01;622.82;2858.53;620.95;2857.74;609.34;2830.22;611.21;10;0.77;stop
410;2143.34;1383.62;2165.83;1380.72;2163.91;1365.88;2141.42;1368.78;10;0.74;stop
411;3525.97;1016.07;3525.99;1003.35;3498.72;1003.31;3498.7;1016.02;10;0.68;stop
412;2114.45;1130.63;2114.72;1117.66;2088.18;1117.12;2087.91;1130.09;10;0.71;stop
413;1990.76;1680.0;2000.98;1679.88;2000.74;1659.0;1990.52;1659.12;10;0.7;stop
414;3221.68;1469.71;3226.82;1457.53;3199.25;1445.92;3194.12;1458.09;10;0.77;stop
415;3003.4;1530.53;3019.76;1519.74;2986.85;1469.85;2970.49;1480.64;9;0.75;stop
416;2267.33;642.11;2292.35;641.22;2291.92;629.14;2266.9;630.03;10;0.77;stop
417;1212.11;1597.75;1214.93;1569.2;1202.7;1568.0;1199.89;1596.55;10;0.76;stop
418;2693.28;627.83;2724.71;625.51;2723.72;612.01;2692.28;614.33;10;0.75;stop
419;1164.37;1953.94;1165.31;1927.77;1152.57;1927.31;1151.62;1953.48;10;0.73;stop
420;3169.94;108.36;3170.24;79.76;3156.31;79.61;3156.01;108.21;10;0.77;stop
421;564.1;617.71;566.65;606.54;538.4;600.11;535.85;611.27;10;0.76;stop
422;791.94;1053.41;804.39;1053.25;804.01;1024.46;791.57;1024.62;10;0.75;stop
423;627.36;1227.42;631.21;1196.78;617.64;1195.08;613.79;1225.72;10;0.74;stop
424;1976.69;1020.78;1987.79;1020.31;1986.88;998.6;1975.77;999.07;10;0.78;stop
425;2087.99;1382.31;2117.55;1381.65;2117.26;1368.32;2087.7;1368.98;10;0.76;stop
426;3231.58;1413.07;3251.38;1389.19;3239.98;1379.74;3220.18;1403.62;10;0.76;stop
427;1166.65;1846.43;1168.08;1821.85;1154.6;1821.07;1153.17;1845.65;10;0.71;stop
428;1708.72;1681.23;1709.61;1668.75;1681.87;1666.77;1680.98;1679.25;10;0.75;stop
429;1312.01;91.37;1312.16;77.69;1283.37;77.38;1283.22;91.06;10;0.76;stop
430;157.14;1071.07;176.19;1055.97;168.88;1046.74;149.82;1061.85;10;0.72;stop
431;1003.37;1086.6;1003.72;1074.1;978.5;1073.4;978.16;1085.9;10;0.73;stop
432;1115.96;1088.69;1116.48;1075.76;1089.6;1074.69;1089.09;1087.61;10;0.76;stop
433;1609.32;1097.43;1635.34;1097.09;1635.18;1085.07;1609.16;1085.41;10;0.77;stop
434;1932.72;2021.06;1942.85;1995.58;1930.53;1990.69;1920.4;2016.17;10;0.76;stop
435;938.93;683.82;940.24;671.22;913.38;668.43;912.07;681.03;10;0.75;stop
436;2185.29;236.8;2214.73;235.65;2214.21;222.2;2184.77;223.35;10;0.75;stop
437;973.3;1086.44;973.51;1074.04;944.82;1073.56;944.61;1085.96;10;0.77;stop
438;3438.72;785.26;3448.86;759.7;3435.96;754.59;3425.83;780.15;10;0.73;stop
439;3544.52;1054.3;3574.49;1052.96;3573.92;1040.08;3543.95;1041.41;10;0.74;stop
440;1064.71;1647.69;1065.24;1636.14;1041.85;1635.06;1041.32;1646.61;10;0.75;stop
442;1793.52;71.15;1804.94;71.1;1804.83;45.85;1793.42;45.9;10;0.78;stop
443;3069.7;191.49;3097.55;188.74;3096.05;173.57;3068.2;176.33;10;0.75;stop
444;2437.18;226.81;2464.94;225.04;2464.07;211.38;2436.31;213.15;10;0.74;stop
445;3412.7;170.25;3443.32;168.08;3442.3;153.65;3411.68;155.82;10;0.73;stop
447;2635.92;629.95;2664.45;627.98;2663.58;615.43;2635.05;617.39;10;0.75;stop
448;2344.9;1380.35;2345.25;1367.68;2316.73;1366.9;2316.38;1379.57;10;0.75;stop
449;714.13;1664.99;714.63;1652.97;688.37;1651.88;687.87;1663.91;10;0.76;stop
450;2364.95;1114.28;2365.29;1102.68;2341.68;1101.97;2341.33;1113.57;10;0.78;stop
451;2174.05;1231.86;2174.32;1218.92;2148.95;1218.39;2148.68;1231.33;10;0.78;stop
452;3448.73;1018.82;3449.1;1006.05;3421.27;1005.24;3420.9;1018.01;10;0.73;stop
453;3075.9;1077.72;3110.71;1076.34;3110.1;1060.91;3075.29;1062.28;10;0.72;stop
454;2608.46;215.9;2637.77;214.22;2637.04;201.47;2607.73;203.15;10;0.74;stop
455;3574.3;1016.57;3574.6;1002.51;3543.2;1001.86;3542.9;1015.92;10;0.75;stop
456;541.46;1619.48;542.57;1608.82;519.79;1606.45;518.68;1617.12;10;0.73;stop
457;3162.54;1467.89;3174.04;1436.19;3158.08;1430.4;3146.58;1462.09;10;0.77;stop
459;1011.51;688.6;1012.69;676.1;988.18;673.78;986.99;686.28;10;0.79;stop
460;2528.24;550.64;2541.15;549.92;2539.51;520.36;2526.6;521.08;10;0.76;stop
461;3055.48;613.57;3082.12;611.1;3081.02;599.18;3054.38;601.65;10;0.76;stop
462;3197.57;1095.65;3213.04;1089.76;3200.87;1057.78;3185.4;1063.67;10;0.75;stop
463;1971.36;1912.23;1978.02;1872.78;1961.64;1870.02;1954.98;1909.47;10;0.76;stop
465;3370.13;600.8;3398.62;598.7;3397.68;586.07;3369.2;588.18;10;0.75;stop
466;1669.67;1099.06;1669.72;1086.91;1645.71;1086.82;1645.66;1098.96;10;0.77;stop
467;2435.18;1382.1;2435.44;1370.17;2410.94;1369.65;2410.69;1381.58;10;0.76;stop
468;3502.01;599.72;3502.05;586.54;3472.05;586.45;3472.01;599.63;10;0.73;stop
470;1439.36;1703.9;1440.42;1692.78;1413.64;1690.23;1412.58;1701.34;10;0.66;stop
471;1912.77;1472.08;1927.78;1470.16;1922.54;1429.29;1907.53;1431.21;9;0.75;stop
472;3565.08;161.3;3599.2;159.15;3598.36;145.73;3564.23;147.88;10;0.77;stop
473;101.64;1168.46;101.97;1155.41;72.5;1154.67;72.17;1167.71;10;0.66;stop
474;2141.01;1231.49;2141.17;1217.98;2112.8;1217.63;2112.64;1231.15;10;0.76;stop
476;263.88;1639.94;265.81;1627.6;239.56;1623.5;237.63;1635.84;10;0.67;stop
477;1795.2;102.16;1806.53;101.97;1806.12;77.84;1794.78;78.03;10;0.77;stop
479;3305.93;1108.86;3316.98;1087.04;3305.32;1081.14;3294.27;1102.96;10;0.72;stop
480;1693.85;1718.58;1695.15;1706.2;1671.02;1703.67;1669.73;1716.05;10;0.74;stop
481;2525.73;125.41;2525.75;98.48;2512.77;98.47;2512.75;125.4;10;0.75;stop
482;2154.76;235.88;2178.06;235.36;2177.8;223.69;2154.5;224.21;10;0.74;stop
484;235.51;1071.02;235.9;1058.85;210.74;1058.04;210.35;1070.21;10;0.74;stop
486;3620.15;591.13;3647.54;590.75;3647.35;577.7;3619.96;578.08;10;0.73;stop
487;3269.87;1036.91;3291.76;1019.28;3283.25;1008.71;3261.36;1026.35;10;0.74;stop
488;1544.24;1768.28;1545.24;1755.32;1514.64;1752.97;1513.64;1765.93;10;0.76;stop
489;838.25;1671.68;839.14;1660.19;815.08;1658.32;814.19;1669.81;10;0.76;stop
490;2807.07;1141.74;2808.59;1129.01;2783.95;1126.07;2782.43;1138.8;10;0.78;stop
491;1880.28;1690.89;1880.83;1679.57;1858.85;1678.49;1858.29;1689.81;10;0.74;stop
492;1901.2;1892.73;1905.07;1868.89;1893.61;1867.02;1889.74;1890.86;10;0.77;stop
493;1543.06;1218.33;1570.17;1217.56;1569.81;1204.92;1542.7;1205.69;10;0.74;stop
494;2955.21;618.65;2984.89;617.4;2984.32;603.85;2954.64;605.1;10;0.7;stop
495;1779.73;1685.18;1780.7;1674.02;1755.34;1671.82;1754.38;1682.98;10;0.77;stop
496;2850.13;203.08;2877.5;201.73;2876.87;188.99;2849.5;190.33;10;0.74;stop
498;705.48;2004.56;717.88;2004.45;717.65;1978.87;705.24;1978.99;10;0.73;stop
499;1053.1;1044.44;1066.22;1044.26;1065.84;1015.44;1052.72;1015.61;10;0.64;stop
500;2438.09;637.91;2464.93;636.46;2464.29;624.62;2437.45;626.07;10;0.74;stop
501;2919.48;1459.14;2929.31;1448.21;2902.02;1423.67;2892.19;1434.6;10;0.74;stop
502;168.02;1041.63;173.86;1016.2;161.51;1013.37;155.67;1038.8;10;0.74;stop
503;2487.05;1702.39;2488.23;1675.45;2474.95;1674.86;2473.77;1701.8;10;0.75;stop
504;2915.81;201.0;2943.05;197.89;2941.69;186.0;2914.45;189.11;10;0.67;stop
505;3190.76;1172.96;3205.5;1145.89;3192.67;1138.91;3177.94;1165.98;10;0.7;stop
506;2477.05;1822.9;2477.53;1798.71;2465.83;1798.48;2465.34;1822.66;10;0.77;stop
507;2075.88;239.64;2104.94;238.91;2104.62;226.11;2075.56;226.84;10;0.72;stop
508;984.61;686.9;985.47;675.23;958.26;673.23;957.4;684.89;10;0.75;stop
509;2091.67;647.57;2116.12;645.17;2114.89;632.68;2090.44;635.08;10;0.74;stop
510;2513.79;159.54;2527.39;158.81;2525.84;130.14;2512.24;130.88;10;0.76;stop
511;608.87;1660.17;609.73;1648.19;584.57;1646.39;583.71;1658.38;10;0.69;stop
513;2327.44;228.08;2356.97;227.46;2356.68;214.05;2327.16;214.67;10;0.72;stop
515;2599.84;630.96;2626.19;629.33;2625.41;616.67;2599.06;618.3;10;0.77;stop
516;1530.96;1216.92;1531.18;1204.57;1504.29;1204.08;1504.07;1216.43;10;0.74;stop
517;1481.85;1705.2;1482.53;1693.91;1455.52;1692.3;1454.85;1703.59;10;0.69;stop
518;2738.4;1356.74;2738.59;1344.64;2711.06;1344.19;2710.86;1356.3;10;0.72;stop
519;2766.67;206.67;2794.39;204.97;2793.64;192.71;2765.92;194.4;10;0.71;stop
520;3303.65;178.0;3337.65;175.76;3336.67;160.91;3302.67;163.15;10;0.76;stop
521;589.18;1623.91;590.23;1611.91;563.01;1609.53;561.96;1621.52;10;0.73;stop
522;715.62;1629.44;716.31;1618.58;693.45;1617.12;692.75;1627.98;10;0.75;stop
523;1841.45;753.89;1856.92;753.67;1856.42;718.73;1840.96;718.95;10;0.77;stop
524;2362.81;640.04;2389.69;638.34;2388.81;624.46;2361.93;626.16;10;0.76;stop
525;3442.55;880.04;3451.58;854.3;3439.64;850.11;3430.61;875.85;10;0.69;stop
526;3277.82;1167.13;3287.49;1143.07;3275.31;1138.18;3265.64;1162.24;10;0.71;stop
527;350.76;1180.87;378.7;1180.7;378.62;1166.63;350.67;1166.8;10;0.71;stop
529;2126.05;646.87;2154.26;645.09;2153.45;632.25;2125.24;634.03;10;0.72;stop
530;2495.61;1565.81;2496.34;1537.27;2483.26;1536.94;2482.54;1565.48;10;0.74;stop
531;2481.24;1793.64;2483.43;1756.62;2468.39;1755.73;2466.2;1792.76;10;0.73;stop
532;1946.21;40.56;1946.54;21.51;1935.04;21.31;1934.71;40.36;10;0.7;stop
533;406.48;1649.6;407.07;1635.72;377.74;1634.46;377.15;1648.34;10;0.68;stop
536;1225.57;1096.29;1226.04;1076.06;1177.99;1074.96;1177.53;1095.19;9;0.69;stop
537;3635.53;1270.26;3651.3;1269.97;3650.72;1238.49;3634.95;1238.78;10;0.68;stop
538;2473.81;1908.76;2474.67;1871.58;2460.06;1871.24;2459.21;1908.42;10;0.72;stop
539;3759.77;1008.93;3785.61;1008.08;3785.23;996.38;3759.39;997.23;10;0.71;stop
540;1973.34;2162.23;1974.19;2137.95;1961.91;2137.52;1961.06;2161.8;10;0.72;stop
541;824.01;86.01;824.15;74.05;798.95;73.74;798.8;85.7;10;0.72;stop
542;56.68;1615.12;58.04;1601.6;28.57;1598.63;27.21;1612.15;10;0.68;stop
543;3227.72;1038.66;3237.74;1029.91;3218.53;1007.9;3208.51;1016.66;10;0.72;stop
544;3290.52;1137.26;3302.53;1112.94;3290.73;1107.12;3278.72;1131.43;10;0.67;stop
545;2524.29;407.54;2535.81;407.42;2535.58;385.59;2524.07;385.71;10;0.69;stop
546;3798.5;1450.69;3801.55;1438.23;3772.75;1431.18;3769.7;1443.64;10;0.74;move
547;1908.76;1425.82;1922.33;1424.27;1918.49;1390.62;1904.92;1392.17;9;0.72;stop
548;2637.43;1359.21;2638.75;1340.22;2590.07;1336.85;2588.75;1355.84;9;0.73;stop
549;632.75;635.06;635.26;624.0;609.43;618.14;606.93;629.2;10;0.69;stop
550;236.97;1635.91;238.19;1623.47;212.56;1620.97;211.34;1633.4;10;0.66;stop
552;2801.38;202.9;2826.44;200.98;2825.5;188.6;2800.43;190.52;10;0.67;stop
554;1333.0;1089.05;1333.19;1078.08;1311.87;1077.7;1311.68;1088.67;10;0.66;stop
555;1923.39;1132.23;1933.31;1126.97;1921.86;1105.39;1911.94;1110.65;10;0.78;move
556;2282.6;231.16;2309.63;230.36;2309.27;218.28;2282.25;219.07;10;0.71;stop
557;3510.12;709.05;3520.65;684.0;3508.0;678.68;3497.47;703.73;10;0.72;stop
558;3087.54;610.92;3115.31;608.43;3114.21;596.21;3086.44;598.7;10;0.71;stop
559;3112.07;1359.36;3122.25;1330.4;3108.71;1325.64;3098.53;1354.6;10;0.74;stop
560;2395.64;1381.37;2395.81;1368.45;2371.73;1368.13;2371.56;1381.05;10;0.72;stop
561;3652.6;372.67;3664.96;345.56;3652.4;339.83;3640.04;366.94;10;0.72;stop
562;3182.7;686.82;3197.49;686.58;3196.99;655.68;3182.2;655.92;10;0.64;stop
563;917.59;1205.08;919.03;1194.83;900.98;1192.29;899.54;1202.55;10;0.7;stop
564;3429.92;1375.18;3433.55;1364.1;3413.83;1357.64;3410.2;1368.72;10;0.64;stop
565;1410.66;1665.41;1434.49;1665.36;1434.47;1653.34;1410.63;1653.39;10;0.69;stop
566;206.9;1633.31;208.64;1619.01;176.77;1615.13;175.03;1629.43;10;0.45;stop
567;1523.24;900.38;1525.28;871.8;1513.14;870.93;1511.1;899.51;10;0.7;stop
568;2441.45;1901.44;2443.76;1873.94;2431.67;1872.93;2429.37;1900.43;10;0.71;stop
569;2727.3;209.59;2758.56;208.12;2757.82;192.6;2726.57;194.07;10;0.61;stop
570;2517.88;319.88;2531.64;319.46;2530.75;290.43;2516.99;290.85;10;0.72;stop
571;2401.82;639.97;2431.49;638.5;2430.8;624.53;2401.13;626.0;10;0.76;stop
572;1088.46;1207.32;1088.59;1191.47;1054.1;1191.18;1053.97;1207.03;10;0.68;stop
574;3793.73;310.71;3809.92;310.43;3809.39;279.91;3793.21;280.19;10;0.62;stop
575;2524.75;452.33;2537.79;451.53;2536.25;426.3;2523.21;427.1;10;0.71;stop
576;3402.4;597.72;3425.65;595.43;3424.48;583.53;3401.23;585.82;10;0.74;stop
577;3797.75;147.44;3828.35;146.43;3827.87;131.94;3797.27;132.95;10;0.69;stop
579;3170.0;70.06;3171.11;40.69;3155.31;40.09;3154.21;69.47;10;0.64;stop
580;3199.2;606.29;3227.66;603.49;3226.42;590.9;3197.96;593.7;10;0.72;stop
582;569.86;106.51;598.9;105.19;598.26;91.3;569.23;92.63;10;0.56;stop
583;1531.7;751.69;1533.45;729.17;1521.55;728.25;1519.8;750.77;10;0.7;stop
584;3626.8;339.61;3637.56;312.99;3625.7;308.2;3614.94;334.82;10;0.67;stop
585;3604.4;483.12;3613.82;458.21;3601.22;453.45;3591.81;478.36;10;0.71;stop
587;166.97;1172.55;166.99;1158.11;139.83;1158.07;139.81;1172.51;10;0.63;stop
588;3729.55;583.67;3759.7;582.5;3759.2;569.46;3729.05;570.62;10;0.69;stop
589;3694.72;274.22;3704.13;251.79;3692.78;247.03;3683.37;269.46;10;0.73;stop
590;442.74;1613.41;443.21;1601.29;418.35;1600.34;417.89;1612.46;10;0.6;stop
591;2191.32;646.71;2219.64;645.14;2218.87;631.29;2190.54;632.86;10;0.68;stop
592;54.01;888.86;57.73;876.39;29.66;868.02;25.94;880.48;10;0.43;stop
594;333.28;1374.83;360.5;1371.8;359.07;1358.92;331.84;1361.95;10;0.68;stop
595;2470.09;636.07;2496.85;635.12;2496.41;622.8;2469.65;623.76;10;0.65;stop
596;3750.92;52.34;3764.51;18.27;3749.08;12.11;3735.49;46.18;10;0.67;stop
597;3116.58;1201.45;3119.59;1183.99;3064.92;1174.55;3061.91;1192.01;9;0.69;stop
598;615.86;1624.52;616.32;1612.61;593.51;1611.73;593.06;1623.64;10;0.69;stop
599;2528.3;1157.91;2529.14;1142.33;2494.45;1140.47;2493.61;1156.04;10;0.77;move
602;2530.09;510.9;2542.08;510.42;2541.03;484.72;2529.05;485.21;10;0.69;stop
603;1008.51;1205.04;1008.73;1190.54;978.8;1190.08;978.58;1204.58;10;0.67;stop
604;3115.58;610.38;3144.35;607.32;3143.17;596.19;3114.4;599.25;10;0.68;stop
605;438.05;1028.4;452.86;1026.78;449.76;998.47;434.95;1000.09;10;0.62;stop
606;2805.2;1356.31;2805.58;1344.48;2780.9;1343.69;2780.51;1355.52;10;0.66;stop
607;3763.09;581.6;3790.34;579.45;3789.41;567.66;3762.16;569.81;10;0.66;stop
608;1227.98;1655.85;1228.75;1645.35;1207.08;1643.77;1206.31;1654.27;10;0.7;stop
609;2032.66;1571.93;2065.12;1569.88;2064.21;1555.57;2031.76;1557.62;10;0.66;stop
610;3463.59;168.29;3496.28;166.32;3495.47;152.8;3462.78;154.77;10;0.75;stop
612;3564.88;584.3;3578.25;581.21;3572.31;555.46;3558.93;558.55;10;0.64;stop
613;1804.73;215.94;1818.09;215.81;1817.77;181.75;1804.41;181.88;10;0.69;stop
614;2519.17;286.11;2530.29;285.73;2529.46;261.76;2518.34;262.15;10;0.56;stop
616;219.15;1091.49;219.44;1080.39;195.46;1079.76;195.17;1090.86;10;0.75;move
617;733.95;92.22;734.48;81.16;720.13;80.47;719.6;91.52;10;0.62;stop
618;703.84;1223.37;704.16;1211.06;678.04;1210.38;677.71;1222.69;10;0.74;stop
620;159.03;1590.02;160.04;1579.03;136.52;1576.86;135.5;1587.84;10;0.48;stop
622;2051.17;273.89;2080.38;272.42;2079.83;261.61;2050.62;263.08;10;0.71;stop
623;3198.47;715.31;3199.16;689.42;3185.91;689.07;3185.21;714.95;10;0.61;stop
624;465.09;1652.65;465.67;1640.07;440.53;1638.91;439.95;1651.49;10;0.62;stop
625;3003.23;1549.13;3014.61;1545.37;3007.55;1523.99;2996.17;1527.75;10;0.64;stop
626;2326.4;679.27;2354.52;678.88;2354.35;666.23;2326.23;666.62;10;0.67;stop
627;631.19;1079.91;632.16;1068.73;611.93;1066.97;610.96;1078.15;10;0.65;stop
628;3467.15;1058.1;3495.97;1057.46;3495.66;1043.77;3466.84;1044.41;10;0.61;stop
629;3202.74;220.22;3228.85;217.29;3227.57;205.87;3201.46;208.81;10;0.66;stop
630;3596.1;407.43;3607.85;378.55;3595.46;373.51;3583.71;402.38;10;0.64;stop
631;3620.55;448.62;3629.53;421.85;3616.95;417.63;3607.97;444.4;10;0.67;stop
633;498.64;1654.45;499.06;1641.7;473.55;1640.86;473.13;1653.61;10;0.67;stop
634;692.24;96.77;693.0;83.67;665.26;82.05;664.5;95.16;10;0.55;stop
635;3679.19;321.88;3693.85;284.48;3676.43;277.65;3661.78;315.05;9;0.58;stop
636;3033.65;192.16;3058.84;190.09;3057.85;177.96;3032.66;180.04;10;0.66;stop
638;2698.13;217.11;2704.71;202.88;2686.87;194.64;2680.29;208.87;10;0.59;stop
639;2965.07;1472.19;2977.65;1461.24;2948.68;1427.97;2936.1;1438.91;9;0.58;stop
640;3776.83;1473.73;3779.59;1461.31;3751.29;1455.02;3748.53;1467.44;10;0.69;stop
642;1917.1;1612.44;1931.25;1612.12;1930.4;1574.69;1916.25;1575.01;10;0.66;stop
643;3677.47;588.08;3707.53;585.12;3706.28;572.43;3676.22;575.39;10;0.68;stop
644;1792.22;222.23;1802.78;221.96;1802.15;197.39;1791.59;197.67;10;0.48;stop
645;2475.87;1350.11;2476.16;1337.65;2445.63;1336.95;2445.34;1349.41;9;0.67;stop
646;2692.9;2093.91;2704.31;2088.73;2692.1;2061.84;2680.69;2067.02;10;0.61;stop
648;3674.98;1300.63;3676.34;1271.6;3661.89;1270.93;3660.53;1299.96;10;0.43;stop
649;645.08;1662.13;645.78;1649.52;621.48;1648.18;620.79;1660.79;10;0.65;stop
650;634.61;100.73;660.37;98.04;659.14;86.3;633.38;88.99;10;0.58;stop
651;3706.97;247.25;3718.15;218.72;3704.91;213.53;3693.72;242.06;10;0.67;stop
652;2700.03;1256.56;2701.53;1239.72;2664.72;1236.44;2663.22;1253.28;9;0.66;stop
655;2781.7;1394.08;2783.43;1378.04;2740.55;1373.42;2738.82;1389.46;9;0.59;stop
656;1150.05;1652.7;1150.75;1640.51;1125.27;1639.05;1124.56;1651.24;10;0.67;stop
658;722.08;1075.7;745.58;1074.71;745.13;1064.05;721.63;1065.04;10;0.69;stop
659;2489.24;1445.53;2502.14;1445.47;2502.01;1416.47;2489.11;1416.53;10;0.59;stop
661;2542.69;898.1;2554.82;897.87;2554.31;870.96;2542.18;871.19;10;0.69;stop
662;780.8;1240.63;782.6;1228.14;755.45;1224.24;753.66;1236.73;10;0.61;stop
663;791.22;1194.58;791.62;1182.0;761.28;1181.04;760.88;1193.63;10;0.65;stop
665;1618.48;642.15;1619.13;631.27;1592.27;629.66;1591.62;640.55;10;0.64;stop
666;3508.29;1056.06;3534.88;1054.65;3534.21;1042.07;3507.62;1043.48;10;0.53;stop
667;1954.16;773.49;1964.39;772.85;1963.09;752.01;1952.86;752.65;10;0.78;stop
668;1378.82;89.23;1401.25;88.84;1401.05;77.27;1378.62;77.66;10;0.6;stop
670;3583.38;1012.82;3604.68;1012.32;3604.43;1001.86;3583.14;1002.37;10;0.63;stop
671;1721.63;1719.04;1723.3;1707.9;1699.5;1704.34;1697.83;1715.47;10;0.67;stop
672;3432.5;2152.14;3460.91;2139.91;3454.38;2124.73;3425.96;2136.97;10;0.61;stop
673;1964.1;1404.02;1980.59;1403.69;1979.77;1361.8;1963.29;1362.12;9;0.74;stop
675;3603.68;159.75;3634.73;157.71;3633.82;144.0;3602.77;146.04;10;0.72;stop
676;2139.05;67.04;2150.17;66.7;2149.45;43.77;2138.33;44.11;10;0.48;stop
677;3659.51;1269.55;3676.06;1269.26;3675.48;1236.39;3658.93;1236.68;10;0.6;stop
679;2489.44;209.36;2490.89;187.98;2479.31;187.2;2477.86;208.58;10;0.6;stop
680;2047.58;238.6;2072.46;237.98;2072.17;226.59;2047.29;227.21;10;0.55;stop
682;3588.78;632.46;3588.9;618.44;3556.85;618.17;3556.73;632.19;10;0.52;stop
683;192.86;1880.93;196.77;1852.21;182.84;1850.32;178.94;1879.04;10;0.53;stop
684;2620.26;1447.5;2632.83;1422.19;2621.87;1416.75;2609.3;1442.06;10;0.56;stop
685;1538.4;1672.7;1539.31;1661.45;1515.98;1659.55;1515.06;1670.8;10;0.56;stop
686;3811.64;1484.89;3815.41;1472.63;3785.86;1463.54;3782.09;1475.81;10;0.64;stop
690;2856.9;1406.48;2861.55;1389.96;2820.6;1378.45;2815.95;1394.98;9;0.54;stop
691;413.03;1613.78;413.35;1602.55;388.53;1601.84;388.21;1613.08;10;0.48;stop
692;2936.26;1437.1;2947.5;1425.75;2916.55;1395.09;2905.31;1406.43;9;0.48;stop
697;3786.41;1047.7;3819.03;1046.7;3818.59;1032.61;3785.97;1033.61;10;0.44;stop
700;1953.98;2165.75;1955.81;2139.38;1943.02;2138.5;1941.19;2164.87;10;0.65;stop
701;2730.91;667.48;2755.49;663.45;2753.09;648.77;2728.51;652.8;10;0.54;stop
702;1102.24;1650.97;1103.37;1640.34;1075.76;1637.4;1074.63;1648.04;10;0.46;stop
703;2464.62;1556.04;2466.45;1526.7;2453.5;1525.9;2451.68;1555.23;9;0.58;stop
706;2460.78;1596.95;2460.98;1571.15;2448.35;1571.05;2448.15;1596.85;10;0.67;stop
707;1960.12;198.14;1970.58;197.66;1969.69;178.17;1959.23;178.65;10;0.66;stop
710;904.12;77.94;904.7;64.26;881.26;63.25;880.67;76.93;10;0.56;stop
716;350.24;1647.28;374.32;1644.86;373.04;1632.09;348.96;1634.51;10;0.58;stop
717;795.5;122.16;819.36;120.57;818.59;109.03;794.74;110.62;10;0.42;stop
720;1169.73;1810.63;1170.62;1783.01;1158.46;1782.62;1157.57;1810.24;10;0.51;stop
721;3108.99;188.86;3120.08;188.62;3119.76;173.95;3108.67;174.2;10;0.55;stop
722;1816.96;962.25;1830.87;961.98;1830.29;932.25;1816.38;932.52;10;0.71;stop
723;859.02;1475.29;859.54;1463.1;836.08;1462.09;835.55;1474.28;10;0.47;stop
727;208.85;1017.03;210.33;993.79;197.56;992.97;196.07;1016.21;10;0.53;stop
728;3324.85;991.2;3342.79;965.1;3329.52;955.98;3311.59;982.09;10;0.54;stop
732;548.12;1457.6;550.64;1445.63;527.19;1440.68;524.67;1452.66;10;0.61;stop
733;1813.36;242.2;1813.75;222.63;1803.52;222.42;1803.13;242.0;10;0.58;stop
735;3055.55;1503.78;3068.52;1470.54;3051.7;1463.97;3038.73;1497.21;9;0.52;stop
736;3153.97;1419.85;3165.75;1385.68;3147.9;1379.52;3136.12;1413.7;9;0.43;stop
738;3501.56;735.8;3507.58;713.97;3495.94;710.76;3489.92;732.59;10;0.66;stop
739;2472.15;1965.33;2476.23;1931.44;2459.47;1929.42;2455.4;1963.31;10;0.62;stop
744;966.87;1203.57;967.32;1188.29;925.95;1187.05;925.49;1202.34;9;0.69;stop
750;2217.85;1423.08;2219.64;1386.18;2205.27;1385.48;2203.49;1422.39;10;0.57;stop
752;2448.6;1775.56;2451.92;1749.42;2440.28;1747.94;2436.95;1774.08;10;0.6;stop
755;2496.27;1855.76;2497.2;1841.89;2466.85;1839.86;2465.93;1853.74;10;0.43;stop
758;1439.41;88.81;1439.67;77.14;1414.72;76.57;1414.45;88.23;10;0.69;stop
759;2147.85;686.82;2159.1;686.55;2158.65;667.68;2147.4;667.95;10;0.44;stop
764;1014.62;1645.96;1035.22;1645.77;1035.13;1635.67;1014.53;1635.86;10;0.51;stop
765;3437.26;1129.01;3449.08;1101.49;3435.56;1095.68;3423.73;1123.2;10;0.69;stop
766;1527.28;821.16;1530.65;791.38;1516.97;789.84;1513.6;819.62;10;0.61;stop
767;2935.88;1436.32;2947.05;1424.74;2917.12;1395.86;2905.95;1407.44;10;0.58;stop
774;2678.29;1441.34;2678.73;1400.6;2660.59;1400.41;2660.15;1441.15;9;0.57;stop
776;3634.01;414.14;3643.52;390.3;3631.61;385.55;3622.1;409.39;10;0.47;stop
786;3214.54;1376.96;3227.12;1344.79;3211.08;1338.51;3198.5;1370.68;10;0.61;stop
788;1125.45;374.19;1152.38;373.59;1152.11;361.56;1125.19;362.16;10;0.45;stop
789;313.2;2052.41;315.39;2022.11;300.4;2021.03;298.21;2051.33;10;0.47;stop
792;3275.1;1404.56;3316.26;1398.51;3313.65;1380.75;3272.49;1386.81;9;0.47;stop
794;777.99;1256.74;779.97;1245.31;753.7;1240.76;751.72;1252.19;10;0.49;stop
805;3791.03;276.14;3809.02;275.78;3808.34;241.83;3790.36;242.19;10;0.43;stop
808;2282.46;680.48;2309.6;680.04;2309.41;668.4;2282.28;668.83;10;0.44;stop
819;2443.42;1868.59;2445.34;1840.23;2433.08;1839.41;2431.16;1867.77;10;0.53;stop
831;3514.67;591.84;3524.86;574.07;3515.65;568.79;3505.45;586.55;10;0.57;stop
854;3588.18;527.5;3599.09;498.96;3584.63;493.43;3573.72;521.98;10;0.56;stop
871;1852.74;1969.91;1880.91;1965.82;1878.88;1951.84;1850.72;1955.93;10;0.72;stop
910;2271.04;1130.41;2271.2;1118.79;2247.71;1118.46;2247.55;1130.09;10;0.78;stop
950;1854.44;630.38;1854.64;598.21;1840.24;598.12;1840.05;630.29;10;0.82;stop
983;1245.4;1212.28;1245.61;1201.2;1227.35;1200.85;1227.14;1211.93;10;0.47;stop
1044;1966.84;1766.56;1969.89;1740.42;1957.16;1738.94;1954.11;1765.08;10;0.82;stop
1159;2617.38;1161.49;2618.9;1149.01;2593.25;1145.88;2591.73;1158.37;10;0.8;move
1167;1805.27;405.08;1817.9;386.54;1808.56;380.17;1795.93;398.71;10;0.54;stop
1287;1553.69;685.14;1577.06;670.08;1570.44;659.8;1547.06;674.86;10;0.55;stop
1347;2077.48;1114.3;2121.15;1114.0;2121.02;1095.2;2077.35;1095.5;9;0.45;stop
1356;1959.7;1803.82;1964.19;1774.35;1952.4;1772.55;1947.91;1802.03;10;0.81;stop
1426;908.27;1898.83;933.82;1897.86;933.36;1885.67;907.8;1886.64;10;0.38;stop
1626;3328.19;1127.09;3340.12;1098.1;3325.25;1091.98;3313.32;1120.97;10;0.81;move
1743;3210.63;180.98;3236.66;178.7;3235.62;166.83;3209.59;169.11;10;0.68;stop
1812;1989.97;1820.72;1991.16;1800.15;1980.34;1799.53;1979.15;1820.1;10;0.54;stop
1866;2456.42;1135.91;2456.81;1121.76;2423.46;1120.84;2423.07;1134.99;10;0.82;move
1943;1876.88;672.87;1891.07;671.39;1887.56;637.75;1873.37;639.23;10;0.81;stop
2122;1839.55;554.58;1854.76;553.12;1851.76;522.04;1836.55;523.51;10;0.82;stop
2220;1897.75;1072.67;1909.38;1071.49;1907.0;1047.95;1895.37;1049.13;10;0.67;move
2253;3166.13;358.46;3179.75;358.04;3178.87;329.66;3165.25;330.09;10;0.59;stop
2290;2002.46;1486.91;2003.1;1445.08;1986.98;1444.84;1986.33;1486.67;9;0.7;stop
2491;1598.01;1163.39;1598.38;1150.39;1571.11;1149.61;1570.74;1162.61;10;0.81;stop
2521;2537.36;637.23;2564.11;635.03;2563.01;621.64;2536.26;623.85;10;0.71;stop
2720;1810.9;1168.76;1833.56;1163.48;1830.91;1152.11;1808.25;1157.4;10;0.74;stop
2819;1639.81;1161.94;1640.18;1148.54;1609.19;1147.69;1608.82;1161.08;10;0.82;stop
2864;1344.05;88.37;1368.4;88.23;1368.32;75.88;1343.98;76.02;10;0.69;stop
2969;261.67;1067.07;262.44;1055.16;237.55;1053.55;236.78;1065.47;10;0.5;stop
3166;1524.54;1789.08;1529.44;1778.39;1509.59;1769.3;1504.69;1779.99;10;0.46;stop
3226;1836.79;1414.77;1858.11;1411.44;1856.59;1401.67;1835.26;1404.99;10;0.5;stop
3284;1417.5291666666667;2159.616666666667;1419.3558333333333;2132.0075;1406.2208333333333;2131.133333333333;1404.3941666666667;2158.7425;10;0.35083333333333333;stop
3307;3109.24;1321.86;3114.05;1310.66;3089.98;1300.33;3085.17;1311.52;10;0.71;stop
3498;1839.95;589.35;1853.29;589.23;1853.05;563.78;1839.71;563.9;10;0.81;stop
3502;3227.6;1187.38;3235.65;1159.22;3222.4;1155.43;3214.35;1183.6;10;0.74;move
3527;2875.96;1194.45;2879.2;1174.26;2793.57;1160.55;2790.33;1180.74;9;0.72;move
3639;1762.04;1182.96;1762.14;1168.51;1731.48;1168.29;1731.38;1182.74;10;0.82;stop
3778;2383.52;1135.43;2383.88;1122.22;2351.23;1121.32;2350.87;1134.53;10;0.8;move
3798;2931.45;1204.35;2934.22;1189.93;2903.55;1184.03;2900.78;1198.44;10;0.81;move
3865;2689.83;1167.91;2690.61;1156.65;2670.1;1155.22;2669.31;1166.47;10;0.48;move
3880;1951.39;1712.87;1953.62;1682.22;1940.46;1681.26;1938.22;1711.9;10;0.81;move
3882;2543.9;1140.11;2544.83;1125.42;2512.6;1123.39;2511.67;1138.08;10;0.81;move
3963;2249.43;233.04;2275.56;231.8;2274.94;218.65;2248.81;219.88;10;0.67;stop
3970;3250.34;604.69;3278.1;603.16;3277.47;591.56;3249.71;593.09;10;0.58;stop
4012;3003.59;1212.51;3006.04;1199.05;2973.44;1193.11;2970.99;1206.57;10;0.82;move
4046;2099.62;1146.46;2100.06;1133.67;2074.13;1132.79;2073.69;1145.58;10;0.82;stop
4127;1868.54;596.33;1880.55;595.79;1879.3;568.32;1867.29;568.87;10;0.74;stop
4180;1956.78;1844.07;1960.24;1811.33;1946.97;1809.93;1943.51;1842.67;10;0.83;stop
4195;533.07;1069.84;533.43;1060.11;509.43;1059.22;509.07;1068.96;10;0.36;stop
4196;1834.96;485.25;1847.91;484.56;1846.22;453.0;1833.28;453.69;10;0.74;stop
4241;3207.03;1209.84;3212.43;1183.35;3199.85;1180.78;3194.45;1207.28;10;0.76;stop
4267;1701.7;1185.58;1702.18;1167.16;1645.18;1165.67;1644.7;1184.09;9;0.73;stop
4291;3411.63;2106.56;3420.46;2097.77;3404.93;2082.19;3396.1;2090.98;10;0.42;stop
4292;1865.45;557.21;1877.99;556.05;1875.64;530.67;1863.1;531.83;10;0.79;stop
4335;2151.1366666666663;94.44444444444444;2160.493333333334;94.06722222222223;2159.8633333333337;78.4011111111111;2150.5066666666667;78.77833333333334;10;0.385;stop
4409;1853.59;478.53;1865.47;478.09;1864.53;452.97;1852.66;453.41;10;0.77;stop
4418;1950.95;1878.01;1955.38;1851.13;1943.15;1849.11;1938.72;1876.0;10;0.83;stop
4425;1630.07;1180.2;1630.38;1167.23;1602.05;1166.55;1601.74;1179.52;10;0.82;stop
4426;1996.63;2163.83;2008.66;2163.66;2008.37;2142.67;1996.34;2142.84;10;0.48;stop
4451;1883.03;705.29;1895.65;703.77;1892.47;677.33;1879.85;678.85;10;0.79;stop
4516;1774.07;1200.54;1774.07;1186.71;1746.05;1186.71;1746.05;1200.54;10;0.81;stop
4517;2533.15;1240.19;2533.5;1228.8;2509.85;1228.06;2509.5;1239.45;10;0.76;stop
4539;1862.21;520.63;1875.72;519.88;1873.91;487.37;1860.4;488.12;10;0.75;stop
4569;315.06;2087.04;316.87;2057.55;303.22;2056.71;301.41;2086.2;10;0.64;stop
4571;1920.84;561.31;1933.06;560.74;1931.63;529.94;1919.41;530.51;10;0.77;move
4590;1560.74;1160.5;1560.94;1148.41;1535.26;1148.0;1535.06;1160.09;10;0.8;stop
4602;319.47;2132.17;320.6;2100.2;306.78;2099.71;305.65;2131.68;10;0.47;stop
4629;1833.82;424.72;1848.17;424.21;1847.18;396.53;1832.83;397.04;10;0.77;stop
4663;1731.45;1201.79;1731.55;1189.04;1704.69;1188.83;1704.6;1201.59;10;0.8;stop
4671;1940.92;1917.25;1948.51;1885.09;1934.89;1881.87;1927.3;1914.04;10;0.84;stop
4694;1525.52;1160.91;1525.91;1147.36;1495.11;1146.47;1494.71;1160.01;10;0.82;stop
4744;175.56;1881.19;179.7;1855.83;167.33;1853.81;163.19;1879.17;10;0.46;stop
4792;3060.4;1221.71;3062.61;1210.01;3035.6;1204.91;3033.39;1216.62;10;0.8;move
4802;1831.92;372.81;1846.33;372.54;1845.71;339.32;1831.29;339.59;10;0.81;stop
4853;1931.05;1955.17;1938.81;1928.14;1927.7;1924.95;1919.94;1951.99;10;0.82;stop
4873;1529.75;782.93;1531.7;760.45;1520.13;759.44;1518.17;781.93;10;0.75;stop
4914;1586.89;1181.14;1587.1;1167.17;1558.61;1166.73;1558.4;1180.71;10;0.83;stop
4932;1856.7;444.09;1872.71;443.73;1871.74;400.78;1855.73;401.14;9;0.72;stop
4937;1485.79;1158.66;1486.3;1147.6;1461.71;1146.47;1461.2;1157.53;10;0.75;stop
4976;1831.16;324.83;1845.87;324.68;1845.53;291.67;1830.82;291.82;10;0.82;stop
4980;3342.0;173.7;3366.16;173.04;3365.82;160.52;3341.66;161.18;10;0.59;stop
5006;2314.39;659.87;2314.54;646.57;2285.36;646.26;2285.21;659.55;10;0.79;move
5026;367.06;125.49;394.79;124.1;394.19;112.16;366.46;113.56;10;0.61;stop
5036;1185.97;1165.29;1209.23;1164.02;1208.59;1152.21;1185.33;1153.48;10;0.73;stop
5116;1916.75;2001.93;1925.24;1971.71;1912.75;1968.2;1904.26;1998.42;10;0.78;stop
5133;3403.88;990.6;3410.68;958.23;3393.93;954.71;3387.13;987.08;9;0.44;stop
5154;1856.49;390.93;1870.11;390.87;1869.98;362.82;1856.36;362.88;10;0.81;stop
5157;2730.68;1389.51;2731.56;1375.66;2697.07;1373.49;2696.19;1387.34;10;0.59;stop
5166;1831.69;282.21;1845.75;281.75;1844.81;253.29;1830.75;253.75;10;0.81;stop
5180;1450.88;1159.43;1451.02;1147.14;1423.5;1146.82;1423.35;1159.11;10;0.8;stop
5227;2564.38;1095.67;2565.12;1071.46;2552.87;1071.08;2552.13;1095.29;10;0.75;stop
5238;610.21;1219.73;611.25;1195.84;598.23;1195.27;597.18;1219.16;10;0.53;stop
5297;1983.17;669.88;1987.47;657.2;1958.83;647.49;1954.53;660.18;10;0.82;stop
5299;3646.77;155.95;3676.1;153.78;3675.11;140.3;3645.77;142.47;10;0.67;stop
5306;1905.05;2033.81;1913.45;2008.95;1901.58;2004.94;1893.17;2029.8;10;0.78;stop
5336;3164.42;323.27;3177.16;323.1;3176.83;297.82;3164.09;297.99;10;0.55;stop
5337;3127.01;294.57;3141.67;293.38;3139.24;263.71;3124.58;264.91;10;0.44;stop
5341;1828.75;247.83;1841.88;247.65;1841.47;218.49;1828.34;218.67;10;0.8;stop
5342;1408.61;1159.41;1408.88;1145.07;1382.51;1144.59;1382.25;1158.93;10;0.8;stop
5346;1804.2;217.08;1818.42;216.99;1818.2;181.17;1803.98;181.26;9;0.61;stop
5357;2516.53;1082.69;2529.06;1082.53;2528.72;1055.93;2516.19;1056.1;10;0.76;stop
5384;1858.2;361.95;1869.13;361.59;1868.27;335.55;1857.34;335.91;10;0.78;stop
5451;3443.85;596.15;3444.19;584.82;3422.4;584.16;3422.06;595.5;10;0.46;stop
5477;2524.6875;254.5866666666667;2547.655;250.29333333333332;2545.5933333333332;239.28333333333333;2522.6266666666666;243.57750000000001;10;0.3608333333333333;stop
5507;1826.63;192.88;1840.98;192.34;1839.75;159.81;1825.39;160.35;10;0.81;stop
5576;1862.38;317.71;1863.16;289.56;1850.87;289.22;1850.09;317.37;10;0.81;stop
5630;1826.87;145.92;1841.28;145.62;1840.63;113.95;1826.22;114.25;10;0.82;stop
5651;863.4;1452.54;863.49;1441.73;838.58;1441.52;838.49;1452.33;10;0.38;stop
5684;1854.51;280.23;1867.27;280.11;1866.99;250.77;1854.23;250.89;10;0.82;stop
5733;161.31;1878.33;167.4;1850.92;155.33;1848.23;149.24;1875.65;10;0.5;stop
5769;1667.62;1204.6;1668.69;1188.71;1628.63;1186.03;1627.56;1201.92;9;0.64;move
5772;1828.04;107.9;1839.86;107.71;1839.46;81.67;1827.64;81.85;10;0.81;stop
5810;1863.84;233.09;1863.84;201.16;1850.25;201.16;1850.25;233.09;10;0.81;stop
5815;3448.05;916.78;3458.5;893.34;3446.33;887.91;3435.87;911.35;10;0.49;stop
5858;1857.34;445.62;1872.91;445.3;1872.03;402.63;1856.46;402.95;10;0.46;stop
5887;1827.79;69.19;1840.35;68.9;1839.71;40.5;1827.15;40.79;10;0.8;stop
5941;3258.16;1063.93;3281.53;1054.82;3277.15;1043.57;3253.78;1052.68;10;0.81;stop
6007;1838.43;30.29;1838.79;-1.44;1824.48;-1.6;1824.11;30.12;10;0.79;stop
6028;3737.16;210.7;3738.98;198.09;3715.96;194.77;3714.14;207.38;10;0.45;stop
6034;1849.96;189.72;1861.99;189.43;1861.32;162.4;1849.29;162.7;10;0.8;stop
6046;3827.7;1010.22;3828.89;994.01;3805.43;992.28;3804.23;1008.49;10;0.62;stop
6066;1005.51;1643.96;1005.57;1633.66;985.74;1633.54;985.68;1643.84;10;0.39;stop
6076;3807.04;1989.8;3837.94;1972.31;3829.84;1958.01;3798.94;1975.5;10;0.57;stop
6128;1376.38;1159.3;1376.63;1146.32;1351.75;1145.82;1351.49;1158.81;10;0.74;stop
6142;3223.27;1144.44;3227.39;1115.13;3212.67;1113.06;3208.55;1142.37;10;0.8;stop
6146;3054.93;1504.15;3067.89;1470.47;3051.01;1463.97;3038.04;1497.66;10;0.47;stop
6156;1940.94;1622.77;1956.73;1622.5;1956.06;1583.48;1940.27;1583.75;10;0.77;move
6187;518.7566666666667;1245.5333333333333;527.8333333333334;1236.74;509.68000000000006;1232.2800000000002;500.6066666666667;1241.0700000000002;10;0.35;stop
6257;3827.42;233.75;3840.92;233.09;3839.45;202.66;3825.95;203.31;10;0.57;stop
6288;389.79;1377.0933333333335;391.36333333333334;1364.92;364.9;1361.5033333333336;363.3266666666667;1373.6733333333334;10;0.38;stop
6307;1366.29;1665.75;1367.42;1654.44;1341.58;1651.87;1340.46;1663.19;10;0.37;stop
6343;3829.73;311.04;3841.24;310.93;3840.89;277.7;3829.39;277.82;10;0.39;stop
6354;1342.49;1157.9;1342.59;1145.17;1317.01;1144.98;1316.91;1157.7;10;0.74;stop
6371;571.75;1661.01;572.39;1650.52;552.31;1649.3;551.68;1659.8;10;0.43;stop
6373;1047.11;1682.21;1048.43;1670.61;1025.7;1668.04;1024.39;1679.64;10;0.43;stop
6385;303.61;1870.01;308.86;1846.06;296.85;1843.43;291.61;1867.38;10;0.5;stop
6402;208.29;1883.62;211.48;1854.82;197.41;1853.26;194.22;1882.06;10;0.4;stop
6491;3160.51;627.55;3191.0;625.59;3190.12;611.83;3159.62;613.78;10;0.75;move
6512;877.5450000000001;1922.21;878.585;1909.815;855.235;1907.85;854.2;1920.245;10;0.365;stop
6556;1047.435;1029.395;1048.3049999999998;1008.5150000000001;1035.5;1007.98;1034.63;1028.8600000000001;10;0.4;stop
6600;1019.49;1032.85;1020.28;1009.43;1008.32;1009.03;1007.53;1032.44;10;0.36;stop
6613;709.48;1048.78;716.0;1024.64;703.33;1021.22;696.81;1045.36;10;0.74;stop
6619;2585.9;1121.06;2586.92;1110.71;2566.22;1108.69;2565.21;1119.04;10;0.67;stop
6631;225.31;138.39;250.67;137.55;250.24;124.58;224.88;125.42;10;0.53;stop
6632;526.13;1654.35;526.69;1642.9;506.06;1641.9;505.5;1653.35;10;0.53;stop
6653;291.55;132.39;316.65;130.93;315.95;118.86;290.85;120.32;10;0.47;stop
6654;689.34;1087.72;700.74;1067.71;690.66;1061.97;679.26;1081.98;10;0.74;stop
6656;401.91;121.5;430.56;120.53;430.12;107.72;401.47;108.69;10;0.58;stop
6681;146.7475;1882.6025;150.6425;1858.0875;138.43;1856.1475;134.5275;1880.6625;10;0.35;stop
6691;291.63;1764.52;304.83;1764.41;304.62;1738.92;291.42;1739.03;10;0.38;stop
6730;1404.48;929.39;1404.91;918.73;1383.27;917.86;1382.84;928.52;10;0.41;stop
6768;612.33;659.13;614.33;647.86;588.6;643.3;586.6;654.56;10;0.37;stop
6788;71.12;1580.02;71.97;1567.8;49.35;1566.23;48.5;1578.45;10;0.4;stop
6791;464.49;64.33;473.55;39.07;460.36;34.34;451.29;59.6;10;0.5;stop
6817;466.91;1024.52;467.76;999.98;455.12;999.54;454.27;1024.08;10;0.39;stop
6818;2033.7125;2109.4175;2034.7975;2095.1925;1999.0375;2092.455;1997.9525;2106.6849999999995;9;0.36750000000000005;stop
6859;168.86;1628.25;170.11;1613.8899999999999;140.16500000000002;1611.28;138.91500000000002;1625.6399999999999;10;0.365;stop
6867;1118.31;1210.78;1118.78;1195.73;1090.44;1194.84;1089.97;1209.89;10;0.61;stop
6872;3761.41;149.68;3795.48;148.14;3794.84;133.91;3760.77;135.46;10;0.56;stop
6887;1266.26;1162.55;1290.31;1159.18;1288.62;1147.08;1264.56;1150.45;10;0.78;stop
6912;2232.31;1348.91;2233.64;1337.21;2207.12;1334.21;2205.8;1345.91;10;0.36;stop
6942;3279.07;604.53;3303.98;602.72;3303.12;590.78;3278.21;592.59;10;0.59;stop
6961;967.01;1203.01;967.14;1187.91;931.14;1187.61;931.02;1202.71;10;0.4;stop
7019;3805.23;388.875;3812.1000000000004;376.35;3805.3900000000003;363.47;3798.5299999999997;375.995;10;0.39;stop
7036;2372.85;228.35;2397.79;226.23;2396.78;214.33;2371.83;216.46;10;0.64;stop
7042;3558.43;497.54;3568.24;469.85;3555.32;465.27;3545.51;492.97;10;0.39;stop
7047;2549.7;1055.95;2562.94;1055.45;2561.93;1028.68;2548.68;1029.18;10;0.7;stop
7048;2489.9;1665.8;2494.14;1633.28;2481.1;1631.57;2476.86;1664.1;10;0.36;stop
7052;1844.49;131.17;1860.46;131.02;1860.14;95.52;1844.16;95.66;10;0.81;stop
7054;3314.4580000000005;605.532;3344.0020000000004;603.508;3343.108;590.53;3313.5640000000003;592.554;10;0.41400000000000003;stop
7069;3237.01;1115.5;3251.14;1111.71;3243.93;1084.81;3229.79;1088.61;10;0.78;stop
7121;3491.08;802.49;3491.84;790.36;3468.92;788.91;3468.16;801.05;10;0.41;stop
7137;912.65;681.33;913.61;669.64;890.16;667.73;889.21;679.42;10;0.4;stop
7139;670.51;644.61;673.09;633.92;644.8;627.11;642.23;637.8;10;0.36;stop
7142;3797.07;349.83000000000004;3813.21;348.9766666666667;3811.6800000000003;320.17333333333335;3795.54;321.0266666666667;10;0.42000000000000004;stop
7146;701.35;1257.338;702.1800000000001;1243.774;673.968;1242.0320000000002;673.13;1255.598;10;0.38400000000000006;stop
7155;187.2566666666667;879.6466666666668;191.2;854.9100000000001;178.29000000000002;852.8533333333334;174.34666666666666;877.59;10;0.3666666666666667;stop
7169;3204.23;1137.93;3209.47;1112.57;3197.96;1110.19;3192.71;1135.55;10;0.49;stop
7178;341.85;1108.97;342.03;1093.64;305.49;1093.22;305.32;1108.55;9;0.65;move
7197;3618.8442857142854;1280.6971428571428;3633.2771428571423;1279.7014285714286;3630.7114285714283;1242.65;3616.2742857142857;1243.6457142857143;10;0.36;stop
7219;397.58;139.16;423.72;138.1;423.2;125.21;397.06;126.28;10;0.49;move
7230;1641.06125;643.2206249999999;1641.6325000000002;633.605625;1623.476875;632.5293750000001;1622.9056249999999;642.144375;10;0.37625000000000003;stop
7239;1397.22;1664.52;1398.12;1655.01;1378.16;1653.11;1377.25;1662.61;10;0.47;stop
7240;2545.596363636364;1387.111818181818;2546.249090909091;1375.2881818181818;2521.130909090909;1373.8927272727271;2520.478181818182;1385.7163636363634;10;0.4099999999999999;stop
7248;631.53;2145.2;631.72;2133.92;608.78;2133.55;608.6;2144.83;10;0.42;stop
7260;628.3;1284.44;632.78;1259.32;620.45;1257.12;615.97;1282.24;10;0.73;stop
7283;2960.95;636.42;2987.4;634.74;2986.55;621.33;2960.1;623.01;10;0.63;move
7288;1859.84;2131.12;1871.9;2102.33;1858.28;2096.63;1846.22;2125.42;10;0.79;stop
7292;1885.57;2076.49;1894.1;2057.76;1884.49;2053.38;1875.96;2072.12;10;0.7;stop
7294;257.01;137.66;287.39;136.31;286.74;121.56;256.36;122.91;10;0.63;stop
7303;1933.64;1660.65;1933.67;1617.62;1916.11;1617.6;1916.08;1660.63;9;0.46;stop
7309;2000.76;1476.95;2001.25;1444.87;1988.49;1444.68;1988.0;1476.75;10;0.39;stop
7312;1921.14;1558.98;1923.7;1538.26;1913.61;1537.02;1911.05;1557.74;10;0.66;stop
7319;779.74;1224.9975;780.85;1214.0949999999998;757.7625;1211.7525;756.655;1222.6550000000002;10;0.365;stop
7343;834.27;1892.36;838.5;1874.12;828.9;1871.89;824.67;1890.13;10;0.37;stop
7347;1689.61;1219.78;1690.34;1207.45;1680.12;1206.84;1679.39;1219.18;10;0.67;stop
7350;76.41;1621.23;98.91;1619.68;98.2;1609.4;75.7;1610.95;10;0.37;stop
7356;1875.14;632.61;1887.84;632.08;1886.86;608.82;1874.16;609.36;10;0.52;stop
7358;1990.32;1558.28;2001.52;1558.09;2001.18;1537.16;1989.98;1537.34;10;0.41;stop
7368;1079.21125;1684.6412500000001;1080.933125;1674.97875;1059.97875;1671.2381249999999;1058.256875;1680.89125;10;0.36;stop
7369;2509.22;65.9;2522.06;65.57;2521.4;39.85;2508.56;40.18;10;0.4;stop
7374;1562.25;1709.14;1562.47;1695.63;1531.5;1695.11;1531.28;1708.62;9;0.4;stop
7382;3153.75;1418.52;3164.92;1384.87;3147.18;1378.98;3136.01;1412.63;10;0.58;stop
7398;1872.88625;2153.6875;1880.4299999999998;2122.31375;1868.07375;2119.3424999999997;1860.52375;2150.7125;10;0.3725;stop
7402;3840.4375;1358.3425000000002;3842.2625;1337.3625000000002;3828.3125;1336.1475;3826.4875;1357.1275;10;0.4025;stop
7414;1693.4;47.74;1693.7;34.7;1679.64;34.38;1679.34;47.42;10;0.45;stop
7419;325.09;1337.91;327.0;1310.54;313.35;1309.59;311.44;1336.96;10;0.59;move
7448;3108.56;178.83;3120.46;178.62;3120.19;163.17;3108.29;163.38;10;0.41;stop
7469;3262.904285714286;970.73;3285.4985714285713;958.7442857142858;3279.9085714285716;948.1957142857143;3257.3114285714287;960.1814285714286;10;0.35285714285714287;stop
7471;1572.31;1265.7;1573.69;1253.53;1550.69;1250.92;1549.31;1263.1;10;0.41;stop
7482;3249.02;1165.39;3259.92;1141.06;3246.92;1135.24;3236.02;1159.57;10;0.41;stop
7484;170.01;1103.58;170.27;1093.47;150.85;1092.98;150.59;1103.09;10;0.53;move
7489;2217.82;1422.49;2219.27;1386.66;2204.75;1386.07;2203.29;1421.9;9;0.37;stop
7491;3146.67;272.55;3163.0;271.97;3161.76;237.45;3145.44;238.03;9;0.41;move
7498;289.45461538461535;1702.6861538461537;304.4292307692308;1701.6499999999999;302.22153846153844;1669.7184615384615;287.23923076923074;1670.7546153846151;10;0.39;stop
7500;2730.891666666667;1390.7166666666667;2731.81;1376.6816666666666;2696.5550000000003;1374.365;2695.6283333333336;1388.3916666666669;9;0.36;stop
7502;341.1866666666667;1109.28;341.42333333333335;1093.43;305.99666666666667;1092.91;305.7633333333333;1108.75;10;0.41666666666666663;stop
7505;1668.97;1204.3;1669.6;1189.11;1629.53;1187.45;1628.9;1202.64;10;0.41;stop
