vehicle_id;veh_bb_x1;veh_bb_y1;veh_bb_x2;veh_bb_y2;veh_bb_x3;veh_bb_y3;veh_bb_x4;veh_bb_y4;det_class;conf_score;state
1;2995.96;1175.69;2998.34;1164.18;2971.79;1158.69;2969.41;1170.2;10;0.83;stop
2;2749.89;1137.4;2751.61;1124.67;2720.61;1120.48;2718.89;1133.21;10;0.84;stop
5;1704.02;1100.91;1704.4;1088.05;1676.61;1087.22;1676.22;1100.08;10;0.82;stop
6;2891.2;1156.48;2893.14;1143.99;2865.05;1139.64;2863.11;1152.14;10;0.83;stop
8;2991.21;1302.14;2993.95;1287.94;2963.04;1281.98;2960.3;1296.19;10;0.82;stop
9;1953.77;314.83;1954.4;289.59;1942.86;289.3;1942.22;314.53;10;0.8;stop
11;1979.41;1318.08;1994.17;1318.04;1994.09;1284.05;1979.33;1284.08;10;0.81;stop
13;2511.16;1117.87;2511.16;1105.13;2483.47;1105.13;2483.47;1117.87;10;0.83;stop
15;1958.46;1692.44;1958.76;1665.83;1946.89;1665.69;1946.58;1692.3;10;0.8;stop
16;2623.86;1127.64;2625.48;1114.68;2596.89;1111.11;2595.27;1124.07;10;0.82;stop
17;1960.61;1950.84;1966.7;1919.48;1953.45;1916.91;1947.36;1948.27;10;0.82;stop
19;3032.24;1309.56;3034.76;1295.15;3000.76;1289.19;2998.24;1303.6;10;0.81;stop
21;1969.94;909.03;1982.58;907.4;1979.0;879.72;1966.36;881.35;10;0.82;stop
23;2677.56;1130.62;2678.86;1116.67;2647.56;1113.76;2646.26;1127.7;10;0.79;stop
24;2924.44;1162.18;2926.59;1149.97;2898.37;1145.0;2896.22;1157.22;10;0.81;stop
25;1976.66;1296.0;1976.76;1264.54;1963.09;1264.5;1962.99;1295.96;10;0.78;stop
26;1979.89;1704.31;1992.43;1703.75;1991.36;1679.69;1978.82;1680.25;10;0.81;stop
28;1939.85;1647.09;1952.92;1646.94;1952.56;1616.53;1939.48;1616.69;10;0.8;stop
29;3394.49;1153.84;3397.37;1141.52;3367.7;1134.59;3364.82;1146.92;10;0.81;stop
33;1812.7;2117.04;1825.27;2092.77;1814.3;2087.08;1801.73;2111.36;10;0.81;stop
34;1836.97;882.96;1837.85;855.62;1823.69;855.17;1822.81;882.5;10;0.82;stop
37;1968.95;825.89;1969.1;794.18;1955.05;794.11;1954.9;825.82;10;0.8;stop
39;3330.81;1047.89;3345.11;1018.09;3332.0;1011.8;3317.71;1041.6;10;0.81;stop
41;1267.88;1695.7;1269.0;1684.04;1243.12;1681.55;1242.0;1693.21;10;0.78;stop
42;1978.2;1354.79;1993.15;1354.74;1993.05;1322.15;1978.1;1322.2;10;0.81;stop
43;1840.27;1726.55;1840.97;1713.02;1810.35;1711.45;1809.66;1724.98;10;0.78;stop
45;905.18;1088.42;905.96;1074.29;877.39;1072.71;876.6;1086.84;10;0.78;stop
46;2214.26;1233.75;2214.59;1219.44;2184.68;1218.75;2184.35;1233.06;10;0.81;stop
47;2857.23;1150.33;2859.16;1137.61;2831.52;1133.42;2829.59;1146.14;10;0.8;stop
49;1946.23;1986.84;1954.86;1957.98;1941.68;1954.03;1933.04;1982.9;10;0.82;stop
52;2952.54;1293.28;2955.01;1279.86;2922.96;1273.97;2920.49;1287.39;10;0.82;stop
54;1847.88;2045.15;1859.42;2019.0;1847.75;2013.85;1836.2;2040.0;10;0.8;stop
55;1953.8;906.94;1965.84;904.87;1961.2;877.88;1949.16;879.95;10;0.81;stop
57;764.49;2007.68;766.16;1977.85;752.29;1977.07;750.62;2006.9;10;0.78;stop
58;769.73;2008.08;783.42;2007.91;783.05;1978.92;769.36;1979.09;10;0.78;stop
59;1747.45;1684.49;1748.36;1672.28;1721.26;1670.26;1720.35;1682.47;10;0.81;stop
65;1813.05;382.33;1813.35;353.58;1798.2;353.42;1797.9;382.17;10;0.82;stop
67;763.05;1039.12;767.12;1028.67;746.32;1020.57;742.25;1031.02;10;0.8;stop
68;1169.24;1090.11;1169.44;1079.31;1146.57;1078.89;1146.37;1089.69;10;0.81;stop
72;2568.94;1243.71;2569.83;1229.79;2540.43;1227.91;2539.54;1241.84;10;0.81;stop
74;2877.31;1278.26;2880.27;1257.79;2827.61;1250.18;2824.65;1270.65;9;0.82;stop
78;871.28;1083.91;871.46;1071.99;845.33;1071.59;845.15;1083.51;10;0.82;stop
82;1883.86;1728.44;1884.74;1715.88;1858.64;1714.06;1857.76;1726.62;10;0.8;stop
85;1814.11;799.28;1827.02;797.41;1823.06;770.1;1810.15;771.97;10;0.8;stop
86;536.48;1082.75;536.99;1072.76;514.46;1071.62;513.95;1081.61;10;0.79;stop
87;605.97;1188.05;606.71;1176.06;580.91;1174.45;580.16;1186.44;10;0.8;stop
91;1909.5;1859.0;1915.74;1829.4;1902.0;1826.5;1895.76;1856.1;10;0.8;stop
92;3468.56;1387.45;3472.22;1374.16;3440.81;1365.52;3437.15;1378.8;10;0.8;stop
93;1723.52;652.88;1724.86;640.58;1696.48;637.5;1695.14;649.8;10;0.8;stop
94;220.4;1175.65;220.91;1158.35;169.36;1156.85;168.86;1174.15;9;0.8;stop
101;2293.67;1235.05;2294.08;1221.64;2266.7;1220.82;2266.3;1234.23;10;0.8;stop
102;1938.55;1574.34;1952.31;1573.89;1951.33;1544.16;1937.57;1544.61;10;0.76;stop
103;1166.83;1881.69;1167.98;1854.83;1154.42;1854.24;1153.27;1881.11;10;0.81;stop
105;1810.33;766.51;1822.95;766.19;1822.29;739.87;1809.68;740.18;10;0.81;stop
109;1424.7;1215.76;1425.02;1202.53;1397.93;1201.87;1397.6;1215.09;10;0.82;stop
111;1256.78;1658.4;1257.75;1646.65;1232.84;1644.6;1231.87;1656.35;10;0.68;stop
114;3711.53;1456.59;3715.57;1442.61;3681.6;1432.79;3677.56;1446.76;10;0.82;stop
116;1506.7;1059.42;1509.67;1032.21;1497.05;1030.83;1494.08;1058.04;10;0.81;stop
118;1336.61;1216.26;1336.97;1198.93;1291.39;1197.99;1291.03;1215.32;9;0.81;stop
122;1941.11;1608.29;1953.43;1608.21;1953.26;1581.09;1940.95;1581.16;10;0.79;stop
124;1976.58;1826.91;1978.73;1796.44;1966.74;1795.59;1964.58;1826.06;10;0.76;stop
127;839.74;1082.8;839.82;1071.76;814.01;1071.58;813.93;1082.62;10;0.81;stop
128;2865.86;1384.38;2870.69;1371.54;2838.64;1359.49;2833.81;1372.33;10;0.81;stop
131;1948.6;741.75;1961.99;741.01;1960.12;707.25;1946.73;707.99;10;0.8;stop
132;1308.52;1094.54;1308.85;1080.83;1277.29;1080.08;1276.96;1093.79;10;0.8;stop
134;896.29;1198.71;897.18;1185.96;869.68;1184.04;868.79;1196.79;10;0.81;stop
136;3453.56;850.43;3465.57;822.78;3452.06;816.91;3440.06;844.57;10;0.79;stop
137;3226.61;1056.12;3256.95;1045.51;3252.45;1032.63;3222.11;1043.24;10;0.79;stop
142;821.14;1196.63;821.42;1184.52;793.23;1183.87;792.95;1195.98;10;0.8;stop
143;1861.79;1226.71;1863.51;1213.28;1838.34;1210.04;1836.61;1223.47;10;0.81;stop
145;2905.42;1283.96;2907.8;1271.16;2882.33;1266.41;2879.95;1279.22;10;0.81;stop
146;874.86;1675.82;876.13;1662.74;846.11;1659.8;844.83;1672.89;10;0.77;stop
147;1266.09;1095.59;1266.45;1082.01;1239.29;1081.28;1238.92;1094.86;10;0.79;stop
148;1824.33;734.84;1837.08;734.76;1836.89;707.41;1824.14;707.49;10;0.78;stop
149;1467.26;1216.38;1493.84;1216.15;1493.74;1203.5;1467.16;1203.72;10;0.78;stop
151;1474.05;1668.85;1474.93;1656.52;1445.32;1654.4;1444.44;1666.73;10;0.8;stop
153;1953.47;231.87;1953.85;204.24;1941.47;204.07;1941.09;231.7;10;0.8;stop
154;1957.66;387.04;1974.52;370.24;1966.52;362.21;1949.67;379.01;10;0.81;stop
158;1084.92;1122.28;1085.25;1108.17;1055.96;1107.47;1055.62;1121.58;10;0.8;move
160;1592.57;1711.29;1593.52;1698.31;1566.43;1696.33;1565.48;1709.31;10;0.43;stop
161;2738.4;1257.17;2739.79;1243.76;2706.48;1240.33;2705.09;1253.74;10;0.77;stop
162;786.99;1668.96;787.49;1656.56;759.32;1655.42;758.82;1667.81;10;0.79;stop
164;1331.87;53.08;1332.24;40.57;1304.01;39.73;1303.63;52.24;10;0.79;stop
165;1969.79;799.1;1982.0;798.74;1981.21;772.52;1969.0;772.89;10;0.79;stop
166;1971.27;833.69;1984.71;833.45;1984.23;805.44;1970.79;805.67;10;0.81;stop
168;2535.21;710.56;2547.24;710.52;2547.16;685.0;2535.14;685.04;10;0.79;stop
170;2707.89;1133.43;2709.48;1121.16;2682.74;1117.69;2681.15;1129.97;10;0.78;stop
171;2482.8;1751.53;2484.96;1717.71;2471.33;1716.84;2469.17;1750.66;10;0.8;stop
172;1297.39;54.11;1297.42;42.15;1273.24;42.08;1273.2;54.04;10;0.79;stop
175;1815.37;383.53;1827.21;383.44;1827.0;357.84;1815.17;357.94;10;0.79;stop
176;2571.14;632.11;2596.67;629.88;2595.61;617.76;2570.08;620.0;10;0.79;stop
177;557.93;1421.01;559.97;1408.25;531.45;1403.68;529.4;1416.44;10;0.78;stop
178;1044.78;1204.91;1045.5;1191.78;1017.35;1190.22;1016.62;1203.35;10;0.79;stop
180;3214.04;1088.25;3226.1;1084.38;3218.15;1059.56;3206.08;1063.43;10;0.74;stop
181;3301.63;1073.72;3317.91;1049.75;3306.81;1042.21;3290.53;1066.18;10;0.78;stop
183;1969.06;768.04;1982.46;767.61;1981.57;739.46;1968.16;739.89;10;0.79;stop
185;1956.19;549.51;1968.71;549.19;1968.0;521.49;1955.47;521.81;10;0.79;stop
187;1049.14;692.85;1050.39;681.07;1026.48;678.53;1025.23;690.31;10;0.79;stop
188;1127.32;699.68;1128.66;687.26;1099.05;684.07;1097.71;696.49;10;0.78;stop
190;2479.48;1116.39;2479.62;1103.54;2453.27;1103.23;2453.13;1116.09;10;0.8;stop
192;2603.05;1244.55;2603.29;1232.06;2578.33;1231.58;2578.09;1244.07;10;0.78;stop
194;1795.12;2154.79;1810.46;2128.9;1799.58;2122.46;1784.25;2148.35;10;0.78;stop
196;1832.07;586.44;1832.49;560.13;1820.71;559.94;1820.29;586.25;10;0.78;stop
197;466.12;1076.04;466.7;1064.59;441.85;1063.33;441.27;1074.79;10;0.78;stop
200;2226.63;1234.0;2251.76;1233.73;2251.62;1220.75;2226.49;1221.02;10;0.76;stop
202;748.94;1666.73;749.61;1654.5;724.74;1653.14;724.07;1665.38;10;0.79;stop
203;3633.21;1320.99;3637.56;1308.15;3608.04;1298.15;3603.69;1310.99;10;0.81;stop
204;2119.3;288.34;2128.84;281.86;2115.2;261.78;2105.66;268.26;10;0.78;stop
209;3296.38;1014.71;3316.05;994.2;3306.43;984.98;3286.76;1005.48;10;0.78;stop
210;3674.45;1444.04;3678.14;1431.22;3647.43;1422.37;3643.73;1435.18;10;0.76;stop
211;1820.25;53.12;1820.4;26.26;1809.0;26.2;1808.85;53.06;10;0.8;stop
215;1936.21;81.04;1937.74;53.51;1925.54;52.83;1924.01;80.37;10;0.8;stop
216;1650.42;1218.68;1651.67;1206.3;1623.33;1203.44;1622.08;1215.83;10;0.8;stop
217;2402.25;1116.27;2431.78;1115.65;2431.5;1102.23;2401.97;1102.85;10;0.79;stop
219;2328.87;1235.95;2329.21;1222.96;2300.13;1222.18;2299.79;1235.16;10;0.77;stop
221;2688.41;1387.4;2688.51;1374.69;2660.59;1374.48;2660.49;1387.18;10;0.8;stop
223;2822.26;1266.31;2823.85;1252.27;2795.0;1249.0;2793.41;1263.04;10;0.78;stop
225;1830.33;2083.29;1841.68;2057.09;1830.42;2052.21;1819.07;2078.41;10;0.79;stop
227;2902.13;1402.48;2909.13;1390.32;2878.87;1372.9;2871.87;1385.06;10;0.79;stop
228;2956.56;1168.02;2958.68;1155.99;2932.35;1151.36;2930.23;1163.39;10;0.79;stop
229;3196.36;1421.03;3206.91;1391.94;3192.7;1386.79;3182.15;1415.87;10;0.79;stop
230;1992.62;1391.37;1993.91;1363.23;1980.88;1362.63;1979.59;1390.77;10;0.81;stop
231;2090.59;1165.54;2091.03;1152.95;2062.91;1151.96;2062.47;1164.55;10;0.81;stop
233;1958.85;498.5;1972.88;497.59;1970.96;467.88;1956.93;468.78;10;0.78;stop
234;436.88;1074.74;436.93;1063.81;411.56;1063.69;411.51;1074.63;10;0.79;stop
235;1558.6;1096.55;1559.28;1084.02;1532.9;1082.58;1532.22;1095.11;10;0.74;stop
238;2641.61;1416.22;2655.0;1415.46;2653.39;1387.28;2640.0;1388.04;10;0.78;stop
239;2491.78;1614.36;2493.84;1586.13;2480.34;1585.14;2478.28;1613.37;10;0.79;stop
241;1817.43;463.9;1830.77;463.47;1829.82;433.85;1816.48;434.28;10;0.79;stop
244;1796.92;311.82;1810.11;311.34;1809.18;286.11;1795.99;286.6;10;0.8;stop
245;129.65;1587.22;130.16;1575.12;104.26;1574.03;103.75;1586.13;10;0.76;stop
246;2463.5;1238.93;2463.77;1225.41;2434.37;1224.82;2434.1;1238.34;10;0.77;stop
247;2768.86;1260.32;2770.18;1247.91;2743.26;1245.05;2741.94;1257.46;10;0.8;stop
248;1949.5;96.75;1962.14;96.57;1961.75;69.19;1949.11;69.37;10;0.8;stop
250;1403.6;1095.33;1432.55;1095.27;1432.53;1082.67;1403.57;1082.73;10;0.77;stop
251;1408.56;1702.25;1409.82;1691.41;1384.82;1688.5;1383.56;1699.34;10;0.62;stop
252;1167.03;1911.87;1167.77;1882.58;1152.35;1882.19;1151.61;1911.48;10;0.79;stop
255;1813.34;835.04;1826.53;835.02;1826.5;806.34;1813.31;806.35;10;0.78;stop
256;594.14;624.87;596.66;613.83;573.99;608.65;571.46;619.69;10;0.79;stop
258;1917.26;1529.59;1929.1;1529.07;1927.99;1503.41;1916.15;1503.93;10;0.78;stop
259;1215.55;1563.87;1219.6;1536.11;1207.7;1534.38;1203.65;1562.14;10;0.77;stop
262;477.36;1617.67;478.49;1606.08;452.64;1603.58;451.51;1615.17;10;0.66;stop
263;1237.03;1693.51;1238.05;1681.48;1211.53;1679.24;1210.51;1691.27;10;0.47;stop
269;1972.35;867.94;1983.38;867.83;1983.15;845.43;1972.12;845.55;10;0.79;stop
271;1222.68;1521.64;1227.56;1492.22;1214.07;1489.99;1209.19;1519.4;10;0.78;stop
272;1374.24;1095.5;1374.73;1082.52;1344.89;1081.37;1344.39;1094.36;10;0.8;stop
273;2335.02;1236.33;2363.91;1235.93;2363.73;1222.92;2334.84;1223.32;10;0.78;stop
274;2502.07;1239.98;2502.56;1227.18;2472.31;1226.02;2471.82;1238.82;10;0.78;stop
276;1805.06;1723.06;1806.41;1711.49;1778.07;1708.19;1776.72;1719.76;10;0.78;stop
277;3184.68;1454.14;3193.39;1425.53;3179.07;1421.17;3170.36;1449.79;10;0.8;stop
278;1819.28;621.92;1831.05;621.54;1830.22;595.33;1818.45;595.71;10;0.78;stop
279;1807.47;270.11;1808.11;245.44;1796.8;245.14;1796.15;269.81;10;0.79;stop
280;2684.26;666.58;2715.65;665.93;2715.36;651.92;2683.97;652.57;10;0.77;stop
281;2149.08;1110.79;2149.12;1098.78;2125.92;1098.71;2125.88;1110.72;10;0.8;stop
284;2543.31;577.63;2543.62;555.4;2532.32;555.24;2532.01;577.48;10;0.77;stop
285;701.01;1239.17;701.08;1226.63;672.43;1226.46;672.35;1238.99;10;0.73;stop
286;571.36;1078.06;571.65;1065.72;543.32;1065.07;543.04;1077.41;10;0.77;stop
287;1439.91;931.09;1440.92;917.42;1408.59;915.03;1407.58;928.71;10;0.77;stop
288;1690.22;1219.83;1690.76;1208.0;1664.53;1206.79;1663.99;1218.63;10;0.77;stop
289;2094.41;1230.1;2094.76;1216.46;2063.59;1215.65;2063.24;1229.29;10;0.79;stop
290;3524.14;679.73;3532.69;651.07;3519.3;647.07;3510.75;675.73;10;0.73;stop
291;3580.47;1053.69;3613.54;1052.28;3612.97;1038.81;3579.89;1040.22;10;0.76;stop
292;747.46;2007.77;748.5;1980.84;735.81;1980.36;734.78;2007.28;10;0.77;stop
293;2811.95;1397.12;2813.75;1384.27;2786.8;1380.51;2785.0;1393.35;10;0.79;stop
294;1209.84;58.6;1239.21;57.51;1238.72;44.34;1209.35;45.43;10;0.76;stop
296;1088.37;694.81;1089.45;683.45;1064.32;681.07;1063.24;692.43;10;0.79;stop
299;2059.66;1345.57;2085.28;1344.68;2084.84;1331.93;2059.22;1332.82;10;0.75;stop
301;3284.01;1105.46;3300.27;1077.76;3287.86;1070.48;3271.61;1098.17;10;0.74;stop
302;3265.13;1138.89;3277.88;1114.86;3265.5;1108.29;3252.75;1132.32;10;0.68;stop
303;1330.11;1661.37;1331.28;1649.82;1305.76;1647.25;1304.6;1658.8;10;0.64;stop
305;1403.92;52.72;1403.96;40.17;1377.08;40.09;1377.04;52.64;10;0.77;stop
306;1813.14;351.04;1823.77;350.59;1822.77;327.33;1812.14;327.79;10;0.74;stop
308;1825.5;771.94;1837.25;771.13;1835.44;744.56;1823.69;745.37;10;0.79;stop
310;259.8;1174.91;260.12;1162.01;233.33;1161.34;233.0;1174.24;10;0.78;stop
311;758.36;1193.68;758.42;1182.09;732.26;1181.95;732.2;1193.54;10;0.76;stop
313;1834.41;1395.66;1845.12;1392.64;1838.62;1369.59;1827.91;1372.61;10;0.77;stop
314;1339.89;1698.82;1340.81;1686.05;1312.86;1684.06;1311.94;1696.82;10;0.77;stop
315;2271.94;1384.41;2273.29;1369.4;2231.62;1365.66;2230.27;1380.66;9;0.76;stop
316;293.95;1068.63;294.87;1056.03;265.27;1053.87;264.35;1066.47;10;0.78;stop
318;1899.82;1303.06;1911.21;1301.28;1907.18;1275.44;1895.79;1277.22;10;0.77;stop
319;3585.16;595.1;3616.48;591.52;3614.84;577.24;3583.52;580.82;10;0.75;stop
320;814.88;1633.97;815.65;1622.29;790.92;1620.65;790.15;1632.34;10;0.74;stop
321;1958.33;345.46;1969.72;345.08;1968.95;321.67;1957.56;322.04;10;0.78;stop
322;768.08;1015.45;768.14;1004.07;742.27;1003.93;742.21;1015.31;10;0.77;stop
323;53.01;1068.58;53.16;1056.14;24.63;1055.79;24.48;1068.23;10;0.74;stop
324;911.67;1085.75;938.06;1085.29;937.83;1072.0;911.44;1072.46;10;0.78;stop
325;1354.26;1215.82;1381.02;1214.99;1380.61;1201.81;1353.85;1202.64;10;0.8;stop
326;682.0;1663.7;682.58;1651.75;653.93;1650.36;653.36;1662.32;10;0.77;stop
327;1841.93;1509.62;1870.35;1505.01;1868.32;1492.45;1839.9;1497.05;10;0.79;stop
328;1792.73;40.14;1804.23;40.0;1803.9;13.86;1792.4;14.0;10;0.79;stop
329;2527.74;187.39;2527.78;161.94;2515.26;161.92;2515.22;187.37;10;0.75;stop
330;2581.28;218.24;2581.32;207.08;2557.34;207.01;2557.31;218.17;10;0.76;stop
331;2525.78;480.57;2537.89;480.36;2537.47;456.56;2525.36;456.77;10;0.76;stop
333;2535.94;747.15;2548.7;747.14;2548.68;717.6;2535.92;717.61;10;0.78;stop
334;1477.18;938.51;1478.86;926.15;1450.07;922.24;1448.39;934.6;10;0.79;stop
335;1513.35;990.92;1515.98;964.4;1503.9;963.2;1501.27;989.72;10;0.73;stop
336;1510.21;1027.68;1513.43;996.42;1500.29;995.07;1497.07;1026.33;10;0.76;stop
339;1067.42;65.17;1092.07;65.06;1092.02;54.08;1067.37;54.19;10;0.76;stop
340;2882.36;199.85;2906.03;198.52;2905.39;187.15;2881.72;188.48;10;0.76;stop
341;2544.88;613.15;2545.39;585.2;2533.0;584.98;2532.49;612.92;10;0.76;stop
342;2729.91;625.72;2758.26;623.93;2757.46;611.22;2729.11;613.0;10;0.78;stop
344;1820.57;653.4;1832.56;652.8;1831.36;628.54;1819.37;629.13;10;0.76;stop
346;732.36;2008.62;733.38;1977.68;720.49;1977.26;719.47;2008.19;10;0.79;stop
347;1180.55;1210.13;1180.82;1196.83;1151.57;1196.24;1151.31;1209.55;10;0.79;stop
348;721.33;1247.06;722.74;1221.12;710.24;1220.44;708.82;1246.38;10;0.69;stop
350;1480.78;1094.8;1480.79;1083.22;1456.6;1083.2;1456.59;1094.78;10;0.73;stop
351;2657.46;1248.81;2658.2;1235.69;2629.67;1234.07;2628.92;1247.19;10;0.73;stop
352;1723.09;1221.18;1723.81;1209.31;1697.17;1207.7;1696.45;1219.56;10;0.75;stop
353;3321.48;1077.73;3331.07;1056.41;3319.77;1051.33;3310.18;1072.65;10;0.77;stop
354;1990.51;1643.84;2003.43;1643.76;2003.24;1611.91;1990.32;1611.99;10;0.75;stop
355;1372.12;1700.04;1372.74;1688.66;1348.13;1687.34;1347.51;1698.71;10;0.73;stop
358;1777.36;1223.04;1805.15;1222.02;1804.64;1208.08;1776.85;1209.1;10;0.76;stop
359;2197.64;1111.53;2198.22;1099.12;2173.74;1097.97;2173.16;1110.38;10;0.78;stop
360;3622.95;1052.71;3652.59;1051.55;3652.05;1037.91;3622.41;1039.07;10;0.74;stop
361;1953.7;167.1;1965.47;166.22;1963.55;140.59;1951.78;141.47;10;0.78;stop
362;1437.14;51.84;1437.38;39.8;1411.36;39.28;1411.12;51.32;10;0.77;stop
363;1774.03;188.94;1774.71;161.82;1762.04;161.5;1761.35;188.62;10;0.71;stop
364;1037.98;1092.21;1038.87;1080.71;1017.4;1079.04;1016.51;1090.54;10;0.79;stop
365;1223.47;1212.32;1223.92;1198.28;1196.96;1197.43;1196.52;1211.47;10;0.75;stop
366;1804.9;576.82;1816.85;576.65;1816.47;550.43;1804.53;550.6;10;0.78;stop
367;2649.31;1445.5;2651.89;1421.25;2638.94;1419.88;2636.36;1444.12;10;0.73;stop
368;2975.45;1541.34;2986.77;1535.61;2973.45;1509.29;2962.14;1515.01;10;0.72;stop
369;1611.41;1676.56;1611.78;1664.47;1582.47;1663.57;1582.1;1675.66;10;0.75;stop
370;1178.54;59.1;1204.37;58.78;1204.21;46.09;1178.38;46.41;10;0.73;stop
371;1522.89;862.16;1526.07;837.51;1514.61;836.03;1511.43;860.68;10;0.77;stop
372;2540.13;793.43;2552.5;793.36;2552.37;769.19;2540.0;769.26;10;0.76;stop
373;2245.86;1113.04;2246.25;1101.82;2221.14;1100.96;2220.75;1112.18;10;0.76;stop
374;2798.13;623.9;2825.95;622.66;2825.37;609.66;2797.55;610.9;10;0.75;stop
375;1295.42;1658.88;1295.54;1647.78;1271.27;1647.5;1271.14;1658.6;10;0.66;stop
376;289.49;1176.89;289.82;1162.79;262.7;1162.17;262.37;1176.27;10;0.78;stop
377;636.8;1188.47;636.96;1176.23;611.95;1175.91;611.79;1188.14;10;0.76;stop
378;1892.03;1273.1;1903.23;1270.23;1896.97;1245.78;1885.77;1248.64;10;0.77;stop
379;1960.11;416.16;1973.55;393.1;1963.24;387.09;1949.8;410.15;10;0.82;stop
380;1984.46;1070.61;1996.44;1068.18;1990.91;1041.01;1978.94;1043.45;10;0.76;stop
381;3073.62;1316.51;3075.89;1302.11;3042.63;1296.87;3040.36;1311.26;10;0.73;stop
382;3405.95;1367.04;3410.67;1354.94;3384.36;1344.68;3379.64;1356.77;10;0.72;stop
383;2515.95;215.63;2528.39;215.53;2528.18;189.93;2515.73;190.04;10;0.74;stop
384;641.41;1079.63;670.3;1079.29;670.15;1067.24;641.27;1067.59;10;0.76;stop
387;2310.57;1115.13;2338.62;1112.81;2337.56;1099.99;2309.51;1102.31;10;0.77;stop
388;2864.79;620.88;2892.47;618.6;2891.46;606.3;2863.78;608.59;10;0.75;stop
389;513.24;1618.42;513.84;1606.09;485.19;1604.7;484.6;1617.04;10;0.67;stop
390;384.35;1074.68;406.48;1074.58;406.43;1063.76;384.3;1063.86;10;0.77;stop
391;135.87;1170.7;136.66;1156.9;107.41;1155.24;106.62;1169.04;10;0.76;stop
392;2763.58;623.89;2790.16;621.51;2789.05;609.11;2762.47;611.49;10;0.77;stop
394;3135.47;1196.76;3164.73;1192.19;3162.66;1178.86;3133.39;1183.43;10;0.75;stop
395;3366.84;1363.82;3370.63;1350.92;3342.85;1342.74;3339.05;1355.64;10;0.75;stop
396;1304.14;1697.45;1305.2;1685.75;1276.61;1683.18;1275.55;1694.87;10;0.71;stop
397;1938.25;145.54;1949.15;145.27;1948.53;120.52;1937.63;120.8;10;0.74;stop
399;1960.58;59.49;1960.88;36.85;1949.82;36.7;1949.53;59.34;10;0.75;stop
403;1975.83;938.97;1987.7;938.26;1986.04;910.53;1974.17;911.24;10;0.74;stop
404;2920.79;620.02;2952.05;618.04;2951.24;605.3;2919.99;607.27;10;0.76;stop
405;1897.63;1937.66;1908.83;1899.7;1893.62;1895.21;1882.42;1933.18;9;0.75;stop
406;1365.93;52.69;1366.18;41.22;1341.95;40.68;1341.69;52.16;10;0.76;stop
407;2056.43;650.92;2086.72;649.44;2086.01;634.95;2055.72;636.44;10;0.76;stop
409;2831.76;623.21;2857.96;621.14;2856.99;608.94;2830.79;611.02;10;0.77;stop
410;2142.34;1381.06;2168.26;1379.97;2167.73;1367.31;2141.8;1368.41;10;0.76;stop
411;3526.66;1016.31;3526.83;1003.42;3498.97;1003.06;3498.8;1015.95;10;0.73;stop
413;2000.29;1679.28;2001.29;1659.11;1990.84;1658.59;1989.83;1678.76;10;0.69;stop
414;3221.73;1469.7;3226.84;1457.4;3199.2;1445.92;3194.09;1458.23;10;0.76;stop
415;3002.57;1530.8;3019.86;1519.13;2987.11;1470.61;2969.82;1482.28;9;0.71;stop
416;2267.99;641.89;2292.73;641.16;2292.38;629.36;2267.64;630.09;10;0.74;stop
417;1210.88;1598.11;1212.94;1570.78;1201.12;1569.89;1199.06;1597.22;10;0.66;stop
418;2694.02;627.77;2724.24;625.68;2723.32;612.31;2693.1;614.4;10;0.75;stop
419;1165.17;1953.3;1166.83;1926.99;1152.33;1926.07;1150.67;1952.39;10;0.75;stop
420;3169.53;108.41;3169.77;80.15;3155.78;80.03;3155.54;108.29;10;0.75;stop
421;564.3;617.61;566.73;606.35;538.2;600.2;535.77;611.46;10;0.74;stop
422;803.8;1053.08;804.17;1024.96;791.87;1024.8;791.5;1052.92;10;0.74;stop
423;627.99;1227.25;631.68;1196.92;617.95;1195.25;614.26;1225.58;10;0.69;stop
424;1976.49;1021.64;1987.73;1021.03;1986.51;998.86;1975.27;999.47;10;0.76;stop
425;2087.72;1382.41;2117.85;1381.7;2117.53;1368.21;2087.4;1368.93;10;0.76;stop
426;3231.29;1411.51;3251.25;1389.29;3240.27;1379.43;3220.31;1401.65;10;0.68;stop
427;1168.21;1846.75;1169.56;1820.56;1154.91;1819.81;1153.57;1846.0;10;0.73;stop
428;1709.01;1681.31;1709.94;1668.76;1682.07;1666.69;1681.14;1679.24;10;0.76;stop
429;1284.33;91.15;1312.24;91.0;1312.17;77.6;1284.26;77.75;10;0.62;stop
430;157.09;1070.82;175.7;1057.16;168.92;1047.93;150.31;1061.59;10;0.73;stop
431;1003.15;1086.44;1003.42;1074.11;978.73;1073.56;978.45;1085.89;10;0.74;stop
432;1115.74;1088.22;1116.09;1075.92;1089.83;1075.15;1089.47;1087.45;10;0.76;stop
433;1637.42;1098.75;1637.42;1086.02;1610.46;1086.0;1610.45;1098.73;10;0.64;stop
434;1932.55;2021.51;1943.73;1995.38;1931.73;1990.24;1920.55;2016.37;10;0.74;stop
435;938.89;683.88;940.18;671.15;912.86;668.37;911.57;681.1;10;0.76;stop
436;2184.81;237.32;2215.3;235.97;2214.69;222.24;2184.2;223.59;10;0.68;stop
437;974.55;1086.97;974.65;1074.19;945.44;1073.97;945.35;1086.74;10;0.78;stop
438;3439.41;784.77;3449.75;758.52;3436.21;753.19;3425.88;779.45;10;0.73;stop
439;3544.27;1054.34;3574.71;1053.08;3574.17;1040.04;3543.73;1041.3;10;0.75;stop
440;1065.2;1647.94;1065.91;1636.3;1041.36;1634.81;1040.66;1646.45;10;0.76;stop
442;1793.35;71.27;1804.58;71.21;1804.45;46.3;1793.22;46.36;10;0.75;stop
443;3067.88;191.26;3096.85;188.8;3095.62;174.37;3066.65;176.82;10;0.78;stop
444;2437.02;226.7;2464.09;224.57;2463.11;212.05;2436.03;214.18;10;0.73;stop
445;3412.33;171.11;3443.12;168.14;3441.73;153.74;3410.94;156.71;10;0.69;stop
447;2635.68;629.79;2664.91;627.23;2663.82;614.74;2634.59;617.3;10;0.76;stop
448;2345.16;1380.28;2345.56;1367.89;2317.59;1366.97;2317.19;1379.36;10;0.75;stop
449;714.16;1665.33;714.79;1652.9;688.34;1651.54;687.71;1663.97;10;0.75;stop
450;2365.29;1114.58;2365.55;1103.35;2341.33;1102.79;2341.08;1114.02;10;0.75;stop
451;2174.18;1231.15;2174.34;1218.3;2148.82;1217.97;2148.66;1230.82;10;0.77;stop
452;3448.2;1018.83;3448.51;1005.89;3420.86;1005.23;3420.55;1018.17;10;0.73;stop
453;3076.6;1076.55;3112.2;1075.16;3111.65;1060.95;3076.05;1062.34;10;0.74;stop
454;2608.63;216.1;2637.54;214.59;2636.87;201.84;2607.96;203.35;10;0.73;stop
455;3573.75;1016.54;3573.98;1002.4;3542.81;1001.89;3542.58;1016.04;10;0.74;stop
456;542.01;1619.8;542.89;1609.02;519.24;1607.07;518.36;1617.86;10;0.66;stop
457;3162.3;1467.45;3173.42;1435.46;3157.38;1429.89;3146.27;1461.88;10;0.76;stop
459;1011.54;687.38;1012.42;675.87;986.46;673.87;985.58;685.38;10;0.77;stop
460;2528.34;550.46;2541.13;549.71;2539.41;520.54;2526.62;521.29;10;0.74;stop
461;3055.33;613.37;3082.23;610.96;3081.17;599.1;3054.27;601.51;10;0.75;stop
462;3197.49;1095.23;3212.21;1090.02;3200.95;1058.21;3186.23;1063.42;10;0.76;stop
463;1971.37;1911.86;1978.04;1873.23;1961.63;1870.39;1954.96;1909.02;10;0.76;stop
465;3369.72;601.82;3398.42;599.05;3397.15;585.99;3368.46;588.76;10;0.73;stop
466;1670.58;1099.4;1670.79;1086.89;1645.92;1086.47;1645.71;1098.98;10;0.74;stop
467;2435.6;1382.19;2435.7;1369.77;2410.53;1369.56;2410.42;1381.98;10;0.75;stop
468;3471.76;600.69;3502.63;599.97;3502.3;586.07;3471.43;586.79;10;0.73;stop
470;1439.68;1704.01;1440.47;1693.04;1415.57;1691.24;1414.78;1702.21;10;0.58;stop
471;1913.09;1472.02;1927.78;1470.22;1922.79;1429.36;1908.1;1431.15;9;0.69;stop
472;3565.62;161.67;3600.64;159.36;3599.69;144.89;3564.67;147.2;10;0.75;stop
473;101.53;1168.03;101.88;1155.95;72.85;1155.1;72.49;1167.18;10;0.74;stop
474;2141.23;1231.72;2141.32;1218.73;2113.52;1218.53;2113.43;1231.52;10;0.76;stop
477;1794.97;102.03;1806.75;101.35;1805.36;77.41;1793.58;78.09;10;0.75;stop
479;3305.82;1108.16;3317.71;1086.08;3306.36;1079.97;3294.47;1102.05;10;0.76;stop
480;1694.29;1719.34;1695.64;1706.72;1670.58;1704.04;1669.23;1716.66;10;0.77;stop
481;2512.81;125.19;2525.8;125.14;2525.69;98.68;2512.7;98.74;10;0.74;stop
482;2153.89;235.77;2177.23;235.28;2176.99;223.79;2153.65;224.28;10;0.69;stop
484;235.16;1071.37;235.45;1059.22;210.39;1058.63;210.1;1070.78;10;0.71;stop
486;3620.11;591.46;3647.74;590.74;3647.39;577.49;3619.76;578.21;10;0.74;stop
487;3270.52;1036.51;3291.1;1019.25;3282.61;1009.12;3262.02;1026.38;10;0.72;stop
488;1543.36;1768.0;1544.22;1755.29;1514.39;1753.25;1513.53;1765.96;10;0.8;stop
489;839.52;1671.98;840.44;1659.94;815.5;1658.02;814.57;1670.06;10;0.7;stop
490;2806.67;1142.22;2808.14;1129.73;2784.21;1126.91;2782.73;1139.4;10;0.75;stop
491;1880.14;1690.42;1880.78;1679.09;1858.7;1677.83;1858.06;1689.16;10;0.74;stop
492;1901.34;1892.01;1905.93;1867.66;1894.41;1865.49;1889.82;1889.84;10;0.74;stop
493;1543.4;1218.83;1570.21;1217.3;1569.48;1204.42;1542.66;1205.95;10;0.67;stop
494;2953.98;617.96;2983.82;617.64;2983.68;604.54;2953.84;604.86;10;0.72;stop
495;1780.05;1684.75;1780.75;1673.85;1755.59;1672.25;1754.9;1683.15;10;0.79;stop
496;2850.05;203.04;2877.74;201.32;2876.95;188.46;2849.26;190.18;10;0.72;stop
498;703.59;2006.06;718.27;2005.73;717.66;1978.32;702.98;1978.64;10;0.55;stop
499;1053.06;1044.02;1066.0;1043.96;1065.88;1015.86;1052.94;1015.91;10;0.73;stop
500;2438.03;637.81;2464.88;636.58;2464.34;624.72;2437.49;625.95;10;0.74;stop
501;2919.36;1458.57;2928.94;1448.04;2902.14;1423.68;2892.56;1434.21;10;0.73;stop
502;168.08;1041.24;174.25;1015.88;161.68;1012.82;155.51;1038.19;10;0.72;stop
503;2487.2;1702.39;2488.15;1675.33;2474.8;1674.86;2473.85;1701.92;10;0.74;stop
504;2915.88;200.82;2942.88;197.92;2941.62;186.18;2914.62;189.08;10;0.67;stop
505;3190.81;1173.09;3205.48;1145.66;3192.62;1138.78;3177.95;1166.22;10;0.73;stop
506;2476.99;1822.88;2477.54;1798.77;2465.89;1798.5;2465.33;1822.61;10;0.75;stop
507;2077.1;239.11;2105.74;238.91;2105.65;226.64;2077.01;226.84;10;0.7;stop
508;983.14;687.19;983.94;675.89;958.04;674.06;957.25;685.36;10;0.72;stop
509;2091.68;645.54;2113.58;645.53;2113.57;633.58;2091.67;633.6;10;0.74;stop
510;2513.87;159.65;2526.89;159.12;2525.75;131.16;2512.74;131.69;10;0.74;stop
511;608.92;1660.02;609.71;1648.23;584.51;1646.54;583.73;1658.34;10;0.65;stop
513;2357.03;227.67;2357.04;214.48;2328.22;214.46;2328.21;227.64;10;0.69;stop
515;2601.0;631.26;2627.41;629.44;2626.5;616.36;2600.09;618.18;10;0.76;stop
516;1530.82;1216.99;1531.17;1204.8;1503.3;1204.01;1502.96;1216.2;10;0.76;stop
517;1479.16;1706.41;1480.3;1694.83;1453.71;1692.21;1452.57;1703.79;10;0.65;stop
518;2738.51;1356.77;2738.6;1344.84;2712.47;1344.64;2712.38;1356.56;10;0.72;stop
519;2767.76;206.4;2794.64;204.71;2793.86;192.41;2766.99;194.1;10;0.65;stop
520;3304.52;177.93;3336.42;176.61;3335.79;161.44;3303.89;162.77;10;0.68;stop
521;588.37;1623.87;589.38;1611.79;562.88;1609.57;561.87;1621.65;10;0.65;stop
522;715.64;1629.86;716.59;1618.68;693.43;1616.71;692.47;1627.88;10;0.77;stop
523;1080.32;1100.89;1081.44;1086.45;1048.18;1083.86;1047.06;1098.3;10;0.8;stop
524;2362.69;640.05;2389.75;638.48;2388.94;624.45;2361.88;626.02;10;0.76;stop
525;3441.66;881.11;3451.81;854.1;3439.59;849.51;3429.44;876.52;10;0.66;stop
526;3277.12;1167.61;3287.34;1142.74;3275.07;1137.7;3264.85;1162.58;10;0.69;stop
527;351.39;1181.03;378.78;1180.39;378.45;1166.47;351.07;1167.11;10;0.74;stop
529;2125.72;647.9;2154.52;646.22;2153.78;633.48;2124.98;635.15;10;0.74;stop
530;2495.07;1566.49;2496.65;1537.53;2483.81;1536.83;2482.23;1565.79;10;0.69;stop
531;2481.05;1792.78;2483.23;1756.35;2468.57;1755.47;2466.39;1791.9;10;0.68;stop
532;1946.06;40.46;1946.36;21.02;1935.19;20.85;1934.89;40.29;10;0.7;stop
533;405.55;1650.34;406.39;1636.45;376.8;1634.66;375.95;1648.55;10;0.62;stop
536;1226.07;1097.26;1226.79;1076.86;1177.49;1075.12;1176.77;1095.52;9;0.83;stop
537;3635.17;1270.05;3651.31;1269.93;3651.08;1238.7;3634.94;1238.82;10;0.67;stop
538;2474.38;1908.71;2475.32;1871.66;2460.62;1871.29;2459.68;1908.34;10;0.7;stop
539;3759.87;1010.18;3795.03;1008.72;3794.5;996.07;3759.35;997.53;10;0.5;stop
540;1973.73;2162.88;1974.41;2137.22;1961.52;2136.87;1960.84;2162.53;10;0.67;stop
541;824.13;85.98;824.24;73.99;798.82;73.77;798.72;85.76;10;0.71;stop
542;56.06;1615.65;57.33;1602.79;29.02;1599.98;27.75;1612.84;10;0.73;stop
543;3227.13;1038.35;3237.03;1029.64;3218.19;1008.21;3208.29;1016.92;10;0.73;stop
544;3289.66;1137.06;3301.95;1113.12;3290.65;1107.32;3278.36;1131.26;10;0.7;stop
545;2524.36;408.28;2535.93;408.06;2535.52;385.97;2523.94;386.19;10;0.69;stop
547;1908.94;1424.46;1922.16;1422.9;1918.31;1390.29;1905.09;1391.85;9;0.69;stop
548;2637.46;1359.21;2638.72;1340.74;2590.04;1337.42;2588.78;1355.88;9;0.74;stop
549;632.51;635.24;635.05;624.36;609.68;618.43;607.13;629.32;10;0.7;stop
550;237.32;1636.52;238.61;1624.02;212.21;1621.29;210.92;1633.8;10;0.57;stop
552;2801.56;202.75;2827.19;201.22;2826.44;188.75;2800.81;190.28;10;0.66;stop
554;1333.94;1089.12;1334.24;1078.24;1312.06;1077.63;1311.76;1088.51;10;0.75;stop
556;2282.23;230.96;2309.83;230.55;2309.64;218.48;2282.05;218.89;10;0.67;stop
557;3509.34;709.56;3520.56;684.29;3507.84;678.65;3496.62;703.91;10;0.7;stop
558;3087.73;610.87;3114.94;608.78;3114.02;596.81;3086.81;598.9;10;0.72;stop
559;3121.24;1332.16;3128.74;1307.9;3116.41;1304.09;3108.91;1328.35;10;0.76;stop
560;2395.32;1381.25;2395.54;1368.67;2372.06;1368.25;2371.84;1380.83;10;0.71;stop
561;3653.51;372.76;3666.26;343.48;3653.36;337.87;3640.62;367.15;10;0.77;stop
562;3182.72;685.93;3197.21;685.81;3196.96;656.34;3182.48;656.46;10;0.69;stop
563;918.89;1204.7;920.35;1194.22;901.08;1191.55;899.62;1202.03;10;0.72;stop
564;3428.9;1374.52;3432.44;1363.73;3412.97;1357.35;3409.44;1368.14;10;0.56;stop
565;1435.51;1666.31;1435.54;1654.76;1411.87;1654.69;1411.83;1666.24;10;0.67;stop
566;207.49;1633.63;209.17;1619.65;176.65;1615.74;174.97;1629.72;10;0.58;stop
567;1523.53;900.43;1525.3;871.64;1512.84;870.88;1511.07;899.67;10;0.71;stop
568;2441.64;1901.59;2443.93;1873.81;2431.48;1872.78;2429.2;1900.57;10;0.71;stop
569;2727.12;210.61;2759.2;208.23;2758.01;192.14;2725.93;194.52;10;0.48;stop
570;2518.0;320.09;2531.07;319.89;2530.63;290.78;2517.55;290.98;10;0.69;stop
571;2402.56;640.27;2432.03;638.4;2431.19;625.07;2401.72;626.94;10;0.75;stop
572;1088.84;1208.0;1089.06;1191.51;1054.28;1191.06;1054.07;1207.55;10;0.62;stop
574;3809.4;311.58;3809.72;282.03;3793.72;281.86;3793.41;311.4;10;0.45;stop
575;2524.68;452.94;2537.61;452.28;2536.32;426.81;2523.39;427.47;10;0.69;stop
576;3402.79;597.64;3426.74;596.16;3425.96;583.61;3402.01;585.09;10;0.69;stop
577;3797.21;148.43;3827.32;146.86;3826.54;131.88;3796.43;133.45;10;0.65;stop
579;3154.69;70.39;3170.75;70.32;3170.62;40.94;3154.57;41.01;10;0.52;stop
580;3199.24;605.77;3226.48;603.51;3225.45;591.07;3198.21;593.32;10;0.69;stop
582;569.35;106.46;599.32;105.28;598.78;91.36;568.8;92.53;10;0.53;stop
583;1532.0;752.31;1534.07;728.16;1521.25;727.06;1519.18;751.22;10;0.67;stop
584;3628.04;338.17;3638.17;312.43;3626.33;307.77;3616.2;333.5;10;0.52;stop
585;3605.42;483.67;3614.98;457.63;3602.08;452.89;3592.52;478.93;10;0.75;stop
587;166.19;1171.72;166.37;1158.32;139.9;1157.97;139.73;1171.37;10;0.68;stop
588;3730.61;584.74;3760.9;582.77;3760.02;569.32;3729.73;571.3;10;0.55;stop
589;3696.19;274.26;3705.33;251.38;3693.19;246.52;3684.04;269.4;10;0.71;stop
590;443.24;1614.4;443.77;1602.38;417.86;1601.22;417.32;1613.25;10;0.57;stop
591;2190.56;645.83;2220.33;644.27;2219.63;630.77;2189.86;632.32;10;0.72;stop
592;53.43;888.79;57.09;876.84;30.07;868.55;26.4;880.5;10;0.64;stop
595;2470.2;635.66;2496.95;634.22;2496.3;622.09;2469.55;623.53;10;0.66;stop
596;3750.8;53.11;3764.62;19.0;3749.2;12.75;3735.38;46.86;10;0.68;stop
597;3112.66;1200.74;3115.91;1183.8;3064.52;1173.94;3061.27;1190.89;9;0.61;stop
598;615.36;1624.6;615.8;1612.51;592.14;1611.65;591.7;1623.74;10;0.64;stop
599;1453.95;1111.15;1454.15;1096.55;1421.55;1096.1;1421.35;1110.7;10;0.58;stop
602;2529.93;511.88;2542.3;511.37;2541.19;484.87;2528.83;485.38;10;0.65;stop
603;1008.05;1204.61;1008.47;1190.27;978.42;1189.39;978.0;1203.73;10;0.67;stop
604;3114.48;610.13;3143.26;607.86;3142.4;596.9;3113.61;599.17;10;0.64;stop
605;438.67;1028.19;452.88;1026.53;449.62;998.68;435.4;1000.35;10;0.58;stop
606;2805.6;1356.47;2805.99;1344.32;2781.67;1343.53;2781.28;1355.68;10;0.63;stop
607;3763.17;583.42;3791.13;579.4;3789.33;566.89;3761.37;570.92;10;0.5;stop
608;1229.06;1656.09;1229.72;1644.9;1206.56;1643.53;1205.9;1654.72;10;0.46;stop
609;1994.26;1596.51;2020.01;1574.44;2010.74;1563.62;1984.99;1585.68;10;0.81;stop
610;3463.18;168.7;3495.97;166.28;3494.94;152.39;3462.16;154.81;10;0.69;stop
612;3564.87;583.69;3578.08;580.76;3572.32;554.79;3559.11;557.72;10;0.59;stop
613;1805.07;217.26;1817.77;217.06;1817.19;180.99;1804.49;181.19;9;0.63;stop
614;2529.92;285.99;2529.93;261.89;2518.71;261.88;2518.69;285.98;10;0.48;stop
617;733.5;92.36;734.14;81.11;720.3;80.33;719.66;91.58;10;0.58;stop
618;703.28;1222.75;703.52;1210.58;677.66;1210.06;677.42;1222.23;10;0.6;stop
622;2054.24;273.88;2079.46;272.88;2079.01;261.62;2053.79;262.62;10;0.65;stop
623;3198.54;715.64;3199.22;689.31;3185.84;688.97;3185.15;715.29;10;0.56;stop
624;465.26;1652.06;465.82;1638.74;439.43;1637.62;438.87;1650.95;10;0.47;stop
625;3003.57;1549.14;3014.9;1545.3;3007.68;1523.99;2996.35;1527.83;10;0.57;stop
626;2327.11;679.57;2355.12;678.82;2354.77;665.93;2326.76;666.68;10;0.62;stop
627;631.04;1079.94;632.02;1068.65;612.08;1066.94;611.11;1078.22;10;0.51;stop
628;3465.74;1057.15;3496.43;1056.47;3496.14;1042.85;3465.44;1043.53;10;0.59;stop
629;3203.14;220.67;3228.77;217.18;3227.17;205.43;3201.54;208.92;10;0.59;stop
630;3596.24;408.46;3609.0;378.26;3595.32;372.48;3582.56;402.68;10;0.66;stop
631;3621.25;450.41;3631.14;422.29;3618.12;417.71;3608.23;445.83;10;0.63;stop
633;498.38;1654.19;498.61;1641.6;472.87;1641.12;472.64;1653.72;10;0.63;stop
634;692.44;96.64;692.85;83.51;665.06;82.66;664.65;95.78;10;0.38;stop
635;3677.84;323.81;3694.2;284.8;3675.91;277.13;3659.55;316.14;9;0.68;stop
636;3034.6;191.79;3059.95;190.05;3059.15;178.34;3033.8;180.07;10;0.65;stop
638;2694.83;217.88;2704.5;204.39;2689.05;193.31;2679.37;206.8;10;0.58;stop
639;2964.78;1470.74;2976.68;1460.19;2948.97;1428.94;2937.07;1439.5;9;0.64;stop
640;3777.72;1474.35;3780.61;1461.93;3752.28;1455.34;3749.39;1467.76;10;0.68;stop
643;3677.59;588.09;3707.35;585.33;3706.16;572.42;3676.4;575.18;10;0.7;stop
644;1792.33;223.09;1802.68;222.82;1802.05;198.78;1791.7;199.05;10;0.65;stop
645;2475.1;1349.8;2475.53;1337.16;2445.27;1336.14;2444.85;1348.78;9;0.64;stop
646;2693.11;2093.05;2704.29;2087.72;2692.01;2061.95;2680.82;2067.28;10;0.64;stop
649;645.56;1662.13;646.33;1649.7;621.94;1648.18;621.17;1660.61;10;0.65;stop
650;634.2;100.87;659.81;98.22;658.62;86.63;633.0;89.28;10;0.44;stop
651;3708.21;247.25;3719.38;217.28;3705.54;212.12;3694.37;242.1;10;0.64;stop
652;2698.24;1255.84;2699.87;1239.42;2665.79;1236.04;2664.16;1252.45;9;0.59;stop
655;2781.79;1392.79;2783.28;1377.87;2740.46;1373.58;2738.97;1388.51;9;0.55;stop
656;1148.89;1653.56;1149.45;1640.09;1121.73;1638.94;1121.17;1652.41;10;0.64;stop
658;722.9;1075.37;745.7;1074.64;745.37;1064.38;722.57;1065.11;10;0.64;stop
659;2489.86;1445.8;2502.67;1445.73;2502.52;1416.76;2489.7;1416.83;10;0.62;stop
661;2543.05;898.08;2555.84;897.72;2555.08;870.42;2542.28;870.78;10;0.58;stop
663;789.06;1194.23;789.29;1181.96;759.69;1181.4;759.46;1193.66;10;0.58;stop
665;1618.2;642.07;1618.78;631.45;1592.55;630.02;1591.97;640.64;10;0.63;stop
666;3506.45;1056.5;3532.83;1055.4;3532.3;1042.57;3505.92;1043.66;10;0.6;stop
667;1953.75;772.62;1964.17;772.29;1963.5;751.75;1953.08;752.09;10;0.76;stop
670;3582.51;1013.19;3603.88;1012.3;3603.43;1001.5;3582.06;1002.39;10;0.55;stop
671;1720.98;1719.02;1722.55;1707.58;1699.02;1704.35;1697.45;1715.79;10;0.72;stop
672;3432.2;2152.95;3461.0;2140.81;3454.68;2125.8;3425.87;2137.94;10;0.74;stop
675;3603.75;160.96;3634.99;158.32;3633.75;143.72;3602.51;146.37;10;0.62;stop
676;2139.21;67.19;2150.08;66.8;2149.29;44.75;2138.42;45.14;10;0.5;stop
677;3660.02;1269.01;3675.91;1268.56;3674.98;1235.99;3659.09;1236.44;10;0.58;stop
679;2488.84;209.7;2490.68;188.94;2479.91;187.98;2478.07;208.75;10;0.59;stop
680;2047.93;240.67;2073.95;239.02;2073.13;226.21;2047.12;227.85;10;0.59;stop
682;3556.61;632.72;3587.36;632.25;3587.14;617.91;3556.39;618.38;10;0.64;stop
683;191.98;1881.65;196.1;1853.49;182.31;1851.47;178.2;1879.64;10;0.63;stop
684;2619.64;1447.06;2632.14;1422.73;2621.36;1417.19;2608.86;1441.52;10;0.7;stop
685;1537.74;1673.38;1539.0;1662.97;1514.39;1659.99;1513.13;1670.4;10;0.61;stop
686;3811.98;1485.03;3816.06;1472.12;3785.52;1462.47;3781.44;1475.38;10;0.62;stop
690;2857.4;1406.4;2861.87;1389.74;2820.1;1378.53;2815.63;1395.2;9;0.56;stop
697;3787.2;1047.37;3818.61;1045.49;3817.8;1032.01;3786.39;1033.89;10;0.35;stop
700;1955.51;2165.77;1956.94;2139.19;1943.74;2138.48;1942.31;2165.06;10;0.55;stop
701;2730.76;667.18;2755.41;663.46;2753.24;649.07;2728.59;652.79;10;0.6;stop
703;2464.63;1556.12;2466.45;1527.19;2453.5;1526.38;2451.68;1555.31;9;0.5;stop
706;2461.03;1596.38;2461.19;1572.83;2448.1;1572.74;2447.93;1596.29;10;0.43;stop
710;904.08;77.76;904.68;64.49;881.29;63.43;880.69;76.7;10;0.59;stop
716;347.42;1648.07;374.05;1646.15;373.05;1632.24;346.42;1634.16;10;0.46;stop
720;1170.34;1812.33;1171.23;1783.37;1158.41;1782.98;1157.52;1811.94;10;0.49;stop
721;3108.66;188.37;3120.4;188.11;3120.09;173.88;3108.35;174.14;10;0.57;stop
727;209.01;1016.87;209.78;993.54;197.4;993.13;196.63;1016.46;10;0.63;stop
728;3325.62;991.02;3342.73;964.13;3328.76;955.23;3311.64;982.12;10;0.57;stop
732;547.45;1457.65;549.96;1446.11;526.93;1441.1;524.42;1452.64;10;0.53;stop
733;1811.9;242.75;1812.54;224.48;1802.73;224.13;1802.08;242.4;10;0.58;stop
735;3054.94;1504.28;3068.3;1470.32;3052.31;1464.03;3038.95;1497.99;10;0.47;stop
736;3153.89;1420.12;3165.8;1385.93;3147.98;1379.72;3136.07;1413.92;9;0.55;stop
738;3499.56;740.78;3508.38;714.44;3495.13;710.0;3486.31;736.34;10;0.66;stop
744;966.68;1203.58;967.15;1188.28;927.07;1187.05;926.6;1202.35;9;0.43;stop
750;2217.78;1422.34;2219.2;1386.79;2204.78;1386.22;2203.36;1421.77;9;0.5;stop
752;2449.2;1775.44;2451.2;1752.43;2439.67;1751.43;2437.67;1774.44;10;0.5;stop
755;2496.73;1856.36;2498.04;1842.21;2466.4;1839.27;2465.08;1853.41;10;0.58;stop
758;1439.27;89.4;1439.59;77.78;1414.85;77.1;1414.53;88.72;10;0.59;stop
759;2149.34;687.47;2159.62;687.35;2159.41;669.28;2149.13;669.4;10;0.44;stop
764;1034.8;1646.86;1034.82;1637.07;1013.27;1637.02;1013.24;1646.81;10;0.61;stop
765;3438.6;1129.37;3449.98;1099.72;3436.09;1094.38;3424.7;1124.03;10;0.67;stop
766;1527.29;821.09;1530.52;791.38;1516.96;789.91;1513.73;819.62;10;0.64;stop
767;2935.95;1436.43;2947.09;1424.97;2917.05;1395.75;2905.91;1407.22;10;0.58;stop
774;2677.94;1441.3;2678.67;1399.65;2660.16;1399.32;2659.42;1440.98;9;0.52;stop
776;3635.88;414.93;3645.65;390.56;3633.49;385.69;3623.73;410.06;10;0.63;stop
786;3215.56;1375.76;3226.68;1344.14;3210.07;1338.3;3198.95;1369.92;9;0.63;stop
789;313.6;2051.02;314.71;2022.02;300.46;2021.48;299.35;2050.48;10;0.55;stop
792;3275.76;1404.39;3315.82;1398.14;3312.99;1379.99;3272.93;1386.24;9;0.42;stop
794;777.9100000000001;1256.9;780.0550000000001;1245.48;753.995;1240.6;751.855;1252.02;10;0.405;stop
808;2287.76;680.29;2308.9;679.7;2308.62;669.71;2287.48;670.3;10;0.44;stop
854;3587.15;528.51;3599.5;499.7;3584.73;493.37;3572.38;522.18;10;0.5;stop
871;1852.76;1970.16;1881.22;1965.26;1878.87;1951.59;1850.41;1956.49;10;0.75;stop
1044;1962.49;1351.72;1975.57;1351.46;1975.01;1322.97;1961.93;1323.23;10;0.81;stop
1356;1974.41;1384.17;1974.66;1357.56;1963.09;1357.45;1962.84;1384.07;10;0.79;stop
1812;1989.33;1820.7;1990.29;1798.89;1979.86;1798.43;1978.9;1820.24;10;0.56;stop
1866;1942.59;454.8;1957.0;454.65;1956.66;421.57;1942.25;421.72;10;0.8;stop
2253;3167.79;355.43;3179.95;354.54;3178.15;329.88;3165.99;330.77;10;0.36;stop
2521;2539.26;636.8;2566.57;634.93;2565.61;620.95;2538.31;622.82;10;0.74;stop
3226;1836.77;1414.63;1858.02;1411.55;1856.61;1401.81;1835.35;1404.89;10;0.63;stop
3307;3105.44;1320.88;3108.12;1308.52;3083.46;1303.18;3080.79;1315.54;10;0.54;stop
3798;2142.07;1146.94;2142.21;1133.72;2114.93;1133.43;2114.79;1146.65;10;0.81;stop
3882;715.42;1103.97;715.69;1090.39;685.2;1089.78;684.93;1103.36;10;0.77;move
3963;2249.86;232.93;2276.22;231.77;2275.64;218.76;2249.28;219.92;10;0.62;stop
4012;2088.83;1148.22;2089.76;1135.44;2059.79;1133.28;2058.87;1146.06;10;0.82;stop
4127;2791.05;1236.23;2792.33;1223.67;2763.82;1220.77;2762.55;1233.33;10;0.82;move
4180;1986.6;1428.13;1989.83;1397.54;1976.96;1396.18;1973.73;1426.77;10;0.82;stop
4196;1334.35;1127.9;1334.93;1114.43;1303.77;1113.1;1303.2;1126.57;10;0.8;move
4291;3411.71;2106.2;3420.17;2097.56;3404.85;2082.55;3396.39;2091.19;10;0.51;stop
4292;2543.52;1205.89;2543.8;1194.35;2518.6;1193.73;2518.32;1205.28;10;0.78;move
4418;1961.47;1460.27;1974.32;1459.98;1973.78;1435.48;1960.93;1435.77;10;0.8;stop
4451;1942.93;193.19;1954.33;192.74;1953.41;169.62;1942.02;170.07;10;0.8;stop
4517;2533.68;1240.41;2533.99;1228.48;2509.32;1227.84;2509.01;1239.77;10;0.75;stop
4539;2335.3;1205.85;2336.27;1191.44;2303.82;1189.27;2302.86;1203.69;10;0.79;move
4569;315.68;2088.15;316.66;2057.93;302.6;2057.48;301.62;2087.7;10;0.54;stop
4602;320.15;2131.07;320.34;2100.9;305.16;2100.8;304.98;2130.98;10;0.5;stop
4629;1431.97;1130.33;1432.37;1115.95;1404.15;1115.17;1403.75;1129.55;10;0.81;move
4671;1977.31;1504.57;1978.45;1472.12;1964.32;1471.62;1963.17;1504.07;10;0.81;stop
4744;175.53;1881.94;178.57;1856.37;166.42;1854.93;163.39;1880.5;10;0.63;stop
4792;2181.33;1147.39;2181.76;1134.99;2156.29;1134.11;2155.86;1146.51;10;0.82;stop
4802;1927.82;1368.95;1942.13;1366.91;1937.68;1335.55;1923.37;1337.59;10;0.82;move
4853;1976.53;1545.9;1976.57;1516.37;1963.22;1516.35;1963.18;1545.88;10;0.8;stop
4873;1529.92;783.57;1532.22;760.0;1519.96;758.81;1517.65;782.37;10;0.74;stop
4932;2262.97;1199.81;2263.19;1183.5;2222.59;1182.94;2222.37;1199.25;9;0.72;move
4976;1508.03;1131.88;1539.94;1131.16;1539.6;1115.87;1507.68;1116.59;10;0.78;move
5026;367.41;126.28;394.21;124.51;393.38;111.85;366.57;113.62;10;0.52;stop
5116;1961.46;1584.68;1974.02;1584.57;1973.79;1556.32;1961.23;1556.43;10;0.8;stop
5154;2118.59;1204.14;2119.15;1190.95;2093.41;1189.86;2092.85;1203.05;10;0.77;move
5157;2729.67;1389.29;2730.5;1375.78;2696.95;1373.71;2696.12;1387.22;10;0.56;stop
5166;1914.74;1307.78;1928.04;1306.14;1924.51;1277.47;1911.21;1279.11;10;0.83;move
5227;2565.0;1095.67;2565.52;1071.34;2553.37;1071.08;2552.85;1095.41;10;0.76;stop
5306;1963.9;1620.33;1976.34;1620.1;1975.85;1593.79;1963.41;1594.02;10;0.77;stop
5341;1770.61;1123.47;1794.74;1108.54;1787.76;1097.28;1763.64;1112.21;10;0.8;move
5342;1753.35;1165.87;1753.72;1152.42;1725.15;1151.63;1724.78;1165.08;10;0.74;stop
5357;2516.13;1082.68;2529.24;1082.62;2529.12;1055.94;2516.01;1056.0;10;0.79;stop
5384;1940.13;1533.4;1952.49;1533.17;1952.0;1506.35;1939.63;1506.58;10;0.8;stop
5507;1838.06;1063.21;1845.8;1032.89;1831.69;1029.29;1823.95;1059.61;10;0.6;move
5576;1718.49;1127.81;1748.1;1122.87;1745.92;1109.81;1716.31;1114.76;10;0.78;move
5630;1842.23;847.6;1843.0;817.78;1828.65;817.4;1827.87;847.22;10;0.81;stop
5684;2490.85;1219.78;2491.05;1206.16;2461.03;1205.72;2460.83;1219.34;10;0.79;move
5772;1854.97;783.56;1866.89;782.36;1864.28;756.56;1852.36;757.77;10;0.79;move
5810;1938.87;1451.01;1952.18;1449.58;1948.76;1417.74;1935.45;1419.17;10;0.78;move
5887;1900.14;1174.12;1913.12;1170.5;1904.61;1140.01;1891.63;1143.62;10;0.8;move
5941;3269.59;1098.04;3282.07;1076.1;3270.41;1069.46;3257.93;1091.4;10;0.64;stop
6034;1632.57;1135.27;1633.3;1122.94;1608.56;1121.48;1607.83;1133.81;10;0.75;move
6046;3801.91;1009.68;3832.04;1007.93;3831.21;993.76;3801.09;995.51;10;0.65;stop
6076;3807.36;1990.05;3837.94;1972.18;3829.52;1957.76;3798.93;1975.63;10;0.67;stop
6128;1716.21;1164.33;1716.89;1152.27;1693.22;1150.92;1692.53;1162.98;10;0.75;stop
6142;2287.65;1166.67;2315.92;1163.44;2314.35;1149.71;2286.08;1152.94;10;0.78;stop
6288;389.78;1377.37;391.23;1365.26;363.97;1362.0;362.52;1374.12;10;0.64;stop
6354;1684.0;1162.07;1684.18;1150.16;1660.63;1149.8;1660.45;1161.71;10;0.7;stop
6402;208.67;1883.02;212.2;1855.59;198.67;1853.85;195.14;1881.28;10;0.56;stop
6512;877.02;1923.27;877.48;1911.05;854.55;1910.17;854.08;1922.39;10;0.43;stop
6600;1020.22;1032.68;1020.91;1009.56;1008.72;1009.19;1008.03;1032.32;10;0.5;stop
6681;149.4;1883.89;152.07;1858.23;137.7;1856.74;135.04;1882.4;10;0.58;stop
6730;1403.23;929.9;1403.66;919.39;1381.14;918.48;1380.72;928.98;10;0.59;stop
6768;612.69;659.44;614.63;647.86;588.25;643.45;586.31;655.03;10;0.48;stop
6788;70.99;1579.87;71.73;1567.8;48.6;1566.38;47.86;1578.45;10;0.47;stop
6887;1638.37;1160.95;1638.56;1149.03;1615.13;1148.67;1614.94;1160.59;10;0.74;stop
7052;1847.51;858.69;1861.84;858.55;1861.52;825.44;1847.19;825.57;10;0.81;move
7137;912.31;681.66;913.1366666666667;670.25;889.8733333333334;668.5699999999999;889.0533333333333;679.99;10;0.37;stop
7139;670.43;644.7;672.92;634.08;644.89;627.49;642.39;638.11;10;0.42;stop
7169;3203.38;1137.79;3208.04;1113.39;3196.93;1111.27;3192.27;1135.67;10;0.58;stop
7248;615.7333333333333;2145.963333333333;632.9466666666667;2141.7266666666665;624.8933333333333;2132.786666666667;607.68;2137.0233333333335;10;0.3966666666666666;stop
7260;1468.48;1159.83;1468.71;1146.89;1441.89;1146.42;1441.66;1159.36;10;0.79;stop
7288;1975.17;1684.51;1975.48;1655.76;1962.33;1655.61;1962.02;1684.37;10;0.82;stop
7312;1921.39;1558.14;1924.15;1537.51;1914.2;1536.18;1911.45;1556.81;10;0.43;stop
7356;2859.6;1232.91;2861.28;1220.21;2835.24;1216.78;2833.57;1229.47;10;0.79;move
7482;3247.82;1165.85;3262.38;1141.13;3250.0;1133.83;3235.43;1158.56;10;0.66;stop
7576;1906.32;1236.7;1919.25;1234.17;1913.24;1203.43;1900.31;1205.95;10;0.79;move
7625;1416.82;2160.94;1419.43;2130.99;1405.8;2129.81;1403.2;2159.76;10;0.68;stop
7816;224.62;138.78;250.83;138.03;250.46;125.13;224.25;125.87;10;0.41;stop
7881;1343.14;89.56;1368.36;86.68;1366.99;74.69;1341.77;77.57;10;0.62;stop
7904;1163.5;2156.44;1176.56;2154.79;1173.13;2127.56;1160.06;2129.21;10;0.64;stop
7918;2023.44;1200.08;2026.43;1187.31;2001.81;1181.55;1998.82;1194.31;10;0.72;move
7919;1971.15;1743.8;1972.95;1710.66;1959.79;1709.95;1957.98;1743.09;10;0.79;stop
8357;3250.04;604.73;3277.5;603.17;3276.84;591.52;3249.37;593.08;10;0.47;stop
8378;289.04;1733.35;304.43;1733.33;304.4;1707.27;289.01;1707.29;10;0.41;stop
8540;534.37;1069.6714285714286;534.7828571428571;1060.4814285714285;510.94000000000005;1059.3957142857143;510.52714285714285;1068.5785714285714;10;0.36428571428571427;stop
8547;3145.51;1379.12;3152.45;1348.1;3137.61;1344.78;3130.67;1375.8;10;0.72;stop
8551;1573.26;1265.57;1574.68;1252.84;1548.62;1249.93;1547.19;1262.66;10;0.42;stop
8640;526.27;1654.91;527.12;1642.77;506.86;1641.34;506.0;1653.48;10;0.41;stop
8841;161.48;1100.58;161.67;1089.88;135.47;1089.42;135.28;1100.12;10;0.66;move
8994;1861.48;1478.24;1865.43;1465.44;1837.71;1456.89;1833.76;1469.69;10;0.78;stop
9012;859.41;1475.112;859.8960000000001;1463.718;838.806;1462.828;838.3220000000001;1474.222;10;0.38800000000000007;stop
9064;1518.82;1160.73;1518.82;1147.77;1489.43;1147.77;1489.43;1160.73;10;0.8;stop
9077;1526.3;1788.9;1530.58;1777.91;1508.95;1769.48;1504.67;1780.47;10;0.6;stop
9141;863.98;1452.64;864.16;1441.83;838.85;1441.43;838.67;1452.23;10;0.45;stop
9168;222.12;1881.89;226.97;1854.46;214.05;1852.17;209.2;1879.61;10;0.54;stop
9169;252.4;1878.14;254.81;1855.44;241.67;1854.05;239.26;1876.74;10;0.52;stop
9185;1947.16;1151.7;1957.0;1143.45;1939.9;1123.05;1930.06;1131.3;10;0.8;move
9239;1006.18;1644.57;1006.4;1633.0;983.1;1632.55;982.88;1644.13;10;0.5;stop
9326;1845.15;707.63;1856.96;706.98;1855.44;679.49;1843.63;680.15;10;0.78;move
9360;2161.55;1127.28;2161.9;1114.61;2129.95;1113.72;2129.6;1126.39;10;0.83;stop
9367;1160.88;2114.24;1171.64;2113.67;1170.68;2095.51;1159.92;2096.08;10;0.46;stop
9392;2001.995;1488.455;2002.45;1445.99;1987.4450000000002;1445.83;1986.9850000000001;1488.29;9;0.39;stop
9447;1558.34;1159.91;1558.4;1145.33;1526.41;1145.21;1526.35;1159.79;10;0.79;stop
9458;2197.11;1132.08;2197.67;1119.24;2167.52;1117.92;2166.96;1130.76;10;0.79;stop
9539;1898.18;1071.67;1910.73;1069.69;1906.57;1043.33;1894.02;1045.31;10;0.5;move
9600;3448.09;917.02;3458.24;894.45;3446.28;889.08;3436.14;911.64;10;0.59;stop
9616;2216.25;1149.9;2216.67;1135.82;2188.31;1134.97;2187.89;1149.05;10;0.75;stop
9746;1839.66;647.46;1853.89;646.86;1852.59;615.92;1838.36;616.51;10;0.77;move
9884;2243.86;1132.74;2244.28;1119.4;2211.89;1118.39;2211.47;1131.72;10;0.74;stop
9893;2447.91;1154.42;2448.42;1141.64;2421.84;1140.58;2421.33;1153.36;10;0.79;stop
10061;2523.83;1158.54;2524.98;1143.37;2493.29;1140.96;2492.14;1156.13;10;0.78;stop
10122;2268.36;1132.46;2297.86;1132.01;2297.64;1117.54;2268.14;1117.99;10;0.78;stop
10191;1835.74;454.32;1848.68;453.82;1847.51;423.18;1834.57;423.68;10;0.77;stop
10207;1973.8;1649.42;1974.02;1628.94;1963.7;1628.83;1963.48;1649.31;10;0.72;stop
10227;1833.62;921.26;1842.36;899.33;1831.63;895.05;1822.89;916.99;10;0.76;stop
10319;2261.76;1170.51;2261.84;1157.29;2234.49;1157.12;2234.41;1170.34;10;0.79;stop
10332;2587.12;1161.68;2588.35;1147.09;2558.25;1144.57;2557.03;1159.16;10;0.76;stop
10352;3675.41;1301.13;3677.04;1269.36;3661.46;1268.56;3659.83;1300.33;10;0.56;stop
10365;1834.41;392.68;1845.86;392.43;1845.38;370.07;1833.92;370.32;10;0.75;stop
10377;850.43;1115.03;850.95;1102.29;824.69;1101.22;824.17;1113.96;10;0.78;move
10399;1775.39;1188.41;1775.66;1175.76;1750.36;1175.21;1750.09;1187.87;10;0.8;stop
10477;1962.8;1778.74;1966.04;1752.96;1954.45;1751.51;1951.21;1777.29;10;0.8;stop
10492;2636.49;1164.76;2637.57;1151.62;2610.14;1149.36;2609.05;1162.5;10;0.75;stop
10504;1880.57;1091.21;1893.04;1089.75;1890.05;1064.29;1877.59;1065.75;10;0.76;move
10532;1830.41;357.54;1845.91;357.16;1845.15;326.46;1829.65;326.84;10;0.82;stop
10533;2524.53;254.35;2548.61;249.94;2546.6;238.96;2522.51;243.37;10;0.43;stop
10567;1804.74;405.85;1817.46;389.58;1808.76;382.78;1796.04;399.04;10;0.56;stop
10586;2358.17;1133.5;2389.47;1132.31;2388.96;1118.75;2357.65;1119.94;10;0.74;move
10654;2233.06;1349.3;2234.54;1337.23;2206.94;1333.83;2205.46;1345.89;10;0.4;stop
10661;2691.93;1171.58;2693.38;1157.78;2666.07;1154.92;2664.62;1168.72;10;0.79;stop
10712;796.19;122.3;819.68;120.39;818.75;108.89;795.25;110.8;10;0.41;stop
10725;1958.84;1815.31;1961.36;1787.97;1950.16;1786.94;1947.64;1814.28;10;0.79;stop
10737;3339.03;173.85;3366.65;172.42;3365.97;159.43;3338.35;160.86;10;0.6;stop
10748;1830.04;316.33;1842.84;316.27;1842.71;288.36;1829.91;288.42;10;0.8;stop
10758;2410.8;1133.86;2443.49;1133.17;2443.2;1119.52;2410.51;1120.21;10;0.81;stop
10836;1596.07;1160.54;1596.41;1146.34;1569.68;1145.71;1569.34;1159.91;10;0.79;stop
10860;2076.63;1113.93;2119.7;1113.73;2119.62;1095.57;2076.55;1095.77;9;0.78;stop
10865;2792.09;1181.42;2793.67;1168.97;2765.04;1165.33;2763.45;1177.78;10;0.8;move
10930;1829.03;242.53;1847.02;241.82;1845.12;193.97;1827.14;194.68;9;0.76;stop
11025;2239.99;673.35;2264.74;673.27;2264.7;662.03;2239.95;662.1;10;0.54;stop
11032;1761.45;1206.28;1761.86;1191.97;1731.68;1191.09;1731.26;1205.4;10;0.78;stop
11039;1954.7;1847.16;1956.85;1827.04;1946.8;1825.97;1944.65;1846.08;10;0.65;stop
11041;2534.01;1137.31;2534.77;1125.63;2508.99;1123.94;2508.23;1135.62;10;0.82;move
11086;1826.71;189.46;1839.84;189.38;1839.67;159.85;1826.54;159.93;10;0.8;stop
11129;2857.36;1191.03;2859.65;1177.93;2829.14;1172.59;2826.85;1185.69;10;0.83;move
11158;1950.75;1889.06;1955.44;1861.55;1943.06;1859.44;1938.37;1886.95;10;0.82;stop
11168;3403.28;992.47;3411.02;958.72;3393.59;954.72;3385.85;988.47;9;0.39;stop
11276;688.94;1628.88;689.63;1615.35;662.0;1613.93;661.3;1627.46;10;0.76;stop
11278;2599.22;1142.95;2600.59;1129.4;2568.65;1126.18;2567.29;1139.73;10;0.8;move
11309;1940.79;1927.7;1948.03;1899.25;1935.96;1896.18;1928.72;1924.62;10;0.82;stop
11317;1887.75;854.88;1900.39;854.35;1899.19;825.87;1886.55;826.4;10;0.76;move
11328;3444.626666666667;596.2800000000001;3444.67;585.0600000000001;3421.3100000000004;584.97;3421.266666666667;596.19;10;0.39;stop
11402;1828.83;143.41;1841.15;143.15;1840.54;114.21;1828.22;114.47;10;0.77;stop
11414;3673.7;1412.18;3676.99;1400.23;3650.05;1392.82;3646.76;1404.77;10;0.38;move
11488;2670.54;1150.94;2672.02;1133.69;2622.21;1129.44;2620.73;1146.69;9;0.82;move
11505;304.86;1869.63;308.21;1845.49;296.08;1843.8;292.73;1867.95;10;0.52;stop
11539;1882.84;733.33;1897.21;732.27;1894.91;701.05;1880.54;702.11;10;0.81;move
11644;1930.71;1961.39;1937.48;1935.26;1925.79;1932.23;1919.02;1958.37;10;0.81;stop
11661;3762.18;149.03;3792.8;147.72;3792.19;133.62;3761.58;134.94;10;0.65;stop
11707;2742.4;1156.16;2744.16;1142.72;2714.6;1138.84;2712.84;1152.28;10;0.84;move
11730;1865.85;585.36;1879.25;584.41;1877.49;559.61;1864.09;560.56;10;0.7;move
11783;1431.97;1159.13;1432.0;1147.19;1407.53;1147.12;1407.5;1159.06;10;0.78;stop
11839;1856.9;527.34;1870.38;527.28;1870.23;495.29;1856.75;495.35;10;0.79;move
11841;3174.1475;323.3125;3177.6299999999997;304.4575;3167.8075;297.78;3164.3250000000003;316.6325;10;0.3875;stop
11853;1919.7;2005.82;1930.0;1975.12;1917.87;1971.05;1907.57;2001.75;10;0.75;stop
11876;1710.02;1202.72;1710.57;1190.18;1684.4;1189.03;1683.85;1201.57;10;0.74;stop
11885;2907.14;1199.32;2909.55;1186.68;2880.61;1181.18;2878.2;1193.82;10;0.81;stop
11903;2122.67;1164.85;2123.01;1153.34;2099.08;1152.65;2098.74;1164.16;10;0.81;stop
12001;1603.14;1179.17;1603.59;1164.14;1568.24;1163.08;1567.79;1178.11;10;0.8;stop
12006;2966.42;1211.2;2968.5;1198.69;2940.58;1194.05;2938.5;1206.56;10;0.81;stop
12110;1900.36;2043.22;1911.36;2017.18;1900.07;2012.41;1889.08;2038.45;10;0.81;stop
12111;1650.54;1202.86;1651.0;1187.68;1616.46;1186.64;1616.0;1201.82;10;0.82;stop
12120;1858.54;409.45;1871.66;409.3;1871.3;379.17;1858.18;379.33;10;0.78;stop
12136;1557.2;1176.74;1557.38;1164.79;1530.93;1164.39;1530.74;1176.33;10;0.7;stop
12151;3210.13;181.11;3237.96;179.05;3237.05;166.71;3209.22;168.76;10;0.61;stop
12156;3380.35;1285.41;3384.44;1272.12;3350.9;1261.78;3346.81;1275.07;10;0.78;stop
12246;1827.4;107.15;1838.47;106.87;1837.85;81.85;1826.78;82.13;10;0.79;stop
12274;1960.53;197.77;1971.18;197.49;1970.69;178.55;1960.04;178.82;10;0.46;stop
12284;1855.07;354.47;1868.83;354.39;1868.68;329.53;1854.92;329.61;10;0.81;stop
12311;260.21;1066.88;260.83;1055.03;236.67;1053.75;236.04;1065.6;10;0.58;stop
12327;1881.72;2079.27;1892.71;2052.87;1881.87;2048.35;1870.88;2074.76;10;0.81;stop
12343;3426.08;1298.55;3430.17;1284.02;3396.11;1274.42;3392.01;1288.95;10;0.82;stop
12369;1505.62;1178.96;1506.1;1164.37;1473.38;1163.29;1472.9;1177.88;10;0.8;stop
12429;3463.19;2133.39;3490.55;2125.27;3486.49;2111.61;3459.14;2119.73;10;0.44;stop
12507;3467.67;1307.95;3471.16;1295.77;3440.77;1287.05;3437.28;1299.23;10;0.78;stop
12580;1640.97;642.76;1641.61;633.04;1623.78;631.86;1623.14;641.58;10;0.35;stop
12583;1863.94;2116.72;1874.01;2089.5;1862.25;2085.15;1852.18;2112.37;10;0.67;stop
12643;268.18;2163.19;298.044;2159.924;296.476;2145.556;266.612;2148.826;10;0.366;stop
12655;1241.49;1193.69;1241.7;1177.25;1198.08;1176.69;1197.86;1193.12;9;0.75;move
12727;1845.06;281.89;1848.59;254.53;1837.06;253.05;1833.54;280.4;10;0.81;stop
12795;3126.677142857143;294.96142857142854;3142.072857142857;293.4871428571429;3139.174285714286;263.1171428571429;3123.7742857142857;264.59142857142854;10;0.35571428571428565;stop
12805;1291.32;1178.78;1324.64;1178.0;1324.3;1163.47;1290.98;1164.25;10;0.79;move
12810;334.29;1374.38;360.25;1371.75;358.99;1359.36;333.03;1362.0;10;0.73;stop
12824;1918.53;1611.26;1931.88;1611.19;1931.69;1575.86;1918.34;1575.93;10;0.65;stop
12849;3044.3;1211.68;3047.14;1199.0;3017.95;1192.44;3015.11;1205.13;10;0.79;move
12863;1851.68;307.55;1864.49;307.25;1863.82;278.57;1851.01;278.87;10;0.8;stop
12895;160.68;1591.33;162.09;1580.35;139.32;1577.42;137.91;1588.4;10;0.46;stop
12922;168.4;1628.37;169.82;1614.7;140.27;1611.63;138.85;1625.3;10;0.35;stop
12933;2549.88;1055.65;2563.57;1055.28;2562.87;1028.98;2549.18;1029.34;10;0.69;stop
12954;1090.11;1171.16;1090.52;1158.49;1062.58;1157.59;1062.17;1170.26;10;0.81;move
12959;3384.07;1265.33;3387.38;1253.16;3358.43;1245.29;3355.12;1257.46;10;0.8;stop
12992;1853.95;266.61;1866.84;266.43;1866.43;236.83;1853.54;237.01;10;0.79;stop
13023;1026.51;1181.99;1026.91;1167.93;994.55;1167.01;994.15;1181.07;10;0.82;move
13132;16.73;1171.7;16.79;1158.06;0.18;1157.98;0.12;1171.63;10;0.48;stop
13188;905.65;1164.67;906.3;1150.92;875.51;1149.46;874.85;1163.2;10;0.8;move
13197;0.36;1047.88;20.89;1047.2;20.53;1036.18;-0.0;1036.86;10;0.56;stop
13257;1851.86;226.96;1866.5;226.35;1865.14;193.79;1850.5;194.4;10;0.8;stop
13285;2544.9883333333337;1387.9383333333335;2545.7766666666666;1375.6066666666668;2519.5699999999997;1373.94;2518.7816666666668;1386.2633333333333;10;0.39166666666666666;stop
13304;2205.04;662.48;2234.54;660.98;2233.83;647.02;2204.34;648.52;10;0.56;move
13344;2443.66;1865.29;2445.21;1840.1;2432.84;1839.34;2431.29;1864.53;10;0.48;stop
13354;3517.29;226.62;3539.74;215.78;3534.58;205.1;3512.13;215.94;10;0.35;stop
13373;774.28;1165.35;774.36;1155.12;753.85;1154.97;753.77;1165.19;10;0.75;move
13389;3437.48;1281.42;3441.59;1265.63;3402.52;1255.46;3398.41;1271.25;10;0.8;stop
13413;1119.2;1210.56;1119.65;1195.93;1091.42;1195.07;1090.97;1209.69;10;0.46;stop
13422;24.69;896.65;27.71;885.2;4.08;878.98;1.06;890.42;10;0.41;stop
13432;1850.58;180.77;1863.86;180.24;1862.67;150.54;1849.39;151.07;10;0.8;stop
13500;1199.91;1212.54;1200.13;1197.85;1194.47;1197.77;1194.24;1212.46;10;0.4;stop
13510;571.69;1661.89;572.7;1651.28;552.37;1649.36;551.36;1659.97;10;0.36;stop
13513;332.74;1185.38;346.0;1162.83;335.23;1156.49;321.97;1179.04;10;0.72;stop
13534;3562.234;496.734;3571.1059999999998;468.02;3557.5119999999997;463.83000000000004;3548.65;492.544;10;0.356;stop
13537;3646.61;160.27;3678.43;157.64;3677.14;142.07;3645.32;144.71;10;0.56;stop
13540;3425.31;382.14;3438.57;378.81;3431.56;350.98;3418.31;354.32;10;0.38;stop
13586;1689.8200000000002;1219.1933333333334;1690.8;1207.1833333333334;1679.996666666667;1206.3066666666666;1679.0166666666669;1218.3166666666666;10;0.6833333333333333;stop
13627;1851.12;139.26;1864.25;138.91;1863.53;112.18;1850.41;112.53;10;0.8;stop
13646;1126.44;373.09;1151.89;372.62;1151.68;361.53;1126.24;362.0;10;0.36;stop
13648;1112.41;711.56;1113.4;700.48;1086.4;698.07;1085.41;709.15;10;0.74;move
13661;3791.55;276.51;3807.59;275.67;3805.95;244.28;3789.91;245.11;10;0.37;stop
13679;2372.59;228.07;2396.78;226.27;2395.91;214.62;2371.72;216.42;10;0.64;stop
13692;729.3575000000001;793.2075;730.6175000000001;772.3074999999999;720.0125;771.6650000000001;718.7625;792.57;10;0.375;stop
13711;3613.284615384616;369.49;3621.8169230769226;348.2553846153846;3611.0953846153843;343.95000000000005;3602.5576923076924;365.18;10;0.41538461538461535;stop
13713;256.65;137.16;288.25;135.57;287.57;122.06;255.97;123.65;10;0.6;stop
13714;3055.14;1504.54;3068.48;1470.88;3051.27;1464.05;3037.92;1497.72;9;0.49;stop
13726;3153.31;1418.43;3164.43;1384.96;3146.69;1379.07;3135.57;1412.54;10;0.57;stop
13732;2502.78;311.05;2515.73;310.93;2515.47;282.95;2502.52;283.07;10;0.49;move
13755;2473.03;1965.18;2476.45;1931.25;2459.72;1929.57;2456.3;1963.5;10;0.43;stop
13765;2530.87;655.55;2559.72;654.8;2559.38;641.57;2530.53;642.33;10;0.67;move
13766;1160.86;2091.13;1173.25;2088.82;1169.58;2069.12;1157.19;2071.43;10;0.41;stop
13794;3580.04;454.11;3595.67;419.99;3580.58;413.08;3564.95;447.2;9;0.38;stop
13795;2159.56;1170.35;2160.12;1151.18;2137.94;1150.53;2137.38;1169.7;9;0.59;stop
13797;1377.72;89.63;1401.34;89.04;1401.03;76.87;1377.41;77.46;10;0.36;stop
13817;1816.46;962.97;1830.92;962.41;1829.67;930.4;1815.2;930.97;10;0.7;stop
13842;444.53;1183.38;471.09;1183.07;470.94;1169.75;444.38;1170.05;10;0.4;stop
13861;464.24;1633.83;464.75;1621.2;440.92;1620.23;440.41;1632.86;10;0.44;move
13866;3476.76;1292.41;3480.56;1280.07;3453.24;1271.65;3449.44;1283.99;10;0.8;stop
13868;1360.02;1159.37;1398.59;1159.09;1398.48;1143.5;1359.91;1143.78;9;0.56;stop
13872;553.73;1105.83;582.57;1105.71;582.52;1093.54;553.68;1093.67;10;0.75;move
13884;500.33;1245.81;527.36;1245.43;527.17;1232.0;500.14;1232.39;10;0.46;stop
13886;1850.55;101.53;1861.88;101.13;1861.02;76.22;1849.69;76.62;10;0.8;stop
13889;291.07;133.08;318.18;131.35;317.36;118.64;290.26;120.37;10;0.41;stop
13894;2585.81;1120.95;2586.76;1110.71;2566.32;1108.8;2565.36;1119.04;10;0.71;stop
13896;401.79;121.92;431.43;120.2;430.71;107.77;401.07;109.49;10;0.53;stop
13910;2730.2;1390.68;2731.08;1376.65;2696.52;1374.48;2695.64;1388.5;9;0.51;stop
13933;1102.98;1650.24;1104.02;1639.94;1075.02;1637.01;1073.98;1647.31;10;0.46;stop
13940;2035.06;2109.67;2036.205;2095.0550000000003;1999.845;2092.205;1998.7;2106.8199999999997;9;0.375;stop
13947;256.1;1600.71;256.84;1590.23;234.68;1588.67;233.94;1599.14;10;0.5;stop
13967;543.59;1638.14;544.2;1624.86;512.97;1623.42;512.36;1636.71;10;0.77;move
13985;3655.2;580.89;3674.29;580.67;3674.17;570.25;3655.08;570.47;10;0.47;stop
14031;238.31;1877.18;241.26;1854.67;229.5;1853.13;226.55;1875.64;10;0.43;stop
14033;2654.44;647.24;2681.08;644.7;2679.93;632.72;2653.3;635.27;10;0.71;move
14034;3528.07;1307.32;3532.35;1292.63;3498.49;1282.76;3494.21;1297.44;10;0.81;stop
14044;1805.02;216.69;1817.7;216.61;1817.48;180.44;1804.8;180.51;10;0.58;stop
14093;1838.18;69.02;1838.32;42.97;1827.07;42.91;1826.93;68.96;10;0.8;stop
14094;304.95875;1764.5275;305.37874999999997;1739.0025;292.6425;1738.795;292.2225;1764.3112499999997;10;0.37625000000000003;stop
14130;1693.33;47.57;1693.53;35.34;1679.84;35.12;1679.64;47.35;10;0.41;stop
14131;1046.84;1030.19;1047.58;1008.74;1034.97;1008.31;1034.23;1029.76;10;0.53;stop
14136;3508.83;1324.65;3512.83;1310.58;3479.29;1301.06;3475.3;1315.12;10;0.8;stop
14144;518.51;1148.02;518.84;1136.43;493.99;1135.73;493.66;1147.32;10;0.68;move
14228;3108.52;179.91;3120.29;179.86;3120.23;163.78;3108.46;163.83;10;0.4;stop
14251;2530.309090909091;1357.6909090909091;2577.5845454545456;1357.2736363636363;2577.431818181818;1340.0590909090909;2530.1563636363635;1340.4763636363637;9;0.3545454545454545;stop
14263;397.57;1154.57;398.27;1140.05;367.43;1138.56;366.73;1153.07;10;0.79;move
14272;412.70000000000005;1613.9075;413.16999999999996;1602.7649999999999;388.39000000000004;1601.72;387.92249999999996;1612.865;10;0.38249999999999995;stop
14285;701.69;1257.2649999999999;702.395;1243.5349999999999;674.56;1242.105;673.855;1255.835;10;0.36;stop
14294;407.36;140.3;437.09;136.72;435.45;123.14;405.73;126.71;10;0.47;move
14338;3632.75;1338.8;3636.36;1326.17;3604.75;1317.14;3601.14;1329.77;10;0.8;move
14344;1325.82;1157.93;1355.24;1157.52;1355.05;1143.82;1325.63;1144.23;10;0.77;stop
14347;311.073125;1319.81;312.580625;1294.6868749999999;300.176875;1293.94;298.669375;1319.0631250000001;10;0.3825;stop
14348;1739.76;1188.58;1740.66;1170.52;1673.49;1167.17;1672.59;1185.23;9;0.75;stop
14354;320.87;1664.98;321.31000000000006;1634.29;306.79;1634.0833333333335;306.34333333333336;1664.77;10;0.37333333333333335;stop
14361;1263.1950000000002;1313.01;1268.405;1286.87;1257.0900000000001;1284.6100000000001;1251.875;1310.76;10;0.45;stop
14367;1667.27;1185.41;1667.77;1167.26;1616.6;1165.84;1616.1;1183.99;9;0.64;stop
14379;2151.298333333333;93.86833333333334;2160.2;93.565;2159.701666666667;78.82166666666667;2150.8;79.12333333333333;10;0.36;stop
14390;1825.53;34.33;1837.5;34.16;1837.1;6.17;1825.13;6.34;10;0.73;stop
14391;186.86;879.81;191.25;855.5;178.3;853.16;173.91;877.47;10;0.43;stop
14395;2217.77;1422.94;2219.54;1386.31;2205.35;1385.63;2203.58;1422.25;10;0.45;stop
14400;1996.95;2163.63;2008.98;2163.5266666666666;2008.8000000000002;2142.87;1996.77;2142.9733333333334;10;0.3733333333333333;stop
14402;1845.98;61.64;1860.45;61.33;1859.77;30.04;1845.3;30.36;10;0.79;stop
14424;320.64428571428573;130.25714285714287;349.3257142857143;128.81;348.73;116.97428571428571;320.04999999999995;118.42142857142858;10;0.37857142857142856;stop
14432;1286.37;1160.07;1312.71;1159.43;1312.38;1146.18;1286.04;1146.82;10;0.73;stop
14442;1990.59;1558.41;2001.2;1558.26;2000.91;1537.59;1990.3;1537.74;10;0.55;stop
14448;467.06857142857143;1024.1671428571428;468.3614285714285;998.6714285714286;455.5657142857143;998.0228571428571;454.2728571428572;1023.5157142857142;10;0.36428571428571427;stop
14449;1574.71;1669.89;1575.0;1659.63;1551.66;1658.99;1551.38;1669.24;10;0.47;stop
14454;2221.7012499999996;1171.7112499999998;2222.08625;1152.99;2137.85875;1151.2775;2137.4824999999996;1169.99875;9;0.7075;stop
14468;165.53;1138.48;165.57;1125.66;138.92;1125.58;138.88;1138.4;10;0.76;move
14478;464.36;64.78;473.93;39.15;460.48;34.12;450.91;59.76;10;0.35;stop
14479;191.86;849.78;194.39;823.47;181.73;822.25;179.2;848.56;10;0.41;stop
14491;2506.2;422.99;2519.11;422.25;2517.67;397.14;2504.77;397.87;10;0.72;move
14503;1078.59;1684.02;1079.91;1674.65;1060.03;1671.85;1058.71;1681.23;10;0.37;stop
14508;3748.0117647058823;1049.5194117647059;3782.891764705882;1047.3729411764705;3781.9882352941177;1032.725294117647;3747.108235294118;1034.8717647058822;10;0.5141176470588236;stop
14521;1835.85;510.13;1854.7;509.89;1854.15;466.37;1835.3;466.61;9;0.48;stop
14539;3514.88;591.42;3524.91;574.29;3515.43;568.74;3505.4;585.86;10;0.39;stop
14541;2103.05;1349.38;2142.88;1348.96;2142.7;1332.62;2102.87;1333.04;9;0.42;stop
14543;3721.6775;209.2725;3739.4025;205.905;3733.3225;195.61;3715.5975;198.9775;10;0.455;stop
14545;3617.706666666667;1283.19;3633.006666666667;1282.4433333333334;3631.043333333333;1242.1233333333334;3615.743333333334;1242.8700000000001;10;0.3566666666666667;stop
14551;70.74;1138.76;70.85;1126.5;42.52;1126.24;42.41;1138.5;10;0.76;move
14564;3815.47;1398.46;3819.33;1384.42;3783.91;1374.67;3780.04;1388.71;10;0.76;move
14572;966.81;1202.79;966.97;1188.18;934.72;1187.84;934.56;1202.44;10;0.44;stop
14580;323.12;1396.94;325.36;1370.76;312.03;1369.62;309.8;1395.8;10;0.65;move
14582;2481.53;1793.4;2483.69;1756.83;2469.22;1755.98;2467.06;1792.54;9;0.41;stop
14584;3435.1433333333334;597.0266666666666;3463.616666666667;595.45;3462.9800000000005;583.9100000000001;3434.506666666667;585.4866666666667;10;0.41333333333333333;stop
14587;3789.6880000000006;55.402;3799.714;30.152;3787.192;25.171999999999997;3777.158;50.43;10;0.37399999999999994;stop
14589;2159.71;1232.415;2160.17;1219.35;2149.04;1218.955;2148.58;1232.025;10;0.65;stop
14590;907.13;1901.62;934.89;1897.62;933.09;1885.13;905.33;1889.13;10;0.39;stop
14591;2106.67;1134.71;2106.94;1123.59;2089.58;1123.17;2089.31;1134.28;10;0.44;stop
14592;3274.38;1404.96;3315.48;1398.01;3312.5;1380.35;3271.39;1387.3;10;0.42;stop
14593;1554.02;685.3399999999999;1578.395;669.505;1571.23;658.475;1546.855;674.31;10;0.38;stop
14601;3299.54;604.95;3300.45;590.74;3279.83;589.43;3278.93;603.64;10;0.42;stop
14604;630.3381818181817;101.77636363636364;630.3754545454545;89.56636363636363;604.4363636363636;89.47363636363636;604.3909090909091;101.68363636363635;10;0.35;stop
14613;1452.75;1110.84;1453.11;1097.24;1421.62;1096.41;1421.27;1110.01;9;0.55;stop
14614;892.77;1602.17;893.41;1577.41;880.8;1577.08;880.15;1601.84;10;0.37;stop
