vehicle_id;veh_bb_x1;veh_bb_y1;veh_bb_x2;veh_bb_y2;veh_bb_x3;veh_bb_y3;veh_bb_x4;veh_bb_y4;det_class;conf_score;state
1;2699.28;1099.55;2700.25;1087.33;2673.35;1085.2;2672.38;1097.42;10;0.84;stop
2;1989.91;1945.1;1994.84;1913.51;1981.34;1911.4;1976.41;1942.99;10;0.83;stop
3;2989.31;1256.28;2991.67;1241.79;2960.44;1236.72;2958.08;1251.21;10;0.83;stop
5;1866.36;293.63;1880.24;292.45;1877.54;260.99;1863.67;262.18;10;0.8;move
7;2986.94;1130.49;2988.91;1119.34;2963.38;1114.82;2961.4;1125.98;10;0.79;stop
9;2741.92;1102.4;2743.08;1089.72;2711.71;1086.85;2710.55;1099.53;10;0.83;stop
10;3711.03;1379.22;3714.39;1364.9;3680.22;1356.87;3676.86;1371.19;10;0.82;stop
13;2851.32;1111.02;2852.7;1098.21;2823.93;1095.11;2822.55;1107.92;10;0.83;stop
14;2691.91;1116.03;2692.85;1103.31;2663.68;1101.16;2662.74;1113.88;10;0.82;stop
15;2915.92;1119.19;2917.49;1107.55;2889.83;1103.81;2888.26;1115.45;10;0.79;stop
16;2498.42;1216.1;2498.6;1203.04;2470.33;1202.65;2470.15;1215.71;10;0.82;stop
17;1947.0;1520.29;1959.08;1518.23;1954.5;1491.34;1942.42;1493.39;10;0.81;stop
18;1976.08;1982.6;1984.61;1951.88;1971.17;1948.15;1962.64;1978.87;10;0.83;stop
21;1807.43;887.19;1822.29;886.95;1821.82;857.69;1806.96;857.93;10;0.81;stop
22;1698.57;1109.19;1698.57;1096.93;1671.93;1096.93;1671.93;1109.19;10;0.82;stop
23;2556.27;1113.44;2557.19;1099.16;2526.1;1097.18;2525.19;1111.46;10;0.82;stop
24;2645.16;1134.93;2645.37;1122.26;2619.47;1121.82;2619.25;1134.49;10;0.8;stop
26;3384.25;1092.3;3386.86;1079.58;3356.38;1073.33;3353.77;1086.04;10;0.82;stop
27;1986.49;1369.55;2000.17;1368.75;1998.45;1339.45;1984.76;1340.25;10;0.76;stop
28;1288.89;1719.88;1289.31;1707.76;1263.73;1706.87;1263.31;1718.99;10;0.82;stop
29;1936.57;1857.11;1940.86;1825.83;1926.68;1823.89;1922.39;1855.17;10;0.83;stop
30;2885.16;1115.24;2886.59;1102.46;2857.03;1099.13;2855.59;1111.92;10;0.78;stop
31;1976.71;1475.34;1991.16;1474.89;1990.23;1444.6;1975.78;1445.05;10;0.81;stop
32;1927.84;742.7;1941.35;741.22;1937.66;707.43;1924.15;708.9;10;0.82;stop
33;2285.22;1114.03;2313.92;1112.89;2313.41;1099.97;2284.71;1101.11;10;0.78;move
34;2807.33;1123.84;2808.65;1110.82;2774.77;1107.41;2773.46;1120.43;10;0.82;stop
37;1672.83;1143.1;1704.63;1142.62;1704.42;1128.28;1672.62;1128.75;10;0.81;move
38;2566.36;1215.58;2566.43;1202.19;2538.52;1202.04;2538.44;1215.43;10;0.81;stop
39;2742.56;1117.64;2743.45;1105.19;2714.44;1103.11;2713.55;1115.56;10;0.83;stop
40;1359.91;1721.38;1360.33;1708.51;1333.34;1707.62;1332.92;1720.49;10;0.81;stop
41;1341.83;1117.69;1367.23;1117.58;1367.17;1105.31;1341.77;1105.42;10;0.82;stop
42;1783.58;1141.27;1813.14;1141.07;1813.05;1126.73;1783.48;1126.93;10;0.7;move
43;2552.15;1130.22;2553.15;1117.76;2522.35;1115.28;2521.35;1127.74;10;0.81;stop
44;2903.07;1358.97;2909.66;1346.6;2880.18;1330.91;2873.59;1343.27;10;0.81;stop
45;2870.31;1152.0;2871.95;1136.67;2836.44;1132.87;2834.8;1148.2;10;0.81;stop
46;1205.25;1893.06;1215.57;1885.16;1200.57;1865.56;1190.24;1873.46;10;0.76;stop
49;3042.13;1138.23;3043.77;1126.7;3017.87;1123.02;3016.23;1134.55;10;0.82;stop
50;2755.17;1140.64;2756.27;1127.62;2726.58;1125.11;2725.48;1138.13;10;0.8;stop
51;3673.77;1368.78;3677.22;1356.03;3646.23;1347.63;3642.78;1360.38;10;0.79;stop
52;571.48;680.92;573.35;670.12;549.77;666.03;547.9;676.83;10;0.81;stop
53;839.51;1127.86;867.97;1126.88;867.54;1114.26;839.08;1115.24;10;0.81;stop
55;960.54;1150.08;990.09;1148.65;989.46;1135.54;959.91;1136.97;10;0.77;move
57;1492.32;1685.08;1492.68;1672.74;1465.31;1671.92;1464.94;1684.26;10;0.8;stop
58;1848.71;2117.69;1860.42;2092.87;1849.17;2087.56;1837.46;2112.38;10;0.8;stop
60;3714.18;1355.37;3717.57;1340.16;3680.82;1331.97;3677.43;1347.18;10;0.8;move
61;1927.22;497.49;1941.21;496.05;1938.28;467.76;1924.29;469.2;10;0.81;stop
62;1649.15;1229.9;1650.57;1217.94;1623.48;1214.73;1622.06;1226.68;10;0.79;stop
63;795.42;1242.42;822.37;1241.19;821.77;1228.08;794.82;1229.31;10;0.8;stop
64;2238.87;1099.5;2238.99;1087.76;2214.07;1087.5;2213.94;1099.24;10;0.82;stop
65;2639.74;1116.76;2639.83;1101.93;2608.01;1101.74;2607.92;1116.57;10;0.8;stop
66;2872.53;1237.06;2874.63;1216.74;2818.47;1210.94;2816.37;1231.26;9;0.81;stop
67;2951.12;1248.91;2952.95;1235.3;2919.51;1230.78;2917.67;1244.39;10;0.8;stop
68;1977.35;1558.39;1989.86;1557.3;1987.15;1526.36;1974.64;1527.45;10;0.78;stop
69;1865.76;2084.38;1875.54;2056.44;1863.52;2052.24;1853.75;2080.18;10;0.8;stop
70;3252.36;124.89;3284.85;120.79;3282.95;105.73;3250.46;109.83;10;0.81;stop
71;1955.52;907.96;1968.97;905.58;1963.98;877.42;1950.53;879.8;10;0.8;stop
72;2879.94;1180.76;2881.36;1168.24;2851.56;1164.86;2850.14;1177.39;10;0.81;stop
73;2997.89;1170.71;3000.69;1150.06;2942.11;1142.11;2939.31;1162.75;9;0.82;stop
75;3080.3;1182.74;3082.05;1169.44;3049.45;1165.14;3047.7;1178.44;10;0.79;stop
77;567.73;1476.42;569.44;1463.57;541.33;1459.83;539.62;1472.68;10;0.8;stop
78;809.02;1128.42;835.71;1127.13;835.17;1115.95;808.48;1117.24;10;0.79;stop
79;2961.18;1188.68;2962.89;1176.11;2932.42;1171.95;2930.7;1184.52;10;0.82;stop
80;1236.43;1548.34;1239.65;1519.94;1226.19;1518.41;1222.98;1546.81;10;0.8;stop
81;2615.88;1097.63;2616.81;1084.78;2586.87;1082.62;2585.94;1095.47;10;0.79;stop
83;1859.41;961.82;1873.04;960.73;1870.72;931.56;1857.08;932.64;10;0.8;stop
84;1790.37;772.56;1803.31;771.26;1800.68;745.06;1787.74;746.36;10;0.79;stop
85;1951.63;797.37;1963.21;796.33;1961.03;772.01;1949.45;773.05;10;0.79;stop
87;1046.25;1241.64;1046.4;1228.04;1018.13;1227.74;1017.98;1241.34;10;0.8;stop
89;2574.97;1216.13;2598.56;1216.06;2598.53;1203.74;2574.94;1203.81;10;0.81;stop
90;2765.39;1222.91;2766.01;1210.66;2739.99;1209.34;2739.37;1221.59;10;0.79;stop
91;2003.18;1410.77;2003.43;1378.22;1988.32;1378.1;1988.07;1410.66;10;0.81;stop
92;1970.87;1517.41;1983.64;1516.84;1982.38;1488.59;1969.61;1489.16;10;0.79;stop
93;1105.62;733.25;1106.24;721.14;1078.01;719.69;1077.39;731.8;10;0.79;stop
94;754.19;1137.48;765.77;1110.99;754.25;1105.95;742.67;1132.45;10;0.8;stop
95;896.23;1239.55;896.35;1227.29;868.14;1227.01;868.02;1239.27;10;0.8;stop
97;3495.39;1293.9;3498.52;1279.21;3469.3;1272.98;3466.16;1287.66;10;0.81;move
99;3028.75;1261.52;3030.7;1247.26;2997.5;1242.73;2995.55;1256.99;10;0.8;stop
100;1256.9;81.29;1283.93;81.26;1283.92;68.34;1256.88;68.37;10;0.8;stop
101;1794.38;803.71;1807.58;802.05;1803.98;773.54;1790.78;775.2;10;0.8;stop
103;1833.34;2157.14;1847.46;2129.83;1835.19;2123.48;1821.07;2150.8;10;0.79;stop
104;3186.55;1400.38;3196.21;1370.12;3180.95;1365.25;3171.29;1395.5;10;0.81;stop
105;2093.78;658.96;2124.27;655.78;2122.9;642.67;2092.41;645.85;10;0.8;stop
106;1796.38;660.36;1808.98;659.53;1807.18;632.27;1794.58;633.1;10;0.79;stop
107;1823.21;1016.44;1824.23;985.38;1810.54;984.93;1809.52;1015.99;10;0.8;stop
108;1555.03;1111.63;1555.04;1099.01;1528.6;1098.99;1528.59;1111.61;10;0.8;stop
109;2542.55;606.67;2568.4;603.41;2566.82;590.89;2540.97;594.15;10;0.8;stop
110;2920.59;1159.97;2922.44;1144.59;2889.66;1140.65;2887.81;1156.03;10;0.8;stop
112;1881.7;2043.05;1891.92;2017.08;1880.49;2012.58;1870.27;2038.55;10;0.79;stop
113;1949.38;769.02;1962.97;767.51;1959.62;737.35;1946.03;738.87;10;0.82;stop
114;1812.02;850.81;1824.82;850.26;1823.61;822.06;1810.81;822.61;10;0.78;stop
115;2503.53;1188.28;2503.61;1174.41;2473.1;1174.22;2473.01;1188.09;10;0.8;move
116;1879.11;502.85;1891.43;501.9;1889.26;473.65;1876.94;474.6;10;0.79;move
117;2460.9;1216.39;2460.94;1202.45;2432.48;1202.36;2432.44;1216.3;10;0.8;stop
118;1970.26;1422.94;1983.91;1422.56;1982.99;1390.12;1969.34;1390.51;10;0.79;stop
119;1890.78;120.48;1903.76;118.92;1900.47;91.59;1887.49;93.15;10;0.8;stop
120;1763.18;390.02;1778.43;388.81;1776.07;359.23;1760.82;360.44;10;0.81;stop
121;3335.53;542.97;3363.6;539.34;3361.97;526.72;3333.9;530.34;10;0.79;stop
122;941.21;1127.05;970.16;1125.8;969.61;1112.83;940.65;1114.07;10;0.79;stop
123;3416.82;1280.85;3419.35;1268.21;3391.3;1262.59;3388.77;1275.23;10;0.82;move
124;2842.36;1176.1;2843.59;1163.03;2813.11;1160.15;2811.88;1173.22;10;0.82;stop
126;2708.27;1137.48;2709.25;1124.72;2682.35;1122.65;2681.37;1135.41;10;0.8;stop
128;2195.44;649.61;2225.68;646.57;2224.31;632.89;2194.07;635.93;10;0.73;stop
129;1946.58;1454.73;1959.95;1453.04;1956.24;1423.58;1942.86;1425.27;10;0.79;stop
131;2733.0;1221.1;2733.54;1207.93;2702.63;1206.65;2702.08;1219.82;10;0.79;stop
133;1916.52;1694.91;1945.36;1688.07;1942.13;1674.46;1913.3;1681.3;10;0.8;stop
134;1027.96;729.41;1028.68;718.33;1004.92;716.78;1004.19;727.86;10;0.79;stop
135;3018.7;146.88;3047.55;143.27;3045.8;129.31;3016.95;132.92;10;0.79;stop
136;2802.22;169.05;2831.09;165.75;2829.58;152.51;2800.7;155.81;10;0.79;stop
137;1067.6;730.47;1068.31;718.93;1043.46;717.4;1042.75;728.95;10;0.79;stop
138;974.36;1124.41;999.14;1123.87;998.89;1112.09;974.11;1112.63;10;0.8;stop
139;1991.57;1137.37;2018.19;1137.21;2018.11;1125.01;1991.5;1125.16;10;0.8;move
140;3064.44;1265.49;3065.92;1251.82;3038.68;1248.89;3037.21;1262.55;10;0.79;stop
141;2923.95;1415.84;2933.8;1404.44;2906.55;1380.91;2896.7;1392.31;10;0.8;stop
142;1795.39;622.04;1807.84;619.45;1802.55;594.08;1790.1;596.68;10;0.82;stop
143;1954.38;833.29;1967.49;832.21;1965.12;803.58;1952.01;804.67;10;0.8;stop
144;905.28;1127.16;931.93;1125.84;931.28;1112.71;904.63;1114.03;10;0.79;stop
145;1696.04;1228.89;1722.97;1228.6;1722.83;1215.73;1695.9;1216.02;10;0.78;stop
146;2668.92;1098.03;2669.5;1084.63;2639.58;1083.34;2639.0;1096.74;10;0.81;stop
147;1903.79;1727.61;1904.34;1714.88;1878.46;1713.77;1877.91;1726.5;10;0.8;stop
148;2663.68;597.61;2693.69;593.92;2692.07;580.82;2662.06;584.52;10;0.79;stop
149;1424.87;1235.74;1424.93;1222.5;1398.88;1222.38;1398.82;1235.62;10;0.8;stop
153;1859.63;1725.11;1859.9;1710.05;1829.24;1709.51;1828.98;1724.57;10;0.8;stop
154;2071.7;1732.25;2072.44;1719.84;2043.74;1718.13;2042.99;1730.53;10;0.76;stop
155;1226.46;84.22;1251.06;82.52;1250.23;70.47;1225.63;72.17;10;0.78;stop
156;1830.9;924.37;1844.02;922.93;1841.01;895.32;1827.88;896.76;10;0.78;stop
157;1272.99;1120.48;1304.03;1120.01;1303.82;1105.89;1272.78;1106.37;10;0.8;stop
159;2190.96;1099.29;2191.03;1087.86;2166.91;1087.71;2166.84;1099.14;10;0.76;stop
160;2231.75;1116.36;2231.84;1104.59;2206.0;1104.39;2205.91;1116.16;10;0.81;move
161;495.64;1675.62;496.15;1663.92;470.92;1662.82;470.41;1674.51;10;0.79;stop
162;1276.49;1683.96;1276.93;1671.69;1251.38;1670.79;1250.95;1683.06;10;0.78;stop
163;1856.25;995.5;1867.09;994.12;1864.12;971.0;1853.29;972.38;10;0.75;stop
164;1431.65;1115.35;1431.75;1103.38;1404.47;1103.15;1404.37;1115.12;10;0.78;stop
166;3627.14;1248.47;3631.3;1234.84;3600.98;1225.59;3596.82;1239.22;10;0.79;stop
167;805.1;2052.26;818.14;2052.06;817.71;2023.99;804.67;2024.19;10;0.8;stop
168;1970.95;1383.66;1984.28;1382.79;1982.3;1352.34;1968.97;1353.21;10;0.8;stop
169;3467.19;1320.7;3470.14;1307.28;3438.43;1300.31;3435.49;1313.73;10;0.8;stop
170;1920.16;347.79;1931.77;346.87;1929.78;321.59;1918.16;322.5;10;0.77;stop
171;1861.63;1032.14;1869.89;1007.91;1858.74;1004.11;1850.49;1028.34;10;0.77;stop
172;606.6;1242.06;606.89;1229.81;581.21;1229.19;580.92;1241.44;10;0.79;stop
173;1462.98;956.33;1463.88;944.63;1438.4;942.67;1437.5;954.37;10;0.78;stop
174;734.49;1064.87;761.21;1064.04;760.85;1052.38;734.13;1053.21;10;0.79;stop
175;1937.47;820.3;1950.08;819.45;1948.28;792.95;1935.67;793.8;10;0.81;stop
176;2391.55;1112.51;2419.78;1112.36;2419.7;1099.24;2391.47;1099.39;10;0.76;move
177;2110.72;1221.56;2139.54;1220.74;2139.16;1207.31;2110.34;1208.13;10;0.78;stop
178;1425.88;1721.32;1426.66;1709.32;1401.24;1707.68;1400.47;1719.68;10;0.73;stop
179;2697.05;1198.55;2697.62;1184.78;2670.08;1183.64;2669.51;1197.41;10;0.74;move
182;2445.09;1093.61;2471.13;1092.91;2470.78;1079.89;2444.74;1080.59;10;0.78;stop
184;1828.96;831.72;1841.92;830.62;1839.67;804.03;1826.71;805.13;10;0.77;stop
185;834.7;1241.02;859.73;1240.25;859.37;1228.36;834.33;1229.13;10;0.79;stop
186;979.33;1242.52;1008.67;1242.28;1008.55;1227.98;979.21;1228.22;10;0.69;stop
187;3063.87;1029.19;3098.92;1025.63;3097.38;1010.44;3062.33;1013.99;10;0.8;stop
188;2866.82;1343.78;2871.31;1330.29;2837.68;1319.1;2833.19;1332.58;10;0.8;stop
190;3527.64;985.67;3558.06;983.15;3557.05;970.89;3526.62;973.41;10;0.78;stop
191;3271.51;1048.44;3285.59;1019.65;3272.24;1013.12;3258.16;1041.91;10;0.79;stop
193;1831.97;875.41;1845.97;874.46;1843.87;843.59;1829.87;844.54;10;0.82;stop
194;1854.03;860.62;1866.71;859.49;1864.09;830.25;1851.41;831.39;10;0.77;stop
195;2656.24;636.22;2687.68;633.99;2686.69;620.03;2655.25;622.26;10;0.77;stop
198;1930.1;1013.87;1943.38;1011.44;1937.55;979.63;1924.28;982.06;10;0.79;move
199;3587.14;1346.65;3591.86;1334.7;3563.18;1323.35;3558.45;1335.3;10;0.8;stop
200;1982.39;1587.26;1995.03;1586.36;1993.36;1562.74;1980.72;1563.64;10;0.77;stop
201;3197.76;1242.41;3199.15;1228.15;3167.87;1225.09;3166.47;1239.35;10;0.81;move
203;2185.76;1221.09;2215.83;1214.42;2212.61;1199.91;2182.55;1206.58;10;0.81;stop
204;2146.63;1371.64;2176.14;1368.32;2174.68;1355.36;2145.18;1358.68;10;0.78;stop
205;3126.85;1019.09;3151.23;1009.95;3146.9;998.41;3122.52;1007.55;10;0.79;stop
206;755.77;2053.84;768.71;2053.38;767.67;2024.28;754.73;2024.74;10;0.78;stop
207;1370.66;82.59;1386.21;72.88;1376.59;57.48;1361.04;67.18;10;0.71;stop
208;1756.5;430.78;1784.84;415.86;1778.58;403.97;1750.24;418.89;10;0.79;move
210;1662.82;1228.61;1688.78;1228.13;1688.56;1216.02;1662.6;1216.5;10;0.78;stop
211;1467.6;1233.52;1492.06;1231.59;1491.15;1220.11;1466.69;1222.04;10;0.76;stop
212;2570.53;603.39;2596.07;601.3;2595.1;589.39;2569.55;591.48;10;0.76;stop
213;2197.13;1157.04;2224.7;1156.18;2224.31;1143.59;2196.74;1144.44;10;0.79;stop
214;1968.49;1332.25;1980.93;1331.06;1978.2;1302.5;1965.76;1303.69;10;0.81;stop
215;3404.06;1303.69;3408.25;1291.24;3380.63;1281.93;3376.43;1294.38;10;0.79;stop
216;2501.49;1724.59;2502.15;1692.32;2488.64;1692.04;2487.97;1724.31;10;0.77;stop
218;1921.81;387.91;1937.44;370.19;1928.69;362.47;1913.06;380.18;10;0.79;stop
219;1796.08;840.27;1809.21;839.59;1807.62;808.98;1794.5;809.66;10;0.77;stop
220;2833.83;583.51;2862.34;579.46;2860.54;566.8;2832.03;570.85;10;0.78;stop
221;435.27;1136.54;461.57;1136.27;461.45;1124.71;435.15;1124.98;10;0.79;stop
222;539.27;1134.63;567.0;1134.58;566.98;1121.93;539.25;1121.98;10;0.8;stop
223;168.97;1247.97;219.83;1247.45;219.62;1227.96;168.77;1228.49;9;0.72;stop
225;1901.82;1302.51;1912.9;1300.22;1907.43;1273.74;1896.35;1276.03;10;0.78;stop
227;2807.2;1145.42;2808.5;1132.22;2779.18;1129.33;2777.88;1142.53;10;0.83;stop
228;800.01;2051.98;800.64;2023.63;787.18;2023.33;786.55;2051.68;10;0.8;stop
229;2012.36;1757.21;2013.66;1727.54;1999.39;1726.91;1998.09;1756.59;10;0.81;stop
230;1777.31;583.24;1789.97;581.83;1787.01;555.26;1774.36;556.67;10;0.77;stop
231;1883.13;1015.83;1894.68;1014.74;1892.37;990.05;1880.82;991.13;10;0.77;stop
232;1892.0;717.11;1904.19;715.94;1901.5;688.01;1889.31;689.19;10;0.79;move
234;1123.69;1149.56;1149.19;1148.72;1148.81;1137.0;1123.3;1137.85;10;0.79;move
235;2492.17;1130.62;2492.82;1117.49;2463.08;1116.0;2462.43;1129.14;10;0.78;move
236;2890.52;580.42;2921.21;576.55;2919.64;564.03;2888.94;567.91;10;0.78;stop
237;2886.82;1133.11;2888.32;1121.23;2862.68;1118.01;2861.18;1129.89;10;0.76;stop
239;1257.05;1720.5;1257.71;1707.58;1232.01;1706.25;1231.35;1719.17;10;0.75;stop
240;1323.92;1720.2;1324.03;1709.04;1300.71;1708.8;1300.59;1719.96;10;0.72;stop
241;1392.8;1721.44;1393.15;1709.42;1367.95;1708.69;1367.6;1720.7;10;0.75;stop
242;1976.35;1671.76;1989.54;1671.72;1989.46;1646.99;1976.28;1647.03;10;0.8;stop
243;1828.69;515.55;1841.55;514.32;1838.81;485.7;1825.95;486.93;10;0.75;stop
244;1806.54;779.62;1818.81;777.98;1814.84;748.13;1802.56;749.77;10;0.76;stop
245;3510.81;97.3;3544.31;94.07;3542.94;79.89;3509.44;83.12;10;0.78;stop
246;2770.32;588.81;2797.13;586.68;2796.09;573.69;2769.28;575.82;10;0.79;stop
247;260.64;1135.96;288.27;1135.94;288.26;1124.35;260.64;1124.37;10;0.77;stop
248;1502.28;1043.64;1504.33;1012.59;1491.35;1011.74;1489.3;1042.78;10;0.77;stop
249;1776.51;1171.75;1776.7;1157.41;1745.77;1157.0;1745.58;1171.34;10;0.8;stop
250;1434.7;1236.23;1461.67;1234.96;1461.05;1221.89;1434.08;1223.17;10;0.78;stop
252;1728.56;1687.45;1728.95;1674.97;1699.68;1674.05;1699.29;1686.53;10;0.79;stop
253;3409.92;108.62;3442.63;105.59;3441.33;91.54;3408.62;94.56;10;0.78;stop
254;918.28;725.39;919.0;713.63;892.97;712.03;892.25;723.79;10;0.75;stop
255;1141.17;1121.72;1165.37;1121.11;1165.08;1109.53;1140.88;1110.14;10;0.78;stop
259;2119.07;1158.18;2150.67;1157.78;2150.49;1143.57;2118.89;1143.97;10;0.76;stop
260;2062.55;1221.98;2093.33;1221.68;2093.2;1208.02;2062.42;1208.32;10;0.79;stop
261;2493.82;1112.64;2494.0;1098.37;2462.55;1097.98;2462.38;1112.26;10;0.81;stop
262;3491.56;616.07;3500.26;586.13;3486.25;582.06;3477.55;611.99;10;0.79;stop
264;1898.76;234.15;1911.14;233.88;1910.49;204.6;1898.11;204.87;10;0.78;stop
265;1880.37;949.63;1893.6;948.27;1890.63;919.55;1877.4;920.92;10;0.79;stop
266;2440.95;614.57;2469.27;611.92;2468.17;600.15;2439.85;602.79;10;0.77;stop
268;1785.67;471.11;1798.13;469.88;1795.21;440.14;1782.74;441.37;10;0.78;stop
269;1902.46;99.19;1915.25;97.87;1912.32;69.56;1899.53;70.88;10;0.77;stop
270;757.3;1087.43;761.1;1076.56;738.95;1068.82;735.15;1079.69;10;0.77;stop
273;1232.38;1590.59;1235.61;1560.78;1222.94;1559.41;1219.7;1589.22;10;0.77;stop
274;1450.38;1113.32;1474.98;1112.57;1474.62;1100.68;1450.02;1101.43;10;0.76;stop
275;3066.51;1233.8;3068.32;1219.18;3034.28;1214.95;3032.46;1229.57;10;0.79;move
277;2190.15;1135.38;2216.9;1134.87;2216.66;1122.5;2189.92;1123.0;10;0.81;move
278;3197.11;1365.9;3206.76;1336.08;3191.95;1331.28;3182.3;1361.11;10;0.78;stop
279;1847.08;790.06;1859.89;788.87;1857.45;762.44;1844.64;763.63;10;0.72;stop
281;2409.9;617.42;2437.23;615.11;2436.22;603.2;2408.9;605.52;10;0.73;stop
282;345.87;1139.65;372.01;1139.19;371.79;1126.29;345.64;1126.75;10;0.78;stop
283;1503.46;1007.0;1505.28;980.56;1493.54;979.75;1491.72;1006.19;10;0.78;stop
284;1934.63;784.56;1946.69;783.63;1944.28;752.19;1932.21;753.12;10;0.81;stop
285;3000.75;1195.4;3002.34;1183.87;2975.81;1180.22;2974.22;1191.76;10;0.79;stop
286;1908.13;168.54;1920.37;166.97;1916.87;139.71;1904.63;141.28;10;0.78;stop
287;1849.62;822.91;1861.6;821.62;1858.85;795.97;1846.87;797.25;10;0.78;stop
288;1803.48;743.16;1816.72;742.18;1814.52;712.59;1801.28;713.57;10;0.76;stop
289;1744.86;79.78;1756.82;78.79;1754.78;54.09;1742.82;55.08;10;0.8;stop
291;1698.83;662.04;1699.41;649.92;1671.67;648.58;1671.09;660.7;10;0.77;stop
292;2081.21;1160.68;2112.67;1160.13;2112.41;1145.57;2080.95;1146.12;10;0.78;stop
293;2333.13;1217.86;2362.82;1216.58;2362.25;1203.14;2332.55;1204.42;10;0.78;stop
294;2816.81;1227.85;2817.83;1214.4;2789.82;1212.27;2788.8;1225.72;10;0.77;stop
295;1927.61;1890.21;1930.98;1866.62;1919.89;1865.04;1916.52;1888.63;10;0.79;stop
296;1825.02;1724.81;1825.73;1712.65;1796.35;1710.94;1795.64;1723.1;10;0.76;stop
297;3008.59;1481.79;3025.77;1469.09;2992.91;1424.65;2975.73;1437.35;9;0.76;stop
298;1823.36;755.46;1837.39;754.42;1835.14;723.92;1821.11;724.95;10;0.75;stop
299;1925.87;548.45;1939.25;547.49;1937.38;521.42;1924.0;522.38;10;0.78;stop
300;2335.9;623.21;2361.98;620.41;2360.6;607.54;2334.52;610.34;10;0.77;stop
301;533.88;1140.14;533.99;1129.8;510.5;1129.55;510.38;1139.89;10;0.79;stop
302;1710.03;1171.32;1736.01;1170.96;1735.84;1158.55;1709.86;1158.91;10;0.81;stop
303;1893.15;1273.41;1903.82;1269.93;1895.85;1245.47;1885.18;1248.94;10;0.78;stop
304;1812.32;922.2;1824.12;921.11;1821.62;894.12;1809.82;895.21;10;0.77;stop
305;1578.59;1143.98;1606.56;1143.37;1606.29;1130.77;1578.31;1131.38;10;0.8;move
306;2319.46;1134.33;2349.52;1133.04;2348.92;1119.04;2318.85;1120.33;10;0.79;move
307;3782.55;930.42;3812.52;927.47;3811.2;914.11;3781.23;917.06;10;0.75;stop
308;1965.82;1292.38;1977.47;1291.61;1975.81;1266.43;1964.15;1267.2;10;0.74;stop
309;744.66;1713.19;770.19;1712.96;770.08;1701.18;744.56;1701.42;10;0.76;stop
310;2490.03;1675.79;2504.32;1675.33;2503.47;1648.59;2489.18;1649.04;10;0.76;stop
311;1131.27;92.15;1156.78;91.41;1156.42;78.85;1130.9;79.59;10;0.78;stop
312;1929.56;451.65;1941.54;451.1;1940.44;426.98;1928.46;427.52;10;0.75;stop
314;205.74;1141.5;230.63;1141.09;230.44;1129.12;205.54;1129.53;10;0.77;stop
315;1495.46;954.85;1500.03;942.2;1471.16;931.77;1466.6;944.42;10;0.76;stop
316;1929.16;1526.49;1940.66;1524.98;1937.65;1502.01;1926.15;1503.52;10;0.77;stop
317;2414.25;1359.33;2439.04;1358.49;2438.62;1346.29;2413.84;1347.14;10;0.78;stop
318;3739.51;932.52;3770.47;930.96;3769.87;919.04;3738.91;920.6;10;0.75;stop
319;3252.09;1083.55;3264.59;1058.13;3252.29;1052.08;3239.78;1077.5;10;0.75;stop
320;2902.27;1240.7;2904.13;1227.86;2878.73;1224.17;2876.87;1237.01;10;0.77;stop
321;1985.55;1326.42;1998.44;1325.35;1996.01;1295.96;1983.12;1297.02;10;0.81;stop
322;1748.18;110.0;1759.45;109.04;1757.32;84.06;1746.05;85.03;10;0.76;stop
323;1877.8;911.59;1890.95;910.44;1888.33;880.53;1875.18;881.68;10;0.79;stop
324;3607.56;304.01;3619.15;274.63;3605.56;269.27;3593.97;298.65;10;0.77;stop
325;408.06;1136.7;432.38;1135.75;431.94;1124.55;407.62;1125.5;10;0.77;stop
326;233.49;1244.19;259.34;1243.86;259.17;1230.81;233.32;1231.14;10;0.77;stop
327;1852.53;1511.7;1881.6;1506.05;1879.1;1493.17;1850.02;1498.82;10;0.77;stop
328;3070.44;1207.5;3072.61;1194.69;3042.99;1189.69;3040.83;1202.5;10;0.58;stop
330;3232.26;1356.53;3250.79;1332.71;3239.3;1323.78;3220.78;1347.6;10;0.76;stop
331;771.68;2053.25;784.18;2052.99;783.63;2026.75;771.13;2027.01;10;0.78;stop
332;1985.36;1288.26;1998.87;1287.41;1997.14;1259.86;1983.63;1260.72;10;0.73;stop
333;2360.21;1185.24;2385.84;1185.12;2385.79;1172.76;2360.16;1172.88;10;0.79;move
334;1604.62;1110.39;1626.98;1109.18;1626.38;1097.99;1604.02;1099.2;10;0.8;stop
335;733.77;1242.37;758.58;1241.6;758.23;1230.38;733.42;1231.15;10;0.78;stop
336;2733.94;590.47;2759.66;586.9;2757.93;574.47;2732.22;578.04;10;0.77;stop
337;2155.34;1158.64;2186.32;1158.42;2186.22;1144.24;2155.25;1144.45;10;0.77;stop
338;1716.43;1724.79;1716.99;1712.14;1690.4;1710.96;1689.84;1723.61;10;0.74;stop
339;1755.51;277.8;1766.86;277.29;1765.74;252.08;1754.39;252.58;10;0.77;stop
340;1869.38;861.14;1887.56;859.78;1883.62;807.23;1865.44;808.59;9;0.79;stop
341;1743.01;50.33;1755.36;49.14;1752.76;22.23;1740.42;23.42;10;0.79;stop
342;2921.63;1183.97;2922.98;1170.52;2890.87;1167.28;2889.52;1180.73;10;0.81;stop
343;2298.85;1219.05;2326.03;1218.24;2325.65;1205.32;2298.47;1206.14;10;0.76;stop
344;2948.1;1124.05;2949.77;1111.53;2922.9;1107.95;2921.23;1120.47;10;0.75;stop
345;1779.95;390.14;1791.39;389.47;1789.87;363.61;1778.43;364.28;10;0.76;stop
346;1499.3;1076.11;1501.42;1048.88;1488.7;1047.89;1486.58;1075.12;10;0.75;stop
347;1150.09;1241.51;1180.8;1240.5;1180.35;1226.74;1149.64;1227.75;10;0.76;stop
348;2223.31;1219.9;2251.15;1218.35;2250.44;1205.6;2222.6;1207.15;10;0.77;stop
349;3287.19;1016.18;3302.47;991.34;3291.25;984.44;3275.97;1009.29;10;0.78;stop
350;2646.38;1385.09;2659.32;1383.18;2655.04;1354.28;2642.1;1356.2;10;0.78;stop
351;1854.61;903.0;1867.11;901.29;1863.52;875.06;1851.01;876.77;10;0.78;stop
352;3780.24;71.9;3809.7;67.95;3807.88;54.42;3778.43;58.37;10;0.77;stop
353;3281.2;957.82;3299.26;936.25;3288.8;927.49;3270.74;949.06;10;0.77;stop
354;3033.63;1172.73;3035.35;1159.95;3006.12;1156.02;3004.4;1168.8;10;0.81;stop
355;754.49;134.94;777.3;134.46;777.05;122.68;754.24;123.16;10;0.77;stop
356;377.6;1138.69;402.89;1137.59;402.4;1126.31;377.11;1127.41;10;0.76;stop
357;1430.03;954.62;1430.41;942.99;1403.84;942.13;1403.47;953.76;10;0.75;stop
359;3428.93;786.87;3440.1;757.92;3426.06;752.51;3414.9;781.45;10;0.77;stop
360;3403.38;955.87;3432.14;955.41;3431.93;942.56;3403.18;943.03;10;0.77;stop
361;3564.14;984.86;3596.86;981.73;3595.55;967.95;3562.82;971.08;10;0.78;stop
362;1228.45;1626.48;1230.25;1598.57;1217.86;1597.77;1216.06;1625.68;10;0.75;stop
363;1989.95;1751.9;1991.96;1726.44;1979.8;1725.48;1977.79;1750.94;10;0.82;move
364;2005.21;1637.52;2018.5;1636.81;2016.85;1605.85;2003.56;1606.56;10;0.75;stop
365;2165.08;635.52;2192.96;632.69;2191.67;619.98;2163.79;622.81;10;0.78;stop
366;2800.28;586.56;2827.75;583.42;2826.36;571.25;2798.89;574.39;10;0.76;stop
367;71.26;1243.71;101.93;1243.21;101.71;1230.35;71.04;1230.85;10;0.74;stop
369;3212.3;1000.91;3242.69;988.86;3237.7;976.28;3207.31;988.33;10;0.79;stop
370;2797.66;1104.54;2798.75;1092.24;2775.07;1090.14;2773.98;1102.45;10;0.77;stop
371;3343.43;1138.97;3346.12;1126.68;3317.51;1120.41;3314.81;1132.7;10;0.79;stop
372;2561.6;191.25;2590.7;188.3;2589.4;175.5;2560.3;178.45;10;0.75;stop
373;1758.92;320.4;1771.71;319.0;1768.84;292.72;1756.05;294.12;10;0.77;stop
374;1830.57;969.13;1842.95;968.66;1841.9;941.12;1829.51;941.59;10;0.74;stop
375;2061.63;668.01;2087.15;664.31;2085.31;651.62;2059.79;655.32;10;0.77;stop
376;2834.84;162.63;2858.56;160.81;2857.66;149.08;2833.94;150.91;10;0.76;stop
377;1085.2;1122.17;1112.42;1121.91;1112.3;1109.08;1085.08;1109.34;10;0.76;stop
378;629.57;1280.35;631.74;1249.99;618.24;1249.02;616.07;1279.39;10;0.76;stop
381;2653.74;1414.42;2655.89;1390.17;2643.51;1389.08;2641.36;1413.33;10;0.76;stop
382;3605.81;981.14;3636.47;978.64;3635.44;966.04;3604.78;968.55;10;0.77;stop
383;1766.0;1689.15;1766.42;1676.64;1739.5;1675.73;1739.08;1688.24;10;0.76;stop
384;2983.63;1493.87;2994.39;1487.47;2979.62;1462.63;2968.86;1469.03;10;0.74;stop
385;3551.05;93.66;3581.8;90.78;3580.51;76.97;3549.76;79.84;10;0.75;stop
386;2092.21;1373.45;2123.76;1371.11;2122.79;1358.05;2091.24;1360.39;10;0.77;stop
387;1673.53;1173.2;1700.83;1172.1;1700.34;1160.05;1673.05;1161.15;10;0.78;stop
388;1978.39;1069.38;1990.53;1065.85;1982.36;1037.75;1970.22;1041.27;10;0.73;stop
389;2394.23;1095.51;2424.24;1094.44;2423.77;1081.37;2393.76;1082.44;10;0.78;stop
390;1162.12;91.96;1191.26;89.81;1190.25;76.22;1161.12;78.38;10;0.76;stop
391;2699.25;593.36;2727.3;590.82;2726.25;579.17;2698.2;581.71;10;0.77;stop
392;3814.8;64.34;3841.4;59.33;3838.95;46.29;3812.35;51.29;10;0.77;stop
395;1774.53;1227.91;1804.21;1225.04;1802.97;1212.22;1773.29;1215.08;10;0.78;stop
396;3184.79;1042.31;3200.36;1035.95;3187.39;1004.25;3171.83;1010.61;10;0.74;stop
397;3347.11;1291.05;3349.2;1279.13;3325.08;1274.89;3322.98;1286.81;10;0.76;stop
398;1957.07;867.05;1968.34;866.04;1966.28;842.95;1955.0;843.96;10;0.75;stop
399;1352.71;1238.22;1382.1;1235.7;1381.04;1223.28;1351.65;1225.8;10;0.75;stop
400;3426.22;1065.49;3434.41;1036.94;3419.4;1032.64;3411.21;1061.18;10;0.71;stop
401;2007.54;1674.77;2017.82;1674.72;2017.71;1654.1;2007.43;1654.16;10;0.75;stop
402;2662.49;1354.33;2692.72;1352.97;2692.13;1340.04;2661.91;1341.41;10;0.75;stop
403;2719.88;176.19;2749.73;172.6;2748.09;158.97;2718.24;162.56;10;0.76;stop
404;163.34;1114.46;167.95;1089.17;154.94;1086.79;150.33;1112.08;10;0.73;stop
405;1882.72;627.93;1895.0;626.83;1892.78;601.97;1880.5;603.07;10;0.74;move
406;2291.61;1218.17;2291.72;1205.32;2263.14;1205.08;2263.03;1217.93;10;0.78;stop
407;2602.39;1217.37;2627.47;1217.16;2627.36;1204.76;2602.28;1204.97;10;0.77;stop
408;2249.39;1136.09;2276.35;1135.56;2276.11;1122.91;2249.15;1123.44;10;0.82;move
409;2854.79;1129.81;2856.13;1116.71;2825.99;1113.63;2824.65;1126.73;10;0.83;stop
411;1841.11;1398.86;1851.26;1395.39;1843.26;1372.01;1833.12;1375.48;10;0.75;stop
412;702.09;1714.15;702.16;1701.31;674.16;1701.16;674.09;1714.0;10;0.73;stop
413;2012.07;2160.28;2012.44;2130.64;1998.74;2130.47;1998.37;2160.11;10;0.71;stop
414;1899.84;62.0;1910.92;61.3;1909.41;37.56;1898.33;38.26;10;0.71;stop
415;2505.73;1588.88;2505.99;1559.0;2491.14;1558.87;2490.89;1588.75;10;0.75;stop
416;2303.62;1098.05;2330.12;1094.92;2328.75;1083.33;2302.25;1086.46;10;0.76;stop
417;3525.67;948.71;3555.82;947.49;3555.27;933.79;3525.12;935.01;10;0.76;stop
418;740.05;2053.19;752.44;2052.22;750.29;2024.93;737.9;2025.91;10;0.76;stop
419;781.19;1715.23;807.29;1714.11;806.74;1701.39;780.65;1702.52;10;0.74;stop
420;135.94;1244.8;136.33;1231.03;107.11;1230.2;106.71;1243.97;10;0.76;stop
421;1503.53;1234.08;1532.16;1233.16;1531.72;1219.54;1503.09;1220.47;10;0.74;stop
422;2062.59;1337.34;2089.28;1336.05;2088.66;1323.28;2061.97;1324.57;10;0.75;stop
423;2147.02;1220.68;2172.56;1219.62;2172.04;1207.07;2146.5;1208.13;10;0.77;stop
424;859.75;1714.75;860.0;1702.38;835.06;1701.88;834.81;1714.25;10;0.74;stop
425;2712.99;1321.87;2739.13;1321.2;2738.81;1308.75;2712.67;1309.42;10;0.74;stop
426;236.94;1109.49;261.05;1105.19;259.0;1093.64;234.88;1097.93;10;0.76;stop
428;612.63;1242.31;637.22;1241.97;637.06;1229.87;612.46;1230.21;10;0.76;stop
429;1993.47;2162.21;1994.24;2133.42;1980.03;2133.04;1979.26;2161.83;10;0.67;stop
430;2101.23;638.89;2127.74;636.49;2126.7;625.04;2100.2;627.44;10;0.75;stop
431;2514.5;720.92;2526.59;719.79;2524.0;692.08;2511.91;693.21;10;0.72;stop
432;3478.92;644.67;3488.23;619.03;3475.45;614.39;3466.15;640.03;10;0.71;stop
433;1459.15;1721.56;1459.73;1709.89;1433.22;1708.57;1432.64;1720.23;10;0.65;stop
435;1293.52;79.61;1317.96;78.88;1317.61;67.2;1293.17;67.93;10;0.74;stop
436;3366.83;538.14;3392.78;535.74;3391.61;523.11;3365.66;525.51;10;0.75;stop
437;540.11;675.01;542.18;663.92;513.64;658.58;511.57;669.68;10;0.75;stop
438;2375.93;1360.94;2403.05;1360.21;2402.69;1346.94;2375.58;1347.66;10;0.75;stop
439;3293.36;1048.98;3304.03;1026.43;3292.58;1021.02;3281.91;1043.57;10;0.76;stop
440;213.43;208.27;244.88;205.36;243.6;191.57;212.15;194.49;10;0.68;stop
441;2032.75;236.32;2062.97;234.59;2062.25;222.12;2032.03;223.84;10;0.74;stop
442;351.51;1246.77;379.51;1245.4;378.81;1231.04;350.8;1232.42;10;0.7;stop
443;341.74;1439.39;368.04;1435.23;366.08;1422.8;339.77;1426.95;10;0.74;stop
444;1197.39;1241.42;1224.11;1240.44;1223.61;1226.83;1196.89;1227.81;10;0.77;stop
445;3418.48;819.24;3427.86;792.1;3414.96;787.64;3405.58;814.78;10;0.72;stop
446;733.86;1713.54;733.88;1700.88;708.01;1700.84;707.99;1713.5;10;0.74;stop
447;1999.02;1906.21;2003.49;1867.83;1987.04;1865.92;1982.57;1904.29;10;0.71;stop
448;2466.67;1875.73;2466.84;1848.1;2453.71;1848.02;2453.54;1875.65;10;0.74;stop
449;1926.7;1934.1;1935.88;1898.13;1920.8;1894.28;1911.62;1930.25;9;0.78;stop
450;1964.77;2016.85;1974.13;1990.37;1961.48;1985.9;1952.12;2012.38;10;0.71;stop
451;263.6;1244.72;289.56;1243.75;289.05;1230.28;263.1;1231.25;10;0.75;stop
452;3108.02;1151.14;3110.44;1133.48;3056.04;1126.05;3053.63;1143.71;9;0.6;stop
453;2321.36;1361.65;2349.44;1361.27;2349.27;1348.47;2321.18;1348.86;10;0.76;stop
454;3411.58;723.21;3421.0;697.49;3407.8;692.65;3398.37;718.37;10;0.74;stop
455;3441.42;953.36;3467.74;951.83;3467.02;939.45;3440.7;940.99;10;0.73;stop
456;1347.33;1682.57;1347.8;1670.83;1325.67;1669.93;1325.2;1681.67;10;0.71;stop
457;2065.25;641.45;2089.74;638.38;2088.25;626.43;2063.76;629.49;10;0.76;stop
458;3811.35;1403.43;3814.73;1390.03;3782.4;1381.88;3779.02;1395.28;10;0.75;stop
459;1840.88;1021.43;1842.44;990.7;1829.99;990.07;1828.44;1020.8;10;0.75;stop
460;637.26;1133.45;665.53;1132.09;664.92;1119.37;636.65;1120.72;10;0.73;stop
461;2915.1;1206.2;2916.87;1192.17;2885.22;1188.17;2883.44;1202.2;10;0.81;move
462;674.71;1290.57;704.94;1289.19;704.35;1276.3;674.12;1277.68;10;0.72;stop
463;990.35;726.7;991.37;715.13;965.28;712.83;964.26;724.4;10;0.73;stop
464;1915.3;1363.25;1927.85;1361.02;1922.82;1332.81;1910.28;1335.04;10;0.74;stop
465;833.9;1679.28;834.15;1666.97;809.44;1666.47;809.19;1678.78;10;0.75;stop
466;1602.49;1685.84;1630.91;1685.5;1630.76;1673.41;1602.34;1673.75;10;0.64;stop
467;2140.76;227.98;2170.41;224.33;2168.74;210.77;2139.09;214.42;10;0.7;stop
468;3111.08;1308.07;3118.75;1282.86;3105.95;1278.96;3098.28;1304.17;10;0.69;stop
469;1083.0;1682.33;1083.36;1670.89;1060.69;1670.17;1060.33;1681.61;10;0.46;stop
470;1501.54;1721.29;1501.82;1709.47;1475.21;1708.83;1474.93;1720.66;10;0.69;stop
471;2487.49;1797.2;2499.38;1797.14;2499.26;1771.3;2487.37;1771.36;10;0.73;stop
472;1328.06;78.01;1355.39;77.34;1355.07;64.31;1327.74;64.98;10;0.7;stop
473;3741.04;74.98;3772.08;71.06;3770.21;56.27;3739.17;60.19;10;0.74;stop
474;3549.14;527.6;3581.76;522.71;3579.61;508.34;3546.99;513.23;10;0.73;stop
475;3101.64;61.36;3117.08;60.43;3115.39;32.39;3099.95;33.32;10;0.67;stop
476;2633.54;183.94;2659.35;181.19;2658.09;169.31;2632.27;172.06;10;0.7;stop
477;609.8;689.55;612.02;678.85;585.52;673.34;583.29;684.05;10;0.73;stop
478;2031.38;663.61;2055.34;662.15;2054.62;650.39;2030.66;651.85;10;0.75;stop
479;2805.46;1317.9;2805.56;1305.79;2780.91;1305.6;2780.82;1317.71;10;0.74;stop
480;1828.48;790.53;1840.33;789.9;1839.02;765.34;1827.17;765.97;10;0.78;stop
481;1916.7;198.55;1926.5;197.31;1923.96;177.2;1914.16;178.44;10;0.66;stop
482;1951.81;669.08;1953.7;655.65;1925.41;651.67;1923.52;665.1;10;0.83;stop
483;3577.36;383.34;3587.13;354.23;3573.89;349.79;3564.12;378.9;10;0.79;stop
484;1982.04;1852.88;1985.45;1827.48;1973.46;1825.87;1970.05;1851.27;10;0.81;move
485;3223.03;1412.49;3227.57;1399.69;3200.72;1390.17;3196.18;1402.97;10;0.75;stop
486;2497.59;527.25;2510.6;526.15;2508.28;498.75;2495.27;499.85;10;0.71;stop
487;1789.99;546.29;1803.15;545.26;1800.91;516.83;1787.75;517.87;10;0.69;stop
488;785.69;1099.17;798.36;1098.89;797.74;1071.14;785.08;1071.42;10;0.74;stop
489;2133.99;1119.82;2159.23;1119.38;2159.01;1106.55;2133.77;1106.99;10;0.8;move
491;2511.51;685.47;2523.25;684.57;2521.37;660.03;2509.62;660.93;10;0.72;stop
492;2753.14;171.48;2779.54;168.22;2777.88;154.77;2751.48;158.03;10;0.72;stop
493;14.3;1148.06;44.16;1145.7;43.15;1132.88;13.29;1135.23;10;0.72;stop
494;1968.36;1022.29;1979.71;1020.53;1976.07;997.08;1964.73;998.84;10;0.73;stop
495;2004.13;1553.22;2015.86;1551.86;2013.44;1530.96;2001.7;1532.32;10;0.66;stop
496;21.57;1930.94;56.92;1930.24;56.6;1913.75;21.24;1914.44;10;0.7;stop
497;712.18;1300.7;725.49;1300.48;725.01;1270.87;711.7;1271.08;10;0.72;stop
498;3307.07;1018.93;3316.53;996.91;3305.11;992.01;3295.65;1014.03;10;0.77;stop
499;1183.41;1909.26;1194.7;1908.95;1194.09;1886.68;1182.8;1886.99;10;0.75;stop
500;1741.97;1724.77;1742.42;1711.83;1718.53;1710.98;1718.08;1723.92;10;0.51;stop
501;3583.54;522.26;3611.58;520.59;3610.84;508.05;3582.79;509.72;10;0.73;stop
502;1307.81;1113.27;1329.39;1112.86;1329.19;1101.86;1307.61;1102.26;10;0.7;stop
503;1806.15;967.45;1819.89;966.36;1817.47;936.05;1803.73;937.14;10;0.69;stop
504;2468.5;164.87;2481.05;164.31;2480.0;140.57;2467.45;141.12;10;0.67;stop
506;319.2;1138.96;345.75;1137.37;345.02;1125.1;318.46;1126.7;10;0.71;stop
507;3022.94;568.24;3049.88;564.84;3048.31;552.43;3021.37;555.83;10;0.75;stop
508;3450.89;993.82;3481.07;991.59;3480.05;977.74;3449.87;979.97;10;0.72;stop
509;1182.09;1940.69;1195.92;1940.44;1195.41;1912.43;1181.58;1912.69;10;0.71;stop
510;2867.56;162.03;2894.84;158.32;2893.19;146.22;2865.91;149.93;10;0.73;stop
512;2375.68;621.48;2404.2;618.67;2402.94;605.9;2374.43;608.71;10;0.73;stop
513;2518.43;770.12;2531.63;768.74;2529.07;744.13;2515.87;745.51;10;0.66;stop
515;2392.23;208.3;2418.97;206.16;2417.9;192.77;2391.16;194.9;10;0.68;stop
516;1996.49;666.74;2025.26;664.47;2024.26;651.76;1995.49;654.03;10;0.8;stop
519;2938.2;1392.46;2948.87;1380.59;2917.05;1351.98;2906.38;1363.85;10;0.72;stop
520;2463.03;103.69;2476.11;103.3;2475.34;77.44;2462.27;77.82;10;0.68;stop
521;1511.95;768.64;1513.54;744.11;1501.92;743.36;1500.34;767.89;10;0.6;stop
522;182.69;211.45;208.73;209.01;207.54;196.37;181.51;198.8;10;0.67;stop
523;3359.93;113.17;3391.2;108.79;3389.14;94.02;3357.86;98.4;10;0.7;stop
524;3181.47;1119.33;3195.34;1092.4;3182.28;1085.67;3168.41;1112.6;10;0.7;stop
525;3128.1;1145.86;3156.32;1139.29;3153.15;1125.7;3124.93;1132.28;10;0.75;stop
526;2815.87;1358.5;2816.93;1346.08;2789.63;1343.75;2788.57;1356.17;10;0.74;stop
527;2092.63;1121.77;2092.83;1108.43;2063.31;1107.98;2063.1;1121.32;10;0.73;move
528;147.13;1660.83;147.21;1648.72;121.93;1648.54;121.85;1660.66;10;0.62;stop
529;3428.77;1311.46;3432.07;1300.28;3410.29;1293.85;3406.99;1305.04;10;0.69;stop
530;1882.02;977.61;1893.29;976.52;1891.23;955.14;1879.96;956.23;10;0.72;stop
532;323.58;192.43;351.1;190.07;350.02;177.42;322.49;179.77;10;0.66;stop
533;3166.5;555.35;3195.5;550.97;3193.5;537.77;3164.5;542.15;10;0.71;stop
534;3570.28;1314.53;3573.0;1301.36;3544.4;1295.47;3541.69;1308.64;10;0.75;move
535;3102.31;1273.42;3104.7;1260.0;3076.75;1255.02;3074.36;1268.44;10;0.68;stop
536;2282.84;214.74;2314.35;212.84;2313.54;199.26;2282.02;201.16;10;0.73;stop
537;484.92;1711.28;484.98;1698.53;458.2;1698.4;458.14;1711.16;10;0.6;stop
538;1429.63;1684.11;1452.64;1684.06;1452.62;1671.77;1429.61;1671.81;10;0.72;stop
539;3705.45;77.28;3737.59;74.62;3736.43;60.53;3704.28;63.19;10;0.7;stop
540;1047.97;1081.13;1060.54;1080.05;1058.03;1050.75;1045.46;1051.83;10;0.67;stop
541;646.85;150.28;646.93;136.74;619.71;136.6;619.64;150.13;10;0.69;stop
542;2005.67;237.36;2029.6;235.19;2028.58;223.89;2004.65;226.06;10;0.69;stop
543;3656.0;177.55;3666.7;147.58;3652.75;142.61;3642.05;172.57;10;0.72;stop
544;1290.25;1682.79;1315.32;1682.64;1315.25;1670.84;1290.18;1670.98;10;0.7;stop
545;1021.73;102.34;1045.14;101.78;1044.89;91.16;1021.48;91.72;10;0.7;stop
546;2912.22;156.57;2941.97;153.64;2940.78;141.55;2911.03;144.48;10;0.72;stop
548;3522.34;565.68;3556.51;563.89;3555.78;549.95;3521.61;551.74;10;0.71;stop
549;2309.65;647.41;2338.67;644.38;2337.35;631.72;2308.33;634.75;10;0.73;stop
550;3255.39;980.51;3275.49;962.12;3266.8;952.62;3246.69;971.0;10;0.71;stop
551;629.41;1712.37;629.51;1700.34;604.34;1700.13;604.24;1712.16;10;0.67;stop
552;2466.73;1843.12;2467.49;1814.57;2455.9;1814.25;2455.13;1842.81;10;0.68;stop
553;2501.5;555.81;2513.32;554.71;2511.12;530.94;2499.3;532.04;10;0.75;stop
554;679.01;1273.77;705.13;1272.97;704.74;1260.29;678.62;1261.09;10;0.71;stop
555;894.25;1716.86;894.85;1704.54;865.81;1703.14;865.21;1715.46;10;0.68;stop
556;2470.93;194.8;2483.43;194.13;2482.07;169.13;2469.57;169.81;10;0.68;stop
557;2503.82;589.18;2516.11;588.44;2514.43;560.57;2502.14;561.31;10;0.72;stop
558;2701.25;635.46;2728.92;630.7;2726.5;616.67;2698.83;621.43;10;0.7;stop
559;3436.69;537.69;3466.12;535.55;3465.18;522.62;3435.76;524.76;10;0.71;stop
561;3487.67;989.53;3517.2;987.73;3516.4;974.53;3486.86;976.34;10;0.74;stop
562;2506.66;1540.19;2506.68;1512.51;2493.59;1512.5;2493.57;1540.18;10;0.65;stop
563;2491.54;457.99;2503.94;457.01;2501.96;431.88;2489.56;432.86;10;0.74;stop
564;3481.73;950.3;3506.84;949.38;3506.39;937.35;3481.29;938.27;10;0.68;stop
565;2275.33;1368.45;2275.41;1351.98;2236.67;1351.8;2236.59;1368.27;9;0.65;stop
566;2239.57;627.95;2265.95;627.36;2265.68;615.18;2239.3;615.77;10;0.69;stop
567;2329.08;212.62;2353.12;209.61;2351.67;198.0;2327.63;201.01;10;0.66;stop
570;1612.4;1723.01;1612.92;1711.56;1589.35;1710.49;1588.83;1721.94;10;0.51;stop
571;2045.61;1564.85;2077.56;1561.46;2076.01;1546.9;2044.06;1550.29;10;0.67;stop
573;3306.68;933.62;3323.72;906.2;3310.2;897.79;3293.15;925.21;10;0.73;stop
575;1921.46;1471.17;1936.55;1468.67;1929.32;1425.14;1914.23;1427.65;9;0.62;stop
576;581.15;1677.56;609.51;1677.5;609.48;1664.63;581.12;1664.69;10;0.57;stop
577;2924.2;576.68;2952.04;575.15;2951.3;561.82;2923.46;563.35;10;0.71;stop
578;663.29;145.06;688.02;144.32;687.65;131.97;662.92;132.71;10;0.56;stop
579;2111.92;229.13;2134.26;227.59;2133.45;215.81;2111.11;217.35;10;0.67;stop
580;2511.31;195.41;2535.92;193.56;2535.06;182.03;2510.45;183.87;10;0.69;stop
582;3332.88;1054.64;3340.35;1029.62;3327.12;1025.68;3319.65;1050.69;10;0.76;stop
583;2032.78;645.34;2061.12;642.69;2059.97;630.41;2031.63;633.06;10;0.75;stop
584;3644.86;205.02;3653.54;181.49;3641.39;177.01;3632.71;200.54;10;0.73;stop
585;610.72;1677.95;633.58;1677.52;633.35;1665.17;610.48;1665.6;10;0.64;stop
586;735.29;1677.83;735.78;1667.53;720.34;1666.79;719.85;1677.1;10;0.64;stop
587;431.19;1089.81;446.15;1087.89;442.56;1059.88;427.6;1061.8;10;0.59;stop
588;2035.36;2159.71;2047.74;2158.86;2046.14;2135.54;2033.76;2136.39;10;0.67;stop
589;1979.11;1631.89;1994.57;1631.65;1994.02;1595.74;1978.56;1595.98;10;0.74;stop
590;1261.32;124.16;1265.58;108.09;1244.62;102.53;1240.35;118.6;10;0.57;stop
591;750.98;171.76;776.83;168.78;775.5;157.31;749.66;160.28;10;0.68;stop
592;3278.27;1080.33;3289.79;1055.22;3277.67;1049.67;3266.15;1074.78;10;0.64;stop
593;2607.3;601.22;2635.21;597.73;2633.7;585.65;2605.79;589.14;10;0.69;stop
595;2638.1;1328.5;2638.6;1309.76;2591.65;1308.5;2591.15;1327.24;9;0.62;stop
596;1173.58;1125.39;1220.23;1124.53;1219.86;1104.36;1173.21;1105.22;9;0.73;stop
597;3462.22;2083.09;3490.62;2069.82;3483.72;2055.04;3455.31;2068.3;10;0.68;stop
598;1939.95;1409.49;1956.31;1407.03;1950.3;1367.01;1933.94;1369.47;10;0.52;stop
600;424.99;1711.38;425.02;1698.37;397.19;1698.31;397.16;1711.32;10;0.63;stop
601;642.06;1713.45;665.9;1713.16;665.76;1700.93;641.91;1701.21;10;0.69;stop
602;2255.04;668.42;2280.0;667.37;2279.46;654.58;2254.5;655.63;10;0.38;stop
603;3744.46;237.53;3760.61;235.86;3757.41;204.97;3741.27;206.64;10;0.64;stop
604;3286.67;119.57;3314.7;116.65;3313.33;103.55;3285.3;106.48;10;0.69;stop
605;892.03;724.99;892.36;713.09;868.59;712.43;868.27;724.33;10;0.63;stop
606;2236.63;218.66;2266.47;217.02;2265.8;204.9;2235.97;206.55;10;0.72;stop
607;3564.72;416.28;3573.3;390.57;3560.28;386.22;3551.7;411.93;10;0.72;stop
609;3552.48;340.94;3564.16;311.09;3550.96;305.93;3539.28;335.78;10;0.68;stop
610;177.43;922.34;179.79;895.19;166.86;894.07;164.5;921.21;10;0.59;stop
611;3011.3;1500.62;3022.14;1496.68;3014.95;1476.88;3004.11;1480.82;10;0.63;stop
612;3082.07;246.14;3095.8;245.72;3094.93;217.36;3081.2;217.78;10;0.64;stop
613;3212.79;983.18;3222.09;974.38;3202.52;953.7;3193.22;962.5;10;0.67;stop
614;1798.62;1688.29;1799.31;1676.99;1774.38;1675.46;1773.69;1686.76;10;0.64;stop
615;3116.7;1186.91;3118.34;1172.65;3086.73;1169.02;3085.1;1183.29;10;0.78;stop
616;3082.35;562.02;3109.54;558.75;3108.15;547.23;3080.96;550.5;10;0.63;stop
618;2501.33;1765.34;2502.09;1730.35;2487.67;1730.04;2486.91;1765.03;10;0.64;stop
619;2983.27;148.54;3008.49;145.38;3006.98;133.28;2981.76;136.43;10;0.65;stop
620;3158.81;132.32;3188.95;127.8;3187.12;115.65;3156.99;120.17;10;0.69;stop
621;278.45;198.7;304.98;196.01;303.74;183.8;277.21;186.49;10;0.46;stop
622;2678.86;179.75;2711.95;176.75;2710.64;162.25;2677.55;165.25;10;0.62;stop
623;1770.84;249.58;1771.28;231.03;1761.42;230.79;1760.98;249.35;10;0.65;stop
624;2053.94;1158.98;2077.59;1157.91;2077.06;1146.14;2053.41;1147.22;10;0.63;stop
625;2003.03;1815.77;2014.28;1815.62;2013.97;1793.23;2002.72;1793.38;10;0.71;stop
626;589.85;155.32;614.47;151.97;612.96;140.93;588.35;144.28;10;0.55;stop
627;3590.83;346.25;3599.28;321.49;3587.61;317.5;3579.16;342.26;10;0.63;stop
628;1054.78;1243.03;1089.59;1241.59;1088.91;1225.22;1054.1;1226.66;10;0.55;stop
630;2724.81;2058.24;2736.94;2052.16;2723.12;2024.58;2710.99;2030.65;10;0.6;stop
631;2203.54;221.36;2231.58;218.16;2230.28;206.7;2202.23;209.91;10;0.66;stop
633;918.12;1246.08;919.8;1235.6;901.56;1232.67;899.88;1243.15;10;0.7;stop
634;1508.28;879.26;1510.53;854.88;1498.84;853.8;1496.59;878.18;10;0.69;stop
636;857.33;123.25;858.08;110.49;833.97;109.07;833.22;121.82;10;0.56;stop
637;1827.1;466.35;1840.85;465.02;1838.15;437.03;1824.4;438.35;10;0.78;stop
638;2345.87;642.35;2372.18;639.42;2370.88;627.77;2344.57;630.7;10;0.59;stop
639;812.67;32.95;815.86;1.51;800.58;-0.05;797.39;31.4;10;0.64;stop
640;3472.6;669.93;3477.09;648.92;3464.9;646.32;3460.41;667.33;10;0.66;stop
641;1534.68;1764.57;1565.83;1764.55;1565.82;1749.93;1534.67;1749.95;10;0.59;stop
642;358.02;186.65;388.63;184.63;387.76;171.47;357.15;173.5;10;0.53;stop
643;2496.18;492.16;2507.93;491.41;2506.32;466.34;2494.57;467.09;10;0.5;stop
644;3213.72;1320.46;3224.04;1289.15;3208.15;1283.92;3197.84;1315.22;9;0.68;stop
645;504.32;1674.89;531.72;1674.65;531.61;1662.61;504.22;1662.85;10;0.74;stop
646;1000.97;1071.16;1013.8;1071.07;1013.62;1047.21;1000.8;1047.31;10;0.55;stop
648;1969.16;2161.65;1970.24;2136.37;1958.12;2135.85;1957.04;2161.13;10;0.62;stop
650;1245.18;1683.13;1245.72;1672.71;1224.76;1671.62;1224.22;1682.04;10;0.48;stop
651;3580.14;271.81;3589.12;243.89;3575.79;239.6;3566.81;267.52;10;0.68;stop
652;1639.38;1109.72;1664.15;1108.65;1663.62;1096.41;1638.85;1097.48;10;0.77;stop
653;2009.22;273.15;2037.74;269.35;2036.28;258.42;2007.76;262.21;10;0.62;stop
654;3060.9;1455.4;3072.92;1420.28;3057.6;1415.03;3045.58;1450.16;9;0.62;stop
655;318.08;1829.31;332.69;1828.0;330.67;1805.37;316.06;1806.68;10;0.39;stop
656;3153.02;635.81;3166.32;635.11;3164.79;605.91;3151.5;606.61;10;0.6;stop
658;2069.35;2100.55;2069.8;2086.76;2033.72;2085.57;2033.26;2099.36;9;0.56;stop
659;1869.83;783.16;1881.65;781.73;1878.67;756.97;1866.85;758.39;10;0.77;stop
660;2495.61;1420.9;2509.19;1420.37;2508.02;1389.92;2494.44;1390.44;10;0.53;stop
661;2525.18;871.75;2536.89;871.27;2535.82;845.0;2524.11;845.48;10;0.58;stop
662;3155.21;1365.27;3164.75;1331.1;3146.66;1326.05;3137.12;1360.23;10;0.62;stop
663;2779.45;2160.65;2792.12;2152.15;2772.05;2122.22;2759.38;2130.72;10;0.62;stop
664;2696.06;1221.4;2696.7;1205.3;2661.75;1203.91;2661.11;1220.01;10;0.38;stop
666;2477.44;298.24;2490.91;297.35;2489.06;269.32;2475.59;270.21;10;0.59;stop
667;3725.04;507.08;3752.07;503.48;3750.59;492.3;3723.55;495.9;10;0.62;stop
668;1567.98;1781.66;1568.27;1768.39;1538.15;1767.72;1537.85;1780.99;10;0.54;stop
669;2476.81;1326.45;2477.06;1313.96;2446.94;1313.36;2446.69;1325.85;9;0.58;stop
670;3630.34;253.35;3644.42;215.2;3625.91;208.37;3611.83;246.52;9;0.59;stop
671;3562.85;944.06;3586.27;942.63;3585.59;931.4;3562.16;932.84;10;0.49;stop
672;1915.36;1424.47;1929.37;1422.4;1924.45;1389.15;1910.44;1391.23;10;0.58;stop
673;3527.95;517.93;3541.41;514.67;3535.18;488.94;3521.71;492.21;10;0.62;stop
674;311.94;1769.58;326.51;1768.27;323.68;1736.67;309.11;1737.98;10;0.45;stop
675;1557.8;1686.46;1558.45;1675.36;1533.7;1673.91;1533.05;1685.02;10;0.49;stop
677;1750.18;231.07;1761.33;230.58;1760.15;203.74;1749.0;204.24;10;0.54;stop
678;1392.26;952.62;1392.33;940.91;1367.37;940.76;1367.3;952.46;10;0.61;stop
679;524.37;166.12;554.5;162.67;552.82;147.95;522.69;151.39;10;0.59;stop
680;1027.21;1066.46;1040.01;1066.11;1039.42;1045.16;1026.62;1045.52;10;0.5;stop
682;2500.02;1938.43;2502.67;1903.62;2485.6;1902.32;2482.96;1937.13;10;0.57;stop
683;3122.93;309.46;3136.35;308.31;3133.95;280.23;3120.52;281.38;10;0.64;stop
684;3055.87;564.55;3080.75;560.79;3079.13;550.03;3054.25;553.78;10;0.64;stop
685;3267.43;1114.82;3279.74;1084.5;3266.01;1078.93;3253.7;1109.25;10;0.63;stop
687;2625.91;1415.94;2637.42;1390.98;2626.34;1385.87;2614.83;1410.84;10;0.66;stop
689;436.33;1674.0;465.57;1673.94;465.54;1661.62;436.31;1661.68;10;0.54;stop
690;1296.3;116.52;1323.11;113.06;1321.58;101.17;1294.76;104.63;10;0.59;stop
691;2300.81;664.11;2330.41;661.57;2329.31;648.77;2299.71;651.3;10;0.62;stop
692;3740.82;203.14;3758.5;201.54;3755.43;167.64;3737.75;169.24;10;0.59;stop
693;3155.89;664.83;3169.7;664.21;3168.49;637.35;3154.67;637.98;10;0.58;stop
694;460.96;1085.41;461.19;1060.64;448.41;1060.53;448.18;1085.29;10;0.42;stop
697;205.55;1952.38;207.91;1927.25;195.23;1926.06;192.87;1951.19;10;0.37;stop
698;758.72;1241.9;792.04;1241.67;791.95;1228.6;758.63;1228.83;10;0.45;stop
699;3242.25;550.43;3265.61;547.32;3264.0;535.2;3240.64;538.3;10;0.63;stop
700;2105.61;1340.22;2147.39;1338.01;2146.51;1321.53;2104.74;1323.74;9;0.68;stop
701;2969.33;1426.31;2981.29;1414.53;2951.17;1383.94;2939.21;1395.72;10;0.43;stop
702;2505.37;1638.0;2509.49;1602.57;2494.88;1600.87;2490.76;1636.3;10;0.49;stop
703;175.61;953.1;178.64;927.7;165.41;926.12;162.37;951.52;10;0.53;stop
704;226.02;1702.89;226.9;1689.15;194.91;1687.11;194.04;1700.85;10;0.49;stop
706;249.62;202.97;274.93;199.18;273.04;186.56;247.73;190.36;10;0.46;stop
707;3592.21;88.97;3622.46;85.34;3620.92;72.51;3590.67;76.15;10;0.6;stop
708;284.36;1707.87;285.18;1694.1;257.52;1692.44;256.69;1706.21;10;0.44;stop
709;2732.02;1354.69;2732.42;1340.07;2697.98;1339.12;2697.58;1353.74;10;0.61;stop
713;191.29;1951.53;194.92;1923.88;182.3;1922.22;178.67;1949.87;10;0.39;stop
715;1932.44;1611.99;1946.19;1611.3;1944.31;1574.01;1930.56;1574.7;10;0.62;stop
717;1168.44;1682.61;1168.86;1670.73;1145.12;1669.89;1144.71;1681.77;10;0.38;stop
721;1290.98;1239.99;1335.02;1239.34;1334.77;1222.63;1290.73;1223.29;9;0.78;stop
722;222.34;1952.42;224.75;1924.43;210.55;1923.2;208.14;1951.2;10;0.38;stop
723;3692.23;509.91;3722.69;507.15;3721.52;494.15;3691.06;496.91;10;0.62;stop
724;928.3;1243.61;966.16;1243.04;965.92;1226.89;928.06;1227.46;10;0.6;stop
726;1511.2;838.16;1513.65;808.34;1499.3;807.16;1496.85;836.97;10;0.49;stop
727;1120.41;1683.52;1121.41;1672.49;1095.08;1670.1;1094.07;1681.14;10;0.39;stop
730;2469.33;1750.02;2470.43;1724.47;2458.92;1723.98;2457.82;1749.53;10;0.63;stop
731;2484.7;1881.08;2498.92;1880.97;2498.67;1847.17;2484.45;1847.28;10;0.64;stop
732;648.39;697.71;650.68;686.53;621.92;680.65;619.63;691.83;10;0.63;stop
733;3238.92;1110.37;3250.35;1083.91;3238.27;1078.69;3226.83;1105.15;10;0.41;stop
736;177.07;1954.42;179.5;1931.0;167.24;1929.74;164.82;1953.15;10;0.36;stop
737;3153.3;170.42;3180.43;166.1;3178.57;154.43;3151.45;158.74;10;0.65;stop
738;1542.96;1232.54;1569.57;1230.81;1568.79;1218.83;1542.18;1220.56;10;0.67;stop
740;2476.01;1530.05;2476.12;1503.0;2462.36;1502.95;2462.26;1530.0;10;0.61;stop
743;3120.34;121.23;3120.41;100.42;3112.91;100.39;3112.84;121.21;10;0.45;stop
744;1084.23;21.18;1095.24;18.54;1089.84;-4.02;1078.83;-1.39;10;0.55;stop
745;2665.4;1409.28;2683.89;1408.65;2682.47;1367.22;2663.99;1367.85;9;0.56;stop
747;1574.71;1279.79;1575.43;1267.47;1551.67;1266.08;1550.95;1278.4;10;0.48;stop
748;558.23;1675.3;558.56;1664.72;537.71;1664.08;537.38;1674.66;10;0.73;stop
750;1773.61;227.11;1775.31;186.93;1760.9;186.32;1759.2;226.51;9;0.42;stop
751;3439.73;2038.58;3448.11;2028.95;3431.21;2014.23;3422.83;2023.86;10;0.56;stop
752;503.93;1303.75;530.03;1302.03;529.2;1289.37;503.09;1291.1;10;0.42;stop
754;626.98;1133.77;627.41;1122.46;607.55;1121.7;607.12;1133.01;10;0.4;stop
756;2783.79;1355.87;2784.71;1340.04;2742.3;1337.56;2741.38;1353.4;9;0.56;stop
758;1510.6;915.85;1511.5;888.47;1499.9;888.09;1499.0;915.46;10;0.61;stop
759;3652.54;1194.93;3667.1;1193.3;3663.71;1162.89;3649.15;1164.51;10;0.4;stop
761;3640.47;516.94;3670.17;512.78;3668.28;499.31;3638.58;503.47;10;0.61;stop
762;2432.23;1370.27;2456.87;1369.79;2456.64;1357.85;2432.0;1358.34;10;0.66;stop
764;403.98;158.75;414.04;136.46;401.81;130.94;391.75;153.22;10;0.4;stop
765;2443.84;188.12;2444.06;168.06;2432.66;167.94;2432.44;188.0;10;0.4;stop
766;3273.99;1345.75;3312.99;1338.84;3310.07;1322.37;3271.07;1329.28;9;0.41;stop
767;2209.39;1408.03;2224.04;1407.49;2222.73;1372.41;2208.08;1372.95;10;0.4;stop
768;3551.06;461.26;3558.35;430.14;3543.0;426.55;3535.71;457.67;10;0.53;stop
769;2487.15;385.96;2498.27;385.0;2496.22;361.04;2485.1;362.0;10;0.58;stop
770;233.98;1136.17;257.53;1135.59;257.27;1125.08;233.72;1125.66;10;0.37;stop
773;2639.38;639.09;2648.04;638.98;2647.85;623.95;2639.19;624.06;10;0.51;stop
776;1861.35;710.36;1875.8;708.11;1869.33;666.64;1854.88;668.89;9;0.73;stop
778;2216.82;660.63;2238.7;658.6;2237.8;648.87;2215.92;650.9;10;0.48;stop
779;2530.14;900.84;2542.09;900.22;2540.99;878.91;2529.03;879.53;10;0.51;stop
780;3628.59;1197.79;3643.86;1196.26;3640.79;1165.65;3625.51;1167.18;10;0.59;stop
782;3463.88;739.21;3464.79;726.78;3442.68;725.16;3441.78;737.6;10;0.51;stop
783;1194.91;1840.77;1195.24;1812.26;1182.21;1812.11;1181.89;1840.62;10;0.49;stop
787;3120.27;274.8;3133.28;273.59;3130.98;248.8;3117.97;250.0;10;0.4;stop
789;42.46;966.85;45.33;954.81;16.69;947.99;13.82;960.03;10;0.6;stop
793;2860.59;1366.89;2864.52;1349.72;2821.41;1339.86;2817.48;1357.03;9;0.53;stop
795;2089.05;61.38;2100.18;60.44;2098.2;37.06;2087.07;38.0;10;0.4;stop
800;3518.72;432.39;3528.19;403.73;3514.4;399.18;3504.93;427.83;10;0.55;stop
801;2461.08;1570.0;2473.51;1569.44;2472.51;1547.09;2460.08;1547.65;10;0.38;stop
830;3480.45;526.09;3489.11;505.92;3478.61;501.41;3469.95;521.58;10;0.55;stop
838;1935.22;1556.61;1936.17;1535.36;1925.78;1534.89;1924.83;1556.14;10;0.62;stop
868;2244.03;1192.7;2269.42;1192.01;2269.09;1179.92;2243.7;1180.61;10;0.8;move
906;3539.87;385.78;3552.67;352.28;3537.32;346.41;3524.52;379.91;9;0.38;stop
998;2157.56;654.77;2182.08;651.7;2180.63;640.1;2156.11;643.17;10;0.6;stop
1025;716.41;1127.14;741.92;1123.88;740.47;1112.54;714.95;1115.81;10;0.64;stop
1046;3155.48;1366.12;3165.79;1331.95;3147.33;1326.38;3137.03;1360.55;9;0.65;stop
1057;2932.12;1139.64;2933.96;1126.19;2900.63;1121.61;2898.79;1135.06;10;0.82;stop
1096;3224.45;1114.6;3225.37;1082.38;3210.55;1081.96;3209.63;1114.18;10;0.73;stop
1147;1741.1;1190.8;1774.28;1190.15;1774.01;1176.2;1740.83;1176.85;10;0.8;stop
1148;1864.75;748.32;1877.77;747.04;1874.75;716.43;1861.73;717.71;10;0.81;stop
1185;562.85;1514.49;564.59;1502.55;537.78;1498.63;536.03;1510.58;10;0.44;stop
1216;2969.21;1425.96;2981.22;1414.31;2951.57;1383.73;2939.56;1395.38;9;0.67;stop
1234;2979.01;1145.17;2980.96;1132.72;2946.45;1127.33;2944.51;1139.78;10;0.42;stop
1262;1966.17;1091.51;1977.36;1081.27;1953.33;1054.99;1942.14;1065.23;9;0.78;move
1300;3011.39;1149.89;3013.43;1136.88;2988.15;1132.92;2986.1;1145.93;10;0.8;stop
1367;1581.78;1721.54;1581.88;1708.8;1553.6;1708.58;1553.5;1721.33;10;0.36;stop
1506;3154.76;1194.25;3157.43;1179.01;3122.74;1172.94;3120.07;1188.18;10;0.82;stop
1524;2549.78;1359.7;2550.02;1347.33;2521.91;1346.78;2521.66;1359.14;10;0.38;stop
1525;2237.82;646.22;2265.68;645.09;2265.18;632.9;2237.32;634.03;10;0.68;stop
1529;1844.71;750.4;1857.83;749.28;1855.42;721.1;1842.29;722.22;10;0.81;stop
1547;418.7;127.68;427.61;101.19;413.33;96.39;404.42;122.88;10;0.4;stop
1740;3443.55;1209.07;3445.61;1197.33;3419.89;1192.81;3417.82;1204.54;10;0.57;stop
1745;1825.81;428.27;1838.99;426.36;1835.13;399.73;1821.94;401.64;10;0.79;stop
1751;1838.32;707.03;1853.45;705.18;1849.43;672.22;1834.3;674.07;10;0.8;stop
1760;2186.66;223.87;2195.03;205.18;2185.28;200.81;2176.91;219.5;10;0.59;stop
1775;1446.51;1199.27;1478.79;1198.5;1478.49;1185.73;1446.21;1186.5;10;0.81;move
1810;3059.97;1159.71;3061.89;1147.94;3036.13;1143.73;3034.2;1155.5;10;0.83;stop
1814;3200.01;1071.23;3218.2;1071.19;3218.12;1035.33;3199.92;1035.37;10;0.67;stop
1855;2149.24;1199.78;2184.51;1198.44;2183.88;1181.84;2148.61;1183.18;10;0.79;move
1919;1962.88;1708.39;1965.97;1674.62;1952.12;1673.36;1949.03;1707.13;10;0.82;stop
1963;1822.12;380.35;1834.1;379.34;1831.88;353.15;1819.9;354.16;10;0.77;stop
2002;1821.14;714.39;1835.18;713.19;1832.48;681.73;1818.45;682.94;10;0.8;stop
2008;3318.04;1213.74;3320.07;1200.66;3287.58;1195.64;3285.56;1208.71;10;0.8;stop
2060;1856.48;666.08;1868.15;664.11;1863.89;638.92;1852.23;640.89;10;0.79;stop
2084;2520.3;627.58;2547.97;624.18;2546.32;610.76;2518.65;614.17;10;0.78;stop
2090;3.51;1950.78;20.31;1930.46;8.97;1921.09;-7.83;1941.42;10;0.71;stop
2098;3354.82;1225.2;3357.83;1212.23;3325.8;1204.8;3322.8;1217.77;10;0.8;stop
2116;1741.56;17.57;1751.14;16.65;1749.22;-3.23;1739.64;-2.3;10;0.36;stop
2122;1815.33;660.14;1827.97;659.26;1826.06;631.64;1813.42;632.52;10;0.77;stop
2152;1818.42;340.22;1831.66;339.03;1828.83;307.78;1815.59;308.97;10;0.79;stop
2222;1815.5;621.57;1827.92;619.9;1823.92;590.06;1811.5;591.72;10;0.81;stop
2228;2083.79;1186.95;2114.5;1186.6;2114.33;1172.17;2083.63;1172.53;10;0.81;move
2270;3388.21;1229.95;3390.86;1217.12;3362.73;1211.3;3360.08;1224.13;10;0.73;stop
2271;1804.98;396.65;1817.5;395.73;1815.31;366.1;1802.8;367.02;10;0.76;move
2362;2396.56;640.73;2423.91;637.9;2422.56;624.89;2395.22;627.72;10;0.7;stop
2410;3465.29;1235.43;3469.04;1219.07;3411.27;1205.82;3407.52;1222.18;9;0.76;stop
2424;676.38;1307.33;704.88;1306.61;704.56;1293.68;676.06;1294.4;10;0.4;stop
2427;1636.22;1173.13;1662.65;1172.32;1662.28;1160.12;1635.85;1160.93;10;0.75;stop
2472;1804.07;500.84;1815.4;499.66;1812.8;474.54;1801.47;475.71;10;0.65;move
2504;1593.7;657.09;1593.92;646.14;1569.8;645.66;1569.58;656.61;10;0.42;stop
2516;2429.88;636.68;2463.84;633.24;2462.38;618.82;2428.41;622.26;10;0.75;stop
2517;990.77;1206.45;990.81;1191.78;959.23;1191.68;959.19;1206.35;10;0.8;move
2533;3503.42;1243.05;3506.38;1228.6;3472.52;1221.64;3469.55;1236.09;10;0.82;stop
2586;73.37;1692.47;74.45;1679.21;46.22;1676.91;45.14;1690.17;10;0.54;stop
2620;138.81;1245.0;166.33;1244.56;166.11;1230.94;138.59;1231.38;10;0.6;stop
2639;3536.87;1266.62;3540.16;1251.97;3504.69;1244.0;3501.4;1258.65;10;0.8;stop
2648;1790.19;311.3;1805.93;310.43;1804.19;278.77;1788.44;279.63;10;0.78;move
2668;1801.13;245.34;1801.97;214.03;1787.95;213.66;1787.11;244.97;10;0.82;stop
2698;1033.16;1226.65;1033.21;1210.07;982.47;1209.91;982.42;1226.49;9;0.78;move
2738;202.14;1088.24;202.49;1064.45;189.03;1064.26;188.68;1088.05;10;0.47;stop
2740;3592.14;1277.48;3595.64;1262.58;3558.17;1253.77;3554.67;1268.67;10;0.74;stop
2776;508.78;1341.41;540.05;1319.87;531.85;1307.97;500.58;1329.5;9;0.39;stop
2805;1813.76;293.91;1826.25;293.12;1824.49;265.21;1812.0;266.0;10;0.77;stop
2840;784.53;1301.99;784.89;1289.15;755.78;1288.32;755.42;1301.16;10;0.35;stop
2841;1779.24;201.96;1793.86;200.65;1790.85;167.04;1776.23;168.35;10;0.82;stop
2847;1496.14;1175.96;1496.15;1162.94;1469.36;1162.91;1469.35;1175.94;10;0.71;stop
2864;736.08;1222.54;797.95;1221.66;797.67;1201.83;735.8;1202.71;9;0.78;move
2883;1229.03;1240.45;1246.06;1240.31;1245.97;1228.92;1228.94;1229.07;10;0.44;stop
2898;3631.91;1286.82;3635.46;1273.37;3607.47;1265.99;3603.92;1279.44;10;0.77;stop
2912;2585.37;623.95;2614.08;621.37;2612.88;607.93;2584.17;610.5;10;0.79;move
2946;1784.9;158.37;1797.31;157.04;1794.61;131.88;1782.2;133.21;10;0.78;stop
2966;3544.85;1248.63;3547.94;1233.64;3512.65;1226.37;3509.56;1241.36;10;0.81;stop
3015;1093.37;408.3;1116.74;406.99;1116.13;396.07;1092.76;397.38;10;0.5;stop
3017;672.28;1221.66;672.36;1207.56;643.03;1207.4;642.96;1221.51;10;0.75;move
3038;1808.69;225.01;1821.78;224.32;1820.47;199.12;1807.37;199.8;10;0.74;move
3073;3679.13;1301.1;3682.74;1287.54;3650.24;1278.9;3646.63;1292.46;10;0.74;stop
3098;1429.53;1181.08;1459.21;1179.2;1458.35;1165.67;1428.67;1167.55;10;0.8;stop
3100;546.73;1221.36;574.86;1220.67;574.52;1206.77;546.39;1207.46;10;0.77;move
3112;626.12;1206.85;626.34;1194.55;600.13;1194.09;599.91;1206.39;10;0.77;move
3113;1844.02;579.58;1855.97;573.97;1847.85;556.67;1835.9;562.28;10;0.53;stop
3140;198.74;1118.89;201.74;1095.22;188.99;1093.61;185.99;1117.28;10;0.42;stop
3143;1921.9;1470.71;1937.3;1468.06;1930.1;1426.17;1914.7;1428.82;10;0.45;stop
3150;3410.89;2107.62;3441.34;2093.39;3434.73;2079.25;3404.28;2093.48;10;0.44;stop
3161;2070.91;1105.33;2114.82;1103.47;2114.09;1086.17;2070.18;1088.03;9;0.68;stop
3196;396.98;1439.01;397.23;1426.47;373.17;1425.99;372.92;1438.53;10;0.44;stop
3212;1388.83;1179.91;1419.34;1179.55;1419.17;1165.71;1388.66;1166.08;10;0.82;stop
3218;1996.07;1482.27;2011.99;1481.96;2011.18;1440.48;1995.26;1440.79;9;0.55;stop
3236;1075.19;1700.86;1075.67;1687.54;1047.12;1686.52;1046.64;1699.83;10;0.7;move
3239;451.23;1226.84;483.44;1225.84;482.99;1211.6;450.78;1212.6;10;0.76;move
3295;1964.94;1929.2;1971.81;1897.72;1957.84;1894.67;1950.97;1926.15;10;0.83;stop
3334;1356.67;1181.87;1382.61;1179.96;1381.58;1166.0;1355.64;1167.92;10;0.79;stop
3345;-0.16;1250.81;17.24;1250.14;16.75;1237.31;-0.66;1237.98;10;0.46;stop
3352;393.52;1210.74;426.26;1209.86;425.86;1194.88;393.12;1195.76;10;0.44;move
3363;1939.67;1408.54;1956.21;1405.88;1949.93;1366.83;1933.38;1369.5;9;0.69;stop
3367;3769.28;1392.9;3772.16;1380.93;3741.97;1373.66;3739.09;1385.64;10;0.65;stop
3393;3739.7;1315.85;3743.15;1300.85;3707.79;1292.74;3704.35;1307.75;10;0.81;stop
3413;12.06;1126.66;12.26;1116.08;-0.38;1115.84;-0.58;1126.42;10;0.42;stop
3421;3056.84;142.8;3078.79;140.1;3077.41;128.88;3055.46;131.59;10;0.38;stop
3424;3527.54;464.98;3534.94;438.81;3521.52;435.02;3514.12;461.19;10;0.73;move
3465;559.23;159.96;585.54;157.73;584.52;145.66;558.21;147.89;10;0.46;stop
3480;292.65;1209.73;320.05;1208.65;319.54;1195.89;292.14;1196.98;10;0.74;move
3487;1777.75;128.54;1792.58;126.89;1788.5;90.27;1773.67;91.92;10;0.6;stop
3491;2463.61;285.11;2475.8;282.57;2470.27;256.02;2458.07;258.56;10;0.36;move
3504;1312.89;1185.24;1340.14;1182.55;1338.74;1168.26;1311.48;1170.95;10;0.8;stop
3505;1956.93;1973.25;1964.46;1947.36;1952.91;1944.0;1945.39;1969.89;10;0.83;stop
3582;242.03;1213.73;242.1;1201.41;216.87;1201.27;216.81;1213.59;10;0.75;move
3592;406.77;1674.61;430.48;1674.46;430.42;1663.83;406.7;1663.98;10;0.45;stop
3598;316.64;1385.13;317.86;1360.87;306.07;1360.28;304.85;1384.54;10;0.4;stop
3623;1768.52;149.27;1771.84;123.9;1760.51;122.41;1757.19;147.79;10;0.78;stop
3630;3600.93;1261.74;3603.66;1248.85;3572.82;1242.32;3570.09;1255.22;10;0.8;stop
3646;2645.68;1134.21;2646.1;1119.94;2639.54;1119.74;2639.13;1134.01;10;0.35;stop
3673;591.37;1695.53;614.51;1695.04;614.26;1683.22;591.12;1683.71;10;0.63;move
3700;1216.94;1156.11;1262.43;1155.05;1262.01;1136.64;1216.51;1137.7;9;0.56;move
3718;3213.51;1321.55;3224.37;1289.41;3208.37;1284.0;3197.51;1316.14;10;0.46;stop
3728;3767.63;967.83;3793.35;965.65;3792.37;954.04;3766.65;956.22;10;0.43;stop
3746;3794.54;1324.32;3797.45;1311.48;3767.33;1304.66;3764.43;1317.51;10;0.79;stop
3754;1804.84;152.51;1818.55;151.16;1815.45;119.74;1801.75;121.09;10;0.82;move
3758;1778.37;86.86;1792.83;85.9;1790.74;54.33;1776.28;55.29;10;0.82;stop
3764;3605.51;1374.97;3619.67;1345.86;3605.74;1339.09;3591.58;1368.2;10;0.8;stop
3766;2476.77;482.2;2489.8;481.1;2487.48;453.8;2474.45;454.9;10;0.75;move
3776;138.17;1225.44;171.61;1224.5;171.21;1210.19;137.77;1211.12;10;0.79;move
3778;1761.05;224.43;1775.38;223.74;1773.89;192.94;1759.56;193.64;10;0.52;stop
3790;2508.51;1214.55;2531.39;1214.02;2531.11;1201.95;2508.23;1202.48;10;0.78;stop
3795;3413.24;996.91;3427.67;987.84;3419.1;975.9;3404.68;984.98;10;0.45;stop
3809;2235.36;1334.96;2236.33;1323.38;2209.7;1321.17;2208.74;1332.75;10;0.37;stop
3828;3647.81;537.16;3677.88;532.83;3675.94;519.4;3645.87;523.73;10;0.52;move
3846;3711.5;1287.08;3714.39;1274.03;3685.37;1267.6;3682.48;1280.66;10;0.79;move
3851;2598.46;1130.43;2599.15;1118.83;2573.92;1117.32;2573.22;1128.92;10;0.78;stop
3912;2578.4;1092.21;2578.73;1081.96;2557.98;1081.29;2557.65;1091.54;10;0.74;stop
3921;1915.92;1424.14;1929.66;1422.11;1924.83;1389.49;1911.09;1391.52;9;0.47;stop
3934;2375.35;1133.42;2409.4;1132.32;2408.9;1116.58;2374.85;1117.68;10;0.74;move
3937;2531.35;1332.43;2581.36;1329.43;2580.27;1311.32;2530.26;1314.32;9;0.44;stop
3947;1365.54;111.97;1392.28;110.93;1391.83;99.53;1365.1;100.57;10;0.38;stop
3948;1893.08;2148.03;1926.5;2067.88;1909.04;2060.6;1875.63;2140.75;9;0.45;move
3956;2733.27;1355.11;2733.47;1340.18;2698.72;1339.73;2698.53;1354.66;9;0.41;stop
3959;1200.79;1883.48;1201.07;1867.59;1193.59;1867.46;1193.31;1883.35;10;0.41;stop
3965;452.82;172.67;473.78;159.17;466.86;148.42;445.9;161.93;10;0.36;stop
3967;2476.71;263.51;2488.58;263.0;2487.54;238.89;2475.67;239.4;10;0.36;stop
3977;238.43;1952.85;240.81;1924.9;226.81;1923.71;224.42;1951.66;10;0.36;stop
3981;2939.82;1393.76;2950.78;1381.95;2917.68;1351.24;2906.72;1363.05;9;0.4;stop
3992;492.29;1712.88;518.36;1712.82;518.33;1699.62;492.26;1699.68;10;0.5;stop
3999;2506.67;1058.21;2520.05;1057.28;2518.23;1030.92;2504.85;1031.84;10;0.72;stop
4005;1796.19;55.84;1810.74;54.77;1808.22;20.66;1793.67;21.73;10;0.66;move
4006;926.74;1244.67;966.14;1244.5;966.07;1227.52;926.67;1227.69;9;0.57;stop
4017;3796.69;1307.13;3800.04;1292.15;3765.19;1284.35;3761.84;1299.33;10;0.81;move
4026;1795.94;54.39;1810.7;53.72;1809.14;19.3;1794.38;19.96;9;0.54;move
4027;731.43;1125.8;731.48;1115.26;719.11;1115.2;719.07;1125.74;10;0.49;stop
4038;3777.19;156.78;3792.95;154.29;3788.43;125.74;3772.67;128.24;10;0.43;stop
4040;1861.7;711.28;1876.52;708.89;1869.93;667.97;1855.11;670.36;10;0.51;stop
4056;488.33;168.84;518.98;167.83;518.55;154.6;487.89;155.61;10;0.4;stop
4057;3327.76;898.7;3341.51;872.48;3329.44;866.14;3315.68;892.36;10;0.37;stop
4058;3817.06;502.03;3840.36;498.72;3838.57;486.1;3815.26;489.41;10;0.52;stop
4065;2480.82;231.82;2502.6;227.1;2500.31;216.5;2478.52;221.22;10;0.4;stop
4070;2860.96;1366.48;2864.99;1349.32;2821.7;1339.14;2817.66;1356.31;10;0.36;stop
4071;3498.23;481.84;3506.57;458.54;3494.58;454.26;3486.24;477.56;10;0.46;stop
4073;502.62;1127.08;520.73;1126.72;520.57;1118.23;502.45;1118.59;10;0.37;stop
4074;2696.88;1222.45;2697.64;1205.42;2661.17;1203.8;2660.41;1220.83;9;0.43;stop
4077;3385.35;928.52;3391.46;897.71;3374.96;894.45;3368.86;925.25;9;0.39;stop
4078;863.27;1935.36;866.69;1918.59;857.13;1916.64;853.71;1933.41;10;0.38;stop
