vehicle_id;veh_bb_x1;veh_bb_y1;veh_bb_x2;veh_bb_y2;veh_bb_x3;veh_bb_y3;veh_bb_x4;veh_bb_y4;det_class;conf_score;state
1;2699.24;1099.95;2700.11;1087.84;2673.38;1085.93;2672.52;1098.04;10;0.84;stop
2;1989.78;1945.84;1994.95;1913.98;1981.47;1911.79;1976.3;1943.65;10;0.83;stop
3;2989.57;1256.33;2991.87;1241.62;2960.18;1236.67;2957.88;1251.38;10;0.83;stop
7;2987.15;1130.24;2989.19;1118.92;2962.6;1114.14;2960.56;1125.45;10;0.83;stop
9;2741.88;1102.79;2743.22;1089.82;2710.62;1086.46;2709.28;1099.43;10;0.84;stop
10;3711.09;1379.52;3714.5;1365.26;3680.16;1357.05;3676.75;1371.31;10;0.82;stop
13;2850.22;1110.02;2851.21;1097.16;2822.78;1094.98;2821.79;1107.84;10;0.82;stop
14;1035.37;1144.88;1060.63;1144.62;1060.51;1133.25;1035.25;1133.51;10;0.8;move
15;2917.09;1119.44;2918.77;1107.48;2890.91;1103.56;2889.23;1115.52;10;0.82;stop
16;2498.34;1215.59;2498.57;1202.53;2470.41;1202.03;2470.18;1215.09;10;0.83;stop
18;1976.41;1982.48;1984.62;1951.8;1971.41;1948.27;1963.2;1978.95;10;0.83;stop
21;1821.98;887.11;1822.09;857.82;1807.27;857.77;1807.16;887.05;10;0.82;stop
22;1672.05;1109.38;1698.52;1109.24;1698.45;1096.74;1671.98;1096.88;10;0.82;stop
23;1905.59;799.13;1919.18;797.83;1916.23;766.87;1902.63;768.17;10;0.81;move
24;1937.91;1244.46;1940.27;1218.18;1927.59;1217.04;1925.23;1243.32;10;0.71;move
26;3383.55;1092.87;3386.29;1080.22;3356.14;1073.69;3353.4;1086.34;10;0.82;stop
28;1290.59;1719.93;1290.93;1707.57;1263.73;1706.82;1263.39;1719.18;10;0.82;stop
29;1936.62;1856.86;1940.8;1826.06;1926.63;1824.14;1922.45;1854.94;10;0.83;stop
30;2884.19;1114.67;2885.64;1102.23;2855.89;1098.77;2854.44;1111.21;10;0.81;stop
32;1926.88;742.35;1940.18;740.82;1936.37;707.78;1923.07;709.31;10;0.82;stop
38;2565.83;1215.7;2566.16;1202.62;2537.92;1201.92;2537.59;1215.01;10;0.82;stop
39;1897.08;852.53;1909.64;851.64;1907.58;822.59;1895.02;823.48;10;0.79;stop
40;1359.82;1721.31;1360.24;1708.57;1333.43;1707.69;1333.01;1720.43;10;0.81;stop
41;1342.02;1118.07;1369.38;1117.74;1369.23;1104.93;1341.87;1105.26;10;0.81;stop
43;75.09;1178.4;106.05;1176.84;105.38;1163.48;74.42;1165.03;10;0.71;move
44;2903.2;1358.94;2909.72;1346.5;2880.05;1330.94;2873.53;1343.37;10;0.81;stop
45;1275.22;1149.92;1309.04;1149.6;1308.9;1134.95;1275.08;1135.28;10;0.78;move
46;1193.33;1874.94;1193.58;1851.19;1180.99;1851.06;1180.73;1874.81;10;0.68;stop
49;3042.42;1137.57;3043.88;1125.84;3017.58;1122.55;3016.12;1134.29;10;0.8;stop
50;969.44;1158.3;995.6;1158.21;995.56;1146.08;969.4;1146.17;10;0.79;move
51;3673.4;1368.98;3676.88;1356.02;3646.6;1347.9;3643.12;1360.85;10;0.79;stop
52;571.74;681.03;573.64;670.12;549.51;665.92;547.61;676.83;10;0.8;stop
53;840.19;1127.64;867.79;1126.82;867.42;1114.49;839.82;1115.3;10;0.81;stop
57;1491.97;1685.14;1492.33;1672.65;1464.53;1671.86;1464.17;1684.35;10;0.81;stop
58;1849.68;2116.94;1860.01;2092.0;1848.38;2087.18;1838.05;2112.13;10;0.8;stop
61;1927.1;497.32;1941.1;495.96;1938.4;467.93;1924.4;469.29;10;0.81;stop
62;1649.47;1229.68;1650.61;1217.55;1623.16;1214.95;1622.01;1227.08;10;0.79;stop
63;795.36;1242.82;822.23;1241.68;821.69;1228.81;794.82;1229.94;10;0.8;stop
64;2214.1;1099.91;2238.82;1098.76;2238.28;1087.09;2213.55;1088.24;10;0.79;stop
65;862.27;1155.77;894.8;1154.99;894.42;1139.23;861.89;1140.01;10;0.77;move
66;2873.14;1237.08;2875.28;1216.74;2820.11;1210.92;2817.97;1231.26;9;0.82;stop
67;2950.45;1248.72;2952.19;1235.21;2919.24;1230.97;2917.5;1244.48;10;0.81;stop
68;1968.13;1316.43;1980.6;1315.5;1978.37;1285.7;1965.9;1286.63;10;0.79;stop
69;1866.04;2083.43;1876.45;2056.75;1864.46;2052.07;1854.05;2078.75;10;0.8;stop
70;3252.49;124.6;3285.54;120.73;3283.76;105.55;3250.71;109.43;10;0.8;stop
71;1955.48;907.76;1968.89;905.42;1964.02;877.61;1950.61;879.96;10;0.8;stop
73;1765.86;1148.47;1806.46;1141.62;1798.14;1122.06;1757.54;1128.91;9;0.67;move
75;2048.64;1141.41;2048.93;1128.47;2016.18;1127.72;2015.88;1140.65;10;0.8;move
77;567.97;1476.21;569.57;1463.66;541.09;1460.04;539.49;1472.59;10;0.78;stop
78;809.07;1128.33;835.76;1127.14;835.26;1116.04;808.57;1117.23;10;0.8;stop
80;1236.36;1548.36;1239.35;1519.82;1225.7;1518.39;1222.71;1546.93;10;0.8;stop
81;2615.45;1097.67;2616.37;1084.71;2586.17;1082.58;2585.26;1095.54;10;0.81;stop
84;1790.34;772.29;1802.46;770.9;1799.54;745.34;1787.42;746.72;10;0.8;stop
85;1951.32;796.93;1962.92;795.91;1960.77;771.32;1949.17;772.34;10;0.79;stop
87;1046.41;1241.48;1046.51;1228.09;1018.52;1227.89;1018.43;1241.29;10;0.81;stop
89;2599.97;1215.77;2600.01;1203.06;2574.66;1202.98;2574.62;1215.69;10;0.81;stop
90;2765.54;1223.42;2766.38;1211.23;2739.57;1209.4;2738.74;1221.58;10;0.8;stop
92;1965.75;1279.03;1978.51;1277.61;1975.31;1248.85;1962.55;1250.27;10;0.77;stop
93;1105.29;733.09;1105.96;720.85;1077.21;719.28;1076.54;731.53;10;0.8;stop
95;896.13;1239.72;896.39;1227.42;869.18;1226.84;868.92;1239.14;10;0.8;stop
99;3028.61;1261.73;3030.69;1247.3;2997.64;1242.52;2995.56;1256.95;10;0.81;stop
100;1283.14;80.92;1283.23;68.32;1256.55;68.14;1256.46;80.74;10;0.8;stop
101;1794.48;804.34;1807.43;802.66;1803.74;774.04;1790.78;775.71;10;0.81;stop
103;1833.3;2157.15;1847.71;2129.94;1835.51;2123.47;1821.1;2150.69;10;0.77;stop
104;3185.8;1400.74;3195.53;1370.6;3180.76;1365.83;3171.03;1395.97;10;0.81;stop
106;1796.58;659.41;1808.15;658.49;1806.13;633.22;1794.57;634.14;10;0.79;stop
107;1822.63;1015.62;1823.87;985.2;1809.99;984.63;1808.76;1015.05;10;0.8;stop
108;1554.16;1111.49;1554.25;1099.33;1528.34;1099.13;1528.25;1111.29;10;0.8;stop
109;2542.29;606.72;2568.78;603.24;2567.08;590.28;2540.59;593.76;10;0.8;stop
110;1440.46;1151.74;1470.01;1151.53;1469.91;1137.64;1440.37;1137.84;10;0.8;move
112;1881.56;2042.93;1891.97;2017.3;1880.63;2012.69;1870.22;2038.33;10;0.8;stop
113;1948.83;769.1;1962.52;767.79;1959.6;737.28;1945.92;738.58;10;0.81;stop
114;1811.11;850.23;1825.03;850.19;1824.93;821.52;1811.01;821.56;10;0.81;stop
117;2432.97;1216.27;2460.49;1216.1;2460.41;1202.48;2432.88;1202.65;10;0.79;stop
119;1889.62;120.08;1902.28;118.74;1899.38;91.42;1886.72;92.76;10;0.8;stop
120;1763.61;390.51;1778.67;389.0;1775.64;358.74;1760.58;360.25;10;0.79;stop
121;3335.95;543.19;3364.26;539.25;3362.49;526.5;3334.18;530.44;10;0.79;stop
122;941.45;1126.69;968.91;1125.85;968.52;1113.18;941.06;1114.03;10;0.81;stop
124;3091.25;1212.09;3093.31;1199.28;3063.44;1194.47;3061.37;1207.28;10;0.68;stop
126;624.77;1163.1;648.8;1162.18;648.36;1150.65;624.32;1151.57;10;0.76;move
128;1933.41;664.99;1938.83;652.14;1910.06;640.01;1904.64;652.86;10;0.84;stop
131;2733.11;1220.52;2733.49;1206.96;2702.51;1206.1;2702.14;1219.67;10;0.8;stop
133;1916.83;1695.04;1945.47;1688.01;1942.11;1674.33;1913.47;1681.36;10;0.81;stop
134;1027.89;729.05;1028.57;718.02;1004.99;716.57;1004.31;727.6;10;0.8;stop
135;3018.59;146.72;3047.59;143.18;3045.91;129.46;3016.91;133.01;10;0.81;stop
136;2802.43;168.91;2831.0;165.39;2829.37;152.18;2800.8;155.7;10;0.79;stop
137;1067.73;730.81;1068.49;719.24;1043.89;717.63;1043.14;729.2;10;0.8;stop
138;974.12;1124.28;998.41;1124.03;998.29;1112.22;974.0;1112.47;10;0.8;stop
140;3063.47;1265.48;3064.95;1251.92;3037.31;1248.89;3035.83;1262.46;10;0.8;stop
141;2923.26;1415.49;2932.64;1404.17;2904.99;1381.26;2895.61;1392.58;10;0.77;stop
142;1192.03;1987.2;1200.94;1987.02;1200.47;1964.36;1191.56;1964.55;10;0.42;stop
143;1954.55;833.12;1967.42;831.99;1964.95;803.76;1952.08;804.89;10;0.8;stop
144;905.37;1127.13;931.83;1125.86;931.2;1112.74;904.74;1114.01;10;0.8;stop
145;1723.04;1228.79;1723.18;1216.13;1696.06;1215.83;1695.92;1228.5;10;0.78;stop
146;2668.3;1098.27;2669.08;1084.86;2639.08;1083.1;2638.29;1096.52;10;0.8;stop
147;1904.01;1727.45;1904.36;1714.65;1878.15;1713.93;1877.79;1726.72;10;0.8;stop
148;2664.02;597.41;2694.53;593.5;2692.86;580.47;2662.35;584.38;10;0.79;stop
149;1399.73;1236.47;1425.38;1236.02;1425.14;1222.78;1399.5;1223.23;10;0.8;stop
153;1859.56;1725.67;1859.81;1710.57;1829.31;1710.08;1829.07;1725.18;10;0.79;stop
155;1226.23;84.12;1250.92;82.02;1249.9;70.0;1225.2;72.11;10;0.79;stop
157;1273.19;1120.61;1303.94;1119.92;1303.63;1105.77;1272.87;1106.45;10;0.8;stop
159;2190.3;1099.58;2190.51;1087.86;2166.45;1087.42;2166.24;1099.14;10;0.79;stop
161;496.7;1675.42;497.08;1663.85;471.74;1663.02;471.36;1674.58;10;0.77;stop
162;1276.08;1683.95;1276.5;1671.65;1251.23;1670.8;1250.82;1683.1;10;0.81;stop
166;3627.17;1248.21;3631.1;1234.46;3600.96;1225.85;3597.03;1239.6;10;0.8;stop
167;805.25;2052.88;818.42;2052.48;817.56;2024.31;804.39;2024.71;10;0.8;stop
169;3467.17;1320.8;3470.13;1307.52;3438.45;1300.45;3435.49;1313.73;10;0.81;stop
170;1920.14;346.71;1931.74;345.79;1929.8;321.54;1918.2;322.46;10;0.76;stop
172;606.94;1242.33;607.26;1229.57;580.87;1228.92;580.56;1241.68;10;0.78;stop
173;1462.62;957.06;1463.61;945.24;1437.63;943.06;1436.64;954.89;10;0.79;stop
174;734.96;1064.84;761.1;1063.91;760.69;1052.41;734.55;1053.34;10;0.78;stop
175;1937.65;820.49;1950.2;819.5;1948.1;792.76;1935.55;793.75;10;0.81;stop
177;2110.34;1221.68;2138.9;1220.63;2138.41;1207.2;2109.85;1208.25;10;0.79;stop
178;1425.4;1721.32;1426.3;1709.65;1400.6;1707.68;1399.7;1719.35;10;0.75;stop
179;3547.09;1329.73;3550.11;1317.05;3521.66;1310.27;3518.64;1322.95;10;0.79;stop
185;834.66;1241.75;860.41;1240.98;860.02;1227.63;834.26;1228.4;10;0.79;stop
186;979.01;1242.79;1008.57;1242.23;1008.3;1227.71;978.74;1228.27;10;0.73;stop
187;3064.07;1029.1;3098.65;1025.76;3097.18;1010.52;3062.6;1013.86;10;0.79;stop
188;2867.0;1344.62;2871.64;1331.01;2837.5;1319.38;2832.86;1332.99;10;0.8;stop
190;3528.16;985.34;3558.32;983.17;3557.46;971.22;3527.3;973.39;10;0.79;stop
191;3271.32;1048.05;3285.77;1019.28;3272.43;1012.58;3257.98;1041.35;10;0.8;stop
195;2655.82;636.25;2687.48;634.1;2686.52;620.0;2654.86;622.15;10;0.77;stop
199;3587.34;1347.27;3592.18;1334.57;3562.97;1323.43;3558.13;1336.14;10;0.8;stop
200;1984.81;1292.73;1996.36;1292.1;1995.06;1268.33;1983.52;1268.96;10;0.74;stop
204;2146.52;1371.57;2175.62;1368.47;2174.23;1355.43;2145.13;1358.53;10;0.79;stop
205;3125.8;1019.32;3150.54;1009.82;3146.07;998.18;3121.33;1007.68;10;0.79;stop
206;756.99;2053.68;769.68;2053.08;768.32;2024.44;755.63;2025.05;10;0.78;stop
207;1362.3;75.82;1390.09;74.4;1389.45;61.99;1361.66;63.41;10;0.78;stop
210;1689.16;1229.03;1689.23;1216.88;1663.34;1216.72;1663.27;1228.87;10;0.78;stop
211;1468.52;1234.55;1492.29;1232.79;1491.36;1220.2;1467.59;1221.96;10;0.77;stop
212;2569.91;603.26;2595.59;601.09;2594.59;589.24;2568.91;591.41;10;0.76;stop
215;3403.45;1303.03;3407.56;1290.94;3380.3;1281.65;3376.19;1293.75;10;0.8;stop
216;2501.5;1723.95;2502.22;1691.85;2488.62;1691.55;2487.91;1723.65;10;0.78;stop
218;1920.92;388.33;1937.54;369.9;1928.83;362.04;1912.21;380.47;10;0.77;stop
219;1795.64;839.98;1808.9;839.56;1807.93;809.27;1794.66;809.69;10;0.79;stop
220;2834.14;583.42;2862.0;579.55;2860.24;566.89;2832.38;570.77;10;0.78;stop
221;435.2;1136.67;462.26;1136.03;461.99;1124.58;434.93;1125.22;10;0.77;stop
222;539.29;1134.65;567.0;1134.55;566.96;1121.92;539.25;1122.01;10;0.79;stop
223;170.19;1248.26;221.95;1246.21;221.21;1227.68;169.46;1229.73;9;0.76;stop
225;1902.95;1302.9;1913.93;1300.65;1908.55;1274.47;1897.57;1276.73;10;0.79;stop
227;1953.11;1186.34;1976.4;1171.14;1969.39;1160.41;1946.1;1175.61;10;0.84;move
228;800.21;2052.19;800.58;2024.24;786.98;2024.06;786.61;2052.01;10;0.8;stop
229;2012.18;1760.86;2013.48;1730.62;1999.57;1730.02;1998.27;1760.26;10;0.81;stop
230;1777.62;582.75;1789.55;581.29;1786.43;555.75;1774.5;557.21;10;0.79;stop
231;3746.99;1356.62;3749.9;1342.66;3717.38;1335.88;3714.47;1349.84;10;0.76;move
236;2890.33;580.4;2921.0;576.32;2919.35;563.93;2888.69;568.02;10;0.79;stop
237;2118.16;1102.37;2141.1;1102.35;2141.09;1090.25;2118.15;1090.28;10;0.65;stop
239;1257.08;1720.4;1257.66;1707.52;1231.99;1706.35;1231.4;1719.23;10;0.77;stop
240;1323.43;1720.37;1323.74;1709.27;1301.2;1708.63;1300.88;1719.73;10;0.76;stop
241;1393.0;1721.32;1393.29;1709.43;1367.75;1708.8;1367.46;1720.7;10;0.75;stop
242;1968.9;1401.37;1981.76;1400.42;1979.85;1374.57;1966.99;1375.52;10;0.78;stop
244;1805.99;779.61;1817.89;778.25;1814.45;748.14;1802.55;749.5;10;0.77;stop
245;3511.65;96.55;3545.21;93.54;3543.97;79.7;3510.41;82.71;10;0.79;stop
246;2767.64;588.54;2797.07;586.54;2796.23;574.14;2766.8;576.14;10;0.77;stop
247;288.13;1136.16;288.23;1124.38;261.72;1124.16;261.62;1135.93;10;0.77;stop
248;1502.23;1043.38;1504.27;1012.86;1491.39;1012.0;1489.35;1042.52;10;0.77;stop
249;1938.58;872.22;1951.8;872.13;1951.57;839.47;1938.36;839.56;10;0.79;stop
250;1434.68;1236.19;1461.65;1234.99;1461.07;1221.94;1434.1;1223.14;10;0.78;stop
252;1728.47;1687.55;1728.96;1675.1;1700.05;1673.95;1699.56;1686.4;10;0.79;stop
253;3410.41;108.33;3443.2;105.0;3441.77;90.89;3408.98;94.21;10;0.77;stop
254;918.38;725.61;919.1;713.68;893.43;712.14;892.71;724.07;10;0.74;stop
255;1141.26;1121.35;1165.07;1121.17;1164.99;1109.9;1141.18;1110.08;10;0.79;stop
260;2062.71;1221.94;2093.21;1221.56;2093.04;1208.06;2062.54;1208.44;10;0.78;stop
262;3491.63;615.2;3500.03;586.1;3486.18;582.1;3477.78;611.21;10;0.76;stop
264;1898.94;234.29;1911.31;233.87;1910.31;204.46;1897.94;204.88;10;0.78;stop
266;2441.01;614.81;2468.19;612.08;2466.99;600.19;2439.81;602.92;10;0.78;stop
268;1785.55;470.47;1797.93;469.39;1795.33;439.65;1782.94;440.74;10;0.78;stop
269;1901.98;99.2;1914.75;97.94;1911.96;69.55;1899.19;70.81;10;0.78;stop
270;757.28;1087.16;761.1;1076.25;738.03;1068.16;734.21;1079.06;10;0.75;stop
273;1231.66;1590.15;1235.36;1561.43;1223.09;1559.85;1219.39;1588.57;10;0.79;stop
274;1450.56;1113.33;1474.76;1112.68;1474.44;1100.67;1450.24;1101.32;10;0.76;stop
278;3197.02;1365.66;3206.55;1336.22;3192.04;1331.53;3182.51;1360.96;10;0.78;stop
281;2410.03;616.96;2437.12;614.59;2436.09;602.82;2409.0;605.19;10;0.77;stop
282;345.64;1140.58;372.38;1139.85;372.01;1126.3;345.27;1127.03;10;0.76;stop
283;1502.81;1006.67;1504.71;980.94;1493.07;980.08;1491.17;1005.81;10;0.77;stop
284;1934.29;784.55;1946.47;783.61;1944.06;752.2;1931.88;753.14;10;0.82;stop
286;1908.06;168.27;1920.02;166.87;1916.94;140.54;1904.98;141.94;10;0.78;stop
288;1803.0;743.19;1816.46;742.01;1813.88;712.56;1800.41;713.74;10;0.75;stop
289;1744.71;79.81;1756.79;78.79;1754.65;53.5;1742.57;54.52;10;0.8;stop
291;1699.06;662.11;1699.7;650.01;1671.44;648.52;1670.8;660.61;10;0.76;stop
293;2332.67;1217.99;2362.24;1216.53;2361.58;1203.01;2332.01;1204.47;10;0.77;stop
294;2817.42;1227.78;2818.37;1214.33;2790.33;1212.35;2789.38;1225.8;10;0.79;stop
295;1927.95;1889.73;1930.42;1866.68;1919.55;1865.52;1917.08;1888.57;10;0.75;stop
296;1824.66;1724.6;1825.32;1712.75;1796.72;1711.15;1796.05;1723.0;10;0.77;stop
297;3008.62;1480.64;3025.07;1468.4;2991.85;1423.74;2975.39;1435.98;9;0.76;stop
299;1925.97;548.01;1939.02;547.11;1937.28;521.86;1924.23;522.76;10;0.79;stop
300;2335.4;622.48;2361.39;619.51;2359.97;607.14;2333.99;610.11;10;0.79;stop
301;534.04;1140.13;534.2;1129.91;511.27;1129.56;511.12;1139.78;10;0.78;stop
303;1892.88;1273.51;1903.64;1270.26;1896.12;1245.37;1885.36;1248.62;10;0.78;stop
304;1812.34;921.44;1823.91;920.24;1821.18;893.75;1809.6;894.95;10;0.75;stop
307;3783.34;929.95;3811.64;927.3;3810.41;914.12;3782.11;916.76;10;0.75;stop
309;770.27;1713.74;770.27;1701.76;744.68;1701.76;744.68;1713.74;10;0.74;stop
310;2490.08;1675.46;2504.05;1675.13;2503.42;1648.91;2489.45;1649.24;10;0.77;stop
311;1129.87;92.1;1156.21;91.94;1156.13;78.9;1129.79;79.06;10;0.78;stop
312;1929.49;452.82;1941.82;452.19;1940.51;426.93;1928.18;427.56;10;0.75;stop
314;205.66;1141.54;230.47;1141.16;230.28;1129.09;205.47;1129.47;10;0.75;stop
315;1495.51;954.03;1499.89;941.63;1471.11;931.47;1466.74;943.87;10;0.77;stop
316;1929.59;1527.78;1940.92;1526.29;1937.79;1502.41;1926.46;1503.9;10;0.78;stop
317;2413.83;1360.0;2438.45;1358.92;2437.92;1346.75;2413.3;1347.83;10;0.77;stop
318;3740.27;932.43;3769.93;930.33;3769.1;918.67;3739.44;920.77;10;0.75;stop
319;3252.76;1082.74;3264.74;1057.16;3251.61;1051.01;3239.63;1076.59;10;0.76;stop
320;2903.37;1241.88;2905.05;1229.0;2879.13;1225.62;2877.45;1238.5;10;0.79;stop
322;1748.36;110.04;1759.6;108.9;1757.14;84.59;1745.9;85.73;10;0.77;stop
324;3606.47;303.51;3618.1;274.68;3604.78;269.3;3593.15;298.13;10;0.76;stop
325;407.96;1136.73;432.88;1135.92;432.51;1124.52;407.59;1125.33;10;0.77;stop
326;233.3;1244.34;259.52;1244.03;259.36;1230.66;233.14;1230.97;10;0.75;stop
327;1852.62;1511.45;1881.88;1505.74;1879.47;1493.42;1850.21;1499.14;10;0.77;stop
330;3232.4;1356.5;3250.65;1332.57;3239.16;1323.81;3220.92;1347.74;10;0.78;stop
331;771.42;2053.44;783.25;2053.41;783.19;2026.94;771.36;2026.96;10;0.77;stop
334;1625.4;1110.76;1625.77;1098.18;1606.73;1097.61;1606.35;1110.19;10;0.74;stop
335;733.72;1243.29;758.86;1241.04;757.82;1229.46;732.68;1231.71;10;0.76;stop
336;2734.02;590.04;2759.42;586.86;2757.85;574.33;2732.46;577.51;10;0.78;stop
338;1715.72;1724.91;1716.36;1712.13;1690.41;1710.84;1689.77;1723.62;10;0.76;stop
339;1755.21;277.25;1766.6;277.07;1766.23;253.75;1754.84;253.93;10;0.77;stop
341;1743.01;49.75;1755.22;48.72;1752.98;22.25;1740.77;23.28;10;0.79;stop
343;2297.75;1218.97;2324.81;1218.31;2324.5;1205.4;2297.44;1206.07;10;0.77;stop
344;2949.26;1123.9;2951.09;1111.23;2924.18;1107.35;2922.35;1120.02;10;0.77;stop
345;1780.14;390.06;1791.89;389.1;1789.82;363.69;1778.06;364.65;10;0.77;stop
346;1499.33;1075.92;1501.33;1049.03;1488.67;1048.08;1486.67;1074.97;10;0.77;stop
347;1151.47;1240.49;1179.93;1239.61;1179.53;1226.63;1151.07;1227.52;10;0.78;stop
349;3287.06;1015.54;3302.48;991.17;3291.38;984.14;3275.96;1008.52;10;0.79;stop
350;2646.48;1385.1;2659.2;1383.11;2654.7;1354.28;2641.98;1356.26;10;0.78;stop
352;3779.79;71.81;3810.15;67.89;3808.33;53.81;3777.97;57.73;10;0.72;stop
353;3280.48;957.45;3298.74;936.06;3288.59;927.39;3270.33;948.79;10;0.78;stop
354;1961.07;1143.05;1989.95;1143.0;1989.93;1130.57;1961.05;1130.63;10;0.82;move
355;754.25;135.3;777.45;134.73;777.16;122.89;753.96;123.46;10;0.77;stop
356;376.76;1139.01;402.87;1137.75;402.3;1125.99;376.2;1127.25;10;0.76;stop
357;1429.31;954.69;1429.52;942.52;1403.44;942.06;1403.23;954.23;10;0.76;stop
359;3429.49;787.27;3440.46;758.94;3426.45;753.51;3415.47;781.84;10;0.77;stop
360;3403.48;955.98;3432.18;955.21;3431.84;942.46;3403.13;943.23;10;0.77;stop
361;3563.79;984.85;3596.34;981.55;3594.96;967.96;3562.41;971.26;10;0.78;stop
362;1228.55;1626.12;1230.82;1598.01;1218.32;1597.01;1216.06;1625.11;10;0.75;stop
363;1972.57;1433.03;1984.83;1432.12;1982.93;1406.47;1970.67;1407.38;10;0.81;stop
364;2004.75;1638.36;2018.34;1637.67;2016.75;1606.14;2003.16;1606.83;10;0.76;stop
365;2163.95;635.75;2193.12;632.41;2191.67;619.75;2162.51;623.09;10;0.69;stop
366;2800.71;585.95;2827.34;583.25;2826.16;571.62;2799.53;574.32;10;0.76;stop
367;71.71;1244.15;102.82;1243.79;102.67;1230.85;71.56;1231.21;10;0.74;stop
369;3211.88;1000.48;3242.21;988.28;3237.18;975.77;3206.85;987.97;10;0.78;stop
370;2798.48;1104.92;2799.64;1091.99;2774.96;1089.77;2773.79;1102.7;10;0.77;stop
371;3344.12;1139.08;3346.83;1126.59;3317.75;1120.29;3315.05;1132.78;10;0.77;stop
372;2561.99;190.77;2591.24;188.26;2590.14;175.42;2560.89;177.93;10;0.77;stop
373;1758.98;320.04;1771.85;318.56;1768.79;291.96;1755.92;293.44;10;0.78;stop
376;2834.63;162.73;2857.98;160.64;2856.93;148.98;2833.59;151.08;10;0.77;stop
377;1084.76;1122.55;1112.83;1122.34;1112.74;1109.64;1084.67;1109.85;10;0.73;stop
378;630.47;1281.45;632.43;1250.7;618.28;1249.8;616.32;1280.55;10;0.75;stop
381;2653.75;1413.77;2655.84;1389.68;2643.5;1388.6;2641.41;1412.7;10;0.77;stop
382;3606.6;980.85;3637.35;978.82;3636.53;966.34;3605.77;968.37;10;0.77;stop
383;1765.85;1689.08;1766.26;1676.68;1739.65;1675.8;1739.24;1688.2;10;0.75;stop
384;2983.18;1494.51;2994.23;1488.11;2979.32;1462.36;2968.27;1468.77;10;0.74;stop
385;3551.73;93.46;3582.26;90.22;3580.77;76.22;3550.24;79.47;10;0.74;stop
386;2092.3;1373.26;2123.59;1371.1;2122.7;1358.24;2091.41;1360.4;10;0.77;stop
388;1977.57;1069.11;1989.6;1066.12;1982.61;1038.01;1970.59;1041.0;10;0.77;stop
390;1161.95;91.56;1190.81;89.51;1189.86;76.06;1161.0;78.11;10;0.76;stop
391;2699.43;592.94;2727.06;590.57;2726.07;579.03;2698.44;581.4;10;0.77;stop
392;3813.92;63.64;3840.11;59.06;3837.95;46.75;3811.77;51.33;10;0.66;stop
395;1775.33;1228.45;1804.76;1225.29;1803.3;1211.68;1773.87;1214.83;10;0.78;stop
396;3184.18;1042.07;3199.28;1036.27;3187.07;1004.49;3171.97;1010.29;10;0.77;stop
398;1956.34;866.38;1968.08;866.0;1967.29;841.37;1955.54;841.75;10;0.72;stop
399;1354.05;1237.86;1380.51;1236.15;1379.7;1223.64;1353.24;1225.35;10;0.76;stop
400;3425.01;1065.11;3434.0;1036.58;3419.68;1032.07;3410.69;1060.6;10;0.77;stop
401;2007.9;1674.65;2017.57;1674.55;2017.35;1654.23;2007.68;1654.33;10;0.76;stop
402;2662.63;1354.35;2691.54;1352.85;2690.87;1340.02;2661.96;1341.52;10;0.75;stop
403;2720.39;175.09;2748.85;172.14;2747.46;158.66;2719.0;161.61;10;0.73;stop
404;164.84;1114.54;168.42;1088.62;154.62;1086.71;151.04;1112.63;10;0.72;stop
406;2263.06;1218.91;2290.86;1218.28;2290.57;1205.47;2262.77;1206.1;10;0.77;stop
407;2603.6;1217.76;2627.37;1217.57;2627.27;1205.49;2603.51;1205.68;10;0.76;stop
409;1390.26;1138.54;1417.26;1137.1;1416.61;1124.96;1389.61;1126.4;10;0.78;move
411;1841.24;1399.3;1851.41;1395.73;1843.13;1372.14;1832.97;1375.71;10;0.75;stop
412;702.18;1714.26;702.26;1701.22;674.07;1701.05;673.99;1714.09;10;0.74;stop
413;2011.94;2160.18;2012.31;2130.74;1998.87;2130.57;1998.51;2160.01;10;0.73;stop
414;1899.82;61.63;1911.42;60.63;1909.43;37.37;1897.83;38.37;10;0.73;stop
415;2505.45;1588.68;2505.7;1559.19;2491.43;1559.07;2491.18;1588.56;10;0.75;stop
416;2303.74;1098.32;2330.12;1095.07;2328.64;1083.05;2302.26;1086.3;10;0.75;stop
417;3525.7;948.34;3555.74;947.23;3555.24;933.69;3525.2;934.8;10;0.77;stop
418;740.39;2053.28;752.84;2052.09;750.24;2024.85;737.79;2026.04;10;0.77;stop
419;780.59;1715.51;807.21;1714.37;806.64;1701.11;780.02;1702.25;10;0.73;stop
420;136.48;1245.41;136.87;1231.34;107.5;1230.53;107.11;1244.6;10;0.75;stop
421;1503.73;1234.42;1531.8;1233.84;1531.52;1220.33;1503.45;1220.91;10;0.76;stop
422;2062.6;1336.91;2089.06;1336.02;2088.65;1323.72;2062.19;1324.6;10;0.74;stop
423;2146.82;1220.29;2171.52;1219.44;2171.11;1207.46;2146.41;1208.31;10;0.78;stop
424;860.01;1715.23;860.23;1702.96;835.36;1702.52;835.14;1714.79;10;0.74;stop
425;2711.65;1322.12;2739.17;1321.2;2738.75;1308.51;2711.22;1309.43;10;0.76;stop
426;236.33;1110.48;261.47;1105.6;259.13;1093.58;234.0;1098.46;10;0.73;stop
428;612.15;1242.69;637.81;1242.15;637.54;1229.5;611.88;1230.04;10;0.73;stop
429;1993.5;2162.1;1994.16;2133.47;1980.0;2133.15;1979.34;2161.78;10;0.65;stop
430;2100.85;640.21;2127.61;637.87;2126.52;625.42;2099.76;627.76;10;0.71;stop
431;2513.9;721.98;2526.35;720.73;2523.48;692.15;2511.03;693.4;10;0.76;stop
432;3478.83;644.81;3488.39;618.72;3475.55;614.01;3465.98;640.11;10;0.73;stop
433;1458.38;1721.38;1458.99;1710.1;1434.0;1708.74;1433.38;1720.02;10;0.71;stop
435;1293.59;79.51;1317.78;79.0;1317.53;67.3;1293.35;67.81;10;0.74;stop
436;3366.76;537.51;3391.99;534.91;3390.74;522.8;3365.51;525.41;10;0.72;stop
437;540.29;675.06;542.36;663.91;513.46;658.53;511.39;669.68;10;0.71;stop
438;2375.84;1361.33;2403.01;1360.87;2402.78;1347.67;2375.61;1348.13;10;0.75;stop
439;3294.1;1049.71;3304.34;1025.6;3291.84;1020.29;3281.59;1044.4;10;0.74;stop
440;213.41;207.97;244.91;204.96;243.62;191.4;212.12;194.41;10;0.71;stop
441;2033.03;236.37;2063.04;234.39;2062.16;220.94;2032.14;222.92;10;0.7;stop
442;351.41;1247.19;379.5;1245.12;378.43;1230.62;350.34;1232.7;10;0.7;stop
443;341.9;1439.67;368.63;1434.77;366.38;1422.52;339.65;1427.42;10;0.76;stop
444;1196.91;1241.7;1225.28;1240.41;1224.66;1226.55;1196.28;1227.84;10;0.78;stop
445;3419.05;817.63;3428.04;791.23;3415.33;786.9;3406.33;813.3;10;0.71;stop
446;733.91;1713.74;733.98;1700.79;707.97;1700.63;707.89;1713.58;10;0.74;stop
447;1999.42;1905.29;2003.91;1867.66;1987.58;1865.71;1983.09;1903.34;10;0.73;stop
448;2467.09;1875.18;2467.29;1848.67;2454.41;1848.57;2454.21;1875.08;10;0.75;stop
449;1926.42;1935.13;1936.31;1897.24;1920.99;1893.24;1911.09;1931.13;9;0.75;stop
450;1965.94;2016.6;1974.83;1990.29;1962.56;1986.15;1953.67;2012.46;10;0.7;stop
451;262.51;1244.84;290.87;1244.34;290.61;1230.16;262.26;1230.66;10;0.72;stop
452;3101.78;1150.0;3104.16;1132.59;3054.97;1125.87;3052.59;1143.29;9;0.71;stop
453;2321.18;1361.75;2349.48;1361.66;2349.44;1348.37;2321.14;1348.46;10;0.76;stop
454;3411.7;722.64;3420.91;696.76;3407.68;692.04;3398.46;717.93;10;0.75;stop
455;3441.02;953.52;3468.24;951.73;3467.42;939.29;3440.2;941.09;10;0.75;stop
456;1349.7;1683.5;1350.46;1671.73;1325.55;1670.12;1324.79;1681.89;10;0.74;stop
457;2065.25;641.44;2089.72;638.45;2088.25;626.44;2063.78;629.43;10;0.76;stop
458;3811.37;1403.66;3814.71;1390.03;3780.5;1381.65;3777.17;1395.28;10;0.65;stop
460;637.91;1133.35;664.91;1131.98;664.28;1119.46;637.27;1120.83;10;0.74;stop
462;674.47;1290.74;705.04;1289.66;704.59;1276.84;674.02;1277.92;10;0.72;stop
463;990.22;726.75;991.04;715.05;965.31;713.25;964.49;724.95;10;0.74;stop
465;834.02;1679.39;834.27;1666.86;809.18;1666.36;808.93;1678.89;10;0.7;stop
466;1601.6;1686.53;1629.62;1686.01;1629.4;1673.85;1601.38;1674.36;10;0.71;stop
467;2140.7;227.71;2170.44;224.14;2168.8;210.47;2139.06;214.05;10;0.76;stop
468;3110.22;1309.59;3118.37;1281.83;3105.03;1277.91;3096.88;1305.67;10;0.73;stop
469;1083.82;1681.91;1083.92;1670.8;1061.56;1670.59;1061.46;1681.7;10;0.72;stop
470;1501.67;1721.75;1501.93;1710.09;1475.08;1709.5;1474.82;1721.16;10;0.72;stop
471;2487.54;1797.01;2499.4;1796.92;2499.21;1771.49;2487.35;1771.58;10;0.72;stop
472;1327.85;77.83;1355.43;77.5;1355.27;64.48;1327.7;64.81;10;0.74;stop
473;3741.08;74.48;3771.92;70.83;3770.17;56.07;3739.33;59.71;10;0.69;stop
474;3548.94;527.78;3581.1;522.95;3578.88;508.16;3546.72;512.99;10;0.7;stop
475;3101.63;61.16;3116.02;61.08;3115.87;32.78;3101.48;32.86;10;0.7;stop
476;2633.06;183.56;2658.59;181.1;2657.44;169.13;2631.91;171.59;10;0.72;stop
477;610.41;689.55;612.54;678.46;585.84;673.34;583.71;684.43;10;0.69;stop
479;2805.1;1317.74;2805.17;1305.9;2781.28;1305.76;2781.21;1317.6;10;0.74;stop
481;1916.01;198.85;1926.05;197.55;1923.53;178.03;1913.48;179.32;10;0.59;stop
483;3577.68;382.46;3586.73;353.89;3573.57;349.72;3564.52;378.29;10;0.76;stop
484;1973.77;1475.59;1985.78;1475.12;1984.73;1448.28;1972.72;1448.75;10;0.78;stop
485;3223.42;1411.95;3227.62;1399.34;3200.33;1390.24;3196.13;1402.84;10;0.77;stop
486;2496.73;526.28;2510.83;524.89;2508.02;496.34;2493.92;497.73;10;0.73;stop
487;1790.17;544.99;1802.81;543.99;1800.59;515.89;1787.96;516.88;10;0.78;stop
488;785.71;1099.62;798.34;1099.35;797.73;1071.63;785.1;1071.9;10;0.69;stop
491;2511.48;685.73;2523.09;684.93;2521.39;660.33;2509.78;661.13;10;0.74;stop
492;2752.65;171.2;2779.88;168.17;2778.36;154.58;2751.14;157.61;10;0.73;stop
493;19.47;1147.49;49.51;1146.37;49.03;1133.45;18.99;1134.57;10;0.73;stop
494;1968.39;1021.7;1979.34;1020.09;1976.05;997.67;1965.09;999.28;10;0.74;stop
495;2003.38;1553.18;2014.09;1552.67;2013.05;1531.0;2002.34;1531.52;10;0.66;stop
496;22.63;1931.07;57.76;1929.93;57.24;1913.62;22.1;1914.76;10;0.7;stop
497;711.9;1299.24;724.4;1299.22;724.35;1270.68;711.85;1270.71;10;0.73;stop
498;3305.62;1020.67;3316.62;997.91;3304.69;992.14;3293.69;1014.9;10;0.7;stop
499;1183.18;1909.4;1194.85;1909.13;1194.32;1885.6;1182.65;1885.86;10;0.74;stop
500;1742.57;1724.58;1742.88;1711.74;1719.05;1711.17;1718.75;1724.01;10;0.63;stop
501;3583.22;521.83;3610.9;520.36;3610.22;507.55;3582.54;509.01;10;0.72;stop
502;1307.52;1113.18;1329.65;1112.84;1329.48;1101.94;1307.35;1102.28;10;0.7;stop
503;1806.16;967.5;1819.26;966.19;1816.34;937.12;1803.24;938.44;10;0.69;stop
504;2468.52;165.15;2481.06;164.59;2479.98;140.85;2467.44;141.41;10;0.77;stop
506;319.31;1139.58;346.23;1137.73;345.38;1125.42;318.46;1127.27;10;0.72;stop
507;3022.83;568.37;3050.0;564.94;3048.42;552.41;3021.25;555.84;10;0.73;stop
508;3451.28;993.89;3480.8;991.45;3479.66;977.67;3450.14;980.11;10;0.72;stop
509;1182.06;1940.39;1195.51;1940.17;1195.07;1912.74;1181.61;1912.95;10;0.68;stop
510;2867.36;162.1;2894.98;158.56;2893.39;146.15;2865.77;149.69;10;0.74;stop
512;2375.89;621.85;2404.2;618.62;2402.74;605.81;2374.43;609.04;10;0.72;stop
513;2517.86;769.47;2530.77;768.87;2529.64;744.78;2516.73;745.38;10;0.73;stop
515;2392.36;208.22;2418.99;205.81;2417.76;192.28;2391.14;194.69;10;0.69;stop
519;2938.6;1392.61;2949.13;1380.8;2916.65;1351.83;2906.12;1363.63;10;0.71;stop
520;2462.75;102.99;2475.9;102.85;2475.63;77.01;2462.48;77.15;10;0.74;stop
521;1512.23;768.02;1513.27;744.49;1501.65;743.98;1500.6;767.51;10;0.68;stop
522;182.82;211.47;208.08;209.13;206.94;196.81;181.68;199.15;10;0.7;stop
523;3360.26;112.57;3391.77;108.34;3389.74;93.21;3358.23;97.44;10;0.73;stop
524;3181.81;1118.97;3195.21;1091.58;3181.94;1085.09;3168.54;1112.49;10;0.7;stop
525;3128.29;1145.88;3156.23;1139.02;3152.96;1125.68;3125.02;1132.54;10;0.76;stop
526;2815.26;1358.23;2816.39;1345.95;2789.11;1343.46;2787.99;1355.74;10;0.75;stop
528;147.13;1661.06;147.62;1649.36;122.87;1648.31;122.38;1660.02;10;0.68;stop
529;3428.63;1311.58;3431.9;1300.08;3410.43;1293.97;3407.16;1305.46;10;0.7;stop
532;323.53;191.7;350.64;189.38;349.59;177.21;322.49;179.53;10;0.67;stop
533;3166.69;555.31;3195.28;551.08;3193.31;537.82;3164.72;542.05;10;0.7;stop
535;3102.98;1272.99;3105.05;1259.22;3076.27;1254.89;3074.2;1268.65;10;0.73;stop
536;2282.19;214.62;2313.97;212.52;2313.06;198.82;2281.28;200.92;10;0.74;stop
537;486.1;1711.2;486.23;1698.74;463.12;1698.49;462.99;1710.95;10;0.51;stop
538;1429.81;1683.97;1452.54;1683.77;1452.44;1671.91;1429.71;1672.1;10;0.73;stop
539;3704.19;77.51;3737.13;74.43;3735.81;60.31;3702.87;63.39;10;0.57;stop
540;1047.32;1079.24;1059.95;1078.65;1058.68;1051.51;1046.05;1052.1;10;0.69;stop
541;619.08;150.6;646.65;150.4;646.55;136.75;618.98;136.95;10;0.68;stop
542;2005.4;236.76;2029.71;234.97;2028.85;223.36;2004.54;225.16;10;0.68;stop
543;3655.82;176.79;3666.69;147.54;3652.93;142.43;3642.06;171.67;10;0.7;stop
544;1290.06;1682.91;1314.49;1682.56;1314.32;1670.72;1289.89;1671.06;10;0.71;stop
545;1021.29;102.52;1045.08;101.84;1044.77;90.98;1020.98;91.66;10;0.69;stop
546;2912.49;156.56;2941.7;153.69;2940.51;141.56;2911.3;144.44;10;0.74;stop
548;3523.59;567.26;3554.09;564.58;3552.66;548.36;3522.16;551.05;10;0.62;stop
549;2004.57;670.38;2031.89;667.15;2030.43;654.87;2003.11;658.1;10;0.78;stop
550;3256.6;979.65;3275.29;961.63;3266.52;952.54;3247.84;970.56;10;0.73;stop
551;629.38;1712.79;629.65;1700.25;604.37;1699.71;604.1;1712.25;10;0.62;stop
552;2466.66;1842.92;2467.33;1814.73;2455.96;1814.46;2455.29;1842.65;10;0.7;stop
553;2501.47;555.86;2513.36;554.76;2511.15;530.89;2499.27;531.99;10;0.74;stop
554;679.08;1273.91;706.88;1273.19;706.54;1260.15;678.75;1260.87;10;0.68;stop
555;893.5;1716.88;894.22;1704.79;866.29;1703.12;865.56;1715.21;10;0.7;stop
556;2470.92;193.95;2483.34;193.3;2482.08;168.87;2469.66;169.51;10;0.71;stop
557;2504.54;588.04;2515.9;587.6;2514.84;560.58;2503.47;561.03;10;0.72;stop
558;2701.25;635.17;2728.69;630.83;2726.5;616.96;2699.06;621.29;10;0.73;stop
559;3436.83;536.87;3465.7;535.41;3465.05;522.5;3436.17;523.96;10;0.71;stop
561;3487.31;990.03;3516.61;988.26;3515.81;974.97;3486.51;976.74;10;0.73;stop
562;2493.66;1540.11;2506.65;1540.08;2506.59;1511.45;2493.6;1511.48;10;0.64;stop
563;2491.42;458.25;2503.91;457.36;2502.08;431.62;2489.59;432.51;10;0.71;stop
564;3482.71;950.07;3506.94;948.84;3506.35;937.12;3482.12;938.35;10;0.72;stop
565;2275.61;1368.76;2275.69;1352.23;2236.39;1352.05;2236.31;1368.58;9;0.67;stop
566;2240.29;627.8;2265.83;627.13;2265.52;615.33;2239.99;615.99;10;0.71;stop
567;2328.83;212.24;2352.28;209.16;2350.79;197.83;2327.35;200.9;10;0.7;stop
570;1613.44;1723.01;1613.89;1711.45;1589.44;1710.49;1588.99;1722.05;10;0.6;stop
571;2045.02;1564.83;2077.49;1561.64;2076.04;1546.92;2043.57;1550.11;10;0.68;stop
573;3306.53;932.69;3323.53;906.25;3310.34;897.77;3293.35;924.22;10;0.68;stop
575;1921.78;1470.8;1937.03;1468.35;1930.22;1426.07;1914.97;1428.53;9;0.7;stop
576;607.83;1677.27;607.84;1664.94;580.92;1664.92;580.91;1677.25;10;0.66;stop
577;2924.25;576.14;2952.11;574.31;2951.25;561.23;2923.39;563.07;10;0.7;stop
578;663.28;144.61;687.98;143.97;687.66;131.48;662.95;132.13;10;0.57;stop
579;2111.69;228.92;2134.49;227.37;2133.68;215.45;2110.88;217.0;10;0.71;stop
580;2510.98;195.18;2536.12;193.57;2535.39;182.26;2510.26;183.87;10;0.67;stop
582;3332.76;1054.5;3340.24;1029.73;3327.24;1025.81;3319.76;1050.58;10;0.75;stop
583;2032.99;645.22;2060.85;642.72;2059.76;630.53;2031.9;633.03;10;0.72;stop
584;3644.82;204.65;3653.4;181.9;3641.43;177.38;3632.85;200.14;10;0.66;stop
585;611.25;1676.86;633.78;1676.81;633.75;1665.33;611.22;1665.38;10;0.64;stop
586;734.66;1677.58;734.89;1666.0;711.9;1665.54;711.67;1677.13;10;0.67;stop
587;431.25;1090.63;446.84;1088.33;442.5;1059.05;426.91;1061.36;10;0.59;stop
588;2036.59;2160.29;2048.18;2159.08;2045.66;2134.96;2034.07;2136.17;10;0.67;stop
589;1968.53;1360.65;1983.62;1360.01;1982.09;1324.16;1967.01;1324.8;9;0.7;stop
590;1237.93;120.21;1265.68;119.19;1265.2;105.91;1237.44;106.93;10;0.71;stop
591;751.14;171.99;775.74;168.99;774.36;157.63;749.76;160.64;10;0.66;stop
592;3277.72;1080.98;3289.14;1055.22;3277.28;1049.96;3265.86;1075.72;10;0.64;stop
593;2607.9;601.21;2635.69;597.87;2634.22;585.67;2606.44;589.01;10;0.68;stop
595;2638.66;1328.15;2639.13;1308.93;2589.96;1307.72;2589.49;1326.95;9;0.73;stop
596;1199.15;1125.51;1199.38;1107.01;1172.72;1106.68;1172.49;1125.18;9;0.69;stop
597;3461.52;2084.08;3489.58;2070.91;3482.54;2055.92;3454.48;2069.09;10;0.66;stop
600;425.69;1711.39;425.87;1697.74;396.97;1697.36;396.79;1711.01;10;0.66;stop
601;641.74;1713.25;665.15;1713.2;665.13;1701.13;641.72;1701.17;10;0.63;stop
603;3745.95;235.03;3761.52;233.02;3757.8;204.19;3742.23;206.2;10;0.45;stop
604;3287.33;118.76;3314.71;116.44;3313.61;103.43;3286.23;105.75;10;0.67;stop
605;892.35;725.11;892.79;713.57;868.55;712.64;868.11;724.18;10;0.61;stop
606;2235.95;218.22;2265.9;216.88;2265.36;204.78;2235.42;206.12;10;0.75;stop
607;3564.85;416.37;3573.38;390.49;3560.15;386.13;3551.62;412.01;10;0.71;stop
609;3551.89;340.69;3563.61;311.39;3550.61;306.19;3538.89;335.49;10;0.7;stop
610;177.95;922.05;180.2;894.96;167.28;893.89;165.03;920.98;10;0.4;stop
611;3011.03;1501.6;3022.15;1497.73;3015.22;1477.78;3004.1;1481.64;10;0.65;stop
612;3080.5;245.02;3097.0;243.26;3094.25;217.36;3077.75;219.11;10;0.6;stop
613;3213.61;983.71;3223.34;974.84;3203.58;953.17;3193.85;962.04;10;0.64;stop
614;1799.0;1688.48;1799.53;1677.58;1775.12;1676.4;1774.6;1687.3;10;0.66;stop
615;1903.79;1125.46;1935.31;1124.49;1934.89;1111.04;1903.37;1112.01;10;0.79;move
616;3083.61;561.95;3110.51;558.72;3109.14;547.3;3082.24;550.53;10;0.72;stop
618;2501.48;1766.29;2502.2;1730.51;2487.52;1730.21;2486.8;1765.99;10;0.65;stop
619;2982.94;148.26;3008.61;145.61;3007.31;132.99;2981.64;135.64;10;0.64;stop
620;3158.32;132.25;3188.29;128.26;3186.68;116.19;3156.71;120.18;10;0.6;stop
621;277.87;198.65;305.02;196.03;303.85;183.85;276.7;186.46;10;0.55;stop
622;2678.36;179.4;2711.26;176.58;2710.01;162.04;2677.12;164.86;10;0.63;stop
623;1770.7;249.65;1771.19;230.4;1761.84;230.17;1761.36;249.41;10;0.62;stop
625;2003.1;1815.53;2013.86;1815.29;2013.34;1792.34;2002.58;1792.58;10;0.69;stop
626;589.73;154.84;614.43;151.75;613.08;140.95;588.38;144.04;10;0.58;stop
627;3590.76;346.36;3599.58;321.64;3587.68;317.39;3578.85;342.11;10;0.55;stop
628;1054.64;1242.59;1088.96;1241.57;1088.48;1225.66;1054.17;1226.68;10;0.64;stop
630;2724.78;2058.04;2736.93;2051.73;2722.45;2023.83;2710.29;2030.14;10;0.53;stop
631;2203.34;221.57;2231.84;218.29;2230.48;206.49;2201.98;209.78;10;0.74;stop
633;918.62;1246.11;919.5;1236.1;901.34;1234.51;900.47;1244.52;10;0.69;stop
634;1507.41;879.23;1510.36;855.28;1498.59;853.83;1495.64;877.78;10;0.65;stop
636;857.18;122.99;858.05;110.41;834.11;108.76;833.24;121.34;10;0.65;stop
637;1844.12;990.45;1846.72;962.59;1834.25;961.43;1831.66;989.29;10;0.81;stop
638;2047.69;665.29;2075.31;663.22;2074.31;649.83;2046.69;651.9;10;0.73;stop
639;812.48;32.61;815.54;1.76;800.77;0.29;797.71;31.15;10;0.68;stop
640;3471.0;673.08;3477.83;649.53;3465.57;645.98;3458.74;669.53;10;0.65;stop
641;1535.05;1764.68;1566.72;1764.35;1566.57;1749.82;1534.9;1750.15;10;0.58;stop
643;2496.44;490.43;2508.04;489.51;2506.06;464.69;2494.46;465.62;10;0.68;stop
644;3214.15;1320.01;3224.12;1288.63;3207.73;1283.42;3197.76;1314.81;9;0.62;stop
645;530.96;1675.28;531.05;1663.36;504.04;1663.16;503.95;1675.07;10;0.71;stop
646;1000.81;1071.35;1013.68;1071.26;1013.51;1047.02;1000.63;1047.11;10;0.53;stop
648;1968.85;2161.6;1969.95;2136.43;1957.87;2135.9;1956.77;2161.07;10;0.64;stop
650;1244.69;1683.56;1245.07;1673.05;1224.69;1672.32;1224.31;1682.82;10;0.59;stop
651;3580.03;271.11;3589.29;244.09;3576.84;239.83;3567.59;266.85;10;0.64;stop
652;1639.09;1110.13;1664.32;1109.27;1663.91;1097.12;1638.68;1097.98;10;0.71;stop
653;2009.39;272.92;2037.65;268.91;2036.11;258.08;2007.85;262.09;10;0.58;stop
654;3062.65;1454.79;3071.81;1419.83;3055.85;1415.65;3046.69;1450.61;9;0.62;stop
655;318.47;1830.23;331.95;1829.01;329.81;1805.39;316.33;1806.61;10;0.45;stop
656;3152.5;635.1;3165.86;634.86;3165.31;604.98;3151.95;605.22;10;0.52;stop
658;2069.37;2100.03;2069.79;2086.03;2034.26;2084.97;2033.84;2098.97;9;0.57;stop
660;2495.65;1420.33;2508.85;1419.93;2507.97;1390.48;2494.77;1390.88;10;0.65;stop
661;2525.1;871.51;2536.88;871.06;2535.9;845.24;2524.12;845.69;10;0.68;stop
662;3155.55;1365.96;3165.34;1331.7;3147.26;1326.54;3137.48;1360.8;9;0.64;stop
663;2779.94;2160.98;2792.51;2152.33;2771.56;2121.89;2758.99;2130.55;10;0.59;stop
664;2696.52;1221.98;2697.34;1205.08;2661.05;1203.33;2660.24;1220.23;9;0.54;stop
666;2476.81;294.65;2489.65;293.46;2487.44;269.54;2474.6;270.72;10;0.63;stop
667;3725.34;507.32;3751.92;503.54;3750.29;492.06;3723.7;495.83;10;0.63;stop
668;1567.65;1782.15;1567.98;1769.1;1538.48;1768.35;1538.15;1781.4;10;0.54;stop
669;2476.03;1325.97;2476.13;1313.53;2446.6;1313.28;2446.49;1325.72;9;0.54;stop
670;3630.08;253.75;3643.68;215.86;3624.29;208.91;3610.7;246.79;9;0.57;stop
672;1915.29;1424.37;1928.55;1422.22;1923.21;1389.25;1909.95;1391.4;9;0.67;stop
673;3527.46;517.32;3541.78;513.85;3535.67;488.62;3521.34;492.09;10;0.59;stop
675;1556.56;1686.73;1557.31;1676.38;1534.94;1674.77;1534.19;1685.12;10;0.55;stop
677;1750.69;232.05;1761.35;231.2;1759.31;205.58;1748.65;206.43;10;0.53;stop
678;1391.33;952.52;1391.35;940.9;1367.17;940.86;1367.15;952.48;10;0.65;stop
679;524.83;165.79;554.83;162.57;553.3;148.27;523.29;151.49;10;0.58;stop
682;2499.73;1937.74;2502.41;1904.33;2485.89;1903.01;2483.22;1936.42;10;0.53;stop
683;3123.85;310.3;3137.34;308.72;3133.96;279.86;3120.47;281.44;10;0.53;stop
684;3056.42;563.83;3081.69;560.29;3080.08;548.79;3054.81;552.33;10;0.63;stop
685;3265.73;1116.79;3280.0;1084.72;3266.77;1078.84;3252.5;1110.9;10;0.66;stop
687;2626.22;1415.54;2637.2;1390.63;2626.03;1385.71;2615.05;1410.62;10;0.61;stop
689;464.42;1673.83;464.43;1661.82;436.04;1661.8;436.04;1673.8;10;0.44;stop
690;1297.1;118.21;1323.54;112.16;1320.77;100.04;1294.33;106.09;10;0.62;stop
691;2299.7;664.28;2330.2;662.27;2329.3;648.59;2298.8;650.6;10;0.67;stop
692;3742.55;201.91;3759.32;199.98;3755.57;167.47;3738.81;169.4;10;0.59;stop
693;3155.47;664.53;3169.27;664.33;3168.91;637.66;3155.1;637.85;10;0.61;stop
694;461.27;1085.3;461.66;1059.9;448.57;1059.7;448.18;1085.1;10;0.45;stop
697;205.48;1952.3;208.62;1927.68;196.47;1926.14;193.34;1950.75;10;0.42;stop
698;762.09;1242.39;791.27;1241.41;790.83;1228.11;761.65;1229.09;10;0.64;stop
699;3242.17;550.64;3266.7;547.28;3265.01;534.99;3240.49;538.35;10;0.69;stop
700;2105.47;1340.29;2147.03;1337.92;2146.09;1321.46;2104.53;1323.83;9;0.67;stop
701;2969.18;1425.48;2981.16;1413.93;2951.6;1383.27;2939.62;1394.82;9;0.64;stop
702;2505.12;1639.25;2508.58;1603.28;2494.0;1601.87;2490.54;1637.85;10;0.39;stop
703;176.17;952.6;178.97;927.65;165.55;926.15;162.75;951.1;10;0.4;stop
704;226.7;1702.73;227.41;1688.94;194.94;1687.27;194.23;1701.06;10;0.5;stop
706;249.4;202.94;274.1;199.36;272.32;187.06;247.62;190.64;10;0.49;stop
707;3591.68;88.69;3621.07;85.3;3619.57;72.32;3590.18;75.71;10;0.61;stop
708;284.73;1706.9;285.24;1693.5;258.56;1692.47;258.04;1705.88;10;0.5;stop
709;2733.39;1354.69;2733.55;1339.83;2698.13;1339.45;2697.97;1354.31;9;0.5;stop
713;191.73;1950.86;195.21;1923.54;182.8;1921.96;179.32;1949.28;10;0.41;stop
715;1932.67;1611.31;1946.48;1610.44;1944.08;1572.44;1930.27;1573.31;10;0.64;stop
717;1168.29;1682.47;1168.69;1670.89;1144.15;1670.03;1143.74;1681.61;10;0.39;stop
721;1291.39;1240.73;1335.85;1239.74;1335.48;1223.02;1291.02;1224.01;9;0.77;stop
722;222.41;1952.16;225.69;1924.17;211.65;1922.53;208.37;1950.52;10;0.42;stop
723;3692.52;510.12;3722.61;506.92;3721.23;493.94;3691.14;497.14;10;0.6;stop
724;931.02;1243.54;966.75;1242.48;966.3;1226.96;930.56;1228.02;10;0.64;stop
730;2469.26;1749.76;2470.28;1723.56;2458.99;1723.11;2457.97;1749.32;10;0.59;stop
731;2484.56;1881.1;2499.03;1881.01;2498.81;1846.03;2484.35;1846.12;10;0.59;stop
732;648.01;697.59;650.23;686.65;622.3;681.0;620.09;691.94;10;0.5;stop
736;176.78;1955.1;179.52;1931.25;167.75;1929.9;165.01;1953.75;10;0.41;stop
740;2475.19;1529.43;2475.23;1503.03;2462.06;1503.01;2462.02;1529.41;10;0.51;stop
743;3120.64;124.74;3120.97;99.25;3112.61;99.14;3112.28;124.63;10;0.58;stop
744;1083.85;20.62;1094.53;18.25;1089.65;-3.75;1078.97;-1.38;10;0.58;stop
745;2665.38;1409.5;2683.76;1408.95;2682.49;1366.43;2664.11;1366.98;9;0.53;stop
748;557.43;1675.47;557.96;1664.99;536.63;1663.91;536.1;1674.38;10;0.71;stop
751;3440.49;2038.93;3448.65;2029.01;3431.38;2014.82;3423.22;2024.74;10;0.47;stop
754;627.36;1133.53;627.79;1121.92;607.33;1121.15;606.89;1132.76;10;0.65;stop
756;2783.71;1355.6;2784.51;1340.05;2741.44;1337.84;2740.64;1353.39;9;0.57;stop
758;1510.02;916.29;1511.02;888.64;1499.35;888.21;1498.36;915.86;10;0.55;stop
761;3640.3;516.93;3670.39;512.51;3668.45;499.32;3638.36;503.74;10;0.42;stop
762;2432.86;1370.57;2457.21;1370.42;2457.14;1358.68;2432.79;1358.83;10;0.56;stop
764;403.93;158.45;414.04;136.34;401.85;130.77;391.74;152.88;10;0.39;stop
765;2443.18;188.1;2443.62;168.22;2432.19;167.97;2431.75;187.84;10;0.43;stop
766;3274.32;1346.05;3313.78;1338.7;3310.68;1322.08;3271.22;1329.43;9;0.44;stop
767;2209.48;1409.14;2224.16;1408.76;2223.21;1372.42;2208.53;1372.81;9;0.36;stop
768;3549.38;460.86;3558.74;430.67;3543.75;426.02;3534.38;456.21;10;0.58;stop
769;2497.47;387.16;2499.94;367.05;2487.03;365.46;2484.56;385.58;10;0.48;stop
773;2639.43;638.87;2647.68;638.82;2647.58;623.47;2639.34;623.52;10;0.57;stop
779;2530.14;900.88;2542.17;900.21;2540.98;878.87;2528.95;879.54;10;0.51;stop
780;3628.24;1197.61;3643.71;1196.3;3641.13;1165.83;3625.66;1167.14;10;0.57;stop
782;3463.7;739.02;3464.73;726.17;3442.86;724.42;3441.83;737.27;10;0.36;stop
789;42.67;966.91;45.72;954.76;16.69;947.46;13.63;959.62;10;0.41;stop
793;2861.75;1367.05;2865.79;1349.91;2822.5;1339.7;2818.46;1356.84;9;0.43;stop
795;2088.82;61.69;2100.06;60.91;2098.43;37.31;2087.19;38.09;10;0.42;stop
801;2460.86;1572.54;2472.96;1572.03;2471.89;1546.53;2459.79;1547.04;10;0.54;stop
830;3480.85;526.17;3487.78;505.85;3477.27;502.26;3470.34;522.59;10;0.58;stop
998;1897.7;328.34;1899.63;304.83;1888.39;303.91;1886.46;327.42;10;0.8;move
1057;1606.17;1139.18;1636.72;1137.7;1636.08;1124.32;1605.53;1125.8;10;0.79;move
1216;2969.37;1426.25;2981.21;1414.62;2951.13;1384.0;2939.29;1395.63;10;0.45;stop
1262;1868.92;125.74;1884.52;124.57;1881.83;88.57;1866.23;89.74;10;0.75;move
1506;2106.13;1141.32;2138.69;1141.3;2138.68;1126.68;2106.12;1126.7;10;0.77;move
1524;2548.54;1360.28;2548.74;1348.01;2522.58;1347.59;2522.39;1359.86;10;0.49;stop
1525;1970.94;667.92;1971.54;655.26;1944.06;653.95;1943.46;666.61;10;0.82;stop
1547;418.57;127.36;427.18;100.83;412.99;96.23;404.38;122.76;10;0.39;stop
1740;3443.74;1210.02;3445.91;1197.0;3415.01;1191.86;3412.84;1204.88;10;0.77;stop
1745;1872.05;834.24;1885.79;832.96;1883.2;804.89;1869.46;806.16;10;0.75;stop
1760;2187.21;223.98;2194.82;204.69;2184.73;200.71;2177.12;220.0;10;0.68;stop
1814;2052.12;1123.05;2052.37;1107.23;2018.13;1106.7;2017.88;1122.52;10;0.8;move
1963;1869.25;799.0;1881.99;798.0;1880.0;772.62;1867.26;773.63;10;0.75;stop
2008;2224.6;1141.38;2224.65;1127.86;2194.59;1127.75;2194.54;1141.26;10;0.76;move
2084;2225.15;645.84;2251.02;645.49;2250.85;633.28;2224.98;633.64;10;0.72;stop
2090;4.3;1951.16;20.95;1929.55;9.49;1920.72;-7.17;1942.32;10;0.67;stop
2098;2269.16;1140.05;2298.88;1138.03;2297.97;1124.57;2268.24;1126.59;10;0.79;move
2116;1741.39;17.38;1751.13;16.55;1749.46;-3.03;1739.72;-2.21;10;0.45;stop
2152;1860.01;970.03;1873.76;969.08;1871.62;937.97;1857.86;938.92;10;0.78;stop
2270;2483.22;1131.8;2483.33;1119.65;2458.77;1119.45;2458.67;1131.59;10;0.72;move
2362;2086.18;658.68;2113.0;657.15;2112.32;645.19;2085.5;646.72;10;0.77;stop
2504;1593.32;655.76;1593.47;645.08;1570.18;644.74;1570.03;655.42;10;0.48;stop
2516;2124.94;658.79;2156.07;655.32;2154.56;641.71;2123.43;645.18;10;0.75;stop
2533;2334.34;1116.1;2368.15;1115.22;2367.78;1101.27;2333.98;1102.15;10;0.79;move
2586;73.91;1692.79;74.77;1679.32;46.56;1677.52;45.7;1691.0;10;0.68;stop
2620;140.29;1245.49;166.87;1244.34;166.27;1230.44;139.69;1231.6;10;0.6;stop
2639;2567.64;1133.67;2568.44;1119.26;2536.11;1117.45;2535.31;1131.86;10;0.8;move
2648;1872.72;876.14;1887.23;875.0;1884.78;843.98;1870.27;845.13;10;0.82;stop
2668;1842.15;1028.52;1844.18;998.5;1830.88;997.6;1828.85;1027.63;10;0.74;stop
2740;2633.92;1135.39;2634.38;1120.07;2602.58;1119.11;2602.12;1134.43;10;0.82;move
2841;1828.77;948.4;1842.88;948.04;1842.01;914.6;1827.9;914.96;10;0.79;stop
2847;1875.56;474.2;1887.52;473.64;1886.44;450.55;1874.48;451.11;10;0.75;move
2898;2735.39;1139.3;2736.14;1126.26;2710.08;1124.76;2709.33;1137.8;10;0.72;move
2912;2280.63;646.22;2309.32;645.54;2309.0;631.78;2280.3;632.46;10;0.74;stop
2946;1860.42;1010.15;1871.81;1009.5;1870.26;982.23;1858.87;982.87;10;0.76;stop
3038;1857.24;932.22;1870.14;931.57;1868.76;904.34;1855.86;904.99;10;0.68;stop
3073;2800.27;1145.11;2801.79;1131.85;2771.06;1128.33;2769.54;1141.58;10;0.82;move
3098;1890.94;722.05;1904.03;721.36;1902.56;693.2;1889.47;693.89;10;0.77;move
3100;2932.35;1187.35;2934.08;1172.97;2905.46;1169.53;2903.73;1183.91;10;0.82;stop
3196;397.56;1438.63;397.81;1425.92;373.53;1425.43;373.28;1438.15;10;0.44;stop
3212;1747.49;1171.28;1778.69;1170.33;1778.26;1156.34;1747.06;1157.3;10;0.81;stop
3239;2185.53;1220.03;2215.7;1219.93;2215.65;1205.47;2185.49;1205.57;10;0.8;stop
3295;1973.28;1515.94;1987.56;1515.37;1986.34;1485.0;1972.06;1485.57;10;0.79;stop
3334;1713.13;1171.36;1741.07;1170.39;1740.62;1157.39;1712.68;1158.36;10;0.8;stop
3352;1881.79;617.49;1896.06;617.44;1895.96;587.38;1881.69;587.43;10;0.73;move
3367;3774.63;1393.93;3776.92;1382.27;3751.61;1377.32;3749.33;1388.98;10;0.71;stop
3487;1829.11;900.6;1844.66;900.52;1844.48;867.9;1828.94;867.98;10;0.8;stop
3504;1680.26;1173.27;1704.71;1172.99;1704.54;1158.86;1680.1;1159.14;10;0.8;stop
3505;1978.92;1551.09;1990.9;1550.45;1989.7;1528.04;1977.72;1528.67;10;0.8;stop
3623;1759.78;177.33;1771.54;175.76;1768.27;151.17;1756.51;152.74;10;0.74;stop
3630;2423.51;1112.96;2450.78;1112.87;2450.74;1099.92;2423.47;1100.0;10;0.76;move
3746;2885.11;1154.34;2886.58;1141.82;2857.64;1138.41;2856.17;1150.93;10;0.8;stop
3758;1835.39;855.77;1849.67;854.45;1846.73;822.73;1832.46;824.05;10;0.81;stop
3790;2508.52;1214.55;2531.36;1214.07;2531.11;1201.95;2508.26;1202.43;10;0.77;stop
3846;2511.94;1112.16;2512.1;1099.92;2487.19;1099.59;2487.03;1111.83;10;0.78;move
3851;448.16;1163.21;472.21;1162.76;472.0;1151.48;447.95;1151.92;10;0.78;move
4017;2612.46;1115.89;2613.07;1101.73;2581.29;1100.36;2580.68;1114.52;10;0.81;move
4026;1858.5;684.15;1872.9;681.24;1866.37;648.97;1851.97;651.89;10;0.74;stop
4056;489.75;168.74;518.78;167.19;518.06;153.76;489.04;155.31;10;0.43;stop
4058;3816.92;501.46;3840.91;497.21;3838.71;484.79;3814.72;489.04;10;0.59;stop
4087;1826.13;807.89;1839.78;806.59;1836.87;776.11;1823.22;777.41;10;0.8;stop
4102;2895.4;1182.14;2896.97;1168.98;2869.85;1165.74;2868.28;1178.9;10;0.81;stop
4122;1908.0;435.03;1921.79;433.93;1919.25;401.97;1905.46;403.07;10;0.82;stop
4204;3595.78;1317.93;3598.49;1306.47;3573.29;1300.51;3570.57;1311.97;10;0.78;move
4301;1993.64;1703.84;1994.37;1675.98;1982.11;1675.66;1981.38;1703.52;10;0.76;stop
4321;3239.16;1110.3;3250.94;1083.5;3238.02;1077.83;3226.25;1104.62;10;0.53;stop
4461;1851.19;807.86;1864.18;806.48;1861.31;779.51;1848.32;780.89;10;0.72;stop
4468;1988.61;1757.83;1991.29;1728.56;1978.89;1727.42;1976.21;1756.69;10;0.79;stop
4621;1839.52;597.68;1851.64;596.59;1849.26;570.07;1837.14;571.16;10;0.76;stop
4700;1988.31;1801.19;1990.6;1769.42;1976.94;1768.43;1974.65;1800.2;10;0.83;stop
4703;1978.47;1631.9;1997.56;1631.8;1997.28;1578.85;1978.19;1578.95;9;0.49;move
4789;1851.72;896.38;1865.75;895.88;1864.62;864.24;1850.59;864.74;10;0.8;stop
4809;3282.07;1273.91;3284.2;1259.89;3255.12;1255.46;3252.99;1269.48;10;0.82;move
4874;1984.26;1837.64;1987.21;1808.77;1973.49;1807.36;1970.54;1836.23;10;0.82;stop
4881;1836.63;561.85;1848.3;560.25;1844.84;535.03;1833.17;536.63;10;0.79;stop
5057;2341.24;642.81;2369.45;638.72;2367.64;626.19;2339.42;630.28;10;0.76;stop
5063;1935.04;1556.44;1936.13;1535.59;1925.96;1535.06;1924.87;1555.91;10;0.65;stop
5096;312.6;1769.68;326.35;1768.37;323.5;1738.44;309.74;1739.76;10;0.4;stop
5124;1026.71;1066.76;1039.59;1066.62;1039.36;1044.86;1026.47;1045.0;10;0.54;stop
5182;518.45;1712.74;518.54;1699.94;493.11;1699.76;493.02;1712.56;10;0.39;stop
5190;1822.53;758.05;1837.14;756.88;1834.75;726.95;1820.14;728.12;10;0.8;stop
5419;559.6;1514.38;561.83;1502.37;537.28;1497.8;535.04;1509.81;10;0.39;stop
5468;1818.34;709.71;1831.42;709.04;1830.03;681.92;1816.96;682.58;10;0.77;stop
5522;1980.87;1870.11;1984.03;1843.79;1972.38;1842.39;1969.22;1868.71;10;0.8;stop
5532;1974.11;1917.96;1979.68;1889.38;1966.39;1886.79;1960.82;1915.37;10;0.82;stop
5574;3155.16;1365.33;3164.63;1330.93;3146.72;1326.0;3137.25;1360.4;10;0.62;stop
5650;1881.9;998.04;1896.26;996.74;1893.6;967.33;1879.24;968.63;10;0.78;stop
5706;1852.55;845.24;1864.83;844.2;1862.67;818.63;1850.39;819.67;10;0.75;stop
5913;3528.36;1304.96;3531.23;1292.11;3501.01;1285.35;3498.14;1298.2;10;0.78;move
5926;1816.9;675.63;1831.19;675.22;1830.35;646.24;1816.06;646.66;10;0.77;stop
5990;1814.34;1181.88;1846.85;1173.73;1843.22;1159.25;1810.71;1167.4;10;0.79;stop
6149;430.37;1674.62;430.46;1664.0;406.81;1663.82;406.73;1674.44;10;0.37;stop
6174;1877.88;924.07;1891.49;922.94;1889.09;893.93;1875.48;895.06;10;0.77;stop
6299;1033.08;1128.36;1033.41;1117.82;1011.04;1117.14;1010.72;1127.68;10;0.79;stop
6323;1542.81;1232.8;1569.81;1230.9;1568.94;1218.57;1541.94;1220.47;10;0.71;stop
6335;1833.46;531.14;1845.04;529.91;1842.39;504.98;1830.81;506.22;10;0.78;stop
6362;368.2;1711.75;393.38;1707.62;391.33;1695.12;366.15;1699.25;10;0.38;stop
6450;1750.81;1187.72;1782.18;1186.65;1781.74;1173.65;1750.36;1174.72;10;0.79;stop
6479;3198.21;1238.62;3199.36;1224.06;3165.54;1221.38;3164.39;1235.94;10;0.78;move
6563;1921.69;2004.53;1932.8;1972.64;1919.06;1967.85;1907.95;1999.74;10;0.83;move
6614;3210.58;1108.52;3217.64;1082.41;3203.79;1078.67;3196.74;1104.78;10;0.73;stop
6615;2998.0;1219.79;2999.82;1206.42;2969.75;1202.33;2967.93;1215.71;10;0.82;move
6631;238.4;1952.7;241.34;1924.83;227.66;1923.38;224.71;1951.26;10;0.36;stop
6685;2387.19;636.51;2414.21;633.43;2412.81;621.24;2385.79;624.32;10;0.71;stop
6699;358.04;186.08;387.96;184.43;387.28;172.04;357.35;173.69;10;0.51;stop
6701;2773.46;1123.31;2774.41;1110.89;2748.18;1108.87;2747.23;1121.3;10;0.81;move
6760;2706.27;1176.9;2733.22;1175.94;2732.73;1161.98;2705.78;1162.93;10;0.72;move
6851;1614.74;1196.6;1638.1;1195.68;1637.64;1183.9;1614.27;1184.82;10;0.8;move
7098;2685.79;1195.72;2686.05;1183.32;2657.96;1182.71;2657.7;1195.12;10;0.81;move
7128;1332.24;115.11;1356.28;113.38;1355.38;100.89;1331.34;102.62;10;0.42;stop
7194;1864.32;766.24;1876.93;764.9;1874.05;737.88;1861.45;739.22;10;0.81;stop
7195;344.96;1953.29;355.66;1949.29;352.67;1928.5;341.97;1932.49;10;0.43;move
7347;1881.73;958.76;1893.79;957.72;1891.52;931.24;1879.46;932.28;10;0.67;stop
7413;2547.39;1194.68;2575.59;1194.45;2575.48;1181.32;2547.29;1181.55;10;0.73;move
7452;3405.15;993.65;3427.34;991.97;3426.41;979.79;3404.23;981.47;10;0.5;stop
7466;2473.48;1182.36;2473.59;1169.12;2445.77;1168.89;2445.66;1182.13;10;0.81;move
7483;1825.72;481.35;1836.93;480.4;1834.94;456.9;1823.73;457.85;10;0.77;stop
7538;1861.56;723.41;1875.86;721.66;1871.94;689.59;1857.64;691.34;10;0.83;stop
7558;1760.74;224.18;1774.28;224.08;1774.06;192.07;1760.52;192.17;9;0.5;stop
7606;12.23;1126.77;12.32;1115.83;-0.45;1115.73;-0.54;1126.67;10;0.38;stop
7616;1823.02;445.61;1835.31;444.73;1833.41;418.39;1821.13;419.27;10;0.75;stop
7623;3349.4;1231.42;3353.16;1216.67;3319.04;1207.96;3315.28;1222.7;10;0.82;stop
7639;2959.82;1165.22;2962.3;1146.45;2914.08;1140.1;2911.61;1158.86;9;0.81;stop
7681;1769.85;1209.27;1794.73;1208.07;1794.15;1195.98;1769.27;1197.18;10;0.79;stop
7724;1996.8;1482.69;2011.7;1482.23;2010.45;1441.75;1995.55;1442.21;9;0.41;stop
7731;1814.64;631.39;1828.46;629.91;1825.06;598.24;1811.24;599.72;10;0.82;stop
7755;1727.06;1211.61;1727.18;1198.4;1696.31;1198.14;1696.2;1211.35;10;0.79;move
7797;1820.15;405.99;1834.53;405.15;1832.63;372.51;1818.25;373.35;10;0.79;stop
7809;2032.89;1718.17;2033.0;1705.45;2003.8;1705.2;2003.69;1717.93;10;0.78;stop
7810;1848.48;646.34;1863.26;643.78;1857.27;609.16;1842.49;611.72;10;0.71;stop
7821;3009.21;1171.99;3011.44;1158.35;2981.04;1153.39;2978.81;1167.02;10;0.83;stop
7844;2164.21;653.18;2202.21;648.54;2200.41;633.82;2162.41;638.46;9;0.69;stop
7847;1840.58;729.36;1853.93;727.88;1851.01;701.64;1837.66;703.12;10;0.8;stop
7869;1644.47;1212.26;1671.32;1211.48;1670.91;1197.49;1644.06;1198.27;10;0.78;move
7886;3006.67;1200.88;3009.33;1183.14;2959.58;1175.68;2956.92;1193.43;9;0.73;stop
7909;1545.47;1213.72;1571.43;1212.3;1570.78;1200.53;1544.82;1201.95;10;0.75;move
7920;2726.35;1119.48;2727.16;1106.55;2696.9;1104.65;2696.09;1117.57;10;0.84;move
7927;1811.88;587.03;1824.12;585.89;1821.87;561.6;1809.63;562.73;10;0.78;stop
7930;2077.83;1159.73;2078.1;1147.1;2050.92;1146.52;2050.65;1159.15;10;0.72;move
7933;3391.92;1242.23;3394.96;1228.98;3366.52;1222.46;3363.48;1235.71;10;0.78;stop
7940;3119.82;273.99;3132.84;272.78;3130.49;247.61;3117.48;248.82;10;0.39;stop
7948;1818.44;365.86;1832.83;365.07;1831.06;332.77;1816.67;333.56;10;0.79;stop
7949;3540.38;384.92;3552.65;351.85;3537.75;346.33;3525.48;379.4;9;0.43;stop
7965;3086.04;1181.7;3087.59;1169.42;3061.71;1166.17;3060.16;1178.45;10;0.79;stop
8017;1367.09;1215.58;1394.2;1214.39;1393.66;1202.04;1366.55;1203.24;10;0.8;move
8032;2469.86;137.85;2482.04;131.63;2468.51;105.15;2456.33;111.37;10;0.79;stop
8037;1510.54;838.42;1513.04;808.64;1498.83;807.45;1496.34;837.23;10;0.38;stop
8054;1806.6;477.75;1819.09;476.89;1817.03;447.0;1804.53;447.86;10;0.79;stop
8071;3217.71;1079.31;3232.67;1077.77;3229.48;1046.94;3214.52;1048.48;10;0.8;stop
8084;3653.58;1194.84;3668.03;1193.18;3664.55;1162.97;3650.1;1164.63;10;0.54;stop
8087;2218.54;665.46;2233.9;657.3;2227.65;646.01;2212.29;654.17;10;0.42;stop
8100;1813.73;326.81;1828.91;325.73;1826.68;294.19;1811.49;295.27;10;0.81;stop
8142;3180.58;1195.29;3182.21;1180.91;3152.23;1177.52;3150.6;1191.9;10;0.82;stop
8155;1504.32;1177.05;1536.88;1176.31;1536.56;1161.83;1503.99;1162.57;10;0.78;stop
8165;2577.78;1092.4;2578.26;1082.07;2557.47;1081.1;2556.99;1091.43;10;0.75;stop
8183;1847.26;768.85;1860.16;767.5;1857.27;739.78;1844.37;741.12;10;0.77;stop
8185;1814.59;291.91;1826.79;290.88;1824.41;262.71;1812.21;263.75;10;0.8;stop
8221;232.0;1135.82;255.48;1135.38;255.26;1123.56;231.78;1123.99;10;0.41;stop
8248;1958.28;1956.47;1966.21;1928.06;1954.47;1924.78;1946.54;1953.19;10;0.81;stop
8261;1801.82;435.25;1814.71;434.38;1812.8;406.25;1799.91;407.12;10;0.78;stop
8274;3244.55;1197.79;3245.41;1185.29;3218.57;1183.46;3217.72;1195.96;10;0.8;stop
8275;385.9;1219.43;506.83;1217.9;506.6;1199.32;385.67;1200.85;9;0.43;move
8304;1473.03;1176.83;1498.42;1176.12;1498.09;1164.29;1472.7;1165.01;10;0.69;stop
8318;3134.01;1186.61;3135.63;1172.27;3101.31;1168.39;3099.68;1182.73;10;0.8;stop
8337;3203.98;1036.93;3217.01;1032.27;3207.58;1005.88;3194.55;1010.54;10;0.79;stop
8360;1811.24;243.77;1823.83;243.18;1822.51;215.23;1809.92;215.82;10;0.76;stop
8392;1799.32;390.63;1810.82;389.6;1808.55;364.25;1797.05;365.28;10;0.78;stop
8417;3004.54;1150.15;3006.55;1138.26;2979.06;1133.6;2977.04;1145.49;10;0.83;move
8449;2520.46;628.38;2546.33;625.68;2545.04;613.34;2519.17;616.04;10;0.75;stop
8453;1948.74;1992.14;1955.44;1963.98;1943.39;1961.11;1936.68;1989.27;10;0.78;stop
8488;1422.37;1181.4;1449.12;1180.37;1448.63;1167.6;1421.88;1168.63;10;0.79;stop
8515;1120.64;1683.32;1121.59;1672.65;1095.04;1670.3;1094.1;1680.97;10;0.37;stop
8554;3342.62;950.81;3347.14;926.6;3334.26;924.19;3329.73;948.4;10;0.77;move
8564;1806.15;178.62;1820.06;177.36;1817.52;149.32;1803.61;150.58;10;0.77;stop
8594;1035.34;1681.6;1054.14;1680.9;1053.78;1671.35;1034.98;1672.05;10;0.39;stop
8608;1795.61;351.32;1809.92;350.11;1807.11;316.93;1792.8;318.14;10;0.82;stop
8612;3562.79;943.86;3587.16;942.59;3586.59;931.6;3562.21;932.88;10;0.55;stop
8632;3315.41;1050.37;3328.22;1017.88;3313.66;1012.13;3300.84;1044.62;10;0.81;move
8666;2223.48;1220.36;2250.92;1218.97;2250.27;1206.26;2222.83;1207.65;10;0.78;stop
8680;3659.09;120.9;3670.35;94.79;3657.16;89.1;3645.9;115.21;10;0.53;stop
8687;1804.93;139.4;1817.65;137.89;1814.52;111.48;1801.81;112.98;10;0.79;stop
8698;1381.08;1180.47;1408.07;1179.87;1407.8;1167.4;1380.8;1168.0;10;0.81;stop
8714;332.24;1936.58;337.73;1911.54;326.35;1909.05;320.87;1934.09;10;0.44;stop
8728;1791.6;314.25;1805.01;313.19;1802.78;284.82;1789.36;285.87;10;0.8;stop
8757;3199.82;1173.62;3201.14;1160.33;3167.68;1157.0;3166.36;1170.3;10;0.82;move
8858;560.42;159.49;585.02;157.99;584.26;145.66;559.67;147.17;10;0.51;stop
8862;3359.15;1209.33;3362.28;1197.02;3333.66;1189.73;3330.53;1202.04;10;0.79;move
8875;2506.41;1058.38;2518.9;1057.71;2517.46;1030.75;2504.97;1031.41;10;0.76;stop
8876;1785.4;234.98;1798.45;233.94;1796.09;204.33;1783.03;205.37;10;0.78;stop
8944;717.21;1126.08;741.83;1123.19;740.6;1112.67;715.98;1115.56;10;0.62;stop
8956;3517.97;493.26;3523.97;465.13;3509.53;462.05;3503.53;490.18;10;0.64;move
8960;3473.49;1231.79;3475.97;1219.66;3449.01;1214.15;3446.53;1226.28;10;0.78;move
8968;1784.24;187.26;1800.67;186.48;1798.79;146.87;1782.36;147.65;10;0.7;stop
8986;164.14;1951.36;167.09;1926.63;155.14;1925.2;152.19;1949.93;10;0.37;stop
9020;1823.47;1125.6;1845.37;1125.54;1845.34;1114.27;1823.44;1114.34;10;0.81;move
9042;3409.77;2108.04;3440.84;2093.42;3433.98;2078.84;3402.91;2093.46;10;0.36;stop
9049;829.03;1212.26;857.77;1211.74;857.53;1198.99;828.8;1199.51;10;0.76;move
9052;1340.74;1182.82;1371.02;1181.67;1370.51;1168.43;1340.23;1169.58;10;0.79;stop
9087;3676.07;1300.02;3679.23;1286.15;3643.93;1278.11;3640.77;1291.97;10;0.77;stop
9146;1800.43;105.63;1812.55;104.79;1810.82;79.99;1798.7;80.84;10;0.78;stop
9251;-0.05;1250.98;16.97;1250.58;16.66;1237.15;-0.36;1237.55;10;0.51;stop
9266;2527.43;1095.71;2534.24;1067.43;2521.2;1064.29;2514.39;1092.57;10;0.79;stop
9270;3359.63;1185.07;3385.48;1177.76;3381.93;1165.24;3356.08;1172.56;10;0.78;stop
9283;3767.06;968.96;3794.06;966.58;3792.94;953.86;3765.94;956.23;10;0.47;stop
9293;1809.8;68.4;1815.1;49.77;1799.1;45.22;1793.81;63.86;10;0.78;stop
9302;313.19;1799.81;327.37;1799.41;326.65;1773.94;312.47;1774.34;10;0.38;stop
9303;599.26;1214.94;625.25;1214.66;625.11;1201.93;599.13;1202.21;10;0.76;move
9327;2525.38;1055.05;2539.7;1054.15;2537.87;1025.08;2523.55;1025.98;10;0.81;stop
9337;3474.97;1252.16;3478.93;1238.5;3447.53;1229.4;3443.57;1243.06;10;0.74;stop
9342;2279.57;668.07;2279.99;654.51;2257.18;653.81;2256.76;667.37;10;0.35;stop
9346;2543.42;1069.18;2555.79;1068.65;2554.7;1043.57;2542.34;1044.1;10;0.74;stop
9351;285.05;1222.24;329.36;1221.31;329.02;1204.95;284.7;1205.88;9;0.67;move
9353;1513.38;739.65;1514.13;718.15;1503.87;717.79;1503.12;739.29;10;0.55;stop
9375;2070.65;1106.19;2114.89;1103.88;2113.97;1086.43;2069.74;1088.74;9;0.78;stop
9387;1581.82;1722.01;1581.93;1709.48;1553.56;1709.24;1553.45;1721.77;10;0.46;stop
9393;1092.61;408.4;1116.39;407.07;1115.77;395.97;1091.99;397.3;10;0.51;stop
9412;3213.3;1321.52;3224.47;1289.3;3208.57;1283.79;3197.4;1316.01;10;0.45;stop
9500;190.79;1209.68;225.71;1209.64;225.69;1195.01;190.77;1195.05;10;0.77;move
9505;3672.91;1277.76;3675.53;1263.92;3645.22;1258.18;3642.6;1272.02;10;0.8;move
9530;1795.46;33.21;1810.07;31.97;1807.12;-2.83;1792.51;-1.6;10;0.68;stop
9534;1194.95;1839.81;1194.99;1811.96;1182.18;1811.94;1182.13;1839.79;10;0.48;stop
9543;1299.33;1183.9;1323.77;1182.37;1323.04;1170.73;1298.6;1172.26;10;0.76;stop
9561;3049.23;1172.91;3050.94;1159.27;3023.42;1155.84;3021.72;1169.48;10;0.82;stop
9573;2532.16;1331.59;2581.34;1329.55;2580.59;1311.6;2531.41;1313.64;9;0.54;stop
9574;332.41;1259.32;339.86;1231.39;326.66;1227.86;319.2;1255.8;10;0.74;stop
9577;2444.85;1093.69;2471.51;1092.68;2471.03;1079.81;2444.36;1080.82;10;0.79;stop
9616;138.25;1216.5;169.26;1215.44;168.78;1201.32;137.77;1202.38;10;0.75;move
9636;1967.6;1361.35;1983.22;1360.49;1981.15;1322.9;1965.53;1323.76;10;0.62;stop
9637;676.47;1306.81;703.6;1306.38;703.4;1293.84;676.27;1294.27;10;0.42;stop
9647;926.1;1244.04;966.22;1242.9;965.78;1227.21;925.65;1228.35;9;0.35;stop
9658;897.92;1644.44;910.27;1644.28;909.96;1619.18;897.6;1619.34;10;0.35;stop
9683;977.76;1242.95;1008.38;1241.77;1007.86;1228.3;977.24;1229.48;9;0.5;stop
9692;2898.44;1212.26;2899.84;1200.65;2873.56;1197.49;2872.16;1209.1;10;0.8;move
9705;2393.35;1096.32;2425.64;1093.9;2424.65;1080.56;2392.36;1082.98;10;0.78;stop
9711;2221.67;1121.3;2272.93;1119.42;2272.33;1102.82;2221.07;1104.7;9;0.76;move
9718;1895.59;2134.78;1907.16;2100.99;1893.6;2096.35;1882.03;2130.14;10;0.79;stop
9724;2732.1;1354.57;2732.48;1340.17;2697.9;1339.25;2697.52;1353.64;10;0.63;stop
9746;2563.61;625.35;2595.66;621.94;2594.14;607.65;2562.09;611.06;10;0.8;move
9750;53.29;1211.71;82.2;1210.9;81.83;1197.66;52.92;1198.47;10;0.76;move
9754;311.39;1688.94;311.63;1676.25;284.39;1675.74;284.15;1688.44;10;0.62;move
9764;177.82;1662.4;178.43;1650.1;152.76;1648.85;152.16;1661.15;10;0.35;stop
9769;1228.16;1240.47;1245.99;1240.23;1245.84;1228.91;1228.01;1229.14;10;0.53;stop
9773;1910.74;2151.22;1918.14;2120.61;1905.2;2117.48;1897.81;2148.1;10;0.37;stop
9788;1923.0;2082.91;1957.35;1992.01;1939.03;1985.09;1904.68;2075.99;9;0.41;stop
9801;1903.03;614.89;1922.55;613.83;1915.79;489.39;1896.26;490.45;9;0.36;stop
9805;1761.74;226.51;1775.13;225.75;1773.01;188.61;1759.62;189.38;10;0.49;stop
9809;3777.29;1301.81;3780.57;1290.24;3754.58;1282.88;3751.3;1294.45;10;0.77;move
9811;2332.09;1096.09;2356.57;1096.01;2356.54;1084.16;2332.05;1084.24;10;0.71;stop
9813;452.28;171.97;472.88;158.92;466.37;148.66;445.78;161.7;10;0.37;stop
9816;3142.07;153.99;3146.12;141.6;3122.31;133.82;3118.26;146.21;10;0.51;stop
9818;273.95;1668.99;274.52;1658.46;252.4;1657.26;251.84;1667.79;10;0.39;stop
9821;3093.21;134.28;3108.0;133.42;3106.29;104.22;3091.5;105.08;10;0.76;stop
9823;1254.09;1189.1;1285.9;1185.72;1284.47;1172.27;1252.66;1175.65;10;0.77;stop
9824;1524.62;1142.74;1546.48;1141.95;1546.09;1131.46;1524.23;1132.26;10;0.59;move
9825;3519.06;432.34;3528.41;403.59;3515.0;399.22;3505.65;427.98;10;0.39;stop
9829;1099.06;1717.12;1100.28;1707.92;1080.19;1705.25;1078.97;1714.45;10;0.37;stop
9844;719.45;1125.45;732.52;1125.29;732.4;1115.55;719.32;1115.71;10;0.49;stop
9846;1176.93;1154.6;1177.25;1141.09;1148.45;1140.4;1148.13;1153.91;10;0.78;move
9849;3653.21;1225.72;3668.76;1225.67;3668.67;1194.91;3653.11;1194.96;10;0.52;stop
9852;0.36;1210.87;24.1;1209.79;23.54;1197.57;-0.19;1198.65;10;0.76;stop
9854;3057.0;142.17;3078.66;139.4;3077.25;128.39;3055.59;131.16;10;0.38;stop
9863;3812.55;542.5;3840.62;540.35;3839.32;523.43;3811.25;525.59;10;0.46;stop
9871;1868.94;125.03;1884.3;123.91;1881.72;88.51;1866.36;89.63;10;0.53;stop
9875;3274.02;1346.5;3313.49;1338.59;3310.04;1321.39;3270.57;1329.3;10;0.41;stop
9879;202.4;1088.65;202.97;1066.06;189.74;1065.72;189.18;1088.32;10;0.36;stop
9887;2477.15;262.44;2488.45;261.77;2487.1;239.31;2475.8;239.98;10;0.35;stop
9889;907.54;1963.13;907.56;1951.92;885.43;1951.87;885.41;1963.08;10;0.36;stop
