vehicle_id;veh_bb_x1;veh_bb_y1;veh_bb_x2;veh_bb_y2;veh_bb_x3;veh_bb_y3;veh_bb_x4;veh_bb_y4;det_class;conf_score;state
1;2699.19;1100.1;2700.11;1087.77;2673.43;1085.78;2672.51;1098.11;10;0.84;stop
2;1989.88;1945.54;1994.71;1914.14;1981.37;1912.09;1976.54;1943.48;10;0.84;stop
3;2989.5;1256.11;2991.67;1241.58;2960.25;1236.89;2958.08;1251.42;10;0.83;stop
7;2986.83;1130.52;2989.1;1119.02;2962.92;1113.86;2960.65;1125.35;10;0.83;stop
9;2742.14;1102.55;2743.22;1089.41;2710.36;1086.7;2709.28;1099.84;10;0.83;stop
10;3711.56;1379.7;3715.0;1365.27;3679.69;1356.86;3676.25;1371.29;10;0.83;stop
13;2850.0;1110.15;2851.07;1097.16;2823.0;1094.85;2821.93;1107.84;10;0.82;stop
15;2916.37;1119.66;2918.05;1107.22;2889.38;1103.34;2887.7;1115.78;10;0.83;stop
16;2498.58;1215.62;2498.7;1202.27;2470.17;1202.01;2470.05;1215.36;10;0.83;stop
18;1976.86;1982.44;1984.39;1951.58;1970.95;1948.31;1963.43;1979.17;10;0.83;stop
21;1807.38;886.99;1821.81;886.48;1820.75;856.76;1806.32;857.27;10;0.81;stop
22;1672.29;1109.46;1698.45;1108.95;1698.21;1096.66;1672.05;1097.18;10;0.82;stop
26;3383.65;1092.48;3386.44;1079.87;3356.04;1073.14;3353.25;1085.75;10;0.82;stop
28;1289.92;1719.83;1290.23;1707.59;1263.83;1706.92;1263.52;1719.16;10;0.81;stop
29;1936.64;1857.25;1940.9;1825.68;1926.61;1823.75;1922.35;1855.32;10;0.83;stop
30;2093.9;1159.81;2093.98;1146.61;2065.41;1146.44;2065.33;1159.64;10;0.81;move
32;1926.49;742.12;1940.23;740.66;1936.76;708.01;1923.02;709.47;10;0.82;stop
38;2566.64;1215.74;2566.88;1202.39;2538.23;1201.88;2538.0;1215.24;10;0.82;stop
40;1360.78;1720.68;1361.08;1707.83;1333.59;1707.2;1333.3;1720.04;10;0.81;stop
41;1341.46;1118.3;1368.95;1117.7;1368.66;1104.7;1341.18;1105.3;10;0.81;stop
44;2903.23;1358.87;2909.7;1346.46;2880.02;1331.0;2873.55;1343.41;10;0.81;stop
46;1193.58;1875.02;1193.85;1851.13;1181.3;1850.98;1181.02;1874.87;10;0.69;stop
49;3042.48;1137.98;3044.19;1126.23;3017.52;1122.33;3015.81;1134.08;10;0.79;stop
51;3673.15;1369.0;3676.45;1355.69;3646.85;1348.34;3643.55;1361.66;10;0.8;stop
52;571.7;681.35;573.63;670.29;549.55;666.08;547.62;677.13;10;0.8;stop
53;839.84;1128.16;867.82;1127.4;867.48;1115.09;839.51;1115.85;10;0.81;stop
57;1491.64;1685.13;1492.06;1672.78;1464.86;1671.87;1464.44;1684.22;10;0.8;stop
58;1848.74;2117.51;1860.34;2093.05;1849.13;2087.74;1837.54;2112.2;10;0.81;stop
61;1927.21;497.57;1941.38;496.02;1938.29;467.68;1924.12;469.23;10;0.81;stop
62;1649.65;1229.65;1650.72;1217.38;1622.98;1214.97;1621.91;1227.24;10;0.79;stop
63;796.93;1244.33;820.88;1241.93;819.41;1227.29;795.46;1229.7;10;0.78;stop
64;2214.2;1099.41;2239.39;1099.23;2239.3;1087.59;2214.11;1087.77;10;0.82;stop
66;2874.17;1236.92;2876.24;1216.7;2821.33;1211.08;2819.26;1231.3;9;0.82;stop
67;2950.28;1249.02;2952.2;1235.14;2919.87;1230.67;2917.95;1244.55;10;0.81;stop
69;1866.02;2084.21;1875.87;2056.74;1863.83;2052.42;1853.97;2079.88;10;0.8;stop
70;3252.49;124.98;3284.69;120.91;3282.83;106.12;3250.62;110.18;10;0.81;stop
71;1955.45;907.76;1968.64;905.6;1964.05;877.62;1950.86;879.78;10;0.81;stop
77;568.01;1476.34;569.54;1463.25;541.05;1459.91;539.52;1473.0;10;0.8;stop
78;809.45;1128.22;835.6;1127.17;835.16;1116.15;809.01;1117.21;10;0.8;stop
80;1236.45;1548.26;1239.65;1520.02;1226.17;1518.49;1222.98;1546.73;10;0.8;stop
81;2616.31;1097.61;2617.11;1084.52;2586.44;1082.64;2585.64;1095.73;10;0.8;stop
84;1790.28;772.58;1803.42;771.33;1800.91;745.04;1787.77;746.3;10;0.79;stop
85;1951.39;797.68;1963.27;796.73;1961.27;771.69;1949.39;772.64;10;0.79;stop
87;1046.02;1241.57;1046.13;1228.04;1018.36;1227.81;1018.24;1241.33;10;0.8;stop
89;2575.73;1216.12;2601.42;1215.58;2601.15;1202.63;2575.45;1203.17;10;0.8;stop
90;2764.95;1223.53;2765.81;1211.11;2739.7;1209.28;2738.83;1221.7;10;0.81;stop
93;1105.54;733.15;1106.22;720.81;1077.52;719.22;1076.84;731.56;10;0.8;stop
95;896.47;1239.77;896.81;1227.54;869.78;1226.79;869.44;1239.02;10;0.81;stop
99;3028.77;1261.71;3030.87;1247.45;2997.48;1242.54;2995.38;1256.8;10;0.8;stop
100;1283.6;81.6;1283.73;68.85;1256.65;68.58;1256.52;81.33;10;0.81;stop
101;1794.47;803.95;1807.73;802.19;1803.89;773.3;1790.63;775.06;10;0.81;stop
104;3186.31;1400.81;3195.56;1370.4;3180.26;1365.75;3171.0;1396.16;10;0.8;stop
106;1796.48;659.61;1808.21;658.71;1806.24;633.02;1794.51;633.92;10;0.79;stop
107;1822.75;1015.72;1823.32;985.91;1809.88;985.66;1809.3;1015.46;10;0.81;stop
108;1555.14;1111.47;1555.24;1099.37;1529.61;1099.16;1529.51;1111.25;10;0.79;stop
109;2541.68;606.78;2568.12;603.61;2566.57;590.78;2540.13;593.96;10;0.8;stop
112;1881.93;2043.17;1891.83;2018.03;1880.54;2013.58;1870.64;2038.72;10;0.8;stop
113;1948.81;768.99;1962.44;767.73;1959.63;737.38;1946.0;738.64;10;0.81;stop
117;2432.98;1216.33;2460.57;1215.98;2460.4;1202.42;2432.8;1202.77;10;0.8;stop
119;1889.66;119.17;1902.24;117.77;1899.34;91.77;1886.76;93.17;10;0.81;stop
120;1762.77;390.82;1777.74;389.58;1775.35;360.68;1760.38;361.92;10;0.8;stop
121;3336.11;543.03;3364.0;539.37;3362.33;526.66;3334.44;530.32;10;0.78;stop
122;941.17;1126.86;969.74;1126.05;969.37;1113.01;940.8;1113.82;10;0.8;stop
131;2732.95;1220.96;2733.45;1208.0;2702.68;1206.79;2702.17;1219.75;10;0.79;stop
133;1916.48;1694.82;1945.3;1688.25;1942.18;1674.56;1913.35;1681.13;10;0.81;stop
134;1027.88;729.02;1028.45;717.79;1004.99;716.6;1004.43;727.83;10;0.8;stop
135;3017.5;146.88;3046.58;142.98;3044.75;129.31;3015.67;133.21;10;0.8;stop
136;2802.19;168.83;2830.64;165.64;2829.14;152.26;2800.68;155.46;10;0.78;stop
137;1068.01;731.12;1068.75;719.49;1043.61;717.88;1042.87;729.51;10;0.8;stop
138;974.36;1124.3;998.2;1123.99;998.04;1112.2;974.21;1112.51;10;0.8;stop
140;3064.22;1265.37;3065.64;1251.85;3038.44;1249.0;3037.02;1262.52;10;0.8;stop
141;2924.24;1415.76;2933.86;1404.43;2906.26;1380.99;2896.64;1392.32;10;0.79;stop
143;1954.78;832.83;1967.28;831.67;1964.72;804.05;1952.22;805.21;10;0.8;stop
144;905.34;1127.27;932.2;1125.88;931.51;1112.6;904.65;1113.99;10;0.8;stop
145;1723.35;1228.71;1723.47;1216.17;1695.61;1215.92;1695.49;1228.45;10;0.78;stop
146;2668.29;1099.07;2669.19;1085.42;2639.09;1083.43;2638.19;1097.08;10;0.81;stop
147;1904.48;1727.52;1904.8;1714.51;1878.23;1713.86;1877.91;1726.87;10;0.79;stop
148;2663.9;598.04;2694.64;594.16;2692.98;580.96;2662.23;584.84;10;0.79;stop
149;1425.15;1235.87;1425.25;1222.44;1398.6;1222.26;1398.5;1235.69;10;0.79;stop
153;1859.56;1725.5;1859.66;1710.46;1829.32;1710.25;1829.22;1725.29;10;0.78;stop
155;1225.96;84.1;1250.22;82.81;1249.6;71.15;1225.34;72.44;10;0.8;stop
157;1273.06;1120.71;1304.09;1119.98;1303.76;1105.67;1272.72;1106.39;10;0.79;stop
159;2190.18;1099.63;2190.51;1088.05;2166.57;1087.37;2166.24;1098.95;10;0.79;stop
161;496.35;1675.57;496.8;1663.86;471.15;1662.87;470.7;1674.58;10;0.79;stop
162;1277.34;1683.19;1277.58;1670.97;1251.1;1670.44;1250.85;1682.66;10;0.76;stop
166;3627.55;1248.17;3631.35;1234.32;3600.58;1225.89;3596.78;1239.74;10;0.77;stop
167;805.26;2052.99;818.32;2052.63;817.55;2024.2;804.49;2024.55;10;0.8;stop
169;3467.35;1321.12;3470.33;1307.23;3438.27;1300.36;3435.3;1314.26;10;0.81;stop
170;1919.35;346.21;1931.33;345.83;1930.59;322.04;1918.61;322.42;10;0.75;stop
172;606.65;1241.99;606.77;1229.5;581.16;1229.26;581.05;1241.75;10;0.78;stop
173;1462.96;956.91;1463.95;945.41;1438.42;943.21;1437.43;954.72;10;0.78;stop
174;734.52;1064.9;761.22;1063.99;760.82;1052.35;734.12;1053.26;10;0.8;stop
175;1936.52;820.68;1949.12;819.68;1946.98;792.57;1934.38;793.57;10;0.82;stop
177;2110.82;1221.88;2139.19;1220.41;2138.49;1207.0;2110.12;1208.47;10;0.79;stop
178;1426.76;1720.74;1427.61;1709.04;1401.49;1707.14;1400.64;1718.83;10;0.75;stop
185;835.05;1241.1;859.86;1240.61;859.62;1228.28;834.81;1228.76;10;0.79;stop
186;979.35;1242.84;1008.56;1242.21;1008.24;1227.66;979.03;1228.29;10;0.75;stop
187;3063.99;1029.19;3098.79;1025.69;3097.26;1010.44;3062.46;1013.93;10;0.79;stop
188;2866.48;1343.65;2870.98;1330.53;2838.02;1319.22;2833.52;1332.34;10;0.79;stop
190;3527.55;985.71;3558.15;983.21;3557.14;970.86;3526.54;973.36;10;0.78;stop
191;3271.36;1048.17;3286.03;1019.41;3272.39;1012.45;3257.72;1041.21;10;0.76;stop
195;2656.44;636.85;2685.77;634.51;2684.69;620.9;2655.35;623.24;10;0.76;stop
199;3587.56;1346.7;3592.2;1334.62;3562.75;1323.3;3558.11;1335.38;10;0.8;stop
204;2146.47;1371.56;2174.6;1368.43;2173.15;1355.44;2145.03;1358.57;10;0.77;stop
205;3126.33;1019.52;3151.9;1009.96;3147.42;997.98;3121.85;1007.54;10;0.78;stop
206;756.25;2054.27;768.14;2053.76;766.86;2023.85;754.97;2024.36;10;0.77;stop
207;1362.0;76.48;1389.38;74.81;1388.62;62.45;1361.25;64.12;10;0.77;stop
210;1663.37;1228.45;1689.31;1228.06;1689.13;1216.17;1663.19;1216.56;10;0.77;stop
211;1467.32;1233.46;1493.01;1232.51;1492.55;1220.17;1466.87;1221.11;10;0.78;stop
212;2571.22;604.48;2596.82;601.88;2595.53;589.14;2569.93;591.74;10;0.77;stop
215;3404.34;1303.74;3408.51;1291.4;3380.34;1281.88;3376.17;1294.22;10;0.78;stop
216;2501.54;1724.76;2502.24;1692.16;2488.59;1691.87;2487.89;1724.47;10;0.78;stop
218;1921.34;387.89;1937.28;370.39;1928.6;362.48;1912.66;379.99;10;0.79;stop
219;1796.72;839.71;1810.83;838.45;1808.25;809.54;1794.13;810.8;10;0.82;stop
220;2833.91;583.51;2862.19;579.75;2860.47;566.8;2832.18;570.56;10;0.77;stop
221;462.21;1136.93;462.25;1125.33;435.91;1125.25;435.88;1136.85;10;0.79;stop
222;539.17;1134.76;567.2;1134.49;567.08;1121.8;539.05;1122.07;10;0.78;stop
223;170.43;1248.12;220.69;1246.98;220.28;1228.76;170.02;1229.9;9;0.78;stop
225;1903.01;1303.83;1914.04;1301.56;1908.49;1274.67;1897.46;1276.94;10;0.76;stop
228;800.61;2052.32;801.21;2024.22;787.52;2023.93;786.91;2052.03;10;0.8;stop
229;1992.37;1714.0;2004.77;1712.84;2002.13;1684.63;1989.73;1685.79;10;0.77;stop
230;1776.93;583.8;1789.38;582.55;1786.69;555.83;1774.25;557.07;10;0.78;stop
236;2890.32;580.48;2920.86;576.81;2919.37;564.44;2888.83;568.11;10;0.79;stop
237;2120.2;1101.57;2142.62;1100.48;2142.05;1088.81;2119.63;1089.89;10;0.75;stop
239;1257.74;1720.21;1258.23;1707.53;1232.44;1706.54;1231.96;1719.22;10;0.78;stop
240;1323.69;1720.45;1323.89;1708.96;1299.81;1708.55;1299.61;1720.04;10;0.78;stop
241;1392.85;1720.79;1393.26;1709.11;1367.9;1708.21;1367.49;1719.89;10;0.76;stop
244;1805.4;779.25;1817.44;778.16;1814.76;748.5;1802.71;749.59;10;0.79;stop
245;3511.59;96.72;3544.4;93.59;3543.1;80.0;3510.29;83.13;10;0.79;stop
246;2767.65;588.81;2796.99;587.05;2796.23;574.44;2766.89;576.2;10;0.76;stop
247;287.63;1135.48;287.7;1124.06;261.28;1123.9;261.21;1135.32;10;0.77;stop
248;1502.23;1044.05;1504.19;1013.26;1491.4;1012.45;1489.44;1043.24;10;0.78;stop
249;1938.66;862.31;1952.46;861.21;1949.81;828.0;1936.01;829.1;10;0.8;stop
250;1376.43;1702.23;1376.65;1690.14;1349.45;1689.64;1349.22;1701.73;10;0.79;move
252;1728.65;1687.65;1729.18;1675.11;1699.87;1673.85;1699.33;1686.39;10;0.78;stop
253;3410.1;108.49;3442.45;105.56;3441.15;91.2;3408.8;94.13;10;0.79;stop
254;918.56;725.55;919.2;713.61;892.97;712.2;892.33;724.14;10;0.74;stop
255;1141.2;1121.81;1165.33;1121.23;1165.05;1109.44;1140.92;1110.02;10;0.76;stop
260;2062.65;1222.03;2093.23;1221.73;2093.1;1207.97;2062.52;1208.27;10;0.8;stop
262;3491.18;615.69;3499.78;586.46;3485.7;582.32;3477.1;611.55;10;0.76;stop
264;1898.84;236.19;1911.79;235.62;1910.41;204.25;1897.46;204.82;10;0.78;stop
266;2441.14;614.96;2468.12;612.06;2466.86;600.32;2439.88;603.22;10;0.77;stop
268;1785.65;470.93;1797.67;469.93;1795.23;440.32;1783.2;441.32;10;0.78;stop
269;1902.16;98.94;1914.15;97.82;1911.59;70.37;1899.6;71.5;10;0.79;stop
270;757.47;1087.39;761.16;1076.39;738.78;1068.86;735.09;1079.86;10;0.76;stop
273;1231.39;1589.92;1234.87;1561.55;1222.8;1560.08;1219.32;1588.45;10;0.78;stop
274;1450.8;1113.34;1474.69;1112.34;1474.2;1100.66;1450.31;1101.66;10;0.76;stop
278;3197.29;1365.99;3206.86;1336.02;3191.77;1331.2;3182.2;1361.17;10;0.77;stop
281;2410.19;617.38;2436.99;614.98;2435.94;603.24;2409.13;605.64;10;0.74;stop
282;345.19;1139.52;371.6;1139.37;371.53;1126.42;345.12;1126.57;10;0.76;stop
283;1503.46;1006.83;1505.22;980.71;1493.54;979.92;1491.78;1006.04;10;0.78;stop
284;1934.47;784.84;1946.98;783.84;1944.44;751.91;1931.92;752.91;10;0.83;stop
286;1908.07;168.26;1919.74;166.96;1916.93;141.68;1905.26;142.98;10;0.79;stop
288;1802.74;743.36;1816.02;742.81;1814.75;712.39;1801.46;712.94;10;0.77;stop
289;1745.27;78.51;1757.52;77.55;1755.73;54.8;1743.48;55.77;10;0.75;stop
291;1698.91;662.3;1699.65;650.03;1671.59;648.33;1670.85;660.59;10;0.78;stop
293;2332.49;1218.1;2362.48;1216.51;2361.76;1202.9;2331.77;1204.49;10;0.77;stop
294;2817.52;1227.77;2818.42;1214.21;2790.23;1212.35;2789.33;1225.91;10;0.78;stop
295;1927.72;1890.08;1930.75;1866.58;1919.78;1865.17;1916.75;1888.67;10;0.77;stop
296;1824.58;1724.55;1825.23;1712.77;1796.8;1711.2;1796.15;1722.98;10;0.74;stop
297;3009.07;1482.78;3025.83;1470.56;2992.43;1424.78;2975.67;1437.0;9;0.76;stop
299;1926.03;548.75;1939.13;547.77;1937.22;522.25;1924.12;523.23;10;0.8;stop
300;2336.22;622.55;2361.69;619.72;2360.28;607.08;2334.81;609.91;10;0.78;stop
301;534.4;1139.91;534.55;1130.11;511.85;1129.78;511.7;1139.58;10;0.77;stop
303;1893.86;1273.72;1904.59;1270.54;1897.39;1246.28;1886.66;1249.46;10;0.78;stop
304;1812.45;922.53;1823.91;921.63;1821.77;894.34;1810.3;895.25;10;0.77;stop
307;3782.48;930.15;3812.55;927.28;3811.27;913.91;3781.2;916.78;10;0.73;stop
309;744.37;1713.25;769.22;1713.01;769.11;1701.13;744.25;1701.37;10;0.77;stop
310;2489.88;1675.99;2503.96;1675.81;2503.62;1649.51;2489.54;1649.69;10;0.77;stop
311;1130.59;91.87;1156.16;91.48;1155.97;79.13;1130.4;79.52;10;0.79;stop
312;1929.96;451.51;1941.72;450.71;1940.04;425.99;1928.28;426.79;10;0.78;stop
314;206.03;1141.66;230.93;1140.99;230.61;1128.97;205.71;1129.64;10;0.75;stop
315;1495.34;953.81;1499.61;941.54;1471.28;931.69;1467.02;943.96;10;0.79;stop
316;1929.58;1528.12;1941.31;1526.58;1938.17;1502.63;1926.44;1504.17;10;0.77;stop
317;2414.11;1360.36;2439.28;1359.37;2438.77;1346.39;2413.6;1347.38;10;0.75;stop
318;3739.53;933.04;3772.51;930.96;3771.72;918.52;3738.74;920.6;10;0.74;stop
319;3252.88;1081.99;3264.51;1056.85;3251.5;1050.83;3239.86;1075.97;10;0.74;stop
320;2901.66;1241.77;2903.47;1229.18;2879.43;1225.73;2877.62;1238.32;10;0.78;stop
322;1747.56;110.67;1759.2;109.56;1756.81;84.52;1745.17;85.63;10;0.76;stop
324;3606.56;303.81;3618.18;274.89;3604.69;269.47;3593.07;298.39;10;0.75;stop
325;408.34;1136.54;432.55;1135.59;432.13;1124.71;407.92;1125.66;10;0.76;stop
326;234.02;1244.36;259.85;1243.83;259.58;1230.64;233.74;1231.17;10;0.76;stop
327;1852.62;1511.95;1881.67;1506.07;1879.01;1492.92;1849.96;1498.8;10;0.77;stop
330;3232.62;1357.31;3250.87;1332.84;3238.94;1323.94;3220.69;1348.41;10;0.75;stop
331;772.0;2053.79;784.75;2053.55;784.25;2027.15;771.5;2027.39;10;0.78;stop
334;1604.86;1110.31;1627.95;1108.83;1627.26;1098.06;1604.17;1099.54;10;0.75;stop
335;733.48;1243.52;759.85;1241.21;758.8;1229.23;732.43;1231.54;10;0.76;stop
336;2733.43;590.04;2758.87;586.91;2757.32;574.33;2731.88;577.46;10;0.78;stop
338;1715.72;1724.57;1716.22;1712.21;1690.93;1711.18;1690.43;1723.54;10;0.73;stop
339;1755.25;278.06;1766.92;277.64;1766.0;251.82;1754.33;252.23;10;0.77;stop
341;1742.85;49.89;1754.96;49.05;1753.07;21.55;1740.95;22.39;10;0.79;stop
343;2298.34;1219.32;2325.67;1217.96;2325.04;1205.06;2297.7;1206.41;10;0.76;stop
344;2948.89;1123.9;2950.46;1111.68;2924.08;1108.29;2922.51;1120.5;10;0.72;stop
345;1780.24;390.28;1792.07;389.06;1789.43;363.47;1777.6;364.69;10;0.75;stop
346;1499.47;1075.81;1501.28;1049.05;1488.53;1048.19;1486.72;1074.95;10;0.76;stop
347;1151.14;1240.44;1181.24;1239.85;1180.99;1226.69;1150.88;1227.28;10;0.77;stop
349;3287.12;1014.91;3302.46;990.97;3291.32;983.84;3275.98;1007.78;10;0.77;stop
350;2646.66;1385.23;2659.5;1383.18;2654.88;1354.15;2642.05;1356.19;10;0.78;stop
353;3280.92;957.67;3298.81;935.95;3288.14;927.17;3270.26;948.89;10;0.77;stop
355;754.18;135.38;777.38;134.81;777.08;122.8;753.89;123.38;10;0.77;stop
356;376.71;1138.76;402.9;1137.5;402.36;1126.24;376.17;1127.5;10;0.75;stop
357;1430.53;954.73;1430.8;942.63;1403.35;942.02;1403.08;954.12;10;0.76;stop
359;3430.08;787.25;3440.35;758.75;3425.86;753.53;3415.58;782.03;10;0.75;stop
360;3403.44;956.01;3432.25;955.15;3431.87;942.43;3403.06;943.29;10;0.76;stop
361;3564.09;984.82;3596.88;981.79;3595.6;967.99;3562.81;971.02;10;0.77;stop
362;1227.87;1626.39;1229.15;1601.82;1217.88;1601.23;1216.6;1625.81;10;0.75;stop
363;1964.83;1290.14;1977.18;1289.09;1974.92;1262.49;1962.57;1263.53;10;0.76;stop
364;2005.2;1638.18;2018.33;1637.57;2016.87;1606.32;2003.73;1606.93;10;0.73;stop
365;2164.68;635.22;2192.6;632.77;2191.5;620.28;2163.59;622.73;10;0.78;stop
366;2800.86;586.98;2826.37;583.86;2824.89;571.77;2799.38;574.89;10;0.76;stop
367;72.02;1243.72;102.4;1243.33;102.24;1230.35;71.86;1230.73;10;0.74;stop
369;3212.02;1000.93;3242.91;988.86;3237.98;976.26;3207.09;988.33;10;0.75;stop
370;2798.45;1104.82;2799.51;1091.91;2774.75;1089.87;2773.69;1102.78;10;0.75;stop
371;3344.62;1139.14;3347.3;1126.69;3317.25;1120.24;3314.58;1132.68;10;0.77;stop
372;2561.35;191.09;2590.83;188.36;2589.65;175.66;2560.17;178.39;10;0.78;stop
373;1759.07;320.46;1771.91;318.82;1768.56;292.66;1755.72;294.31;10;0.79;stop
376;2834.52;162.87;2857.74;161.02;2856.81;149.32;2833.59;151.17;10;0.75;stop
377;1085.68;1122.11;1111.62;1121.77;1111.45;1108.77;1085.51;1109.11;10;0.75;stop
378;630.19;1280.87;632.37;1250.42;618.56;1249.44;616.38;1279.89;10;0.77;stop
381;2653.69;1413.76;2655.62;1389.58;2643.56;1388.61;2641.63;1412.8;10;0.74;stop
382;3604.68;981.15;3635.65;978.86;3634.7;966.04;3603.73;968.33;10;0.76;stop
383;1766.04;1688.53;1766.45;1676.11;1739.46;1675.22;1739.05;1687.64;10;0.75;stop
384;2983.32;1494.76;2994.67;1488.23;2979.65;1462.12;2968.3;1468.65;10;0.7;stop
385;3551.03;93.45;3580.99;90.41;3579.6;76.71;3549.64;79.75;10;0.75;stop
386;2092.58;1373.98;2122.54;1372.04;2121.67;1358.64;2091.71;1360.59;10;0.76;stop
388;1977.65;1069.81;1989.77;1066.71;1982.54;1038.44;1970.41;1041.54;10;0.78;stop
390;1161.91;92.05;1191.53;89.72;1190.46;76.14;1160.84;78.47;10;0.77;stop
391;2699.4;593.28;2727.19;590.68;2726.1;578.97;2698.31;581.57;10;0.76;stop
395;1776.12;1227.96;1804.8;1225.45;1803.63;1212.16;1774.95;1214.68;10;0.75;stop
396;3184.32;1042.2;3199.82;1035.87;3186.93;1004.36;3171.43;1010.69;10;0.72;stop
398;1957.05;867.66;1968.91;866.52;1966.58;842.34;1954.71;843.48;10;0.7;stop
399;1354.64;1238.68;1381.15;1236.8;1380.24;1223.94;1353.72;1225.82;10;0.75;stop
400;3425.43;1065.75;3437.78;1036.81;3423.0;1030.5;3410.65;1059.44;10;0.56;stop
401;2008.89;1676.27;2019.83;1675.66;2018.61;1653.73;2007.67;1654.34;10;0.72;stop
402;2662.4;1354.27;2691.75;1352.77;2691.1;1340.11;2661.75;1341.61;10;0.76;stop
403;2721.14;175.25;2748.58;172.38;2747.18;158.97;2719.74;161.84;10;0.72;stop
404;164.73;1114.43;168.53;1088.84;154.95;1086.82;151.16;1112.41;10;0.73;stop
406;2263.2;1218.89;2291.82;1218.29;2291.55;1205.48;2262.93;1206.09;10;0.76;stop
411;1841.08;1399.14;1851.34;1395.6;1843.29;1372.3;1833.04;1375.84;10;0.75;stop
412;701.83;1714.17;701.99;1701.5;674.42;1701.14;674.26;1713.81;10;0.74;stop
413;2010.92;2155.11;2011.35;2131.38;1998.58;2131.14;1998.15;2154.87;10;0.47;stop
414;1899.28;62.38;1910.99;61.91;1909.97;36.62;1898.26;37.09;10;0.76;stop
415;2505.48;1588.32;2505.85;1558.48;2491.39;1558.3;2491.03;1588.15;10;0.76;stop
416;2303.94;1098.58;2330.1;1094.99;2328.43;1082.8;2302.27;1086.39;10;0.77;stop
417;3525.47;947.77;3555.72;947.2;3555.47;933.8;3525.21;934.37;10;0.78;stop
418;740.05;2053.27;752.84;2052.21;750.58;2024.85;737.79;2025.91;10;0.74;stop
419;779.21;1715.8;807.5;1714.84;807.04;1701.38;778.75;1702.35;10;0.73;stop
420;136.47;1245.52;136.98;1231.52;107.05;1230.41;106.53;1244.42;10;0.74;stop
421;1504.51;1233.91;1532.35;1232.89;1531.87;1219.71;1504.02;1220.74;10;0.73;stop
422;2062.68;1337.89;2089.53;1335.94;2088.57;1322.73;2061.72;1324.68;10;0.75;stop
423;2146.82;1219.69;2171.56;1218.77;2171.11;1206.93;2146.38;1207.85;10;0.77;stop
424;859.73;1714.58;860.0;1702.59;835.5;1702.04;835.23;1714.04;10;0.75;stop
425;2712.95;1321.95;2739.88;1321.26;2739.55;1308.68;2712.62;1309.37;10;0.74;stop
426;237.17;1109.55;261.73;1105.33;259.7;1093.57;235.15;1097.8;10;0.73;stop
428;612.85;1242.5;638.01;1242.03;637.78;1229.69;612.62;1230.16;10;0.74;stop
429;1992.1;2157.71;1992.47;2133.24;1979.15;2133.04;1978.78;2157.51;10;0.53;stop
430;2102.02;639.35;2128.16;636.85;2127.04;625.15;2100.9;627.65;10;0.76;stop
431;2514.02;720.44;2526.25;719.16;2523.36;691.44;2511.13;692.71;10;0.75;stop
432;3479.02;644.98;3488.62;618.98;3475.35;614.08;3465.76;640.08;10;0.69;stop
433;1458.73;1721.43;1459.37;1710.16;1433.64;1708.7;1433.0;1719.96;10;0.62;stop
435;1293.15;79.88;1317.12;79.32;1316.85;67.5;1292.88;68.06;10;0.76;stop
436;3367.18;538.06;3394.51;535.16;3393.13;522.25;3365.81;525.16;10;0.74;stop
437;540.96;675.0;543.0;664.13;514.66;658.83;512.63;669.7;10;0.74;stop
438;2375.95;1360.82;2402.89;1360.39;2402.68;1347.05;2375.73;1347.48;10;0.76;stop
439;3293.32;1049.73;3304.15;1026.61;3292.62;1021.21;3281.79;1044.33;10;0.73;stop
440;213.59;208.26;245.02;205.16;243.68;191.59;212.25;194.68;10;0.73;stop
441;2032.78;236.71;2063.14;234.53;2062.22;221.73;2031.86;223.91;10;0.76;stop
442;351.71;1246.64;379.23;1245.43;378.61;1231.17;351.08;1232.39;10;0.7;stop
443;342.82;1439.51;368.23;1434.63;365.93;1422.67;340.52;1427.56;10;0.75;stop
444;1197.13;1241.7;1225.05;1240.46;1224.44;1226.55;1196.51;1227.79;10;0.78;stop
445;3418.02;818.75;3427.07;791.9;3414.48;787.66;3405.43;814.5;10;0.67;stop
446;707.94;1713.61;733.96;1713.55;733.93;1700.76;707.91;1700.82;10;0.74;stop
447;1998.47;1904.62;2003.84;1867.46;1988.53;1865.25;1983.16;1902.41;10;0.51;stop
448;2466.77;1875.37;2467.3;1848.63;2454.73;1848.38;2454.2;1875.12;10;0.72;stop
449;1926.55;1934.55;1936.12;1897.88;1920.58;1893.82;1911.0;1930.49;9;0.76;stop
450;1965.03;2017.09;1975.07;1991.35;1963.38;1986.79;1953.33;2012.53;10;0.74;stop
451;263.81;1244.42;290.15;1243.68;289.78;1230.58;263.44;1231.32;10;0.71;stop
453;2321.2;1362.46;2349.58;1362.13;2349.43;1348.79;2321.04;1349.12;10;0.75;stop
454;3412.42;723.39;3421.48;696.87;3407.89;692.23;3398.84;718.75;10;0.72;stop
455;3440.5;953.58;3468.67;951.97;3467.94;939.24;3439.77;940.85;10;0.74;stop
456;1349.63;1683.4;1350.21;1671.41;1325.62;1670.22;1325.04;1682.21;10;0.73;stop
457;2065.21;641.67;2089.91;638.38;2088.29;626.21;2063.59;629.5;10;0.77;stop
458;3811.75;1403.59;3814.83;1390.25;3782.0;1382.66;3778.92;1396.0;10;0.69;stop
460;638.45;1132.75;665.11;1131.84;664.68;1119.13;638.02;1120.04;10;0.75;stop
462;674.67;1290.92;704.94;1289.64;704.39;1276.66;674.12;1277.94;10;0.74;stop
463;990.31;726.81;991.23;715.19;965.78;713.19;964.87;724.81;10;0.74;stop
465;833.96;1679.37;834.15;1666.74;808.96;1666.38;808.78;1679.01;10;0.7;stop
466;1602.38;1686.35;1629.9;1686.0;1629.75;1674.03;1602.22;1674.38;10;0.71;stop
467;2140.59;228.34;2170.01;224.8;2168.35;210.98;2138.93;214.51;10;0.74;stop
468;3110.13;1308.76;3117.96;1281.27;3105.12;1277.61;3097.29;1305.1;10;0.73;stop
469;1083.31;1681.71;1083.32;1670.81;1061.5;1670.79;1061.49;1681.69;10;0.74;stop
470;1502.15;1721.43;1502.6;1709.73;1475.72;1708.7;1475.28;1720.4;10;0.72;stop
471;2487.5;1797.09;2499.43;1797.01;2499.25;1771.41;2487.32;1771.49;10;0.71;stop
472;1327.97;78.17;1355.32;77.81;1355.15;64.71;1327.8;65.06;10;0.72;stop
474;3548.46;527.57;3580.45;523.19;3578.42;508.37;3546.43;512.75;10;0.68;stop
476;2632.88;184.01;2657.86;181.16;2656.49;169.24;2631.52;172.09;10;0.73;stop
477;609.86;689.65;611.98;678.98;585.46;673.71;583.33;684.38;10;0.68;stop
479;2805.67;1317.93;2805.98;1306.2;2781.83;1305.57;2781.52;1317.3;10;0.74;stop
481;1915.66;201.02;1925.85;199.41;1922.84;180.36;1912.65;181.97;10;0.56;stop
483;3577.87;382.69;3587.02;353.82;3573.38;349.49;3564.23;378.37;10;0.75;stop
484;1968.17;1324.95;1980.65;1324.22;1979.08;1297.42;1966.6;1298.16;10;0.77;stop
485;3223.8;1413.09;3228.52;1399.99;3200.89;1390.03;3196.17;1403.14;10;0.76;stop
486;2496.66;526.15;2510.63;524.9;2508.09;496.47;2494.12;497.72;10;0.72;stop
487;1789.86;546.57;1803.35;545.36;1800.77;516.56;1787.28;517.77;10;0.77;stop
488;785.79;1099.41;798.38;1099.09;797.65;1070.9;785.05;1071.23;10;0.71;stop
491;2511.62;685.72;2523.32;684.76;2521.26;659.78;2509.55;660.74;10;0.73;stop
492;2752.3;171.47;2779.18;168.19;2777.55;154.78;2750.66;158.06;10;0.72;stop
493;20.79;1147.69;49.73;1146.19;49.05;1133.25;20.12;1134.74;10;0.7;stop
494;1967.95;1021.07;1979.02;1019.62;1975.93;996.05;1964.86;997.51;10;0.73;stop
496;21.46;1930.86;57.61;1930.16;57.29;1913.83;21.14;1914.53;10;0.73;stop
497;712.03;1300.16;724.49;1300.05;724.22;1270.93;711.76;1271.04;10;0.74;stop
498;3306.79;1018.94;3316.19;997.02;3304.46;991.99;3295.06;1013.91;10;0.76;stop
499;1183.36;1908.98;1194.59;1908.75;1194.14;1886.02;1182.91;1886.25;10;0.73;stop
500;1741.74;1724.49;1742.19;1712.1;1718.76;1711.26;1718.31;1723.65;10;0.61;stop
501;3583.24;522.7;3612.13;520.45;3611.13;507.61;3582.24;509.86;10;0.71;stop
502;1307.88;1113.23;1329.29;1112.91;1329.12;1101.9;1307.71;1102.22;10;0.71;stop
503;1806.02;967.03;1819.11;965.85;1816.48;936.47;1803.39;937.65;10;0.61;stop
504;2469.08;165.8;2480.45;164.82;2478.29;139.64;2466.93;140.61;10;0.73;stop
506;319.65;1139.57;346.02;1137.42;345.04;1125.43;318.67;1127.58;10;0.72;stop
507;3023.03;568.33;3049.89;564.76;3048.22;552.21;3021.36;555.79;10;0.75;stop
508;3450.72;993.71;3480.68;990.67;3479.28;976.91;3449.32;979.95;10;0.72;stop
509;1182.25;1940.35;1195.77;1940.19;1195.44;1911.65;1181.92;1911.81;10;0.67;stop
510;2867.37;162.3;2895.0;158.6;2893.38;146.51;2865.75;150.21;10;0.75;stop
512;2375.18;621.44;2403.48;618.91;2402.32;605.93;2374.02;608.47;10;0.75;stop
513;2519.27;770.7;2531.9;769.46;2529.35;743.55;2516.72;744.79;10;0.71;stop
515;2392.16;208.76;2419.12;206.48;2417.96;192.87;2391.01;195.15;10;0.69;stop
519;2938.34;1392.13;2948.81;1380.52;2916.91;1351.74;2906.44;1363.36;10;0.72;stop
520;2463.15;102.91;2476.17;102.42;2475.22;77.09;2462.21;77.58;10;0.74;stop
521;1511.61;768.68;1512.68;744.97;1501.14;744.45;1500.07;768.15;10;0.39;stop
522;183.01;211.45;208.8;209.14;207.7;196.83;181.9;199.14;10;0.73;stop
523;3359.8;113.02;3391.02;109.26;3389.26;94.64;3358.05;98.39;10;0.7;stop
524;3181.9;1118.98;3195.2;1091.56;3181.85;1085.09;3168.55;1112.5;10;0.64;stop
525;3128.49;1145.53;3156.86;1139.15;3153.7;1125.1;3125.33;1131.48;10;0.73;stop
526;2815.3;1358.35;2816.21;1345.88;2789.07;1343.9;2788.16;1356.37;10;0.74;stop
528;146.83;1661.2;147.0;1648.5;122.0;1648.17;121.83;1660.87;10;0.66;stop
529;3429.44;1310.97;3432.78;1299.7;3411.5;1293.4;3408.16;1304.68;10;0.71;stop
532;324.55;192.1;350.65;189.61;349.52;177.74;323.41;180.23;10;0.69;stop
533;3165.97;555.09;3194.83;551.31;3193.09;538.03;3164.23;541.82;10;0.7;stop
535;3104.13;1272.83;3106.15;1260.09;3077.74;1255.6;3075.73;1268.35;10;0.66;stop
536;2282.68;214.75;2314.49;212.9;2313.7;199.25;2281.88;201.1;10;0.73;stop
537;485.54;1711.22;485.6;1698.59;459.46;1698.47;459.4;1711.1;10;0.66;stop
538;1430.54;1684.15;1453.03;1683.78;1452.84;1671.73;1430.34;1672.09;10;0.73;stop
539;3703.47;78.01;3737.89;74.79;3736.53;60.28;3702.11;63.49;10;0.64;stop
540;1047.32;1079.23;1059.95;1078.63;1058.68;1051.52;1046.05;1052.12;10;0.67;stop
541;619.22;150.78;646.48;150.61;646.4;137.03;619.14;137.2;10;0.73;stop
542;2004.66;237.7;2028.52;235.3;2027.34;223.55;2003.48;225.95;10;0.64;stop
543;3655.37;177.1;3665.74;147.02;3651.5;142.12;3641.13;172.19;10;0.67;stop
544;1290.16;1683.44;1314.38;1683.1;1314.22;1671.31;1290.0;1671.65;10;0.71;stop
545;1020.99;102.62;1044.73;102.12;1044.51;91.44;1020.77;91.94;10;0.7;stop
546;2912.46;156.61;2941.8;153.55;2940.54;141.52;2911.2;144.58;10;0.75;stop
548;3522.29;565.49;3555.62;563.72;3554.89;550.13;3521.57;551.91;10;0.68;stop
550;3255.75;980.01;3275.34;961.71;3266.44;952.18;3246.85;970.48;10;0.73;stop
551;629.45;1712.86;629.84;1700.44;604.3;1699.64;603.91;1712.06;10;0.66;stop
552;2467.17;1843.16;2467.9;1814.5;2456.58;1814.21;2455.85;1842.87;10;0.66;stop
553;2501.9;555.82;2513.9;554.79;2511.85;530.93;2499.85;531.96;10;0.75;stop
554;678.9;1273.66;705.14;1273.06;704.85;1260.4;678.61;1261.0;10;0.68;stop
555;893.27;1716.86;893.99;1704.8;866.23;1703.14;865.51;1715.2;10;0.69;stop
556;2471.12;193.24;2483.38;192.48;2481.88;168.44;2469.62;169.21;10;0.73;stop
557;2501.53;588.11;2515.84;587.97;2515.6;565.01;2501.29;565.16;10;0.68;stop
558;2701.48;635.56;2728.79;630.69;2726.27;616.57;2698.96;621.43;10;0.69;stop
559;3435.06;537.85;3464.53;536.69;3464.0;523.4;3434.54;524.56;10;0.66;stop
561;3488.02;989.75;3517.94;987.6;3516.98;974.31;3487.06;976.47;10;0.69;stop
562;2493.71;1540.6;2507.09;1540.35;2506.54;1510.96;2493.16;1511.21;10;0.67;stop
563;2491.66;457.96;2504.08;456.85;2501.84;431.92;2489.42;433.03;10;0.7;stop
564;3481.66;951.11;3505.99;950.25;3505.52;937.01;3481.19;937.88;10;0.68;stop
565;2275.08;1368.06;2275.57;1352.27;2236.35;1351.07;2235.87;1366.85;9;0.62;stop
566;2239.81;628.94;2266.08;627.57;2265.44;615.31;2239.17;616.68;10;0.68;stop
567;2329.06;212.39;2353.0;209.63;2351.69;198.23;2327.75;200.99;10;0.72;stop
570;1612.51;1723.14;1613.16;1711.72;1589.24;1710.36;1588.59;1721.78;10;0.62;stop
571;2045.32;1564.7;2077.68;1561.68;2076.31;1547.05;2043.95;1550.07;10;0.68;stop
573;3306.88;933.36;3324.0;905.82;3309.99;897.11;3292.87;924.65;10;0.67;stop
575;1921.89;1470.31;1937.07;1467.74;1930.11;1426.56;1914.93;1429.13;9;0.71;stop
576;606.48;1677.52;606.74;1665.21;580.39;1664.66;580.14;1676.98;10;0.72;stop
577;2924.01;576.18;2952.38;574.26;2951.49;561.19;2923.12;563.12;10;0.72;stop
578;663.96;145.07;688.29;144.34;687.92;131.97;663.58;132.69;10;0.67;stop
579;2111.97;228.9;2133.77;227.19;2132.84;215.47;2111.04;217.19;10;0.71;stop
580;2511.42;195.3;2535.77;193.57;2534.96;182.14;2510.6;183.87;10;0.71;stop
582;3332.99;1055.22;3340.94;1030.15;3327.94;1026.03;3320.0;1051.1;10;0.75;stop
583;2031.75;643.94;2059.69;641.79;2058.75;629.56;2030.81;631.71;10;0.73;stop
584;3645.23;204.52;3653.3;181.31;3641.02;177.05;3632.95;200.25;10;0.69;stop
585;633.21;1677.27;633.38;1666.18;610.85;1665.85;610.69;1676.94;10;0.69;stop
586;734.3;1677.63;734.41;1666.66;712.26;1666.44;712.15;1677.41;10;0.67;stop
587;431.4;1090.13;446.51;1088.18;442.82;1059.56;427.71;1061.51;10;0.6;stop
590;1237.37;120.2;1265.08;119.22;1264.63;106.49;1236.92;107.47;10;0.72;stop
591;751.07;172.09;776.03;168.87;774.57;157.53;749.61;160.76;10;0.63;stop
592;3278.09;1080.15;3289.21;1056.03;3277.84;1050.79;3266.73;1074.91;10;0.64;stop
593;2608.18;601.43;2635.66;597.52;2633.94;585.45;2606.46;589.35;10;0.67;stop
595;2638.77;1327.78;2639.14;1309.08;2589.86;1308.1;2589.49;1326.8;9;0.76;stop
596;1173.13;1125.23;1220.09;1124.42;1219.75;1104.52;1172.78;1105.33;9;0.68;move
597;3462.01;2084.87;3490.69;2070.54;3482.99;2055.13;3454.31;2069.46;10;0.59;stop
600;426.37;1711.46;426.55;1697.67;396.76;1697.29;396.58;1711.08;10;0.74;stop
601;642.2;1713.2;665.68;1713.07;665.61;1701.18;642.13;1701.3;10;0.67;stop
603;3744.35;237.59;3761.27;235.56;3757.52;204.44;3740.61;206.47;10;0.67;stop
604;3286.2;119.61;3314.39;116.39;3312.86;103.05;3284.67;106.27;10;0.71;stop
605;891.8;725.69;892.09;712.99;867.89;712.44;867.59;725.13;10;0.57;stop
606;2236.63;218.66;2266.41;217.19;2265.8;204.9;2236.03;206.37;10;0.75;stop
607;3564.72;416.04;3573.32;390.92;3560.28;386.46;3551.68;411.58;10;0.67;stop
609;3552.22;340.65;3563.85;311.1;3550.28;305.76;3538.65;335.31;10;0.68;stop
611;3011.43;1501.18;3022.05;1497.46;3015.29;1478.19;3004.67;1481.92;10;0.65;stop
612;3080.82;246.62;3095.05;246.07;3093.93;217.44;3079.7;217.99;10;0.66;stop
613;3213.27;983.2;3222.34;974.27;3202.04;953.67;3192.98;962.6;10;0.66;stop
614;1799.44;1688.55;1799.98;1677.56;1774.68;1676.32;1774.14;1687.31;10;0.61;stop
616;3083.69;561.98;3110.51;558.55;3109.06;547.27;3082.24;550.7;10;0.74;stop
618;2501.36;1766.25;2502.12;1730.56;2487.64;1730.25;2486.88;1765.94;10;0.64;stop
619;2982.66;148.86;3009.17;145.54;3007.59;132.95;2981.08;136.27;10;0.7;stop
620;3158.57;131.78;3186.18;127.94;3184.55;116.19;3156.94;120.03;10;0.63;stop
621;277.32;199.26;305.65;196.33;304.39;184.18;276.07;187.11;10;0.64;stop
622;2678.53;180.51;2710.92;177.26;2709.4;162.14;2677.01;165.4;10;0.62;stop
623;1771.11;249.32;1771.23;229.99;1761.72;229.93;1761.6;249.26;10;0.64;stop
625;2003.07;1814.72;2014.08;1814.64;2013.93;1793.16;2002.92;1793.24;10;0.68;stop
626;589.94;155.6;614.36;152.35;612.87;141.12;588.45;144.37;10;0.61;stop
627;3590.51;346.7;3599.5;321.52;3586.99;317.05;3578.0;342.23;10;0.61;stop
628;1054.56;1242.64;1089.09;1241.5;1088.56;1225.61;1054.04;1226.75;10;0.72;stop
630;2724.6;2057.95;2736.63;2051.86;2723.45;2025.8;2711.41;2031.89;10;0.57;stop
631;2202.87;222.04;2232.32;218.67;2230.94;206.59;2201.49;209.95;10;0.69;stop
633;918.28;1245.84;919.67;1235.33;901.41;1232.91;900.01;1243.42;10;0.69;stop
634;1508.22;879.36;1510.74;854.92;1498.9;853.7;1496.38;878.14;10;0.66;stop
636;857.2;122.83;857.67;109.78;833.67;108.92;833.2;121.97;10;0.54;stop
638;1892.26;148.31;1903.45;147.27;1901.24;123.38;1890.05;124.42;10;0.81;stop
641;1283.51;1701.2;1283.87;1688.16;1252.8;1687.3;1252.44;1700.34;10;0.78;move
643;2496.37;492.32;2508.44;491.29;2506.13;463.93;2494.06;464.96;10;0.63;stop
644;3214.86;1320.25;3224.76;1288.42;3207.95;1283.19;3198.05;1315.02;9;0.6;stop
645;530.94;1675.15;530.95;1663.3;504.06;1663.28;504.05;1675.13;10;0.75;stop
646;1000.68;1071.5;1013.71;1071.31;1013.35;1046.87;1000.32;1047.07;10;0.6;stop
650;1244.94;1682.94;1245.37;1672.64;1225.56;1671.81;1225.13;1682.11;10;0.52;stop
651;3580.39;271.05;3589.63;243.33;3576.49;238.95;3567.24;266.67;10;0.64;stop
652;1640.12;1109.99;1664.47;1109.04;1664.0;1097.26;1639.66;1098.21;10;0.74;stop
653;2009.99;272.6;2037.15;268.83;2035.7;258.4;2008.54;262.17;10;0.64;stop
654;3061.26;1455.14;3072.41;1420.13;3057.24;1415.3;3046.09;1450.3;9;0.6;stop
655;318.5;1830.28;331.81;1829.14;329.78;1805.35;316.47;1806.49;10;0.59;stop
656;3152.05;635.67;3166.34;635.4;3165.76;604.64;3151.47;604.91;10;0.67;stop
658;2069.52;2100.48;2069.96;2086.77;2035.23;2085.65;2034.79;2099.36;9;0.39;stop
660;2495.56;1420.31;2508.8;1419.98;2508.07;1390.51;2494.82;1390.84;10;0.5;stop
661;2525.44;871.97;2537.36;871.16;2535.56;844.78;2523.64;845.59;10;0.69;stop
662;3154.95;1365.63;3165.0;1331.48;3146.92;1326.17;3136.88;1360.31;10;0.58;stop
664;2696.77;1222.08;2697.4;1205.51;2662.27;1204.17;2661.64;1220.74;9;0.67;stop
666;2478.1;299.11;2490.33;298.27;2488.4;270.14;2476.17;270.98;10;0.65;stop
667;3725.12;507.06;3752.02;503.38;3750.51;492.31;3723.6;496.0;10;0.47;stop
668;1567.77;1781.76;1568.03;1768.21;1537.23;1767.62;1536.97;1781.17;10;0.6;stop
669;2476.65;1326.19;2476.84;1314.07;2448.22;1313.63;2448.04;1325.75;9;0.55;stop
670;3630.41;253.2;3644.24;214.65;3625.84;208.05;3612.01;246.6;9;0.6;stop
672;1916.29;1424.32;1929.51;1422.3;1924.46;1389.3;1911.24;1391.33;9;0.6;stop
673;3527.51;518.07;3541.75;514.69;3535.61;488.81;3521.37;492.18;10;0.59;stop
678;1392.35;952.59;1392.45;940.99;1368.4;940.79;1368.3;952.38;10;0.66;stop
679;524.92;165.77;554.64;162.58;553.21;149.23;523.48;152.42;10;0.65;stop
682;2499.69;1938.72;2502.4;1904.46;2485.94;1903.16;2483.23;1937.42;10;0.48;stop
683;3123.19;309.98;3137.67;308.44;3134.62;279.71;3120.14;281.25;10;0.54;stop
684;3056.8;563.6;3081.26;560.17;3079.7;549.02;3055.24;552.45;10;0.7;stop
685;3267.55;1114.29;3279.28;1084.78;3265.89;1079.46;3254.16;1108.97;10;0.63;stop
687;2625.75;1415.82;2637.32;1391.04;2626.5;1385.99;2614.93;1410.78;10;0.49;stop
689;465.17;1674.12;465.18;1661.53;436.24;1661.51;436.23;1674.09;10;0.56;stop
690;1295.87;116.12;1322.24;112.95;1320.88;101.57;1294.51;104.74;10;0.64;stop
691;2299.39;664.1;2329.74;661.29;2328.48;647.65;2298.13;650.46;10;0.55;stop
692;3739.51;203.96;3758.33;202.16;3754.86;165.88;3736.05;167.68;10;0.52;stop
693;3155.5;664.45;3169.52;664.1;3168.87;637.74;3154.85;638.09;10;0.64;stop
694;461.05;1085.56;461.74;1059.79;448.8;1059.44;448.1;1085.21;10;0.5;stop
697;205.82;1952.09;208.68;1926.83;196.13;1925.41;193.27;1950.67;10;0.55;stop
698;760.69;1242.82;793.36;1241.38;792.74;1227.49;760.08;1228.93;10;0.49;stop
699;3242.05;550.36;3266.62;547.33;3265.14;535.27;3240.57;538.29;10;0.59;stop
700;2105.65;1339.95;2145.55;1338.08;2144.78;1321.8;2104.89;1323.67;9;0.64;stop
701;2969.63;1425.99;2981.48;1414.49;2951.62;1383.7;2939.77;1395.19;9;0.69;stop
702;2505.58;1639.28;2509.51;1602.29;2494.67;1600.72;2490.74;1637.71;10;0.46;stop
704;226.25;1702.92;227.22;1689.34;195.63;1687.08;194.66;1700.66;10;0.64;stop
706;249.84;203.54;274.27;199.73;272.35;187.4;247.92;191.21;10;0.54;stop
707;3592.25;89.41;3620.91;85.16;3619.0;72.31;3590.34;76.55;10;0.57;stop
708;284.42;1707.88;285.47;1694.61;257.93;1692.43;256.88;1705.7;10;0.62;stop
709;2733.64;1354.75;2733.94;1340.09;2698.93;1339.39;2698.64;1354.05;9;0.53;stop
713;191.47;1950.19;195.33;1923.42;183.3;1921.69;179.43;1948.45;10;0.47;stop
715;1933.19;1606.5;1951.81;1600.8;1943.56;1573.87;1924.94;1579.58;10;0.53;stop
717;1168.53;1682.17;1168.73;1670.73;1145.6;1670.33;1145.4;1681.77;10;0.48;stop
721;1291.52;1240.69;1335.76;1239.6;1335.36;1223.06;1291.11;1224.15;9;0.78;stop
722;222.53;1951.7;224.74;1924.08;211.06;1922.98;208.85;1950.61;10;0.55;stop
723;3691.8;511.02;3723.43;507.56;3721.95;493.98;3690.32;497.44;10;0.43;stop
724;931.66;1243.5;966.67;1242.46;966.22;1227.0;931.2;1228.04;10;0.68;stop
730;2469.98;1749.93;2470.71;1724.39;2459.39;1724.07;2458.67;1749.61;10;0.54;stop
731;2485.15;1881.55;2499.47;1881.5;2499.35;1846.7;2485.03;1846.75;10;0.61;stop
732;648.23;698.03;650.66;686.67;622.08;680.57;619.65;691.93;10;0.53;stop
736;176.55;1955.03;179.51;1931.42;167.99;1929.97;165.02;1953.58;10;0.46;stop
740;2475.94;1529.63;2476.16;1503.49;2462.44;1503.37;2462.22;1529.51;10;0.36;stop
745;2665.53;1409.66;2683.69;1409.08;2682.35;1366.84;2664.18;1367.42;9;0.53;stop
748;559.14;1675.5;559.56;1664.77;536.8;1663.88;536.38;1674.61;10;0.74;stop
754;626.84;1133.71;627.18;1122.49;607.85;1121.92;607.51;1133.13;10;0.54;stop
756;2783.48;1356.04;2784.43;1339.94;2741.44;1337.4;2740.49;1353.5;9;0.58;stop
758;1510.55;916.57;1511.7;890.13;1499.95;889.61;1498.8;916.06;10;0.62;stop
762;2432.86;1370.4;2457.5;1369.67;2457.14;1357.72;2432.5;1358.46;10;0.56;stop
764;402.84;158.55;413.9;136.36;402.48;130.66;391.41;152.86;10;0.43;stop
766;3274.03;1346.93;3313.77;1338.44;3310.03;1320.96;3270.3;1329.45;10;0.44;stop
768;3550.04;460.39;3558.06;430.51;3543.08;426.49;3535.06;456.37;10;0.53;stop
769;2486.44;386.18;2498.09;385.61;2496.93;361.94;2485.28;362.52;10;0.48;stop
773;2639.37;638.6;2647.44;638.54;2647.33;623.75;2639.26;623.8;10;0.49;stop
779;2530.15;900.88;2542.11;900.25;2540.97;878.87;2529.01;879.5;10;0.58;stop
780;3643.55;1195.64;3647.22;1169.62;3627.7;1166.86;3624.02;1192.88;10;0.46;stop
789;42.38;966.57;45.41;954.36;17.16;947.33;14.12;959.54;10;0.52;stop
793;2861.44;1366.92;2865.4;1349.71;2821.69;1339.64;2817.73;1356.86;9;0.37;stop
830;3480.6;526.3;3488.43;505.25;3477.52;501.2;3469.7;522.25;10;0.59;stop
998;2078.71;283.68;2088.57;277.15;2074.79;256.32;2064.93;262.85;10;0.77;stop
1760;2187.18;224.41;2194.9;204.84;2184.76;200.84;2177.04;220.41;10;0.65;stop
2270;49.12;1182.74;75.68;1181.73;75.21;1169.45;48.66;1170.46;10;0.77;move
2504;1593.28;656.87;1593.39;646.13;1570.22;645.88;1570.11;656.62;10;0.58;stop
2533;1906.19;334.14;1906.69;301.7;1892.56;301.48;1892.06;333.93;10;0.82;move
2586;75.64;1692.52;76.37;1678.4;46.23;1676.85;45.51;1690.97;10;0.6;stop
2620;140.31;1245.51;166.33;1244.43;165.79;1231.36;139.76;1232.44;10;0.58;stop
2639;216.53;1177.39;247.8;1176.24;247.3;1162.61;216.03;1163.76;10;0.73;move
2740;284.1;1166.59;314.57;1166.42;314.49;1151.84;284.02;1152.02;10;0.76;move
2912;1890.02;588.12;1903.78;586.94;1901.23;557.13;1887.47;558.31;10;0.82;move
3073;1937.05;1417.44;1950.14;1415.75;1946.45;1387.19;1933.36;1388.88;10;0.79;move
3196;397.3;1439.17;397.61;1426.42;373.8;1425.83;373.48;1438.58;10;0.39;stop
3239;2182.21;1220.3;2213.1;1219.57;2212.79;1206.32;2181.9;1207.05;10;0.79;stop
3295;1983.14;1304.85;1997.85;1304.05;1996.17;1273.09;1981.46;1273.89;10;0.78;stop
3367;3772.12;1393.39;3774.49;1381.89;3750.38;1376.92;3748.01;1388.43;10;0.69;stop
3505;1985.1;1333.07;1996.97;1332.82;1996.46;1308.43;1984.59;1308.68;10;0.78;stop
3623;1760.0;176.59;1771.3;175.01;1767.91;150.78;1756.61;152.36;10;0.75;stop
3630;1876.82;416.09;1888.81;415.39;1887.43;391.66;1875.44;392.36;10;0.77;move
3746;781.08;1161.39;806.35;1160.7;806.01;1148.24;780.74;1148.93;10;0.78;move
3790;2508.19;1214.95;2531.79;1214.28;2531.43;1201.55;2507.83;1202.22;10;0.77;stop
3846;437.24;1162.44;437.27;1151.38;413.54;1151.31;413.51;1162.37;10;0.73;move
4017;1893.34;794.57;1908.44;792.64;1904.28;760.18;1889.18;762.11;10;0.81;move
4026;1885.64;1040.9;1900.58;1039.07;1896.61;1006.6;1881.67;1008.43;10;0.62;stop
4301;1976.37;1475.0;1989.21;1474.59;1988.32;1446.62;1975.48;1447.03;10;0.79;stop
4468;1975.92;1524.92;1989.57;1524.56;1988.76;1494.58;1975.12;1494.94;10;0.78;stop
4621;1875.47;918.56;1889.06;916.84;1885.59;889.32;1872.0;891.03;10;0.8;stop
4700;1983.75;1566.41;1996.7;1565.92;1995.56;1535.22;1982.61;1535.7;10;0.79;stop
4809;3365.88;1292.36;3368.54;1277.79;3339.12;1272.41;3336.46;1286.97;10;0.8;stop
4874;1979.01;1604.26;1992.95;1603.93;1992.24;1573.86;1978.3;1574.19;10;0.8;stop
4881;1874.97;876.04;1887.63;874.66;1884.78;848.59;1872.12;849.97;10;0.78;stop
5057;1953.15;668.14;1956.13;655.56;1929.41;649.24;1926.43;661.81;10;0.82;stop
5096;312.13;1769.71;326.29;1768.21;323.02;1737.47;308.86;1738.98;10;0.51;stop
5182;492.89;1713.01;518.84;1712.68;518.67;1699.49;492.72;1699.82;10;0.53;stop
5419;561.85;1514.52;564.03;1502.38;537.84;1497.66;535.65;1509.81;10;0.38;stop
5522;1986.93;1632.96;1998.6;1632.95;1998.57;1608.16;1986.9;1608.18;10;0.79;stop
5532;1994.89;1748.7;1996.7;1719.38;1983.11;1718.55;1981.3;1747.87;10;0.82;stop
5574;3155.21;1366.13;3165.81;1332.03;3147.6;1326.37;3137.0;1360.47;9;0.59;stop
6149;406.85;1674.66;430.86;1674.53;430.8;1663.77;406.79;1663.91;10;0.46;stop
6299;1034.35;1128.38;1034.55;1117.31;1013.15;1116.93;1012.95;1128.0;10;0.79;stop
6323;1543.12;1232.91;1570.18;1231.97;1569.75;1219.59;1542.7;1220.53;10;0.65;stop
6335;1873.68;841.0;1886.53;839.81;1883.82;810.5;1870.97;811.69;10;0.79;stop
6362;368.0;1711.29;392.61;1707.87;390.9;1695.58;366.3;1699.0;10;0.47;stop
6614;1852.24;1137.82;1880.93;1136.94;1880.51;1123.43;1851.82;1124.31;10;0.81;move
6631;238.13;1952.89;240.57;1924.88;226.63;1923.67;224.2;1951.68;10;0.48;stop
6685;1971.35;666.52;1998.22;664.51;1997.28;651.98;1970.41;653.99;10;0.79;stop
6699;357.92;186.58;388.16;184.76;387.39;172.02;357.15;173.83;10;0.56;stop
6701;1953.05;1555.95;1964.86;1554.59;1961.95;1529.36;1950.14;1530.72;10;0.79;move
6760;3157.72;1214.65;3185.88;1209.55;3183.53;1196.59;3155.37;1201.7;10;0.78;move
6851;1961.64;937.93;1973.51;936.32;1970.15;911.57;1958.27;913.18;10;0.8;stop
7194;3067.5;1209.87;3069.24;1196.75;3042.0;1193.13;3040.26;1206.25;10;0.78;move
7483;1865.39;1007.6;1877.88;1006.57;1875.24;974.65;1862.75;975.68;10;0.77;stop
7558;1761.21;225.4;1774.58;224.6;1772.42;188.6;1759.04;189.4;10;0.6;stop
7616;1860.69;968.37;1872.65;967.34;1870.28;939.63;1858.32;940.66;10;0.8;stop
7724;1996.99;1480.99;2011.05;1480.71;2010.26;1440.64;1996.2;1440.92;9;0.4;stop
7731;1.57;1166.71;26.76;1165.5;26.15;1152.67;0.95;1153.88;10;0.73;stop
7809;1989.98;1678.12;2001.87;1677.04;1999.27;1648.5;1987.38;1649.59;10;0.77;stop
7810;1879.38;980.36;1894.66;979.09;1891.62;942.27;1876.34;943.53;10;0.8;stop
7821;955.27;1158.78;983.67;1158.34;983.48;1145.6;955.08;1146.03;10;0.78;move
7920;685.71;1162.31;685.81;1149.78;657.73;1149.56;657.63;1162.1;10;0.72;move
7927;37.5;1166.17;63.81;1164.97;63.28;1153.21;36.97;1154.4;10;0.77;stop
7933;2233.35;1153.04;2256.13;1150.01;2254.46;1137.46;2231.68;1140.49;10;0.72;move
7965;1352.58;1147.0;1375.69;1146.71;1375.55;1135.62;1352.44;1135.91;10;0.75;move
8032;2465.92;139.12;2479.62;137.33;2475.83;108.38;2462.13;110.17;10;0.75;stop
8037;1510.44;837.39;1512.65;808.4;1498.93;807.36;1496.73;836.35;10;0.4;stop
8100;1857.46;931.34;1871.25;929.83;1867.88;899.04;1854.1;900.55;10;0.81;stop
8142;1628.21;1147.07;1656.11;1146.18;1655.66;1132.18;1627.76;1133.07;10;0.8;move
8183;2654.0;1217.88;2654.62;1204.42;2626.38;1203.12;2625.76;1216.58;10;0.8;stop
8185;1863.08;727.9;1875.83;726.09;1871.92;698.6;1859.17;700.41;10;0.8;stop
8221;233.55;1135.82;258.48;1135.09;258.17;1124.49;233.24;1125.22;10;0.37;stop
8248;1988.37;1782.66;1990.3;1755.16;1978.56;1754.34;1976.64;1781.84;10;0.78;stop
8274;1737.02;1144.81;1759.65;1144.5;1759.48;1132.19;1736.85;1132.5;10;0.67;move
8318;1405.17;1148.78;1437.0;1147.83;1436.58;1133.84;1404.75;1134.8;10;0.78;move
8337;1683.96;1128.98;1708.42;1128.47;1708.17;1116.52;1683.71;1117.03;10;0.8;move
8360;1858.86;690.91;1871.36;689.07;1867.61;663.59;1855.11;665.43;10;0.79;stop
8392;73.65;1163.25;100.24;1162.52;99.91;1150.5;73.32;1151.23;10;0.78;stop
8417;842.49;1154.44;866.97;1153.83;866.67;1141.69;842.19;1142.3;10;0.79;move
8449;2009.93;664.46;2034.47;662.23;2033.32;649.54;2008.78;651.77;10;0.72;stop
8453;1985.67;1817.35;1987.22;1788.94;1975.08;1788.27;1973.53;1816.69;10;0.71;stop
8488;1852.7;167.07;1864.12;166.12;1861.96;140.06;1850.54;141.0;10;0.79;move
8564;1853.44;661.14;1866.46;658.96;1862.06;632.61;1849.04;634.79;10;0.78;stop
8594;1036.07;1681.14;1054.51;1680.48;1054.18;1671.36;1035.74;1672.02;10;0.43;stop
8608;1844.03;1000.42;1858.39;998.92;1854.97;966.08;1840.61;967.58;10;0.81;stop
8666;2223.95;1220.15;2251.52;1218.82;2250.92;1206.47;2223.36;1207.81;10;0.77;stop
8687;1833.08;832.09;1845.68;830.6;1842.76;805.91;1830.16;807.4;10;0.76;stop
8698;1734.31;1171.58;1759.32;1170.57;1758.82;1158.29;1733.81;1159.31;10;0.77;stop
8728;1827.54;1011.88;1841.58;1011.11;1839.96;981.62;1825.92;982.39;10;0.76;stop
8757;1884.61;660.57;1898.29;660.36;1897.83;629.81;1884.14;630.02;10;0.79;stop
8876;1841.11;963.92;1853.9;962.9;1851.33;930.58;1838.53;931.6;10;0.8;stop
8968;1851.18;894.71;1867.51;893.4;1864.69;858.04;1848.36;859.35;10;0.76;stop
9049;3011.8;1199.5;3013.93;1187.04;2985.2;1182.12;2983.07;1194.58;10;0.82;move
9052;1695.6;1173.89;1724.91;1173.24;1724.63;1160.48;1695.31;1161.13;10;0.8;stop
9087;2107.82;1137.48;2138.28;1136.65;2137.93;1123.77;2107.47;1124.6;10;0.81;move
9146;1850.55;814.55;1863.88;813.06;1861.01;787.45;1847.68;788.94;10;0.72;stop
9266;1910.76;861.91;1922.54;858.3;1914.24;831.21;1902.46;834.82;10;0.79;move
9327;1132.31;1158.42;1161.33;1157.37;1160.81;1143.14;1131.8;1144.2;10;0.75;move
9337;3234.37;1066.24;3242.32;1037.82;3227.82;1033.76;3219.86;1062.18;10;0.79;stop
9505;1790.52;1128.79;1817.65;1128.2;1817.35;1114.46;1790.22;1115.05;10;0.74;move
9530;1839.11;585.23;1853.34;583.05;1848.27;549.9;1834.04;552.07;10;0.58;stop
9534;1182.65;1839.84;1195.66;1839.81;1195.6;1811.91;1182.59;1811.94;10;0.51;stop
9543;1662.72;1172.71;1687.81;1172.09;1687.53;1160.54;1662.44;1161.16;10;0.79;stop
9561;1041.6;1158.43;1068.27;1157.46;1067.78;1144.07;1041.11;1145.04;10;0.77;move
9577;2444.34;1093.56;2470.8;1092.73;2470.41;1079.94;2443.95;1080.77;10;0.79;stop
9616;1862.44;280.44;1875.51;279.61;1873.69;251.12;1860.61;251.96;10;0.8;move
9705;2394.3;1095.94;2425.7;1093.8;2424.82;1080.94;2393.43;1083.07;10;0.77;stop
9718;1963.9;1955.26;1971.78;1921.36;1957.85;1918.12;1949.97;1952.02;10;0.83;stop
9746;2039.54;662.16;2070.85;659.48;2069.71;646.22;2038.4;648.9;10;0.8;stop
9809;1910.17;1121.44;1910.54;1110.19;1887.83;1109.44;1887.46;1120.69;10;0.7;move
9823;1617.32;1174.31;1648.88;1173.53;1648.55;1160.07;1616.99;1160.84;10;0.8;stop
9948;3153.47;170.95;3180.36;166.67;3178.41;154.36;3151.51;158.64;10;0.53;stop
10032;1953.22;1989.61;1959.92;1963.22;1948.28;1960.26;1941.58;1986.66;10;0.82;stop
10206;3112.71;122.16;3120.59;122.14;3120.54;100.59;3112.66;100.61;10;0.5;stop
10278;1933.78;1556.62;1934.19;1535.07;1924.6;1534.88;1924.18;1556.43;10;0.56;stop
10279;1195.93;1980.84;1196.19;1956.8;1183.44;1956.66;1183.19;1980.7;10;0.69;stop
10291;1854.53;852.64;1868.33;851.46;1865.85;822.49;1852.05;823.67;10;0.74;stop
10527;2080.78;659.6;2113.01;656.49;2111.72;643.15;2079.49;646.26;10;0.8;stop
10830;2185.94;1120.02;2214.21;1119.84;2214.12;1106.36;2185.86;1106.53;10;0.81;move
10850;1831.71;914.64;1843.88;913.54;1841.32;885.36;1829.16;886.46;10;0.76;stop
10852;418.52;127.58;427.82;101.4;413.98;96.48;404.68;122.66;10;0.47;stop
10885;1121.47;1683.29;1122.34;1672.55;1094.78;1670.33;1093.91;1681.07;10;0.4;stop
10992;1826.22;876.91;1840.79;876.04;1839.03;846.59;1824.46;847.46;10;0.8;stop
11035;2088.4;268.46;2100.19;267.08;2097.35;242.85;2085.56;244.23;10;0.49;stop
11130;2120.19;657.11;2149.43;654.0;2148.06;641.14;2118.82;644.25;10;0.7;stop
11143;178.92;922.36;180.4;894.75;167.25;894.04;165.77;921.66;10;0.49;stop
11209;176.12;952.96;178.81;928.16;165.6;926.73;162.91;951.53;10;0.5;stop
11352;1823.65;795.51;1839.1;794.61;1837.1;760.37;1821.65;761.27;10;0.83;stop
11353;3469.35;678.26;3477.92;649.8;3464.4;645.73;3455.83;674.19;10;0.6;stop
11377;2949.6;1189.59;2951.69;1176.84;2921.97;1171.97;2919.88;1184.72;10;0.82;stop
11528;1980.59;1125.6;2011.06;1125.28;2010.91;1110.9;1980.44;1111.22;10;0.81;move
11674;1992.66;1425.85;1992.79;1344.5;1971.84;1344.46;1971.71;1425.82;9;0.77;stop
11761;2277.2;1115.99;2303.15;1114.09;2302.3;1102.51;2276.35;1104.41;10;0.78;move
11778;3221.46;1118.09;3232.68;1076.29;3216.35;1071.91;3205.13;1113.71;9;0.79;stop
11802;1642.88;1189.18;1673.68;1189.05;1673.62;1175.57;1642.82;1175.7;10;0.8;stop
11882;2070.66;1106.32;2114.96;1103.79;2113.96;1086.31;2069.67;1088.84;9;0.74;stop
11906;717.74;1126.87;742.26;1124.19;741.01;1112.82;716.49;1115.5;10;0.5;stop
11927;2443.32;188.75;2444.5;167.95;2433.18;167.31;2432.0;188.11;10;0.49;stop
12014;3812.08;1373.95;3815.55;1359.36;3777.92;1350.42;3774.45;1365.02;10;0.79;move
12048;451.93;172.18;472.77;159.26;466.35;148.91;445.51;161.83;10;0.52;stop
12145;3443.99;1284.36;3446.51;1270.59;3419.45;1265.64;3416.93;1279.41;10;0.76;move
12146;1867.45;801.71;1882.32;800.41;1879.55;768.79;1864.68;770.09;10;0.84;stop
12147;3741.27;74.72;3771.78;71.05;3769.98;56.06;3739.47;59.73;10;0.59;stop
12197;2432.36;1132.17;2463.57;1131.47;2463.27;1117.83;2432.06;1118.53;10;0.72;move
12242;3119.68;274.67;3132.39;274.23;3131.57;250.33;3118.86;250.77;10;0.37;stop
12320;1865.95;763.06;1880.11;761.4;1876.27;728.69;1862.11;730.35;10;0.8;stop
12331;1848.76;780.58;1862.79;779.05;1859.43;748.29;1845.4;749.83;10;0.8;stop
12338;2088.96;61.19;2100.04;60.37;2098.29;36.69;2087.21;37.5;10;0.56;stop
12348;2374.1;1116.91;2401.8;1115.52;2401.15;1102.72;2373.45;1104.11;10;0.79;move
12386;3696.15;1344.77;3699.47;1330.84;3665.1;1322.66;3661.78;1336.58;10;0.81;move
12416;3404.22;992.52;3427.73;991.73;3427.34;979.98;3403.83;980.77;10;0.53;stop
12441;2621.19;1116.02;2621.35;1102.84;2591.68;1102.48;2591.52;1115.66;10;0.81;move
12539;2581.63;1129.97;2582.21;1116.83;2552.49;1115.53;2551.92;1128.67;10;0.79;move
12540;3257.5;1254.1;3258.87;1238.84;3226.25;1235.9;3224.88;1251.16;10;0.78;move
12544;1823.6;735.37;1838.47;733.99;1835.65;703.5;1820.78;704.88;10;0.81;stop
12546;2800.3;1122.38;2801.27;1109.15;2771.73;1107.0;2770.76;1120.22;10;0.82;move
12642;1726.88;1188.78;1756.6;1187.76;1756.12;1173.72;1726.4;1174.74;10;0.81;stop
12718;559.38;160.03;585.28;158.1;584.37;146.06;558.47;148.0;10;0.66;stop
12726;1819.61;691.95;1832.44;690.69;1829.89;664.8;1817.06;666.06;10;0.76;stop
12732;2875.27;1129.45;2877.18;1118.07;2851.73;1113.8;2849.82;1125.18;10;0.82;stop
12749;2677.99;1125.41;2679.67;1112.87;2649.64;1108.84;2647.95;1121.38;10;0.81;move
12765;3101.14;61.4;3115.38;60.77;3114.11;31.97;3099.87;32.6;10;0.75;stop
12823;3151.43;1240.87;3153.16;1227.96;3122.32;1223.82;3120.59;1236.73;10;0.8;move
12825;1823.35;484.14;1839.52;483.04;1835.34;421.48;1819.17;422.58;9;0.76;stop
12877;11.49;1126.61;11.65;1116.08;-0.31;1115.89;-0.48;1126.42;10;0.48;stop
12901;202.85;1089.43;203.37;1065.24;189.72;1064.94;189.2;1089.14;10;0.56;stop
12910;2762.05;1137.9;2763.08;1123.64;2732.99;1121.47;2731.96;1135.73;10;0.76;move
12998;3056.96;141.81;3078.62;139.14;3077.29;128.42;3055.63;131.08;10;0.39;stop
13022;1686.31;1187.75;1714.28;1187.7;1714.26;1174.75;1686.29;1174.8;10;0.79;stop
13044;1825.14;412.47;1836.95;411.37;1834.39;384.03;1822.58;385.13;10;0.8;stop
13054;2916.79;1136.61;2918.57;1123.99;2891.21;1120.14;2889.43;1132.76;10;0.83;stop
13088;1814.15;648.64;1827.91;647.54;1825.84;621.49;1812.07;622.58;10;0.81;stop
13150;2933.4;1161.75;2935.32;1149.11;2904.88;1144.5;2902.96;1157.14;10;0.81;move
13209;2162.94;652.46;2184.69;650.55;2183.68;639.04;2161.93;640.95;10;0.52;stop
13230;3779.29;71.69;3808.54;68.24;3806.96;54.87;3777.71;58.33;10;0.51;stop
13232;1814.39;616.35;1826.75;615.14;1823.91;586.27;1811.54;587.49;10;0.79;stop
13248;1817.62;372.12;1831.19;371.4;1829.63;342.26;1816.06;342.98;10;0.79;stop
13327;3001.52;1170.39;3003.67;1157.62;2974.57;1152.73;2972.43;1165.51;10;0.81;stop
13355;1750.3;231.82;1760.72;230.92;1758.57;205.81;1748.15;206.7;10;0.43;stop
13399;2842.11;1148.29;2843.87;1135.1;2812.89;1130.96;2811.13;1144.15;10;0.81;move
13400;1843.75;739.13;1856.1;737.75;1853.0;709.87;1840.65;711.25;10;0.81;stop
13439;2977.55;1146.92;2979.66;1133.75;2949.7;1128.95;2947.59;1142.13;10;0.83;stop
13466;1933.14;1660.93;1950.19;1660.32;1948.02;1599.32;1930.96;1599.93;9;0.41;move
13508;1745.96;1206.34;1773.63;1204.95;1773.04;1193.28;1745.37;1194.68;10;0.8;stop
13550;897.96;1644.28;910.02;1644.19;909.84;1619.66;897.78;1619.74;10;0.39;stop
13578;3024.01;1155.36;3026.36;1140.89;2990.99;1135.14;2988.64;1149.61;10;0.83;stop
13595;1805.85;488.55;1818.15;487.54;1815.85;459.82;1803.56;460.84;10;0.76;stop
13602;1810.23;576.73;1823.64;575.34;1820.14;541.52;1806.73;542.91;10;0.78;stop
13633;2209.4;1408.15;2224.05;1407.83;2223.29;1372.85;2208.64;1373.17;10;0.36;stop
13671;3048.08;1177.59;3049.94;1165.54;3023.64;1161.47;3021.78;1173.53;10;0.78;stop
13675;1941.83;2021.92;1950.38;1996.23;1937.92;1992.08;1929.37;2017.77;10;0.8;stop
13685;1549.66;1193.09;1577.46;1191.53;1576.72;1178.41;1548.92;1179.97;10;0.77;stop
13719;3065.91;1162.66;3068.27;1148.16;3034.4;1142.66;3032.05;1157.16;10;0.83;stop
13749;1806.26;536.13;1821.44;534.64;1818.26;502.24;1803.07;503.74;10;0.8;stop
13756;1817.21;338.64;1829.24;337.64;1827.0;310.49;1814.96;311.48;10;0.79;stop
13775;1589.58;1191.79;1613.8;1190.81;1613.3;1178.58;1589.08;1179.57;10;0.78;stop
13836;3105.66;1166.85;3106.91;1153.36;3077.62;1150.65;3076.37;1164.14;10;0.78;stop
13840;1583.1;1174.55;1610.08;1173.63;1609.65;1160.95;1582.67;1161.87;10;0.79;stop
13859;1332.43;115.55;1354.91;113.95;1354.07;102.14;1331.59;103.74;10;0.42;stop
13876;1921.64;2067.24;1933.72;2037.24;1921.36;2032.26;1909.28;2062.26;10;0.79;stop
13895;721.55;1141.77;756.35;1138.55;755.02;1124.16;720.21;1127.38;9;0.38;stop
13928;1685.05;1205.0;1713.68;1204.76;1713.58;1192.38;1684.94;1192.62;10;0.8;move
13937;1814.4;284.44;1827.07;283.75;1825.59;256.68;1812.91;257.38;10;0.78;stop
13940;3133.85;1192.34;3135.99;1176.87;3100.99;1172.03;3098.85;1187.5;10;0.76;stop
13989;1608.04;1208.45;1633.45;1207.74;1633.08;1194.55;1607.67;1195.26;10;0.8;move
14010;1531.36;1177.22;1564.29;1175.5;1563.51;1160.53;1530.58;1162.25;10;0.74;stop
14068;1802.25;449.34;1814.94;448.61;1813.13;416.91;1800.43;417.64;10;0.76;stop
14119;1812.35;248.58;1825.54;247.1;1822.43;219.42;1809.24;220.9;10;0.8;stop
14153;505.07;1303.73;530.69;1302.23;529.93;1289.39;504.31;1290.9;10;0.37;stop
14158;1529.53;1210.92;1558.81;1210.49;1558.6;1196.58;1529.32;1197.01;10;0.8;move
14188;1476.05;1176.95;1502.98;1176.87;1502.95;1164.18;1476.02;1164.26;10;0.75;stop
14250;1426.32;1197.29;1458.31;1196.99;1458.18;1183.21;1426.19;1183.51;10;0.8;move
14254;1808.73;202.84;1821.27;201.58;1818.27;171.79;1805.73;173.05;10;0.8;stop
14257;1799.31;396.95;1814.51;395.7;1811.94;364.67;1796.74;365.93;10;0.83;stop
14284;1443.39;1175.69;1468.24;1175.42;1468.11;1163.19;1443.26;1163.45;10;0.73;stop
14289;350.37;2117.7;351.98;2086.84;336.82;2086.05;335.21;2116.91;10;0.47;stop
14335;353.72;2151.14;353.78;2123.89;341.44;2123.86;341.37;2151.11;10;0.62;stop
14354;3145.67;1168.99;3146.49;1154.0;3114.96;1152.26;3114.13;1167.25;10;0.77;stop
14355;3100.05;24.72;3116.2;24.09;3115.2;-1.38;3099.05;-0.75;10;0.55;stop
14360;18.79;234.0;45.42;232.76;44.79;219.28;18.16;220.53;10;0.41;stop
14361;15.08;234.99;15.36;223.34;0.04;222.98;-0.24;234.63;10;0.45;stop
14415;1402.62;1215.06;1430.18;1214.93;1430.13;1202.57;1402.57;1202.69;10;0.81;move
14418;546.67;1163.73;571.82;1163.61;571.77;1150.96;546.61;1151.07;10;0.78;move
14444;3354.23;1207.02;3356.59;1193.89;3325.45;1188.29;3323.09;1201.42;10;0.8;stop
14450;1806.35;161.3;1819.58;160.2;1816.9;127.83;1803.67;128.92;10;0.8;stop
14498;1405.55;1179.52;1430.06;1178.29;1429.45;1166.1;1404.94;1167.34;10;0.78;stop
14515;1793.99;348.53;1809.14;347.0;1805.91;315.22;1790.77;316.75;10;0.83;stop
14530;3101.27;1148.67;3103.45;1132.02;3055.29;1125.7;3053.11;1142.36;10;0.5;stop
14534;-0.53;1250.74;17.93;1250.07;17.47;1237.38;-0.99;1238.05;10;0.55;stop
14556;3200.88;1063.41;3215.25;1063.01;3214.43;1033.78;3200.06;1034.18;10;0.76;stop
14567;3356.8;1224.3;3358.6;1212.34;3333.2;1208.51;3331.4;1220.47;10;0.79;stop
14614;3540.41;385.0;3552.42;351.76;3537.19;346.25;3525.18;379.49;9;0.36;stop
14636;1791.89;252.78;1804.4;251.85;1802.49;225.91;1789.97;226.83;10;0.81;stop
14650;1789.25;306.87;1802.52;305.52;1799.69;277.57;1786.41;278.92;10;0.81;stop
14701;843.46;1223.51;869.4;1223.4;869.35;1210.99;843.41;1211.1;10;0.8;move
14711;1886.32;698.81;1898.45;697.55;1895.84;672.56;1883.71;673.83;10;0.72;stop
14724;3459.42;1233.42;3464.61;1212.48;3370.27;1189.08;3365.07;1210.02;9;0.82;stop
14803;1801.25;121.75;1814.95;121.0;1813.37;92.0;1799.67;92.75;10;0.8;stop
14840;1788.23;216.56;1802.21;215.63;1800.01;182.26;1786.03;183.18;10;0.82;stop
14863;1370.44;1179.72;1397.49;1178.83;1397.06;1165.9;1370.01;1166.79;10;0.81;stop
14902;2219.34;660.03;2238.54;658.03;2237.53;648.34;2218.33;650.35;10;0.5;stop
14913;2730.94;1354.04;2731.07;1340.08;2697.94;1339.78;2697.81;1353.73;10;0.6;stop
14924;1976.25;1908.78;1989.3;1823.5;1970.25;1820.59;1957.2;1905.87;9;0.44;stop
14925;3490.94;1253.57;3494.06;1240.98;3464.38;1233.61;3461.25;1246.21;10;0.77;stop
14933;1245.41;1207.66;1277.56;1207.29;1277.4;1193.09;1245.25;1193.46;10;0.81;move
14968;2578.05;1092.34;2578.49;1082.07;2557.2;1081.16;2556.76;1091.43;10;0.76;stop
14970;2505.95;1058.27;2519.32;1057.57;2517.93;1030.85;2504.55;1031.55;10;0.74;stop
14971;1341.5;1179.17;1362.58;1177.86;1361.88;1166.46;1340.79;1167.76;10;0.77;stop
14999;1801.52;85.91;1813.26;84.88;1810.86;57.53;1799.12;58.56;10;0.78;stop
15007;1909.21;2104.19;1919.79;2074.18;1906.7;2069.56;1896.12;2099.57;10;0.81;stop
15019;2156.84;1370.01;2160.62;1361.17;2149.66;1358.12;2145.88;1366.95;10;0.68;stop
15042;3766.59;969.06;3798.23;966.38;3797.16;953.75;3765.52;956.43;10;0.45;stop
15056;1297.04;1184.48;1326.77;1181.29;1325.33;1167.9;1295.6;1171.09;10;0.81;stop
15070;1092.65;408.51;1116.47;406.9;1115.72;395.86;1091.91;397.47;10;0.55;stop
15077;881.04;1205.84;881.43;1193.62;851.46;1192.66;851.07;1204.88;10;0.78;move
15081;3526.87;1244.21;3530.09;1230.22;3495.94;1222.36;3492.72;1236.34;10;0.75;stop
15111;1796.94;46.41;1809.13;45.62;1807.32;17.71;1795.13;18.5;10;0.77;stop
15125;2543.48;1069.32;2555.58;1068.88;2554.64;1043.43;2542.55;1043.87;10;0.74;stop
15165;1741.62;16.69;1750.92;16.4;1750.36;-2.06;1741.05;-1.78;10;0.42;stop
15166;2969.27;1426.01;2981.18;1414.38;2951.23;1383.68;2939.32;1395.3;10;0.45;stop
15191;1558.42;1686.04;1558.83;1675.22;1535.33;1674.34;1534.92;1685.16;10;0.54;stop
15236;690.63;1216.56;732.53;1216.48;732.49;1200.31;690.6;1200.39;9;0.68;move
15253;3572.89;1251.06;3575.72;1239.08;3547.43;1232.38;3544.59;1244.36;10;0.81;stop
15292;1893.0;2140.86;1903.6;2110.58;1890.56;2106.02;1879.96;2136.29;10;0.68;stop
15335;199.55;1119.39;202.24;1095.5;189.28;1094.05;186.59;1117.93;10;0.36;stop
15345;2333.97;1095.82;2356.96;1095.72;2356.91;1084.43;2333.92;1084.53;10;0.74;stop
15348;3827.02;1907.24;3847.94;1892.9;3837.98;1878.39;3817.06;1892.72;10;0.4;stop
15354;1911.04;2149.69;1918.8;2120.28;1905.85;2116.86;1898.09;2146.28;10;0.4;stop
15383;274.86;1669.28;275.85;1658.28;250.6;1656.03;249.62;1667.03;10;0.46;stop
15388;1999.06;1905.83;2003.19;1866.89;1987.01;1865.17;1982.87;1904.11;9;0.68;stop
15400;415.79;1211.9;443.41;1209.86;442.5;1197.47;414.87;1199.51;10;0.49;move
15419;3440.42;2039.04;3448.69;2029.17;3431.45;2014.71;3423.18;2024.58;10;0.42;stop
15445;1784.45;177.02;1796.79;175.7;1793.8;147.55;1781.46;148.86;10;0.77;stop
15471;2480.25;231.55;2502.87;227.14;2500.74;216.2;2478.13;220.61;10;0.38;stop
15574;885.44;1963.11;908.54;1962.5;908.23;1950.7;885.13;1951.31;10;0.45;stop
15587;1776.04;135.79;1790.24;134.89;1788.43;106.09;1774.23;106.98;10;0.82;stop
15588;1871.4;187.56;1889.76;185.64;1884.04;130.82;1865.68;132.73;9;0.68;move
15611;1264.32;1185.76;1289.43;1184.62;1288.87;1172.24;1263.76;1173.38;10;0.72;stop
15637;445.13;1244.49;473.46;1242.83;472.68;1229.57;444.35;1231.23;10;0.44;stop
15654;3777.58;198.01;3795.33;196.17;3791.79;161.99;3774.05;163.83;10;0.37;stop
15671;1550.87;1804.69;1555.49;1793.25;1532.76;1784.06;1528.13;1795.5;10;0.41;stop
15677;3384.42;931.11;3391.96;897.55;3374.95;893.73;3367.41;927.29;9;0.39;stop
15679;352.19;1924.23;352.38;1899.92;341.09;1899.83;340.9;1924.15;10;0.68;move
15691;676.89;1307.11;705.25;1306.52;704.99;1293.75;676.62;1294.33;10;0.61;stop
15713;2532.8;1331.39;2581.77;1329.45;2581.07;1311.8;2532.1;1313.74;9;0.51;stop
15718;2003.62;1553.79;2014.81;1553.07;2013.38;1530.96;2002.19;1531.68;10;0.73;stop
15720;3241.02;1110.86;3251.46;1082.85;3238.98;1078.2;3228.54;1106.21;10;0.53;stop
15725;3213.97;1321.6;3225.09;1289.03;3208.85;1283.48;3197.72;1316.05;10;0.44;stop
15732;154.37;1680.43;155.19;1666.24;126.17;1664.57;125.36;1678.76;10;0.6;move
15744;3518.94;432.03;3527.33;403.38;3514.18;399.53;3505.8;428.18;10;0.42;stop
15755;546.38;1710.98;546.72;1699.33;525.8;1698.71;525.47;1710.36;10;0.37;stop
15759;333.57;1935.59;337.08;1910.73;325.49;1909.09;321.98;1933.96;10;0.44;stop
15769;3562.45;944.05;3586.63;942.67;3585.99;931.42;3561.8;932.8;10;0.53;stop
15770;1099.73;1717.21;1100.86;1707.44;1080.88;1705.14;1079.76;1714.9;10;0.38;stop
15791;3640.34;517.49;3670.33;513.23;3668.41;499.7;3638.42;503.96;10;0.38;stop
15795;1768.86;77.38;1780.16;76.63;1778.59;53.12;1767.3;53.87;10;0.75;move
15797;313.16;1798.97;326.87;1798.87;326.69;1773.85;312.98;1773.95;10;0.55;stop
15800;164.23;1951.2;167.29;1926.84;155.46;1925.36;152.4;1949.72;10;0.42;stop
15804;3403.36;798.05;3412.54;771.4;3400.08;767.11;3390.89;793.75;10;0.71;stop
15814;493.38;169.83;519.82;166.89;518.18;152.2;491.74;155.14;10;0.43;stop
15815;2476.29;263.39;2488.56;263.08;2487.96;238.92;2475.69;239.23;10;0.4;stop
15848;1909.75;799.94;1927.83;797.87;1922.0;746.67;1903.92;748.73;9;0.36;stop
15856;2253.47;667.67;2281.84;665.66;2281.03;654.2;2252.66;656.21;10;0.6;stop
15861;1563.3;1721.97;1583.08;1718.21;1574.81;1709.28;1555.02;1713.04;10;0.37;stop
15879;2465.61;1573.2;2479.4;1569.18;2472.77;1546.43;2458.98;1550.45;10;0.45;stop
15888;1761.95;226.0;1775.34;225.07;1772.71;186.88;1759.31;187.8;9;0.44;stop
15901;2540.05;1031.42;2553.0;1030.11;2550.2;1002.58;2537.25;1003.89;10;0.71;stop
15908;30.08;1211.27;60.13;1209.61;59.39;1196.23;29.35;1197.89;10;0.79;move
15910;3749.73;276.9;3766.52;275.2;3763.4;244.35;3746.6;246.05;10;0.4;stop
15914;1772.54;28.82;1784.87;27.77;1782.46;-0.69;1770.13;0.35;10;0.78;stop
15915;721.2;1142.09;756.25;1139.67;755.23;1124.78;720.17;1127.2;10;0.63;stop
15917;1945.2;1185.07;1983.62;1166.01;1975.33;1149.3;1936.91;1168.36;9;0.69;move
15922;1970.08;2157.19;1970.29;2135.92;1959.17;2135.81;1958.96;2157.08;10;0.42;stop
15938;1070.6;1716.69;1070.83;1704.93;1046.09;1704.43;1045.85;1716.2;10;0.38;stop
15945;1915.25;1425.09;1928.72;1422.95;1923.25;1388.54;1909.78;1390.68;10;0.5;stop
15946;2475.89;1530.33;2476.37;1502.91;2462.49;1502.67;2462.0;1530.09;9;0.39;stop
15947;733.39;1214.71;733.46;1199.61;719.47;1199.54;719.4;1214.64;10;0.76;stop
15953;2939.42;1392.64;2950.18;1380.92;2918.08;1351.43;2907.32;1363.14;9;0.38;stop
