vehicle_id;veh_bb_x1;veh_bb_y1;veh_bb_x2;veh_bb_y2;veh_bb_x3;veh_bb_y3;veh_bb_x4;veh_bb_y4;det_class;conf_score;state
1;2699.21;1100.01;2700.07;1087.73;2673.42;1085.86;2672.56;1098.15;10;0.83;stop
2;1989.89;1945.6;1994.8;1914.13;1981.36;1912.03;1976.45;1943.5;10;0.84;stop
3;2989.44;1256.05;2991.59;1241.59;2960.31;1236.95;2958.16;1251.41;10;0.83;stop
7;2986.9;1130.32;2989.02;1118.93;2962.85;1114.06;2960.73;1125.45;10;0.82;stop
9;2741.68;1103.11;2742.82;1090.04;2710.82;1087.26;2709.68;1100.33;10;0.82;stop
10;3710.99;1379.72;3714.57;1365.52;3680.26;1356.85;3676.67;1371.04;10;0.83;stop
13;2850.56;1109.91;2851.38;1096.91;2822.44;1095.09;2821.62;1108.09;10;0.81;stop
15;2916.28;1119.37;2917.86;1107.37;2889.47;1103.63;2887.89;1115.63;10;0.82;stop
16;2498.57;1215.63;2498.74;1202.35;2470.18;1202.0;2470.01;1215.28;10;0.83;stop
18;1977.27;1982.01;1984.61;1950.79;1971.1;1947.62;1963.77;1978.83;10;0.84;stop
21;1807.62;886.02;1822.32;885.65;1821.63;857.73;1806.93;858.1;10;0.81;stop
22;1672.19;1109.35;1698.47;1109.01;1698.31;1096.77;1672.03;1097.12;10;0.81;stop
26;3383.51;1092.22;3386.14;1079.69;3356.18;1073.4;3353.55;1085.93;10;0.82;stop
28;1290.99;1719.89;1291.26;1707.45;1263.88;1706.86;1263.61;1719.3;10;0.8;stop
29;1936.18;1857.11;1940.94;1826.01;1927.07;1823.89;1922.31;1854.99;10;0.84;stop
30;2079.47;1160.35;2079.7;1147.52;2051.53;1147.02;2051.3;1159.85;10;0.81;stop
32;1926.63;741.66;1940.27;740.15;1936.62;707.34;1922.98;708.85;10;0.82;stop
38;2566.53;1215.62;2566.61;1202.18;2538.35;1202.0;2538.26;1215.45;10;0.81;stop
40;1359.93;1721.29;1360.24;1708.35;1333.32;1707.71;1333.01;1720.65;10;0.81;stop
41;1342.29;1117.95;1369.03;1117.8;1368.96;1105.05;1342.22;1105.2;10;0.82;stop
44;2903.01;1358.91;2909.57;1346.58;2880.24;1330.97;2873.68;1343.29;10;0.81;stop
46;1193.58;1874.18;1193.92;1849.75;1181.3;1849.57;1180.96;1874.0;10;0.69;stop
49;3041.75;1137.23;3043.36;1125.83;3017.31;1122.15;3015.7;1133.55;10;0.81;stop
51;3672.87;1368.94;3676.41;1355.85;3647.13;1347.94;3643.59;1361.03;10;0.81;stop
52;571.64;681.06;573.4;670.23;549.61;666.36;547.85;677.19;10;0.8;stop
53;840.07;1127.55;867.93;1126.65;867.54;1114.58;839.68;1115.48;10;0.81;stop
57;1492.51;1684.91;1492.64;1672.38;1465.12;1672.09;1464.98;1684.62;10;0.8;stop
58;1848.76;2117.45;1860.34;2093.16;1849.11;2087.8;1837.53;2112.09;10;0.8;stop
61;1926.95;497.45;1941.33;496.03;1938.55;467.8;1924.17;469.22;10;0.8;stop
62;1650.1;1229.3;1651.3;1216.88;1623.65;1214.2;1622.45;1226.62;10;0.8;stop
63;795.38;1242.25;822.34;1241.12;821.8;1228.25;794.85;1229.38;10;0.8;stop
64;2214.79;1099.71;2239.6;1099.03;2239.28;1087.29;2214.47;1087.97;10;0.81;stop
66;2872.15;1237.0;2874.19;1216.54;2818.85;1211.0;2816.81;1231.46;9;0.78;stop
67;2950.19;1248.85;2952.0;1235.04;2919.96;1230.84;2918.15;1244.65;10;0.81;stop
69;1866.16;2084.26;1875.54;2056.46;1863.4;2052.37;1854.03;2080.17;10;0.78;stop
70;3252.73;124.91;3285.22;121.26;3283.52;106.18;3251.03;109.83;10;0.81;stop
71;1955.54;907.81;1968.8;905.52;1963.96;877.56;1950.7;879.86;10;0.81;stop
77;567.88;1476.13;569.38;1463.44;541.18;1460.12;539.69;1472.81;10;0.8;stop
78;809.58;1128.09;835.72;1127.09;835.31;1116.29;809.17;1117.28;10;0.8;stop
80;1236.36;1548.37;1239.61;1519.9;1226.26;1518.38;1223.02;1546.85;10;0.81;stop
81;2616.19;1098.09;2617.35;1084.86;2586.56;1082.16;2585.4;1095.39;10;0.8;stop
84;1790.64;771.59;1802.82;770.42;1800.36;744.91;1788.18;746.08;10;0.79;stop
85;1951.62;797.92;1963.22;796.92;1961.04;771.46;1949.44;772.45;10;0.81;stop
87;1046.14;1241.52;1046.25;1228.09;1018.23;1227.85;1018.12;1241.29;10;0.81;stop
89;2575.77;1216.27;2601.46;1215.57;2601.1;1202.48;2575.41;1203.18;10;0.8;stop
90;2763.76;1222.87;2764.52;1211.0;2739.37;1209.38;2738.6;1221.25;10;0.78;stop
93;1105.83;733.89;1106.58;721.25;1078.92;719.61;1078.17;732.25;10;0.79;stop
95;896.22;1239.11;896.32;1226.75;869.09;1226.52;868.99;1238.88;10;0.8;stop
99;3030.77;1261.75;3032.58;1247.66;2998.29;1243.25;2996.48;1257.34;10;0.8;stop
100;1283.67;81.32;1283.75;68.47;1256.58;68.3;1256.5;81.16;10;0.8;stop
101;1794.64;803.79;1807.96;801.94;1804.0;773.46;1790.68;775.31;10;0.8;stop
104;3187.85;1399.52;3195.63;1369.54;3180.59;1365.64;3172.81;1395.61;10;0.78;stop
106;1796.6;658.74;1808.26;657.74;1806.12;632.76;1794.46;633.76;10;0.79;stop
107;1823.19;1016.13;1824.36;985.78;1810.56;985.25;1809.39;1015.6;10;0.79;stop
108;1555.24;1111.63;1555.32;1099.16;1528.39;1099.0;1528.31;1111.46;10;0.8;stop
109;2541.51;606.39;2568.36;602.95;2566.74;590.33;2539.89;593.77;10;0.79;stop
112;1882.11;2043.64;1892.39;2017.65;1880.92;2013.11;1870.64;2039.1;10;0.82;stop
113;1949.39;767.52;1962.32;766.42;1959.89;737.73;1946.96;738.83;10;0.8;stop
117;2432.44;1216.19;2459.93;1215.96;2459.81;1202.56;2432.32;1202.79;10;0.8;stop
119;1889.62;119.51;1902.35;118.05;1899.38;91.99;1886.65;93.45;10;0.8;stop
120;1762.98;390.3;1777.81;388.92;1775.14;360.08;1760.32;361.45;10;0.8;stop
121;3336.05;543.05;3364.1;539.23;3362.38;526.64;3334.34;530.46;10;0.79;stop
122;941.23;1126.7;969.62;1125.99;969.3;1113.18;940.91;1113.89;10;0.8;stop
131;2733.29;1221.0;2733.78;1207.91;2702.33;1206.75;2701.85;1219.84;10;0.79;stop
133;1916.6;1695.09;1945.39;1688.2;1942.06;1674.29;1913.27;1681.17;10;0.8;stop
134;1027.76;728.98;1028.45;718.12;1005.11;716.65;1004.43;727.51;10;0.8;stop
135;3018.79;146.91;3047.54;143.08;3045.71;129.28;3016.96;133.11;10;0.78;stop
136;2802.35;168.94;2831.08;165.4;2829.45;152.16;2800.72;155.69;10;0.79;stop
137;1067.69;730.87;1068.43;719.15;1043.37;717.57;1042.64;729.29;10;0.79;stop
138;974.51;1124.28;998.66;1123.89;998.46;1112.22;974.31;1112.61;10;0.79;stop
140;3064.12;1265.26;3065.65;1252.26;3039.0;1249.12;3037.47;1262.12;10;0.8;stop
141;2924.17;1415.3;2933.75;1403.86;2906.33;1380.89;2896.75;1392.33;10;0.78;stop
143;1954.92;832.71;1968.04;831.09;1964.58;803.04;1951.46;804.66;10;0.8;stop
144;905.36;1127.2;932.46;1125.76;931.77;1112.68;904.66;1114.11;10;0.8;stop
145;1723.4;1228.82;1723.57;1216.17;1695.94;1215.8;1695.77;1228.46;10;0.8;stop
146;2668.25;1098.23;2669.01;1084.84;2639.12;1083.14;2638.36;1096.53;10;0.81;stop
147;1904.19;1727.53;1904.55;1714.58;1877.96;1713.85;1877.61;1726.79;10;0.79;stop
148;2664.05;597.78;2694.44;594.04;2692.83;580.94;2662.43;584.68;10;0.79;stop
149;1398.75;1236.37;1425.15;1236.08;1425.0;1222.88;1398.6;1223.17;10;0.78;stop
153;1859.1;1724.53;1859.34;1710.61;1829.78;1710.09;1829.53;1724.01;10;0.79;stop
155;1226.23;84.22;1250.8;82.34;1249.9;70.47;1225.32;72.35;10;0.78;stop
157;1273.13;1120.4;1303.86;1120.01;1303.68;1105.98;1272.96;1106.37;10;0.8;stop
159;2190.32;1099.33;2190.34;1087.7;2166.43;1087.67;2166.41;1099.3;10;0.77;stop
161;496.3;1676.04;496.69;1664.18;471.2;1663.34;470.81;1675.2;10;0.78;stop
162;1276.96;1683.99;1277.43;1671.76;1251.47;1670.76;1251.0;1682.99;10;0.77;stop
166;3627.62;1247.42;3631.13;1233.3;3600.5;1225.7;3597.0;1239.82;10;0.8;stop
167;805.1;2052.6;818.38;2052.28;817.71;2023.65;804.43;2023.97;10;0.79;stop
169;3466.42;1320.12;3469.29;1306.98;3438.27;1300.19;3435.39;1313.33;10;0.8;stop
170;1920.34;347.24;1931.88;346.19;1929.6;321.01;1918.06;322.06;10;0.78;stop
172;606.52;1242.19;606.86;1229.77;581.29;1229.06;580.95;1241.48;10;0.79;stop
173;1463.89;957.24;1464.97;945.26;1438.61;942.89;1437.53;954.86;10;0.77;stop
174;734.58;1064.84;761.15;1064.02;760.79;1052.41;734.22;1053.23;10;0.79;stop
177;2110.63;1221.86;2139.32;1220.52;2138.69;1207.01;2109.99;1208.36;10;0.79;stop
178;1425.94;1721.19;1426.69;1709.46;1401.19;1707.81;1400.43;1719.54;10;0.7;stop
185;835.27;1241.74;860.49;1240.72;859.96;1227.64;834.74;1228.65;10;0.79;stop
186;979.18;1242.95;1008.56;1242.1;1008.13;1227.55;978.76;1228.4;10;0.72;stop
187;3064.09;1029.16;3098.69;1025.68;3097.16;1010.47;3062.56;1013.94;10;0.8;stop
188;2866.94;1343.78;2871.42;1330.45;2837.56;1319.09;2833.08;1332.42;10;0.8;stop
190;3527.57;985.65;3558.11;983.15;3557.12;970.92;3526.57;973.41;10;0.79;stop
191;3271.19;1048.08;3285.77;1019.21;3272.56;1012.54;3257.98;1041.41;10;0.8;stop
195;2656.2;636.0;2687.31;634.0;2686.43;620.25;2655.32;622.25;10;0.77;stop
199;3587.45;1346.74;3592.15;1334.53;3562.86;1323.26;3558.17;1335.47;10;0.8;stop
204;2146.62;1371.42;2174.35;1368.53;2173.0;1355.58;2145.27;1358.47;10;0.78;stop
205;3126.56;1019.44;3151.69;1009.78;3147.19;998.06;3122.06;1007.72;10;0.79;stop
206;756.63;2053.51;769.25;2052.84;767.75;2024.61;755.12;2025.28;10;0.76;stop
207;1362.65;76.28;1390.88;74.82;1390.22;62.1;1361.99;63.56;10;0.77;stop
210;1663.1;1228.58;1688.43;1228.26;1688.27;1216.04;1662.95;1216.36;10;0.8;stop
211;1467.52;1233.18;1494.07;1231.93;1493.48;1219.32;1466.93;1220.57;10;0.78;stop
212;2570.32;604.14;2596.36;601.93;2595.31;589.49;2569.26;591.69;10;0.77;stop
215;3402.97;1303.71;3407.23;1291.36;3379.84;1281.91;3375.58;1294.27;10;0.77;stop
216;2501.71;1724.56;2502.15;1692.25;2488.42;1692.06;2487.97;1724.37;10;0.77;stop
218;1921.75;388.57;1937.99;370.89;1929.32;362.93;1913.08;380.61;10;0.79;stop
219;1796.88;839.55;1810.79;838.31;1808.23;809.7;1794.32;810.94;10;0.81;stop
220;2833.95;583.33;2862.11;579.55;2860.43;566.98;2832.26;570.76;10;0.78;stop
221;462.36;1136.85;462.39;1125.4;436.7;1125.34;436.67;1136.79;10;0.79;stop
222;539.24;1134.77;567.13;1134.52;567.01;1121.79;539.12;1122.04;10;0.8;stop
223;170.21;1247.5;220.05;1246.1;219.56;1228.44;169.71;1229.84;9;0.77;stop
225;1902.46;1303.47;1913.87;1300.52;1907.26;1275.03;1895.85;1277.98;10;0.76;stop
228;800.23;2052.41;800.48;2024.9;786.96;2024.78;786.71;2052.29;10;0.79;stop
229;1991.75;1713.0;2004.59;1712.18;2002.75;1683.38;1989.91;1684.19;10;0.77;stop
230;1777.46;582.88;1789.75;581.51;1786.87;555.62;1774.57;556.99;10;0.77;stop
236;2890.41;580.3;2920.73;576.75;2919.28;564.38;2888.96;567.94;10;0.79;stop
237;2120.06;1101.8;2143.37;1100.61;2142.76;1088.58;2119.44;1089.77;10;0.76;stop
239;1257.49;1719.94;1258.15;1706.98;1232.69;1705.69;1232.04;1718.65;10;0.75;stop
240;1323.68;1720.3;1323.82;1708.98;1300.95;1708.7;1300.81;1720.02;10;0.72;stop
241;1368.26;1720.52;1393.63;1720.49;1393.61;1708.48;1368.25;1708.51;10;0.71;stop
244;1805.8;779.24;1818.41;777.92;1815.34;748.51;1802.73;749.83;10;0.77;stop
245;3511.62;97.32;3544.49;93.93;3543.06;80.1;3510.19;83.5;10;0.77;stop
246;2769.45;588.22;2796.92;586.33;2796.02;573.34;2768.55;575.23;10;0.77;stop
247;287.89;1136.05;287.91;1124.31;261.01;1124.27;261.0;1136.01;10;0.79;stop
248;1502.16;1043.52;1504.22;1012.71;1491.47;1011.85;1489.41;1042.67;10;0.79;stop
249;1938.7;862.57;1952.78;861.31;1949.77;827.74;1935.69;829.01;10;0.79;stop
252;1728.68;1687.03;1729.13;1674.38;1699.67;1673.34;1699.22;1685.99;10;0.78;stop
253;3410.42;108.77;3442.32;105.37;3440.83;91.39;3408.93;94.78;10;0.79;stop
254;918.3;725.49;919.12;713.74;892.94;711.93;892.13;723.68;10;0.77;stop
255;1141.38;1121.62;1165.16;1121.0;1164.87;1109.63;1141.09;1110.25;10;0.78;stop
260;2062.69;1222.15;2093.3;1221.63;2093.06;1207.85;2062.45;1208.37;10;0.79;stop
262;3491.13;615.8;3499.74;586.84;3485.74;582.68;3477.13;611.63;10;0.77;stop
264;1899.29;234.82;1912.14;233.88;1909.96;203.93;1897.11;204.87;10;0.78;stop
266;2441.64;615.09;2467.79;611.9;2466.36;600.19;2440.21;603.38;10;0.79;stop
268;1785.31;470.76;1797.89;469.72;1795.47;440.49;1782.89;441.53;10;0.77;stop
269;1902.58;99.21;1915.45;97.73;1912.2;69.54;1899.33;71.02;10;0.78;stop
270;757.18;1087.23;760.88;1076.58;739.07;1069.02;735.37;1079.67;10;0.76;stop
273;1231.89;1590.08;1235.19;1561.34;1222.86;1559.92;1219.56;1588.66;10;0.78;stop
274;1450.25;1113.35;1475.05;1112.73;1474.75;1100.65;1449.95;1101.27;10;0.76;stop
278;3196.08;1365.03;3205.7;1336.06;3191.1;1331.22;3181.49;1360.19;10;0.77;stop
281;2410.17;617.41;2436.94;615.22;2435.96;603.21;2409.19;605.4;10;0.75;stop
282;345.53;1139.73;371.8;1139.45;371.66;1126.21;345.38;1126.49;10;0.78;stop
283;1503.35;1006.43;1505.39;980.11;1493.65;979.2;1491.61;1005.52;10;0.79;stop
284;1898.59;504.84;1911.0;503.71;1908.41;475.04;1896.0;476.16;10;0.79;move
286;1909.03;168.45;1920.84;167.19;1918.22;142.62;1906.41;143.87;10;0.77;stop
288;1802.56;742.84;1816.05;742.56;1815.44;712.91;1801.95;713.19;10;0.77;stop
289;1744.5;79.9;1756.55;78.93;1754.65;55.1;1742.6;56.07;10;0.79;stop
291;1699.03;662.14;1699.66;649.94;1671.47;648.49;1670.84;660.69;10;0.75;stop
293;2333.33;1218.09;2362.75;1216.56;2362.04;1202.91;2332.62;1204.44;10;0.78;stop
294;2817.95;1227.84;2818.96;1214.4;2790.93;1212.28;2789.92;1225.73;10;0.79;stop
295;1927.83;1890.15;1930.95;1866.59;1919.67;1865.1;1916.55;1888.66;10;0.77;stop
296;1824.62;1724.64;1825.29;1712.74;1796.76;1711.11;1796.08;1723.01;10;0.75;stop
297;3008.9;1482.87;3025.87;1470.57;2992.6;1424.69;2975.63;1436.99;9;0.74;stop
299;1925.99;548.82;1939.23;547.8;1937.26;522.18;1924.02;523.2;10;0.79;stop
300;2336.16;622.77;2361.71;619.98;2360.34;607.42;2334.79;610.21;10;0.77;stop
301;533.5;1140.0;533.6;1129.92;510.87;1129.69;510.77;1139.77;10;0.79;stop
303;1894.05;1274.21;1904.87;1270.91;1897.2;1245.79;1886.38;1249.09;10;0.78;stop
304;1812.26;922.19;1823.78;921.11;1821.25;894.12;1809.74;895.2;10;0.78;stop
307;3782.45;930.51;3812.65;927.48;3811.3;914.02;3781.1;917.06;10;0.73;stop
309;744.7;1713.06;768.96;1712.98;768.92;1701.32;744.66;1701.39;10;0.75;stop
310;2489.94;1675.35;2503.95;1675.14;2503.56;1649.02;2489.55;1649.23;10;0.77;stop
311;1130.32;92.25;1156.44;91.85;1156.24;79.32;1130.13;79.72;10;0.78;stop
312;1929.91;451.81;1941.64;451.06;1940.09;426.82;1928.36;427.57;10;0.73;stop
314;205.92;1141.19;230.34;1141.02;230.26;1129.43;205.84;1129.6;10;0.76;stop
315;1496.21;954.11;1500.61;941.72;1471.54;931.39;1467.14;943.78;10;0.78;stop
316;1929.45;1527.26;1941.3;1525.81;1938.3;1501.24;1926.45;1502.69;10;0.76;stop
317;2414.37;1359.37;2438.95;1358.48;2438.5;1346.25;2413.93;1347.15;10;0.76;stop
318;3739.44;932.39;3768.81;930.53;3768.06;918.71;3738.69;920.56;10;0.75;stop
319;3253.01;1082.09;3264.84;1057.76;3252.31;1051.66;3240.47;1075.99;10;0.78;stop
320;2902.64;1240.71;2904.37;1227.59;2878.36;1224.16;2876.63;1237.28;10;0.76;stop
322;1748.2;110.56;1759.79;109.39;1757.3;84.63;1745.71;85.79;10;0.75;stop
324;3607.52;303.8;3619.02;274.8;3605.6;269.48;3594.1;298.48;10;0.77;stop
325;408.15;1137.4;433.24;1136.43;432.79;1124.79;407.7;1125.75;10;0.77;stop
326;233.83;1244.34;259.54;1243.85;259.29;1230.66;233.59;1231.15;10;0.77;stop
327;1852.47;1511.8;1881.71;1506.03;1879.16;1493.08;1849.91;1498.85;10;0.76;stop
330;3232.39;1356.91;3251.04;1332.45;3239.17;1323.4;3220.52;1347.86;10;0.76;stop
331;771.38;2053.62;783.45;2053.55;783.3;2026.76;771.23;2026.83;10;0.76;stop
334;1605.0;1110.59;1627.9;1109.01;1627.13;1097.79;1604.23;1099.36;10;0.79;stop
335;734.0;1242.66;760.04;1241.34;759.44;1229.53;733.4;1230.85;10;0.74;stop
336;2734.02;590.21;2759.38;587.09;2757.86;574.73;2732.49;577.85;10;0.78;stop
338;1715.62;1724.74;1716.16;1712.11;1690.43;1711.01;1689.89;1723.64;10;0.73;stop
339;1755.55;278.31;1767.1;277.68;1765.7;252.12;1754.15;252.76;10;0.77;stop
341;1743.11;50.13;1755.27;49.1;1753.01;22.43;1740.86;23.46;10;0.8;stop
343;2298.04;1219.03;2325.73;1218.18;2325.34;1205.34;2297.65;1206.19;10;0.76;stop
344;2948.68;1123.83;2950.52;1111.25;2924.29;1107.42;2922.45;1120.0;10;0.76;stop
345;1780.11;391.05;1792.33;389.96;1789.99;363.82;1777.77;364.92;10;0.76;stop
346;1499.42;1076.32;1501.5;1048.66;1488.58;1047.68;1486.5;1075.34;10;0.76;stop
347;1151.99;1240.75;1180.23;1239.31;1179.57;1226.37;1151.33;1227.81;10;0.76;stop
349;3287.41;1016.01;3302.38;991.57;3291.03;984.61;3276.05;1009.05;10;0.8;stop
350;2646.49;1385.14;2659.26;1383.29;2655.05;1354.24;2642.27;1356.09;10;0.79;stop
353;3280.38;957.62;3299.02;936.24;3288.68;927.23;3270.04;948.6;10;0.78;stop
355;753.98;135.42;777.53;135.23;777.43;123.33;753.88;123.52;10;0.77;stop
356;378.11;1138.9;402.5;1137.61;401.89;1126.1;377.5;1127.39;10;0.76;stop
357;1430.41;954.9;1430.77;942.67;1403.47;941.85;1403.1;954.08;10;0.76;stop
359;3429.31;786.52;3440.2;758.62;3426.62;753.32;3415.73;781.23;10;0.77;stop
360;3403.74;955.95;3431.72;955.65;3431.57;942.49;3403.6;942.79;10;0.77;stop
361;3563.96;984.95;3597.08;981.69;3595.72;967.87;3562.6;971.13;10;0.78;stop
362;1228.56;1626.46;1229.47;1601.6;1217.76;1601.17;1216.84;1626.02;10;0.73;stop
363;1874.5;480.2;1885.48;479.09;1883.0;454.67;1872.02;455.79;10;0.77;move
364;2005.89;1638.99;2018.89;1638.13;2016.74;1605.51;2003.73;1606.37;10;0.74;stop
365;2165.06;635.43;2192.97;632.6;2191.69;620.07;2163.78;622.9;10;0.75;stop
366;2801.11;586.62;2827.36;583.13;2825.77;571.19;2799.52;574.68;10;0.77;stop
367;72.2;1244.08;102.25;1243.63;102.06;1230.92;72.01;1231.37;10;0.76;stop
369;3212.01;1000.96;3242.93;988.81;3237.99;976.23;3207.07;988.38;10;0.79;stop
370;2798.3;1104.8;2799.3;1091.8;2774.43;1089.88;2773.43;1102.89;10;0.75;stop
371;3343.09;1139.11;3345.95;1126.83;3317.85;1120.27;3314.98;1132.54;10;0.78;stop
372;2561.39;191.26;2590.88;188.36;2589.61;175.49;2560.12;178.39;10;0.77;stop
373;1758.84;320.57;1771.65;319.19;1768.79;292.56;1755.98;293.93;10;0.77;stop
376;2834.53;162.9;2857.47;160.71;2856.33;148.81;2833.39;151.01;10;0.74;stop
377;1085.77;1121.49;1112.06;1121.21;1111.92;1108.26;1085.63;1108.54;10;0.75;stop
378;630.11;1280.73;632.31;1250.58;618.64;1249.58;616.44;1279.73;10;0.77;stop
381;2653.74;1413.71;2655.65;1389.63;2643.51;1388.67;2641.6;1412.75;10;0.76;stop
382;3606.09;981.2;3636.26;978.55;3635.16;965.99;3604.99;968.63;10;0.77;stop
383;1765.23;1689.23;1765.8;1676.87;1739.14;1675.65;1738.58;1688.0;10;0.75;stop
384;2982.43;1494.14;2993.81;1487.65;2979.6;1462.74;2968.23;1469.22;10;0.7;stop
385;3551.3;93.5;3582.5;90.52;3581.2;76.9;3550.0;79.88;10;0.75;stop
386;2092.47;1373.32;2123.41;1371.21;2122.53;1358.18;2091.59;1360.29;10;0.77;stop
388;1977.87;1069.21;1989.97;1066.18;1982.88;1037.91;1970.78;1040.94;10;0.77;stop
390;1161.82;92.04;1191.08;89.71;1190.0;76.15;1160.73;78.48;10;0.76;stop
391;2699.18;593.08;2727.37;590.55;2726.32;578.89;2698.13;581.42;10;0.77;stop
395;1775.36;1228.04;1804.49;1225.34;1803.26;1212.09;1774.14;1214.79;10;0.78;stop
396;3185.01;1042.29;3200.31;1035.94;3187.18;1004.28;3171.88;1010.62;10;0.75;stop
398;1957.42;867.82;1969.53;866.74;1967.33;842.18;1955.22;843.26;10;0.72;stop
399;1353.05;1238.1;1381.71;1235.75;1380.7;1223.4;1352.04;1225.75;10;0.74;stop
400;3424.78;1065.82;3436.95;1038.69;3422.72;1032.3;3410.55;1059.43;10;0.62;stop
401;2008.23;1674.91;2018.13;1674.37;2017.02;1653.97;2007.12;1654.51;10;0.73;stop
402;2662.75;1354.52;2692.63;1352.77;2691.88;1339.85;2661.99;1341.61;10;0.75;stop
403;2720.04;175.39;2747.91;172.12;2746.41;159.3;2718.53;162.57;10;0.73;stop
404;164.45;1114.62;168.03;1089.45;154.77;1087.56;151.19;1112.74;10;0.74;stop
406;2263.16;1218.24;2291.74;1217.91;2291.59;1205.01;2263.01;1205.34;10;0.77;stop
411;1841.18;1399.09;1851.23;1395.61;1843.2;1372.35;1833.14;1375.82;10;0.75;stop
412;702.38;1714.5;702.58;1701.26;673.87;1700.82;673.67;1714.06;10;0.75;stop
413;2011.1;2155.41;2011.25;2130.92;1998.4;2130.84;1998.25;2155.33;10;0.5;stop
414;1899.57;61.04;1911.42;60.2;1909.68;35.71;1897.83;36.55;10;0.75;stop
415;2506.05;1588.13;2506.5;1558.72;2491.95;1558.5;2491.5;1587.9;10;0.76;stop
416;2302.99;1097.39;2330.02;1095.95;2329.38;1083.98;2302.35;1085.43;10;0.77;stop
417;3525.63;947.86;3555.62;947.15;3555.3;933.7;3525.31;934.42;10;0.79;stop
418;740.38;2053.42;752.67;2052.34;750.25;2024.7;737.95;2025.78;10;0.76;stop
419;781.05;1715.28;807.19;1714.39;806.75;1701.34;780.61;1702.24;10;0.75;stop
420;136.23;1245.12;136.44;1231.27;107.29;1230.82;107.08;1244.67;10;0.74;stop
421;1503.25;1233.43;1530.02;1232.87;1529.75;1220.19;1502.98;1220.75;10;0.74;stop
422;2062.44;1338.59;2089.8;1336.57;2088.81;1323.16;2061.45;1325.18;10;0.75;stop
423;2147.02;1220.51;2171.96;1219.56;2171.48;1207.24;2146.54;1208.19;10;0.77;stop
424;859.92;1714.65;860.2;1702.54;835.46;1701.97;835.18;1714.08;10;0.74;stop
425;2713.04;1321.86;2739.78;1321.17;2739.46;1308.77;2712.72;1309.45;10;0.77;stop
426;236.97;1109.73;261.29;1105.81;259.44;1094.33;235.12;1098.25;10;0.76;stop
428;613.33;1242.98;638.46;1242.5;638.23;1230.15;613.1;1230.62;10;0.74;stop
429;1992.36;2158.48;1992.58;2132.38;1978.89;2132.27;1978.67;2158.37;10;0.53;stop
430;2100.75;639.68;2127.86;636.94;2126.63;624.82;2099.52;627.56;10;0.76;stop
431;2513.95;719.9;2525.98;718.75;2523.42;691.98;2511.39;693.13;10;0.74;stop
432;3479.06;644.83;3488.41;618.96;3475.31;614.23;3465.97;640.1;10;0.73;stop
433;1459.39;1721.6;1459.93;1709.69;1434.11;1708.52;1433.57;1720.44;10;0.63;stop
435;1293.66;79.79;1317.72;79.26;1317.46;67.59;1293.41;68.12;10;0.75;stop
436;3367.23;538.42;3394.3;535.89;3393.08;522.83;3366.01;525.36;10;0.75;stop
437;540.48;675.11;542.61;663.91;514.21;658.48;512.07;669.69;10;0.74;stop
438;2375.51;1361.43;2402.3;1360.8;2401.99;1347.57;2375.2;1348.2;10;0.75;stop
439;3293.76;1049.1;3304.57;1026.34;3293.12;1020.9;3282.31;1043.66;10;0.76;stop
440;213.98;208.1;244.78;205.22;243.52;191.74;212.72;194.62;10;0.73;stop
441;2032.93;236.53;2062.98;234.31;2062.07;221.91;2032.02;224.13;10;0.73;stop
442;351.77;1246.41;379.3;1244.86;378.54;1231.41;351.02;1232.95;10;0.73;stop
443;342.27;1439.44;368.61;1434.78;366.48;1422.75;340.14;1427.41;10;0.74;stop
444;1197.56;1241.4;1223.92;1240.47;1223.44;1226.85;1197.08;1227.78;10;0.77;stop
445;3418.51;817.86;3427.56;792.04;3414.93;787.61;3405.87;813.43;10;0.7;stop
446;707.95;1713.59;733.94;1713.56;733.92;1700.78;707.94;1700.81;10;0.74;stop
447;1999.27;1905.76;2004.21;1867.37;1987.73;1865.24;1982.79;1903.63;10;0.66;stop
448;2466.78;1875.46;2467.4;1848.59;2454.72;1848.29;2454.1;1875.16;10;0.73;stop
449;1926.67;1934.57;1936.24;1897.93;1920.45;1893.81;1910.89;1930.44;9;0.76;stop
450;1964.96;2017.12;1974.71;1991.08;1963.16;1986.75;1953.41;2012.8;10;0.76;stop
451;263.63;1244.43;289.36;1243.8;289.03;1230.57;263.3;1231.2;10;0.75;stop
453;2321.28;1361.95;2349.58;1361.46;2349.35;1348.17;2321.05;1348.66;10;0.76;stop
454;3412.06;722.88;3421.73;696.23;3408.25;691.33;3398.58;717.99;10;0.73;stop
455;3440.99;953.5;3468.24;951.75;3467.44;939.31;3440.2;941.06;10;0.74;stop
456;1353.56;1683.94;1354.48;1671.82;1326.19;1669.69;1325.27;1681.81;10;0.74;stop
457;2066.3;641.58;2090.96;638.54;2089.45;626.3;2064.79;629.33;10;0.75;stop
458;3811.68;1403.49;3814.9;1390.36;3783.95;1382.76;3780.72;1395.89;10;0.75;stop
460;638.4;1132.72;665.28;1131.49;664.72;1119.16;637.84;1120.39;10;0.73;stop
462;675.12;1291.02;705.44;1289.7;704.88;1276.79;674.56;1278.11;10;0.71;stop
463;990.49;726.76;991.36;715.21;965.13;713.24;964.26;724.79;10;0.75;stop
465;834.08;1678.73;834.28;1666.3;809.27;1665.89;809.07;1678.33;10;0.74;stop
466;1602.43;1686.45;1629.95;1685.87;1629.7;1673.92;1602.18;1674.5;10;0.67;stop
467;2140.39;228.37;2170.21;224.78;2168.55;210.94;2138.72;214.53;10;0.7;stop
468;3109.88;1308.79;3118.07;1281.37;3105.37;1277.58;3097.18;1305.0;10;0.75;stop
469;1083.19;1681.98;1083.43;1671.01;1061.62;1670.52;1061.38;1681.49;10;0.69;stop
470;1502.05;1721.96;1502.37;1710.04;1474.7;1709.29;1474.38;1721.21;10;0.7;stop
471;2487.38;1797.3;2499.48;1797.25;2499.37;1771.2;2487.27;1771.25;10;0.72;stop
472;1328.0;77.93;1355.35;77.46;1355.12;64.38;1327.78;64.85;10;0.71;stop
474;3549.32;528.09;3581.58;523.35;3579.43;508.78;3547.17;513.53;10;0.69;stop
476;2633.15;183.77;2658.61;181.14;2657.35;168.92;2631.89;171.55;10;0.72;stop
477;609.99;689.56;612.07;678.69;585.33;673.56;583.24;684.44;10;0.73;stop
479;2805.63;1317.09;2805.69;1305.39;2781.87;1305.28;2781.81;1316.98;10;0.75;stop
481;1916.56;198.48;1926.27;197.26;1923.82;177.83;1914.11;179.05;10;0.63;stop
483;3577.32;382.55;3586.8;354.26;3572.99;349.63;3563.52;377.93;10;0.75;stop
484;1885.36;610.02;1895.91;609.42;1894.54;585.57;1884.0;586.17;10;0.72;move
485;3223.02;1412.55;3227.61;1399.75;3200.73;1390.11;3196.14;1402.9;10;0.77;stop
486;2496.67;526.3;2510.94;524.87;2508.08;496.32;2493.81;497.76;10;0.73;stop
487;1789.98;545.88;1803.14;544.93;1801.07;516.12;1787.9;517.07;10;0.68;stop
488;786.02;1099.28;798.24;1098.92;797.41;1071.04;785.2;1071.4;10;0.74;stop
491;2511.54;685.83;2523.18;684.96;2521.33;660.23;2509.69;661.1;10;0.73;stop
492;2752.41;171.23;2779.34;167.83;2777.67;154.55;2750.74;157.95;10;0.73;stop
493;19.87;1147.33;49.2;1146.14;48.69;1133.61;19.36;1134.8;10;0.71;stop
494;1967.94;1020.92;1978.94;1019.42;1975.94;997.33;1964.93;998.83;10;0.71;stop
496;20.91;1931.05;57.64;1930.05;57.19;1913.64;20.47;1914.64;10;0.67;stop
497;712.51;1300.3;725.08;1300.12;724.67;1270.8;712.11;1270.97;10;0.73;stop
498;3307.37;1019.09;3316.34;997.6;3304.82;992.79;3295.84;1014.28;10;0.77;stop
499;1183.13;1909.04;1194.76;1908.84;1194.37;1885.96;1182.74;1886.16;10;0.73;stop
500;1740.85;1724.65;1741.39;1712.1;1718.53;1711.1;1717.98;1723.65;10;0.58;stop
501;3582.95;522.32;3611.26;520.61;3610.49;507.99;3582.18;509.71;10;0.71;stop
502;1307.64;1113.17;1329.49;1112.92;1329.36;1101.96;1307.51;1102.21;10;0.73;stop
503;1805.93;967.15;1819.53;965.84;1816.57;935.22;1802.97;936.53;10;0.77;stop
504;2469.65;165.78;2481.06;164.8;2478.85;139.09;2467.44;140.07;10;0.7;stop
506;319.95;1139.47;346.1;1137.53;345.21;1125.53;319.06;1127.47;10;0.73;stop
507;3023.12;568.16;3049.68;564.84;3048.13;552.5;3021.57;555.82;10;0.75;stop
508;3450.65;993.75;3481.17;991.82;3480.29;977.82;3449.76;979.74;10;0.7;stop
509;1181.94;1940.63;1195.41;1940.52;1195.18;1912.5;1181.72;1912.61;10;0.7;stop
510;2867.48;162.39;2894.93;158.65;2893.27;146.42;2865.82;150.16;10;0.71;stop
512;2375.0;621.98;2403.69;619.38;2402.5;606.24;2373.81;608.84;10;0.77;stop
513;2519.29;769.65;2531.83;768.39;2529.33;743.47;2516.79;744.73;10;0.69;stop
515;2392.0;208.37;2419.2;206.21;2418.12;192.69;2390.93;194.86;10;0.66;stop
519;2938.36;1392.26;2948.95;1380.53;2916.89;1351.61;2906.3;1363.35;10;0.73;stop
520;2463.32;103.21;2476.56;102.44;2475.06;76.79;2461.82;77.56;10;0.71;stop
521;1512.55;768.44;1513.37;745.11;1501.32;744.69;1500.5;768.01;10;0.62;stop
522;182.49;211.67;208.29;209.56;207.27;197.08;181.47;199.19;10;0.71;stop
523;3359.93;113.29;3391.11;109.11;3389.14;94.37;3357.95;98.55;10;0.71;stop
524;3181.39;1118.8;3195.35;1092.05;3182.36;1085.26;3168.4;1112.02;10;0.71;stop
525;3128.42;1145.94;3156.14;1139.17;3152.83;1125.62;3125.11;1132.4;10;0.76;stop
526;2814.91;1358.23;2815.95;1345.66;2789.47;1343.46;2788.42;1356.03;10;0.75;stop
528;146.96;1660.98;147.21;1648.92;121.87;1648.39;121.62;1660.46;10;0.67;stop
529;3428.07;1310.79;3431.22;1299.48;3410.05;1293.59;3406.91;1304.89;10;0.67;stop
532;323.97;192.72;350.9;189.93;349.62;177.59;322.7;180.38;10;0.72;stop
533;3166.31;555.42;3194.84;550.88;3192.75;537.7;3164.22;542.24;10;0.69;stop
535;3102.26;1273.06;3104.46;1259.71;3074.74;1254.81;3072.54;1268.17;10;0.7;stop
536;2281.8;214.63;2314.26;212.74;2313.45;198.81;2280.99;200.7;10;0.7;stop
537;484.69;1711.5;484.92;1698.67;457.5;1698.19;457.27;1711.02;10;0.66;stop
538;1430.53;1684.2;1453.18;1683.56;1452.84;1671.68;1430.19;1672.32;10;0.67;stop
539;3704.0;77.94;3737.41;74.65;3736.0;60.35;3702.59;63.63;10;0.69;stop
540;1048.24;1080.36;1061.32;1078.93;1058.33;1051.51;1045.24;1052.94;10;0.65;stop
541;646.64;150.56;646.79;137.09;618.98;136.79;618.84;150.26;10;0.71;stop
542;2005.42;237.19;2029.77;235.25;2028.83;223.5;2004.48;225.44;10;0.71;stop
543;3655.45;176.61;3665.17;147.7;3651.43;143.08;3641.7;171.99;10;0.72;stop
544;1290.87;1682.89;1315.93;1682.51;1315.75;1670.73;1290.69;1671.12;10;0.67;stop
545;1021.37;102.82;1045.07;102.01;1044.69;91.24;1021.0;92.06;10;0.68;stop
548;3521.34;566.31;3554.43;565.28;3553.97;550.26;3520.88;551.28;10;0.61;stop
550;3255.71;979.8;3275.2;961.86;3266.48;952.39;3246.99;970.33;10;0.72;stop
551;629.64;1712.8;629.86;1700.16;604.11;1699.7;603.89;1712.34;10;0.67;stop
552;2466.76;1842.4;2467.33;1814.07;2455.86;1813.85;2455.3;1842.18;10;0.68;stop
553;2501.97;556.22;2513.96;555.11;2511.78;531.66;2499.79;532.77;10;0.73;stop
554;678.89;1273.85;705.26;1273.03;704.86;1260.21;678.49;1261.03;10;0.68;stop
555;893.25;1716.8;893.96;1704.86;866.25;1703.2;865.54;1715.14;10;0.67;stop
556;2471.08;193.93;2483.4;193.18;2481.92;168.88;2469.6;169.63;10;0.69;stop
557;2504.31;587.63;2515.61;587.39;2515.06;561.0;2503.77;561.23;10;0.74;stop
558;2701.25;635.24;2728.69;630.96;2726.5;616.89;2699.06;621.17;10;0.71;stop
561;3488.11;989.7;3517.81;987.66;3516.89;974.36;3487.19;976.41;10;0.72;stop
562;2494.01;1539.42;2506.95;1539.08;2506.24;1511.58;2493.3;1511.92;10;0.63;stop
563;2491.5;458.68;2504.21;457.57;2502.0;432.32;2489.29;433.43;10;0.74;stop
564;3481.96;950.26;3507.79;948.76;3507.1;936.93;3481.27;938.43;10;0.72;stop
565;2275.55;1368.61;2275.69;1351.97;2236.45;1351.64;2236.31;1368.28;9;0.59;stop
566;2239.72;629.02;2265.66;627.58;2264.97;615.23;2239.03;616.67;10;0.6;stop
567;2329.04;212.53;2353.07;209.71;2351.71;198.1;2327.68;200.92;10;0.69;stop
570;1612.47;1723.03;1613.03;1711.64;1589.28;1710.47;1588.72;1721.86;10;0.56;stop
571;2045.14;1565.03;2077.51;1561.56;2075.92;1546.72;2043.55;1550.19;10;0.67;stop
573;3306.97;933.08;3323.48;906.2;3309.9;897.85;3293.39;924.74;10;0.72;stop
575;1921.35;1471.08;1936.62;1468.55;1929.43;1425.23;1914.16;1427.77;9;0.66;stop
576;607.12;1677.37;607.3;1665.21;580.69;1664.82;580.51;1676.98;10;0.66;stop
577;2923.84;576.32;2954.11;574.56;2953.35;561.57;2923.08;563.33;10;0.71;stop
578;663.42;145.42;688.06;144.38;687.52;131.61;662.88;132.65;10;0.62;stop
579;2112.0;228.81;2134.94;226.41;2133.75;215.01;2110.81;217.4;10;0.7;stop
580;2511.65;195.14;2535.68;193.11;2534.72;181.73;2510.69;183.77;10;0.7;stop
582;3333.54;1054.32;3340.33;1029.54;3327.4;1025.99;3320.61;1050.77;10;0.76;stop
583;2032.07;645.22;2061.92;642.34;2060.68;629.41;2030.83;632.29;10;0.76;stop
584;3644.81;204.95;3653.49;182.13;3641.44;177.55;3632.76;200.37;10;0.65;stop
585;633.47;1677.28;633.53;1665.95;610.59;1665.84;610.54;1677.18;10;0.65;stop
586;734.36;1677.8;734.58;1666.71;712.2;1666.26;711.98;1677.35;10;0.65;stop
587;431.69;1089.1;446.36;1087.04;442.52;1059.65;427.86;1061.71;10;0.65;stop
590;1237.21;121.68;1266.59;118.96;1265.36;105.57;1235.97;108.29;10;0.68;stop
591;751.43;172.26;778.2;168.61;776.67;157.37;749.9;161.01;10;0.6;stop
592;3277.99;1080.16;3289.08;1055.85;3277.95;1050.78;3266.86;1075.08;10;0.68;stop
593;2607.82;601.28;2635.83;597.78;2634.31;585.59;2606.29;589.1;10;0.66;stop
595;2638.54;1327.96;2639.0;1309.14;2588.96;1307.91;2588.5;1326.73;9;0.73;stop
596;1199.71;1125.53;1199.95;1106.99;1174.04;1106.65;1173.8;1125.2;9;0.69;stop
597;3462.77;2083.68;3490.78;2069.41;3483.16;2054.45;3455.15;2068.72;10;0.64;stop
600;425.39;1711.65;425.62;1698.54;397.27;1698.04;397.03;1711.15;10;0.72;stop
601;664.7;1712.94;664.87;1700.82;641.24;1700.5;641.07;1712.62;10;0.69;stop
603;3745.42;237.27;3762.16;235.16;3758.33;204.76;3741.59;206.87;10;0.46;stop
604;3287.26;119.4;3314.98;116.62;3313.68;103.72;3285.96;106.51;10;0.69;stop
605;892.23;724.52;892.52;713.29;868.68;712.67;868.38;723.9;10;0.62;stop
606;2236.21;219.81;2264.86;217.86;2263.98;204.88;2235.32;206.82;10;0.64;stop
607;3565.1;416.19;3573.16;390.47;3559.9;386.31;3551.84;412.03;10;0.66;stop
609;3551.93;341.45;3563.84;311.66;3550.57;306.36;3538.66;336.15;10;0.71;stop
611;3011.26;1501.14;3021.89;1497.3;3014.99;1478.23;3004.36;1482.08;10;0.66;stop
612;3080.56;245.91;3095.49;245.21;3094.19;217.59;3079.26;218.29;10;0.59;stop
613;3212.5;983.51;3221.51;974.93;3201.88;954.3;3192.86;962.88;10;0.69;stop
614;1798.6;1689.08;1799.56;1677.96;1774.4;1675.79;1773.44;1686.91;10;0.61;stop
616;3083.54;561.83;3110.47;558.88;3109.21;547.42;3082.28;550.37;10;0.6;stop
618;2501.46;1765.71;2502.28;1730.0;2487.54;1729.66;2486.72;1765.37;10;0.64;stop
619;2982.75;148.66;3008.91;145.72;3007.5;133.16;2981.34;136.1;10;0.65;stop
620;3159.79;132.3;3190.59;128.32;3188.96;115.67;3158.16;119.65;10;0.71;stop
621;277.19;199.37;305.37;196.37;304.06;184.07;275.88;187.06;10;0.67;stop
622;2678.28;180.84;2712.7;177.28;2711.05;161.34;2676.64;164.9;10;0.57;stop
623;1771.46;250.31;1771.5;231.78;1761.51;231.76;1761.47;250.28;10;0.66;stop
625;2013.75;1815.03;2013.77;1792.85;2002.69;1792.84;2002.67;1815.03;10;0.72;stop
626;590.01;155.64;614.33;152.33;612.8;141.08;588.48;144.39;10;0.64;stop
627;3590.83;345.91;3599.17;321.11;3586.67;316.91;3578.33;341.7;10;0.61;stop
628;1054.49;1242.59;1089.1;1241.56;1088.63;1225.66;1054.02;1226.69;10;0.73;stop
630;2724.61;2058.1;2736.7;2052.09;2723.55;2025.65;2711.46;2031.66;10;0.54;stop
631;2203.15;222.5;2232.14;219.01;2230.66;206.69;2201.67;210.18;10;0.58;stop
633;918.39;1246.06;919.53;1235.61;901.29;1233.63;900.16;1244.08;10;0.7;stop
634;1508.18;879.36;1510.79;854.97;1498.95;853.7;1496.34;878.1;10;0.71;stop
636;857.04;122.52;857.3;109.7;833.27;109.23;833.02;122.05;10;0.62;stop
638;1892.32;149.08;1903.25;148.15;1901.18;123.74;1890.25;124.66;10;0.8;stop
643;2496.84;491.51;2509.0;490.41;2506.78;465.86;2494.62;466.97;10;0.69;stop
644;3213.64;1319.82;3224.01;1288.91;3208.24;1283.62;3197.86;1314.53;9;0.58;stop
645;504.55;1675.23;530.56;1674.99;530.45;1663.2;504.44;1663.44;10;0.71;stop
650;1244.13;1683.11;1244.72;1672.81;1224.12;1671.64;1223.53;1681.94;10;0.58;stop
651;3579.93;272.49;3589.67;244.24;3576.94;239.85;3567.2;268.1;10;0.65;stop
652;1639.28;1110.07;1664.18;1109.11;1663.72;1097.18;1638.82;1098.14;10;0.76;stop
653;2010.5;272.81;2038.38;268.85;2036.87;258.19;2008.99;262.15;10;0.6;stop
654;3061.5;1454.71;3072.56;1420.15;3057.0;1415.17;3045.94;1449.72;9;0.57;stop
655;318.09;1830.9;331.25;1829.81;329.25;1805.66;316.1;1806.75;10;0.57;stop
656;3152.15;635.92;3166.46;635.55;3165.66;604.39;3151.35;604.76;10;0.6;stop
658;2069.24;2100.16;2069.82;2086.36;2033.82;2084.84;2033.24;2098.64;9;0.47;stop
660;2495.83;1420.79;2509.17;1420.19;2507.8;1390.02;2494.45;1390.63;10;0.51;stop
661;2526.03;871.99;2538.02;871.11;2536.1;844.76;2524.1;845.64;10;0.71;stop
662;3154.5;1364.92;3164.3;1331.12;3146.43;1325.94;3136.64;1359.74;10;0.62;stop
664;2696.88;1222.03;2697.44;1205.4;2662.57;1204.22;2662.01;1220.85;9;0.63;stop
666;2477.1;294.49;2490.28;292.69;2487.15;269.7;2473.97;271.5;10;0.57;stop
667;3725.77;506.95;3753.41;502.85;3751.73;491.49;3724.08;495.58;10;0.54;stop
668;1567.8;1781.81;1568.22;1768.5;1538.32;1767.56;1537.9;1780.87;10;0.49;stop
669;2476.7;1326.2;2476.88;1314.05;2448.18;1313.61;2447.99;1325.76;9;0.56;stop
670;3630.66;254.15;3644.99;215.16;3625.59;208.03;3611.26;247.03;9;0.57;stop
672;1915.8;1424.51;1929.0;1422.35;1923.73;1390.24;1910.53;1392.4;10;0.58;stop
673;3527.88;517.94;3541.67;514.47;3535.24;488.93;3521.45;492.4;10;0.58;stop
678;1392.18;952.48;1392.25;941.04;1368.57;940.89;1368.5;952.34;10;0.65;stop
679;525.23;166.65;555.3;163.42;553.83;149.76;523.77;152.99;10;0.66;stop
682;2499.69;1936.33;2502.17;1903.39;2485.94;1902.17;2483.46;1935.11;10;0.48;stop
683;3123.07;310.25;3136.41;309.01;3133.8;280.85;3120.47;282.08;10;0.6;stop
684;3056.45;563.93;3081.61;560.56;3080.05;548.97;3054.89;552.35;10;0.68;stop
685;3266.95;1115.6;3279.61;1084.89;3265.55;1079.09;3252.89;1109.8;10;0.66;stop
687;2626.06;1416.04;2637.36;1390.77;2626.19;1385.77;2614.89;1411.05;10;0.57;stop
689;436.07;1674.0;464.88;1673.96;464.87;1661.63;436.05;1661.66;10;0.53;stop
690;1294.11;116.91;1321.21;112.38;1319.27;100.78;1292.17;105.31;10;0.64;stop
691;2299.39;664.34;2329.92;661.15;2328.48;647.41;2297.96;650.6;10;0.55;stop
692;3740.25;203.9;3759.22;202.15;3756.0;167.35;3737.03;169.1;10;0.48;stop
693;3155.72;664.4;3169.8;664.29;3169.59;637.79;3155.51;637.9;10;0.6;stop
694;460.76;1085.4;461.16;1060.74;448.61;1060.54;448.21;1085.2;10;0.53;stop
697;206.4;1951.62;208.56;1926.98;196.02;1925.88;193.86;1950.52;10;0.46;stop
698;762.18;1242.4;791.6;1241.61;791.23;1228.1;761.82;1228.89;10;0.61;stop
699;3242.02;550.51;3266.81;547.11;3265.17;535.12;3240.38;538.52;10;0.63;stop
700;2105.89;1339.73;2146.48;1337.69;2145.67;1321.46;2105.08;1323.5;9;0.65;stop
701;2969.23;1425.86;2981.08;1414.27;2951.27;1383.82;2939.42;1395.42;10;0.41;stop
704;226.2;1703.78;227.33;1689.69;195.91;1687.16;194.78;1701.24;10;0.61;stop
706;249.63;203.48;274.6;200.33;273.03;187.92;248.06;191.07;10;0.58;stop
707;3591.49;88.93;3621.44;84.94;3619.76;72.32;3589.81;76.31;10;0.63;stop
708;283.74;1707.88;284.81;1694.62;257.67;1692.43;256.6;1705.69;10;0.53;stop
709;2731.9;1354.69;2732.09;1340.12;2698.81;1339.69;2698.62;1354.25;9;0.53;stop
713;192.12;1951.1;195.08;1924.04;182.41;1922.65;179.45;1949.71;10;0.42;stop
715;1932.86;1609.17;1946.81;1608.03;1943.89;1572.33;1929.94;1573.47;10;0.69;stop
717;1168.43;1682.38;1168.65;1670.59;1144.01;1670.12;1143.79;1681.91;10;0.37;stop
721;1291.56;1240.61;1335.7;1239.56;1335.31;1223.14;1291.17;1224.19;9;0.76;stop
722;222.27;1951.64;224.93;1924.35;211.56;1923.04;208.9;1950.34;10;0.46;stop
723;3691.95;511.48;3723.33;507.89;3721.8;494.46;3690.42;498.04;10;0.48;stop
724;928.46;1244.09;966.27;1242.91;965.76;1226.41;927.95;1227.59;10;0.64;stop
730;2469.25;1749.73;2470.24;1724.72;2459.0;1724.27;2458.01;1749.28;10;0.53;stop
731;2499.21;1881.5;2499.61;1846.91;2485.29;1846.75;2484.89;1881.34;10;0.62;stop
732;648.11;697.67;650.32;686.47;622.21;680.93;620.0;692.12;10;0.62;stop
736;176.64;1954.42;179.52;1931.05;168.13;1929.64;165.25;1953.02;10;0.41;stop
740;2475.72;1530.31;2476.2;1502.93;2462.65;1502.69;2462.17;1530.07;9;0.42;stop
745;2665.58;1409.58;2683.8;1408.94;2682.29;1366.36;2664.08;1367.0;9;0.5;stop
748;558.35;1675.6;558.81;1664.71;536.65;1663.77;536.19;1674.67;10;0.7;stop
754;626.84;1133.08;627.03;1121.93;607.84;1121.61;607.66;1132.76;10;0.43;stop
756;2783.73;1355.64;2784.48;1339.82;2741.9;1337.8;2741.15;1353.61;9;0.6;stop
758;1510.17;917.25;1511.28;889.42;1499.21;888.94;1498.1;916.76;10;0.62;stop
762;2430.81;1370.39;2457.29;1369.64;2456.94;1357.17;2430.46;1357.92;10;0.46;stop
764;403.85;159.0;414.41;136.89;402.4;131.15;391.84;153.27;10;0.58;stop
766;3274.22;1345.87;3314.82;1338.56;3311.71;1321.32;3271.12;1328.63;9;0.39;stop
768;3550.29;460.66;3558.82;430.47;3543.77;426.21;3535.24;456.41;10;0.59;stop
769;2486.95;385.69;2498.43;384.71;2496.42;361.31;2484.95;362.29;10;0.6;stop
773;2639.43;638.92;2647.84;638.82;2647.65;623.89;2639.24;624.0;10;0.56;stop
779;2530.27;901.68;2542.43;900.84;2540.86;878.07;2528.7;878.91;10;0.58;stop
780;3628.66;1199.14;3644.09;1197.53;3640.72;1165.24;3625.29;1166.85;10;0.49;stop
789;42.18;966.53;45.06;954.39;17.53;947.85;14.64;959.99;10;0.58;stop
793;2861.49;1366.09;2865.07;1348.41;2821.16;1339.53;2817.59;1357.22;10;0.35;stop
830;3480.17;526.93;3488.77;505.94;3477.96;501.5;3469.35;522.5;10;0.52;stop
998;2079.14;283.73;2088.95;276.72;2074.36;256.27;2064.55;263.28;10;0.77;stop
2504;1592.96;656.41;1593.16;645.65;1569.41;645.22;1569.22;655.97;10;0.47;stop
2533;1912.71;269.88;1943.35;256.76;1937.51;243.12;1906.87;256.24;10;0.81;stop
2586;74.73;1692.45;75.49;1678.53;45.97;1676.92;45.21;1690.85;10;0.62;stop
2620;139.3;1245.44;166.22;1244.19;165.63;1231.43;138.7;1232.68;10;0.53;stop
3196;395.91;1438.93;396.24;1426.69;373.78;1426.07;373.44;1438.31;10;0.4;stop
3239;2182.24;1220.42;2213.13;1219.54;2212.76;1206.21;2181.87;1207.08;10;0.79;stop
3295;2369.07;1193.94;2398.76;1192.98;2398.3;1178.68;2368.61;1179.64;10;0.77;move
3367;3776.81;1394.5;3779.26;1382.4;3751.32;1376.75;3748.87;1388.85;10;0.69;stop
3505;1910.06;753.98;1921.76;752.79;1919.44;729.9;1907.74;731.08;10;0.8;move
3623;1759.91;177.24;1771.5;175.57;1768.0;151.26;1756.41;152.93;10;0.76;stop
3790;2508.5;1214.79;2531.61;1213.86;2531.12;1201.71;2508.01;1202.64;10;0.76;stop
4301;1980.48;1316.08;1993.12;1316.03;1993.02;1288.3;1980.38;1288.34;10;0.78;stop
4468;1967.26;1348.59;1980.1;1347.01;1976.62;1318.78;1963.78;1320.36;10;0.77;stop
4621;2984.3;1216.13;2986.13;1203.1;2958.7;1199.24;2956.87;1212.27;10;0.8;stop
4700;1996.65;1404.79;1999.17;1373.34;1985.85;1372.27;1983.33;1403.73;10;0.82;move
4809;3757.92;1361.04;3761.18;1346.0;3730.83;1339.43;3727.57;1354.46;10;0.8;move
4874;1972.77;1458.72;1986.71;1457.93;1984.98;1427.46;1971.04;1428.26;10;0.79;move
4881;2943.59;1213.95;2945.27;1202.18;2917.66;1198.23;2915.98;1210.01;10;0.81;stop
5182;518.47;1712.16;518.61;1699.68;493.09;1699.4;492.96;1711.88;10;0.49;stop
5419;560.25;1513.69;562.3;1501.84;537.56;1497.56;535.51;1509.41;10;0.47;stop
5522;1984.53;1538.43;1996.72;1537.57;1994.78;1510.32;1982.6;1511.18;10;0.77;move
5532;1994.83;1749.41;1996.76;1719.85;1983.17;1718.97;1981.24;1748.52;10;0.82;stop
6149;431.07;1674.79;431.16;1663.85;407.05;1663.65;406.96;1674.59;10;0.44;stop
6299;1033.35;1128.31;1033.56;1117.41;1012.28;1117.0;1012.07;1127.9;10;0.8;stop
6323;1543.04;1233.39;1569.36;1232.07;1568.71;1219.11;1542.39;1220.43;10;0.52;stop
6335;2913.27;1199.06;2915.04;1186.3;2887.98;1182.56;2886.21;1195.32;10;0.82;stop
6362;368.22;1712.17;393.42;1708.72;391.62;1695.64;366.43;1699.09;10;0.52;stop
6614;82.44;1172.1;110.68;1171.13;110.22;1157.59;81.98;1158.55;10;0.79;move
6685;1914.06;442.33;1925.99;440.93;1922.94;414.92;1911.01;416.32;10;0.77;stop
6699;358.18;186.35;387.93;184.56;387.13;171.31;357.39;173.09;10;0.6;stop
6851;1961.95;938.53;1974.04;936.79;1970.4;911.53;1958.31;913.27;10;0.79;stop
7483;3058.0;1213.7;3059.72;1202.13;3035.28;1198.48;3033.56;1210.06;10;0.75;stop
7558;1762.22;224.66;1775.69;223.7;1773.13;187.65;1759.67;188.61;9;0.53;stop
7724;1996.99;1483.33;2011.77;1482.81;2010.26;1440.54;1995.48;1441.07;9;0.51;stop
7809;1986.34;1645.91;1998.29;1645.15;1996.35;1614.34;1984.39;1615.1;10;0.78;move
7933;2087.74;1159.17;2115.33;1159.02;2115.26;1145.96;2087.67;1146.11;10;0.72;stop
8032;2466.21;139.05;2479.49;137.22;2475.54;108.45;2462.26;110.28;10;0.75;stop
8100;1954.44;1876.44;1958.71;1845.87;1944.81;1843.93;1940.54;1874.5;10;0.84;move
8183;2652.97;1217.94;2653.33;1204.93;2626.28;1204.19;2625.92;1217.19;10;0.8;stop
8185;2870.2;1193.92;2871.8;1181.16;2843.3;1177.58;2841.7;1190.34;10;0.82;stop
8248;1988.21;1782.76;1990.03;1755.01;1978.16;1754.24;1976.35;1781.99;10;0.8;stop
8360;2649.36;1179.99;2673.83;1179.86;2673.76;1166.76;2649.29;1166.89;10;0.75;move
8449;1867.98;255.16;1880.04;254.45;1878.45;227.46;1866.4;228.17;10;0.75;move
8453;1985.84;1817.69;1987.27;1788.54;1974.91;1787.94;1973.48;1817.08;10;0.77;stop
8564;2512.6;1180.1;2512.78;1167.01;2486.52;1166.65;2486.34;1179.74;10;0.8;move
8608;1933.65;1421.01;1947.36;1417.81;1939.91;1385.87;1926.2;1389.06;10;0.82;stop
8666;2223.81;1219.86;2250.69;1218.26;2249.94;1205.64;2223.06;1207.24;10;0.77;stop
8698;1734.01;1171.24;1759.73;1169.97;1759.11;1157.51;1733.39;1158.78;10;0.78;stop
8876;1899.95;2049.97;1912.01;2020.91;1899.65;2015.78;1887.58;2044.84;10;0.84;move
8968;1971.8;1720.88;1972.57;1683.7;1956.7;1683.37;1955.93;1720.55;9;0.5;move
9052;1696.24;1173.1;1725.05;1172.72;1724.88;1160.15;1696.08;1160.53;10;0.8;stop
9087;2058.72;1138.49;2088.81;1138.42;2088.78;1125.01;2058.69;1125.08;10;0.8;stop
9146;1953.68;1542.66;1966.48;1541.23;1963.57;1515.09;1950.77;1516.52;10;0.79;move
9505;15.13;1169.58;15.32;1156.59;-0.18;1156.36;-0.37;1169.35;10;0.75;move
9534;1182.61;1839.03;1195.25;1838.95;1195.08;1811.6;1182.44;1811.68;10;0.49;stop
9543;1662.93;1172.03;1687.5;1171.66;1687.32;1160.1;1662.75;1160.46;10;0.8;stop
9577;2444.85;1093.58;2471.31;1093.0;2471.03;1079.92;2444.56;1080.5;10;0.78;stop
9705;2395.15;1095.36;2424.32;1094.6;2423.98;1081.51;2394.81;1082.27;10;0.77;stop
9718;1962.73;1954.54;1970.69;1921.02;1956.77;1917.71;1948.81;1951.23;10;0.83;stop
9746;1877.91;363.36;1891.33;361.64;1887.37;330.76;1873.95;332.48;10;0.8;move
9809;147.55;1161.19;172.22;1161.02;172.14;1148.81;147.47;1148.98;10;0.7;move
9823;1617.66;1173.77;1648.55;1173.01;1648.22;1159.48;1617.32;1160.24;10;0.81;stop
9948;3152.94;170.91;3179.94;166.64;3178.0;154.4;3151.0;158.67;10;0.56;stop
10032;1953.36;1989.75;1959.93;1963.02;1948.14;1960.12;1941.57;1986.86;10;0.82;stop
10206;3112.73;122.1;3120.64;122.06;3120.52;101.21;3112.61;101.26;10;0.44;stop
10278;1933.85;1557.87;1935.27;1536.58;1924.9;1535.88;1923.48;1557.17;10;0.59;stop
10279;1195.68;1980.52;1195.87;1955.95;1183.13;1955.85;1182.94;1980.43;10;0.68;stop
10291;2839.21;1209.15;2840.11;1195.77;2811.29;1193.85;2810.39;1207.23;10;0.79;move
10527;1916.22;632.27;1929.76;629.93;1923.88;595.95;1910.33;598.29;10;0.81;move
10830;2072.61;1120.66;2072.73;1107.07;2044.89;1106.84;2044.77;1120.43;10;0.81;stop
10850;491.51;1165.47;516.68;1164.66;516.3;1152.96;491.13;1153.78;10;0.76;move
10852;417.5;127.73;427.13;101.46;413.12;96.33;403.49;122.6;10;0.46;stop
11035;2088.39;267.96;2100.04;266.61;2097.36;243.35;2085.71;244.7;10;0.51;stop
11130;1944.32;668.66;1973.11;668.25;1972.93;654.9;1944.14;655.31;10;0.81;stop
11143;178.71;922.12;180.51;895.16;167.46;894.28;165.66;921.25;10;0.51;stop
11209;176.05;952.82;178.67;927.79;165.44;926.4;162.82;951.43;10;0.51;stop
11353;3470.41;676.11;3478.06;649.44;3465.22;645.76;3457.57;672.43;10;0.62;stop
11528;219.59;1171.65;250.86;1170.51;250.33;1156.16;219.07;1157.3;10;0.75;move
11674;1988.99;1270.09;2019.89;1189.99;2000.26;1182.41;1969.36;1262.51;9;0.78;stop
11761;2097.36;1120.98;2124.19;1120.2;2123.83;1107.64;2097.0;1108.43;10;0.77;stop
11802;1642.74;1189.52;1673.95;1189.08;1673.76;1175.23;1642.55;1175.67;10;0.8;stop
11882;2070.54;1106.21;2115.61;1103.11;2114.46;1086.41;2069.39;1089.52;9;0.51;stop
11906;716.83;1127.45;742.56;1124.0;740.98;1112.24;715.25;1115.69;10;0.64;stop
11927;2443.27;188.97;2444.51;168.33;2433.23;167.66;2431.99;188.29;10;0.56;stop
12146;2899.89;1217.5;2901.87;1203.54;2869.86;1199.0;2867.88;1212.96;10;0.83;stop
12147;3741.25;74.77;3771.81;71.0;3770.0;56.25;3739.44;60.01;10;0.68;stop
12197;2135.86;1158.09;2159.42;1158.04;2159.39;1143.66;2135.83;1143.71;10;0.75;stop
12320;2955.85;1189.68;2957.93;1176.01;2924.62;1170.94;2922.54;1184.61;10;0.81;move
12331;2779.57;1206.14;2780.14;1191.35;2747.93;1190.11;2747.36;1204.9;10;0.82;move
12338;2089.2;60.88;2100.06;59.93;2098.05;36.99;2087.19;37.94;10;0.53;stop
12348;2129.32;1121.23;2157.8;1120.96;2157.68;1108.52;2129.2;1108.79;10;0.72;stop
12441;2216.53;1117.52;2216.58;1104.46;2188.6;1104.35;2188.55;1117.41;10;0.82;stop
12539;2100.57;1138.77;2129.11;1138.65;2129.06;1125.85;2100.51;1125.97;10;0.8;stop
12544;1949.62;1476.15;1964.86;1475.31;1963.13;1443.79;1947.89;1444.63;10;0.8;move
12546;2264.1;1115.91;2292.06;1115.27;2291.77;1102.59;2263.81;1103.23;10;0.79;stop
12642;1746.45;1188.82;1775.55;1187.22;1774.8;1173.68;1745.7;1175.28;10;0.8;move
12718;559.19;159.94;585.38;158.14;584.56;146.15;558.37;147.95;10;0.6;stop
12732;2300.66;1112.6;2325.07;1112.39;2324.97;1100.28;2300.55;1100.49;10;0.7;stop
12749;2227.2;1116.37;2255.93;1115.48;2255.55;1103.26;2226.82;1104.15;10;0.81;stop
12765;3101.11;62.05;3115.25;61.51;3114.14;32.45;3100.0;32.99;10;0.75;stop
12825;1874.16;905.71;1890.84;904.33;1885.59;840.85;1868.91;842.23;9;0.76;stop
12877;12.62;1126.8;12.84;1115.97;-0.31;1115.7;-0.54;1126.53;10;0.49;stop
12901;202.15;1088.33;202.87;1065.52;189.72;1065.11;189.0;1087.92;10;0.5;stop
12910;2144.3;1139.35;2174.99;1138.84;2174.76;1125.28;2144.08;1125.78;10;0.78;stop
12998;3057.39;143.42;3078.49;140.47;3076.86;128.83;3055.76;131.78;10;0.42;stop
13022;1692.13;1188.05;1718.95;1187.88;1718.87;1175.58;1692.05;1175.74;10;0.79;stop
13054;2334.13;1113.57;2362.67;1112.95;2362.37;1099.3;2333.83;1099.93;10;0.78;stop
13088;867.89;1159.77;894.04;1158.99;893.67;1146.48;867.52;1147.26;10;0.75;move
13150;2185.05;1156.23;2215.13;1155.96;2215.01;1143.27;2184.94;1143.54;10;0.79;stop
13209;2002.92;664.98;2024.62;663.37;2023.64;650.14;2001.94;651.76;10;0.73;stop
13232;980.26;1155.32;1006.99;1154.24;1006.49;1141.93;979.76;1143.01;10;0.79;move
13327;2227.96;1136.44;2256.07;1136.09;2255.91;1123.68;2227.81;1124.04;10;0.82;stop
13399;2216.98;1138.32;2217.02;1125.27;2186.45;1125.18;2186.41;1138.23;10;0.81;stop
13400;1950.18;1411.04;1962.57;1408.39;1956.29;1378.96;1943.89;1381.61;10;0.79;move
13439;2387.6;1112.32;2416.07;1111.7;2415.78;1098.31;2387.31;1098.93;10;0.77;stop
13508;1755.33;1205.85;1784.51;1204.41;1783.92;1192.65;1754.74;1194.09;10;0.8;stop
13550;898.07;1644.27;910.16;1644.1;909.81;1619.35;897.72;1619.52;10;0.45;stop
13578;2426.2;1114.22;2458.32;1113.89;2458.17;1099.78;2426.06;1100.11;10;0.77;stop
13595;1936.18;1336.02;1948.72;1333.48;1942.82;1304.36;1930.28;1306.9;10;0.8;move
13602;1095.59;1154.51;1123.91;1153.56;1123.47;1140.49;1095.15;1141.44;10;0.8;move
13633;2209.44;1409.64;2224.25;1409.47;2223.81;1373.05;2209.0;1373.22;9;0.36;stop
13671;2265.1;1133.88;2288.72;1133.47;2288.52;1121.75;2264.9;1122.15;10;0.8;stop
13675;1941.15;2021.74;1950.44;1995.6;1937.85;1991.13;1928.56;2017.27;10;0.81;stop
13685;1554.48;1192.91;1580.58;1191.22;1579.77;1178.59;1553.67;1180.28;10;0.77;stop
13719;2304.48;1133.73;2335.88;1133.48;2335.77;1119.64;2304.37;1119.9;10;0.81;stop
13756;1864.74;737.8;1876.66;736.4;1873.63;710.64;1861.72;712.03;10;0.81;move
13775;1589.53;1191.96;1613.97;1190.72;1613.34;1178.41;1588.91;1179.66;10;0.76;stop
13836;2495.38;1111.28;2495.62;1098.71;2470.0;1098.22;2469.75;1110.79;10;0.79;stop
13840;1583.36;1174.61;1609.9;1173.53;1609.39;1160.89;1582.85;1161.97;10;0.78;stop
13876;1920.44;2066.32;1932.68;2037.27;1920.31;2032.06;1908.07;2061.1;10;0.78;stop
13928;1691.66;1205.3;1721.88;1204.59;1721.59;1192.08;1691.37;1192.78;10;0.81;stop
13940;2386.12;1134.29;2420.85;1133.77;2420.63;1119.08;2385.9;1119.6;10;0.79;stop
13989;1649.68;1207.14;1677.02;1206.99;1676.94;1193.61;1649.61;1193.76;10;0.82;stop
14010;1530.93;1177.24;1564.33;1176.37;1563.95;1161.63;1530.54;1162.51;10;0.74;stop
14068;1391.19;1147.17;1422.95;1146.01;1422.44;1132.08;1390.68;1133.24;10;0.8;move
14119;1836.71;591.9;1850.65;590.87;1848.79;565.73;1834.85;566.76;10;0.74;move
14158;1608.3;1209.13;1637.78;1208.18;1637.32;1193.87;1607.84;1194.82;10;0.81;stop
14188;1476.44;1177.13;1503.86;1176.74;1503.68;1163.99;1476.26;1164.38;10;0.7;stop
14250;1496.94;1195.89;1527.61;1194.64;1527.06;1181.24;1496.39;1182.49;10;0.7;stop
14254;1830.28;519.11;1842.81;517.78;1839.38;485.51;1826.85;486.85;10;0.65;stop
14257;1863.08;1001.67;1877.52;1000.61;1875.29;970.45;1860.86;971.52;10;0.81;stop
14284;1446.25;1175.85;1469.91;1175.54;1469.75;1163.02;1446.09;1163.33;10;0.73;stop
14335;340.92;2151.9;354.01;2151.79;353.76;2123.1;340.68;2123.21;10;0.63;stop
14354;2539.5;1115.72;2540.14;1101.86;2511.38;1100.53;2510.74;1114.39;10;0.79;stop
14355;3100.56;26.55;3115.49;26.1;3114.69;-0.67;3099.76;-0.23;10;0.6;stop
14415;1570.82;1211.06;1597.43;1210.54;1597.18;1197.57;1570.57;1198.09;10;0.78;stop
14444;2678.21;1133.65;2678.91;1120.82;2648.52;1119.16;2647.82;1131.99;10;0.79;move
14450;1825.49;450.0;1839.25;449.25;1837.51;417.38;1823.75;418.13;10;0.77;move
14498;1405.45;1179.5;1430.23;1178.11;1429.55;1166.12;1404.77;1167.51;10;0.79;stop
14515;1838.68;984.96;1852.55;984.16;1850.66;951.17;1836.8;951.96;10;0.79;stop
14530;3103.74;1149.95;3106.1;1132.99;3055.26;1125.93;3052.9;1142.88;9;0.72;stop
14534;-0.25;1251.08;17.24;1250.1;16.51;1237.05;-0.98;1238.03;10;0.59;stop
14556;2426.83;1132.71;2456.75;1131.98;2456.42;1118.41;2426.5;1119.15;10;0.75;stop
14567;2850.69;1145.78;2852.14;1134.49;2826.81;1131.22;2825.36;1142.51;10;0.8;move
14636;1828.54;834.43;1840.7;833.64;1838.96;806.94;1826.8;807.74;10;0.77;move
14650;1856.72;960.31;1870.3;958.6;1866.66;929.69;1853.07;931.4;10;0.76;stop
14701;1126.57;1238.86;1149.52;1227.25;1144.06;1216.45;1121.1;1228.06;10;0.79;stop
14724;3035.37;1167.41;3038.89;1146.93;2948.23;1131.34;2944.7;1151.82;9;0.67;move
14803;1820.89;384.01;1834.38;382.89;1831.99;353.99;1818.5;355.11;10;0.79;stop
14840;1836.19;729.54;1849.8;727.93;1845.94;695.27;1832.33;696.88;10;0.81;move
14863;1370.31;1180.6;1397.63;1179.7;1397.19;1166.15;1369.87;1167.05;10;0.8;stop
14924;1975.98;1910.6;1988.04;1824.82;1969.02;1822.15;1956.96;1907.93;9;0.39;stop
14925;3138.12;1184.81;3140.01;1171.66;3110.32;1167.37;3108.42;1180.52;10;0.77;move
14933;1448.4;1197.87;1479.48;1196.46;1478.85;1182.63;1447.77;1184.04;10;0.8;stop
14968;2577.9;1092.38;2578.3;1081.93;2557.35;1081.12;2556.95;1091.57;10;0.74;stop
14970;2505.79;1057.73;2519.22;1057.16;2518.08;1030.27;2504.66;1030.84;10;0.73;stop
14971;1338.95;1178.99;1362.92;1177.5;1362.17;1165.51;1338.21;1167.0;10;0.74;stop
14999;1817.84;332.7;1830.13;331.46;1827.49;305.18;1815.2;306.41;10;0.78;stop
15007;1909.09;2103.42;1919.63;2073.88;1906.54;2069.21;1896.0;2098.74;10;0.82;stop
15056;1297.13;1184.65;1326.83;1181.14;1325.24;1167.73;1295.55;1171.24;10;0.82;stop
15077;1405.09;1197.76;1434.88;1196.65;1434.41;1183.86;1404.62;1184.97;10;0.81;stop
15081;3247.73;1184.66;3249.68;1170.31;3215.4;1165.65;3213.45;1180.01;10;0.79;move
15111;1813.96;272.7;1826.12;271.21;1822.79;244.23;1810.63;245.73;10;0.78;move
15125;2543.31;1069.34;2555.38;1069.07;2554.81;1043.41;2542.74;1043.68;10;0.73;stop
15191;1557.88;1686.07;1558.38;1675.39;1534.74;1674.3;1534.25;1684.99;10;0.53;stop
15236;1512.6;1216.2;1552.63;1214.42;1551.9;1198.05;1511.87;1199.83;10;0.51;stop
15253;3358.16;1195.92;3360.58;1183.08;3332.78;1177.83;3330.36;1190.67;10;0.8;move
15292;1892.42;2140.02;1903.32;2110.42;1890.58;2105.73;1879.68;2135.33;10;0.64;stop
15345;2332.75;1095.77;2357.09;1095.58;2357.0;1084.48;2332.66;1084.67;10;0.74;stop
15348;3827.06;1907.02;3847.71;1893.27;3837.94;1878.6;3817.29;1892.35;10;0.36;stop
15445;1812.39;549.17;1825.07;547.79;1822.11;520.7;1809.43;522.09;10;0.76;move
15587;1804.28;466.77;1818.55;465.45;1815.88;436.6;1801.61;437.92;10;0.81;move
15611;1263.83;1187.49;1290.27;1184.44;1288.79;1171.64;1262.36;1174.69;10;0.72;stop
15718;2004.77;1554.43;2015.49;1553.16;2012.79;1530.32;2002.07;1531.59;10;0.73;stop
15720;3239.2;1111.14;3252.52;1085.41;3239.86;1078.86;3226.54;1104.59;10;0.67;stop
15744;3518.31;432.22;3527.66;403.9;3513.88;399.34;3504.52;427.66;10;0.48;stop
15769;3563.14;943.9;3586.84;942.59;3586.23;931.57;3562.54;932.87;10;0.63;stop
15795;1801.01;386.32;1812.6;385.21;1810.24;360.68;1798.65;361.79;10;0.79;move
15856;2253.69;667.65;2282.7;665.73;2281.94;654.23;2252.93;656.14;10;0.45;stop
15901;2540.39;1031.17;2553.03;1029.68;2549.86;1002.83;2537.22;1004.32;10;0.69;stop
15908;1373.51;1198.72;1399.97;1198.0;1399.62;1185.15;1373.16;1185.88;10;0.8;stop
15914;1792.01;285.94;1803.83;284.84;1801.24;256.87;1789.42;257.97;10;0.78;move
15982;2460.66;1572.35;2473.2;1571.79;2472.09;1546.72;2459.55;1547.27;10;0.44;stop
16023;1469.13;1214.36;1499.39;1212.51;1498.62;1199.89;1468.36;1201.74;10;0.76;stop
16132;1790.03;212.13;1804.79;210.91;1802.09;178.24;1787.33;179.46;10;0.83;move
16147;1027.43;1066.64;1040.06;1066.13;1039.2;1044.98;1026.57;1045.5;10;0.5;stop
16165;1000.69;1071.2;1013.61;1071.05;1013.34;1047.18;1000.42;1047.33;10;0.53;stop
16194;1329.86;1198.54;1354.73;1197.88;1354.39;1185.33;1329.52;1186.0;10;0.8;stop
16263;1228.05;1240.58;1245.95;1240.38;1245.82;1228.8;1227.93;1228.99;10;0.54;stop
16364;349.8;2117.87;351.71;2086.79;336.92;2085.88;335.01;2116.96;10;0.39;stop
16368;237.97;1952.8;240.57;1925.06;226.8;1923.77;224.2;1951.5;10;0.39;stop
16398;274.71;1669.02;275.51;1657.98;252.16;1656.29;251.36;1667.34;10;0.44;stop
16419;3214.45;1199.0;3216.35;1186.65;3187.74;1182.25;3185.84;1194.6;10;0.81;move
16476;3439.86;2038.93;3448.13;2028.98;3431.08;2014.82;3422.81;2024.77;10;0.42;stop
16527;3296.86;1211.19;3299.42;1197.97;3266.57;1191.62;3264.02;1204.84;10;0.81;move
16640;3776.03;157.82;3793.55;155.52;3789.59;125.31;3772.07;127.61;10;0.53;stop
16656;961.64;727.58;962.03;715.56;934.27;714.67;933.88;726.69;10;0.72;stop
16704;1883.88;1005.37;1896.61;1004.09;1893.87;976.88;1881.14;978.16;10;0.76;stop
16734;3396.43;1231.44;3398.91;1219.81;3369.5;1213.56;3367.03;1225.19;10;0.79;move
16749;1961.9;1628.36;1975.2;1627.37;1973.35;1602.64;1960.05;1603.63;10;0.8;move
16835;3466.49;1224.03;3469.22;1211.71;3439.14;1205.03;3436.4;1217.35;10;0.79;move
16837;1879.26;963.65;1895.15;962.08;1891.74;927.48;1875.85;929.04;10;0.79;stop
16880;1121.45;1683.28;1122.3;1672.52;1094.8;1670.34;1093.95;1681.1;10;0.37;stop
16885;3165.68;1412.88;3175.78;1380.8;3159.63;1375.71;3149.53;1407.79;10;0.75;stop
16915;2505.69;1639.99;2509.51;1602.67;2494.56;1601.14;2490.74;1638.46;10;0.47;stop
16949;3542.96;1243.37;3546.37;1229.76;3512.66;1221.32;3509.26;1234.92;10;0.78;move
17014;3048.61;1234.77;3051.14;1220.68;3013.73;1213.98;3011.21;1228.07;9;0.48;stop
17018;3563.5;1272.85;3566.33;1258.21;3533.37;1251.84;3530.54;1266.48;10;0.77;move
17068;3436.49;537.66;3464.41;535.74;3463.51;522.66;3435.59;524.58;10;0.71;stop
17095;322.28;1169.65;322.67;1157.19;294.12;1156.29;293.73;1168.75;10;0.78;move
17120;1282.2;1217.51;1282.98;1204.06;1253.55;1202.36;1252.77;1215.82;10;0.82;move
17146;452.84;172.65;473.04;159.01;465.91;148.44;445.71;162.08;10;0.49;stop
17152;1750.03;230.95;1760.92;230.17;1759.18;205.55;1748.28;206.33;10;0.59;stop
17168;3636.2;1288.75;3639.14;1275.24;3605.05;1267.81;3602.11;1281.32;10;0.79;move
17174;3464.02;739.77;3465.43;727.04;3443.48;724.61;3442.07;737.33;10;0.42;stop
17188;1511.26;837.35;1513.29;808.38;1499.24;807.4;1497.21;836.37;10;0.53;stop
17206;2730.71;1354.28;2730.99;1340.19;2698.16;1339.53;2697.88;1353.63;10;0.66;stop
17219;1933.69;1662.74;1951.67;1661.69;1948.59;1608.76;1930.61;1609.81;9;0.52;stop
17223;444.9;1244.91;473.16;1243.42;472.45;1230.08;444.18;1231.58;10;0.4;stop
17238;683.56;1242.33;716.05;1240.38;715.19;1226.1;682.7;1228.06;10;0.8;stop
17264;3567.99;349.77;3577.66;323.51;3564.51;318.67;3554.84;344.93;10;0.72;move
17324;964.6;1216.01;991.77;1214.88;991.22;1201.62;964.05;1202.75;10;0.81;move
17347;1092.68;1243.97;1118.6;1242.81;1117.94;1228.21;1092.03;1229.37;10;0.36;stop
17352;3658.23;1273.0;3661.69;1258.02;3626.15;1249.81;3622.69;1264.79;10;0.81;move
17362;3712.45;1306.51;3715.53;1292.38;3682.54;1285.21;3679.47;1299.34;10;0.81;move
17380;3535.93;434.29;3547.03;406.29;3533.75;401.03;3522.66;429.02;10;0.66;move
17391;549.03;1224.64;578.12;1223.98;577.84;1211.93;548.76;1212.58;10;0.77;move
17406;890.73;1204.72;891.0;1193.21;866.8;1192.65;866.53;1204.16;10;0.78;move
17458;503.78;1304.27;530.1;1302.74;529.35;1289.8;503.03;1291.32;10;0.43;stop
17490;576.03;1167.76;604.33;1167.67;604.28;1153.49;575.98;1153.58;10;0.79;move
17512;2548.67;1360.03;2548.85;1347.69;2521.33;1347.29;2521.15;1359.62;10;0.4;stop
17516;3772.27;1322.15;3775.15;1306.41;3735.23;1299.1;3732.35;1314.84;10;0.76;move
17564;1512.9;739.5;1513.5;717.66;1503.22;717.37;1502.62;739.22;10;0.46;stop
17577;3119.52;273.88;3132.4;273.04;3130.79;248.31;3117.91;249.15;10;0.48;stop
17647;2148.06;1370.18;2160.71;1368.18;2158.44;1357.94;2145.79;1359.95;10;0.58;stop
17653;3716.49;1286.78;3719.86;1271.51;3682.26;1263.22;3678.89;1278.49;10;0.8;move
17662;684.83;1163.26;719.03;1162.27;718.61;1147.67;684.4;1148.67;10;0.6;move
17663;1114.86;1115.03;1133.22;1114.9;1133.16;1106.28;1114.8;1106.42;10;0.38;stop
17682;625.77;1208.99;626.13;1194.64;593.92;1193.82;593.55;1208.18;10;0.81;move
17694;3653.2;1195.35;3668.04;1193.84;3664.92;1163.23;3650.08;1164.75;10;0.39;stop
17720;869.92;1518.74;870.34;1504.91;845.01;1504.13;844.58;1517.97;10;0.43;stop
17789;1386.7;1684.17;1386.79;1673.03;1362.8;1672.83;1362.71;1683.97;10;0.43;stop
17790;486.92;1209.8;517.47;1209.04;517.14;1195.83;486.59;1196.59;10;0.73;move
17792;1853.68;882.94;1865.88;881.82;1863.32;854.06;1851.12;855.18;10;0.81;move
17841;1330.98;114.95;1354.52;112.46;1353.27;100.65;1329.73;103.14;10;0.37;stop
17868;2969.55;1425.29;2981.25;1413.94;2951.7;1383.46;2940.0;1394.81;9;0.7;stop
17870;675.93;1306.91;703.39;1306.34;703.13;1293.72;675.67;1294.29;10;0.49;stop
17909;304.79;1218.7;331.98;1216.19;330.83;1203.8;303.64;1206.31;10;0.79;move
17911;19.3;233.86;46.44;231.85;45.56;219.89;18.42;221.9;10;0.44;stop
17919;784.9;1162.52;813.97;1161.02;813.31;1148.23;784.24;1149.73;10;0.76;move
17922;3154.76;1365.52;3165.32;1331.74;3147.12;1326.05;3136.56;1359.83;9;0.54;stop
17925;3410.73;2107.91;3441.73;2095.02;3435.83;2080.84;3404.83;2093.73;10;0.38;stop
17932;3385.01;928.0;3391.41;897.4;3375.31;894.03;3368.9;924.63;9;0.35;stop
17935;1968.99;2159.98;1970.03;2135.78;1958.01;2135.27;1956.97;2159.47;10;0.42;stop
17948;3213.47;1321.31;3224.38;1289.19;3208.4;1283.76;3197.49;1315.89;10;0.44;stop
17950;1866.6;782.1;1879.28;780.63;1875.9;751.28;1863.22;752.74;10;0.76;stop
17997;219.42;1220.75;245.8;1219.87;245.35;1206.44;218.97;1207.32;10;0.77;move
18027;15.07;235.24;15.14;223.77;-0.47;223.67;-0.54;235.14;10;0.46;stop
18061;1806.91;159.86;1818.78;159.04;1816.76;129.83;1804.89;130.65;10;0.79;move
18070;3799.31;1307.4;3802.57;1292.49;3766.31;1284.55;3763.05;1299.46;10;0.81;stop
18071;180.98;1209.2;203.68;1208.66;203.39;1196.43;180.69;1196.96;10;0.63;move
18076;487.47;168.21;518.64;167.81;518.47;154.76;487.3;155.16;10;0.5;stop
18091;253.11;1134.83;253.24;1123.86;231.86;1123.6;231.73;1134.58;10;0.39;stop
18096;722.36;1142.0;755.72;1139.34;754.48;1123.75;721.12;1126.41;10;0.66;stop
18099;1092.63;408.61;1116.48;407.05;1115.75;395.77;1091.89;397.32;10;0.46;stop
18103;332.56;1272.24;337.96;1246.52;326.03;1244.01;320.63;1269.73;10;0.5;stop
18164;128.45;1226.38;157.94;1225.38;157.49;1212.06;128.0;1213.05;10;0.71;move
18168;2663.87;1410.14;2683.32;1409.43;2681.75;1366.92;2662.31;1367.63;10;0.4;stop
18169;1916.34;1425.37;1929.86;1423.15;1924.41;1389.95;1910.89;1392.16;9;0.46;stop
18204;312.89;1770.63;326.57;1769.03;323.2;1740.31;309.53;1741.91;10;0.36;stop
18207;153.93;1083.97;170.89;1083.52;170.21;1057.28;153.25;1057.73;10;0.39;stop
18215;3174.9;152.25;3205.17;146.46;3202.91;134.63;3172.64;140.42;10;0.59;move
18237;3766.98;968.89;3797.74;966.53;3796.77;953.92;3766.01;956.28;10;0.46;stop
18248;1776.58;93.44;1788.99;92.75;1787.61;68.0;1775.2;68.69;10;0.76;move
18251;66.96;1211.52;97.58;1210.43;97.1;1196.92;66.48;1198.01;10;0.76;move
18253;1366.23;112.31;1392.6;111.57;1392.27;99.76;1365.9;100.49;10;0.39;stop
18264;3834.35;1337.85;3838.41;1321.12;3793.15;1310.12;3789.08;1326.84;10;0.4;stop
18265;313.25;1799.84;327.36;1799.42;326.6;1773.91;312.48;1774.33;10;0.42;stop
18268;1036.29;1681.4;1054.94;1680.59;1054.53;1671.1;1035.88;1671.91;10;0.4;stop
18281;524.77;98.25;531.43;91.12;515.86;76.59;509.2;83.72;10;0.47;stop
18287;2558.81;626.14;2587.08;622.74;2585.44;609.11;2557.17;612.51;10;0.76;move
18290;3049.17;1235.16;3051.94;1220.6;3015.04;1213.59;3012.28;1228.15;10;0.49;stop
18300;3501.62;483.57;3506.8;457.61;3493.07;454.87;3487.89;480.83;10;0.39;stop
18313;509.98;1341.89;543.68;1315.69;534.39;1303.74;500.69;1329.93;9;0.36;stop
18317;3387.56;557.92;3421.66;557.6;3421.51;541.76;3387.41;542.09;10;0.69;move
18323;2532.42;1331.17;2581.07;1329.15;2580.33;1311.45;2531.68;1313.47;9;0.59;stop
18324;2470.52;424.26;2482.43;422.72;2479.11;396.99;2467.19;398.53;10;0.7;move
18330;1853.9;661.31;1866.4;658.74;1860.76;631.31;1848.26;633.88;10;0.8;move
18333;332.37;1935.9;337.5;1911.12;326.22;1908.78;321.09;1933.57;10;0.41;stop
18339;546.3;1711.47;546.66;1699.79;526.2;1699.15;525.84;1710.83;10;0.36;stop
18341;3404.71;992.33;3427.63;990.64;3426.85;980.17;3403.93;981.86;10;0.51;stop
18348;502.97;1126.92;519.07;1126.61;518.9;1118.39;502.81;1118.71;10;0.37;stop
18351;2235.68;1335.49;2236.81;1323.8;2209.76;1321.19;2208.64;1332.89;10;0.35;stop
18362;177.93;1663.34;178.69;1650.33;153.31;1648.85;152.55;1661.86;10;0.38;stop
18368;164.21;1951.23;166.9;1926.63;155.01;1925.33;152.32;1949.93;10;0.38;stop
18371;1999.27;1905.99;2003.32;1866.72;1986.79;1865.01;1982.74;1904.28;9;0.45;stop
18372;885.93;1963.13;909.23;1962.69;909.01;1950.75;885.7;1951.19;10;0.36;stop
18374;1164.97;1157.61;1197.78;1157.08;1197.53;1141.14;1164.72;1141.67;10;0.68;move
18377;1770.73;37.51;1782.89;36.52;1780.8;10.87;1768.64;11.86;10;0.75;move
18380;1921.74;1471.18;1937.51;1468.32;1929.89;1426.26;1914.12;1429.11;10;0.41;stop
18386;1688.33;1230.0;1688.6;1215.91;1680.22;1215.75;1679.95;1229.84;10;0.68;stop
18390;2375.88;1215.99;2407.38;1215.7;2407.24;1200.51;2375.74;1200.8;10;0.76;stop
18391;337.35;226.38;337.72;214.08;311.86;213.31;311.5;225.61;10;0.35;stop
18396;2939.93;1393.33;2950.77;1381.71;2917.57;1350.73;2906.73;1362.35;9;0.35;stop
18403;10.64;1229.06;10.82;1217.06;-0.84;1216.88;-1.02;1228.88;10;0.72;stop
18405;1763.25;225.87;1776.56;224.52;1773.1;190.38;1759.79;191.73;10;0.49;stop
18407;1971.93;1721.19;1972.83;1683.45;1956.48;1683.06;1955.58;1720.8;10;0.6;stop
18410;926.54;1244.8;965.67;1244.02;965.34;1227.38;926.21;1228.17;9;0.42;stop
18416;3686.45;139.52;3687.18;126.14;3663.55;124.85;3662.82;138.24;10;0.4;stop
18417;3649.51;930.88;3672.62;930.34;3672.36;919.27;3649.25;919.81;10;0.44;stop
