vehicle_id;veh_bb_x1;veh_bb_y1;veh_bb_x2;veh_bb_y2;veh_bb_x3;veh_bb_y3;veh_bb_x4;veh_bb_y4;det_class;conf_score;state
1;2764.86;1103.21;2766.57;1089.8;2737.14;1086.04;2735.43;1099.45;10;0.83;stop
2;1971.24;1716.26;2003.73;1707.65;2000.01;1693.61;1967.52;1702.23;10;0.83;stop
3;3709.04;1008.35;3709.82;993.05;3676.59;991.34;3675.8;1006.64;10;0.79;stop
5;1018.3;576.21;1020.02;563.83;993.57;560.16;991.85;572.53;10;0.83;stop
6;639.01;1555.91;640.44;1544.04;616.3;1541.12;614.87;1552.99;10;0.82;stop
9;1976.61;1547.18;1978.29;1515.31;1963.14;1514.5;1961.46;1546.38;10;0.8;move
10;2540.02;1209.78;2541.06;1195.49;2509.73;1193.22;2508.69;1207.51;10;0.82;stop
11;3374.42;1372.1;3380.54;1359.34;3352.14;1345.72;3346.02;1358.47;10;0.71;stop
12;743.41;1564.95;744.69;1552.05;718.16;1549.42;716.88;1562.32;10;0.79;stop
15;2689.63;1433.91;2693.73;1405.98;2679.62;1403.91;2675.52;1431.84;10;0.73;stop
16;1939.98;1940.98;1948.05;1907.71;1933.86;1904.27;1925.79;1937.54;10;0.81;stop
20;1938.07;495.94;1953.28;495.62;1952.65;464.81;1937.44;465.13;10;0.75;move
21;842.49;1108.69;843.08;1095.34;814.35;1094.06;813.76;1107.41;10;0.83;stop
22;3063.08;1292.8;3066.4;1276.96;3032.92;1269.95;3029.6;1285.79;10;0.82;stop
23;2925.92;1126.87;2928.36;1112.58;2897.83;1107.38;2895.39;1121.67;10;0.8;stop
25;1993.54;1335.51;1997.09;1308.25;1984.09;1306.55;1980.53;1333.81;10;0.81;move
26;927.33;992.07;927.87;979.01;898.82;977.8;898.28;990.87;10;0.82;stop
28;1436.82;1624.39;1437.96;1611.58;1407.18;1608.86;1406.04;1621.67;10;0.8;stop
29;1979.6;1250.45;1980.66;1221.68;1966.9;1221.17;1965.84;1249.95;10;0.77;stop
34;1946.36;316.19;1962.2;316.04;1961.89;281.75;1946.05;281.89;10;0.78;move
35;3031.88;1148.88;3034.65;1136.26;3007.87;1130.37;3005.1;1142.99;10;0.8;stop
36;1890.77;1842.2;1897.35;1810.37;1882.48;1807.3;1875.9;1839.13;10;0.78;stop
37;2822.69;1202.23;2823.83;1188.13;2792.23;1185.58;2791.09;1199.68;10;0.81;stop
38;1932.98;769.27;1946.08;769.24;1946.02;740.48;1932.92;740.51;10;0.76;move
39;1001.96;1118.13;1002.8;1104.43;973.26;1102.62;972.42;1116.32;10;0.82;stop
41;2234.69;1192.55;2235.53;1177.43;2202.5;1175.58;2201.65;1190.7;10;0.82;stop
42;388.5;1534.05;390.14;1522.04;363.84;1518.45;362.2;1530.46;10;0.79;stop
43;1256.87;1648.69;1258.27;1636.07;1229.95;1632.93;1228.55;1645.55;10;0.72;stop
44;2005.92;689.85;2006.7;659.37;1993.08;659.03;1992.3;689.5;10;0.82;stop
45;820.57;985.64;821.32;972.38;792.4;970.73;791.65;984.0;10;0.82;stop
46;1248.57;1015.14;1281.84;1011.87;1280.43;997.48;1247.16;1000.76;10;0.77;stop
48;2093.1;1305.28;2093.29;1292.75;2067.15;1292.35;2066.96;1304.88;10;0.82;stop
49;3106.93;1302.2;3110.05;1286.93;3074.57;1279.67;3071.45;1294.95;10;0.83;stop
50;2731.88;1099.44;2733.64;1084.81;2700.37;1080.81;2698.61;1095.44;10;0.82;stop
52;1724.51;1652.17;1726.01;1638.19;1696.98;1635.08;1695.48;1649.06;10;0.81;stop
53;1962.7;75.7;1963.04;41.46;1947.8;41.3;1947.46;75.54;10;0.76;move
54;3311.57;672.27;3313.9;644.15;3300.62;643.05;3298.28;671.16;10;0.79;stop
55;1243.37;1011.12;1243.9;997.02;1213.63;995.88;1213.1;1009.98;10;0.81;stop
56;2194.34;1189.15;2195.1;1175.94;2169.72;1174.47;2168.96;1187.69;10;0.82;stop
57;1976.49;1334.17;1977.36;1307.18;1964.57;1306.77;1963.7;1333.76;10;0.79;stop
58;1966.33;1646.37;1968.74;1612.74;1953.17;1611.63;1950.76;1645.26;10;0.82;move
59;539.69;970.17;540.45;956.09;511.25;954.52;510.49;968.6;10;0.81;stop
66;2881.66;1249.06;2883.89;1235.19;2854.34;1230.44;2852.11;1244.31;10;0.77;stop
69;958.39;993.42;959.18;980.27;933.02;978.7;932.23;991.85;10;0.82;stop
73;2612.1;505.16;2612.69;479.52;2599.65;479.22;2599.06;504.86;10;0.81;stop
74;1099.83;588.09;1101.93;574.24;1070.86;569.53;1068.76;583.38;10;0.81;stop
75;887.43;991.68;888.1;978.53;859.7;977.07;859.02;990.22;10;0.82;stop
76;2393.62;1200.79;2394.29;1186.79;2363.63;1185.34;2362.96;1199.33;10;0.81;stop
77;1295.17;1651.89;1296.41;1638.11;1265.89;1635.36;1264.65;1649.14;10;0.8;stop
78;1976.77;1485.6;1979.11;1454.58;1964.29;1453.46;1961.96;1484.49;10;0.82;move
84;713.37;1600.17;714.21;1586.4;683.51;1584.51;682.66;1598.29;10;0.72;stop
85;2791.37;605.29;2791.49;589.72;2757.88;589.46;2757.76;605.03;10;0.8;stop
86;392.9;962.66;394.15;949.69;366.47;947.03;365.23;959.99;10;0.81;stop
89;3069.41;1158.06;3072.28;1144.33;3042.34;1138.07;3039.47;1151.79;10;0.82;stop
90;2136.81;1097.77;2137.75;1084.47;2109.69;1082.48;2108.75;1095.78;10;0.82;stop
91;2960.46;109.47;2989.7;108.64;2989.29;94.16;2960.05;94.99;10;0.79;stop
92;2995.1;106.08;3020.41;105.99;3020.37;93.61;2995.06;93.7;10;0.79;stop
97;1715.51;1163.64;1717.53;1149.0;1687.62;1144.86;1685.59;1159.5;10;0.81;stop
98;2790.95;1236.58;2793.12;1222.1;2759.43;1217.05;2757.26;1231.53;10;0.81;stop
99;2198.51;1101.27;2198.77;1087.38;2170.05;1086.86;2169.79;1100.74;10;0.82;stop
101;1208.51;1605.17;1209.73;1592.41;1182.68;1589.83;1181.46;1602.59;10;0.77;stop
103;2610.85;1215.67;2612.17;1201.38;2581.78;1198.58;2580.46;1212.87;10;0.8;stop
104;1993.64;1688.73;1994.72;1662.03;1982.11;1661.52;1981.03;1688.22;10;0.78;stop
105;1105.59;1836.58;1107.47;1809.37;1093.79;1808.42;1091.91;1835.63;10;0.8;stop
106;3602.8;1409.61;3607.58;1394.51;3571.89;1383.2;3567.11;1398.3;10;0.44;stop
109;3375.9;1019.34;3401.43;1000.29;3392.85;988.79;3367.32;1007.84;10;0.77;stop
110;2867.32;1387.08;2869.26;1373.46;2839.24;1369.17;2837.3;1382.79;10;0.74;stop
111;2941.02;1263.65;2944.74;1241.4;2888.36;1231.98;2884.64;1254.22;9;0.73;stop
112;1999.94;1396.69;2002.99;1368.34;1989.31;1366.87;1986.26;1395.22;10;0.8;stop
116;538.94;1086.19;540.29;1073.06;511.06;1070.06;509.71;1083.19;10;0.8;stop
119;2108.06;1184.13;2109.05;1169.33;2076.0;1167.12;2075.01;1181.92;10;0.82;stop
120;2787.75;1342.25;2788.17;1329.41;2760.38;1328.5;2759.95;1341.34;10;0.77;stop
122;1839.0;756.1;1839.74;725.89;1825.12;725.53;1824.38;755.74;10;0.8;stop
123;503.16;968.68;503.88;954.77;473.72;953.19;472.99;967.11;10;0.8;stop
125;2961.62;1134.73;2964.51;1120.16;2934.13;1114.14;2931.24;1128.71;10;0.81;stop
126;613.48;1553.5;614.61;1538.97;582.77;1536.5;581.64;1551.03;10;0.75;stop
127;2012.76;1650.88;2012.99;1626.36;2001.24;1626.25;2001.01;1650.77;10;0.65;stop
128;1976.42;1419.45;1978.59;1385.01;1963.33;1384.05;1961.16;1418.49;10;0.82;move
129;1989.82;657.37;1990.1;624.13;1974.3;624.0;1974.02;657.24;10;0.81;stop
131;2277.46;1193.24;2278.11;1179.53;2251.42;1178.26;2250.77;1191.97;10;0.79;stop
133;1283.52;1611.01;1285.24;1598.55;1261.23;1595.24;1259.51;1607.7;10;0.79;stop
134;2675.21;1094.33;2677.16;1080.35;2644.54;1075.79;2642.59;1089.77;10;0.81;stop
135;2499.19;1208.33;2500.14;1193.22;2469.56;1191.3;2468.61;1206.4;10;0.8;stop
137;2609.02;401.06;2609.75;374.42;2597.11;374.07;2596.37;400.71;10;0.78;stop
138;2611.82;541.95;2612.66;512.57;2598.8;512.18;2597.97;541.56;10;0.79;stop
139;786.56;983.1;787.0;970.84;760.17;969.9;759.74;982.16;10;0.81;stop
140;2132.81;1118.34;2134.01;1104.85;2106.38;1102.41;2105.18;1115.9;10;0.81;stop
143;1221.28;1644.63;1222.56;1632.09;1193.53;1629.12;1192.25;1641.66;10;0.78;stop
144;1821.74;1697.69;1823.43;1684.43;1794.01;1680.69;1792.32;1693.94;10;0.77;stop
145;1866.88;1703.15;1867.87;1689.63;1839.99;1687.6;1839.01;1701.12;10;0.77;stop
148;1061.26;582.08;1063.41;569.45;1036.3;564.85;1034.16;577.49;10;0.81;stop
151;3714.15;1049.06;3750.44;1048.56;3750.23;1033.12;3713.93;1033.63;10;0.77;stop
152;636.91;1593.29;637.77;1579.53;609.96;1577.8;609.11;1591.56;10;0.77;stop
154;1996.63;73.9;1997.68;48.08;1986.06;47.6;1985.01;73.42;10;0.79;stop
155;3137.01;1243.91;3140.21;1229.09;3110.49;1222.65;3107.28;1237.47;10;0.79;stop
156;1189.1;1133.68;1189.28;1118.53;1160.27;1118.2;1160.1;1133.34;10;0.78;stop
157;11.79;954.57;12.21;942.9;-0.22;942.47;-0.63;954.13;10;0.69;stop
159;2356.24;1199.1;2357.05;1185.36;2327.88;1183.65;2327.08;1197.39;10;0.79;stop
160;2961.94;1396.74;2970.04;1383.67;2938.31;1364.01;2930.21;1377.08;10;0.78;stop
161;1412.66;1017.71;1413.19;1003.95;1382.96;1002.79;1382.43;1016.55;10;0.8;stop
166;2156.36;1187.03;2156.87;1173.22;2126.14;1172.09;2125.63;1185.9;10;0.8;stop
167;1979.64;1294.37;1980.25;1265.28;1966.86;1265.01;1966.25;1294.09;10;0.77;stop
168;1799.03;2076.72;1812.08;2048.74;1799.85;2043.03;1786.8;2071.01;10;0.74;stop
169;2933.86;108.54;2933.87;94.45;2905.83;94.43;2905.82;108.52;10;0.79;stop
171;1135.08;1002.96;1135.97;991.27;1111.54;989.41;1110.65;1001.1;10;0.81;stop
172;2105.08;1078.68;2106.41;1064.98;2077.86;1062.19;2076.52;1075.89;10;0.79;stop
173;2574.99;1211.42;2575.5;1198.26;2547.88;1197.2;2547.38;1210.36;10;0.79;stop
174;3405.89;998.2;3427.43;977.31;3417.23;966.8;3395.7;987.69;10;0.78;stop
178;172.75;1059.31;173.63;1045.32;144.83;1043.5;143.95;1057.5;10;0.78;stop
179;1946.88;898.37;1946.88;865.63;1932.12;865.63;1932.12;898.37;10;0.8;move
180;2002.74;915.23;2004.8;883.99;1991.01;883.08;1988.95;914.32;10;0.82;stop
181;804.9;1609.06;806.22;1595.67;775.94;1592.69;774.62;1606.08;10;0.72;stop
183;2810.95;1109.08;2812.79;1094.78;2777.95;1090.3;2776.11;1104.59;10;0.8;stop
184;2150.45;1080.58;2151.11;1065.1;2117.99;1063.67;2117.33;1079.15;10;0.81;stop
186;1784.27;1694.33;1786.23;1680.66;1754.98;1676.17;1753.02;1689.84;10;0.75;stop
189;2612.18;83.69;2612.96;57.34;2599.57;56.93;2598.79;83.29;10;0.78;stop
190;2612.28;887.2;2613.65;856.05;2599.47;855.43;2598.1;886.58;10;0.79;stop
191;2869.93;110.66;2897.91;109.97;2897.57;96.34;2869.59;97.03;10;0.76;stop
192;3312.47;640.15;3313.38;608.11;3297.84;607.67;3296.93;639.7;10;0.8;stop
193;131.54;1057.64;132.48;1038.51;77.29;1035.8;76.35;1054.93;9;0.78;stop
198;1400.39;1145.4;1401.42;1131.36;1373.86;1129.35;1372.83;1143.39;10;0.8;stop
199;455.47;1538.63;456.91;1526.85;435.16;1524.18;433.72;1535.96;10;0.72;stop
200;2500.28;1750.42;2505.25;1715.48;2490.97;1713.45;2486.0;1748.4;10;0.79;stop
202;3114.2;1279.39;3117.34;1264.91;3083.05;1257.48;3079.91;1271.97;10;0.81;move
203;2846.7;560.68;2874.21;559.4;2873.55;545.19;2846.04;546.48;10;0.77;stop
205;2870.69;1115.93;2872.74;1102.49;2846.18;1098.45;2844.13;1111.88;10;0.78;stop
206;2650.29;1218.02;2651.01;1204.52;2622.21;1202.98;2621.49;1216.48;10;0.78;stop
207;2696.94;1399.57;2699.2;1375.1;2682.44;1373.55;2680.18;1398.03;10;0.59;stop
208;1924.52;1978.85;1935.06;1946.44;1920.73;1941.78;1910.19;1974.19;10;0.82;stop
209;1839.51;197.41;1839.6;168.83;1824.61;168.78;1824.53;197.36;10;0.8;stop
210;1822.76;681.56;1836.08;681.39;1835.74;654.94;1822.42;655.11;10;0.77;stop
211;1992.25;759.67;2005.96;759.5;2005.62;730.96;1991.91;731.12;10;0.8;stop
212;2070.67;1173.98;2071.42;1160.78;2044.76;1159.27;2044.01;1172.47;10;0.8;stop
214;2682.46;1223.05;2683.66;1209.46;2655.29;1206.95;2654.09;1220.54;10;0.8;stop
215;3026.49;1472.49;3039.91;1461.31;3011.01;1426.63;2997.59;1437.82;9;0.69;stop
216;307.66;1564.94;309.21;1552.7;283.43;1549.44;281.88;1561.68;10;0.7;stop
217;605.7;1591.88;606.82;1578.17;573.67;1575.47;572.56;1589.18;10;0.77;stop
219;2808.56;561.4;2838.86;560.69;2838.56;547.85;2808.26;548.56;10;0.78;stop
220;2955.79;561.09;2985.46;560.05;2984.96;545.91;2955.29;546.95;10;0.79;stop
221;1192.16;1011.94;1193.69;990.9;1142.78;987.19;1141.25;1008.22;9;0.82;stop
223;67.19;962.67;68.48;947.78;38.1;945.14;36.81;960.03;10;0.8;stop
224;2924.27;1377.43;2930.23;1363.11;2894.98;1348.45;2889.02;1362.76;10;0.78;stop
225;1992.02;721.8;2004.53;721.63;2004.17;695.7;1991.66;695.87;10;0.78;stop
226;2969.62;1225.29;2971.86;1212.02;2941.88;1206.96;2939.64;1220.23;10;0.8;stop
227;1306.57;1142.25;1307.84;1124.77;1258.99;1121.25;1257.73;1138.73;9;0.8;stop
228;2459.7;1204.36;2460.55;1190.35;2430.3;1188.51;2429.45;1202.53;10;0.78;stop
229;426.25;1535.84;427.31;1523.35;398.28;1520.87;397.22;1533.37;10;0.76;stop
230;1821.5;2026.6;1832.91;2001.74;1821.25;1996.4;1809.84;2021.26;10;0.61;stop
234;699.09;1956.11;699.68;1926.38;684.66;1926.08;684.07;1955.81;10;0.74;stop
236;2009.57;44.93;2009.58;20.9;1997.68;20.89;1997.67;44.92;10;0.68;stop
238;1994.82;238.58;2008.23;238.52;2008.12;210.86;1994.7;210.91;10;0.76;stop
239;2610.38;434.24;2610.93;409.78;2599.12;409.51;2598.57;433.97;10;0.77;stop
241;3289.06;1288.61;3291.12;1273.82;3255.63;1268.89;3253.57;1283.68;10;0.82;move
242;1141.17;1129.92;1142.09;1116.46;1112.77;1114.45;1111.85;1127.92;10;0.81;stop
247;1666.97;1686.04;1668.7;1673.38;1642.78;1669.84;1641.05;1682.5;10;0.74;stop
249;636.94;1144.11;637.79;1130.42;605.25;1128.39;604.4;1142.08;10;0.76;stop
250;1496.5;948.3;1500.43;915.17;1487.0;913.58;1483.07;946.71;10;0.79;stop
252;3063.15;1537.76;3083.72;1524.94;3050.85;1472.18;3030.28;1485.0;9;0.75;stop
253;2913.8;1213.16;2916.04;1199.33;2885.2;1194.34;2882.96;1208.17;10;0.81;stop
254;3202.17;1056.3;3202.19;1040.01;3164.4;1039.95;3164.37;1056.24;10;0.78;stop
256;103.18;1539.2;105.2;1525.02;72.37;1520.33;70.35;1534.51;10;0.48;stop
257;2515.33;1606.05;2518.52;1574.67;2504.04;1573.2;2500.85;1604.58;10;0.77;stop
258;2771.88;562.03;2802.59;560.98;2802.12;547.22;2771.41;548.27;10;0.78;stop
260;1350.89;1016.75;1351.6;1003.02;1322.11;1001.5;1321.4;1015.23;10;0.79;stop
261;1891.62;1224.37;1903.88;1221.42;1897.38;1194.38;1885.12;1197.33;10;0.77;stop
262;2247.47;1085.51;2248.4;1070.83;2217.28;1068.87;2216.35;1083.55;10;0.81;stop
263;375.06;1569.95;376.18;1557.62;349.63;1555.21;348.51;1567.54;10;0.71;stop
264;132.26;964.31;133.06;950.46;101.65;948.66;100.85;962.5;10;0.82;move
265;1854.01;361.73;1854.93;328.27;1841.52;327.9;1840.6;361.36;10;0.79;stop
266;2604.28;567.28;2634.92;566.29;2634.47;552.1;2603.83;553.08;10;0.79;stop
267;3161.68;558.62;3190.93;556.52;3189.89;542.0;3160.63;544.11;10;0.76;stop
268;979.21;571.86;981.21;558.36;953.91;554.31;951.91;567.81;10;0.76;stop
270;3377.91;1161.7;3392.37;1134.45;3379.59;1127.67;3365.13;1154.92;10;0.79;stop
271;1188.06;1641.99;1189.46;1629.25;1160.94;1626.13;1159.54;1638.88;10;0.68;stop
272;1837.8;689.95;1851.23;689.72;1850.7;658.93;1837.27;659.16;10;0.77;stop
273;2004.26;795.96;2004.75;771.39;1993.05;771.16;1992.56;795.73;10;0.77;stop
277;2336.04;1131.46;2336.47;1116.12;2301.96;1115.17;2301.53;1130.51;10;0.79;stop
279;2824.86;1239.28;2826.39;1226.72;2798.64;1223.34;2797.11;1235.91;10;0.75;stop
281;1991.74;111.78;1992.72;82.16;1979.14;81.72;1978.16;111.34;10;0.77;stop
282;1839.72;272.16;1840.43;241.2;1824.88;240.84;1824.16;271.8;10;0.78;stop
283;2773.57;115.07;2801.86;114.47;2801.56;99.81;2773.26;100.4;10;0.61;stop
285;2004.78;379.98;2005.2;351.48;1990.84;351.27;1990.42;379.77;10;0.75;stop
286;1823.2;715.81;1839.13;714.98;1837.55;684.82;1821.62;685.65;10;0.79;stop
287;764.7;1103.34;765.43;1089.68;737.21;1088.16;736.48;1101.82;10;0.78;stop
289;3583.68;825.25;3598.42;796.23;3584.45;789.13;3569.7;818.14;10;0.79;stop
290;1777.77;2111.8;1792.05;2086.55;1780.37;2079.95;1766.09;2105.2;10;0.68;stop
291;3030.08;108.54;3060.59;105.54;3059.17;91.15;3028.66;94.15;10;0.72;stop
292;808.86;1106.16;809.74;1091.24;779.26;1089.47;778.39;1104.38;10;0.82;stop
294;1471.71;1146.75;1472.18;1133.45;1445.41;1132.5;1444.94;1145.8;10;0.76;stop
295;2090.79;1113.58;2091.27;1100.28;2064.02;1099.29;2063.54;1112.6;10;0.74;stop
296;3675.05;1048.17;3708.83;1047.89;3708.7;1033.08;3674.92;1033.36;10;0.68;stop
297;1103.61;1869.1;1105.74;1839.96;1091.27;1838.9;1089.14;1868.04;10;0.76;stop
298;1006.56;1587.7;1007.65;1575.83;982.72;1573.55;981.63;1585.42;10;0.75;stop
299;1985.8;840.25;2000.43;839.39;1998.58;807.87;1983.94;808.73;10;0.79;stop
300;2919.25;561.62;2947.51;561.07;2947.25;547.63;2918.99;548.18;10;0.76;stop
301;2612.29;737.89;2613.2;710.44;2599.46;709.99;2598.55;737.43;10;0.78;stop
302;1685.05;1648.17;1686.55;1633.25;1655.07;1630.08;1653.57;1645.0;10;0.74;stop
303;1359.03;2140.18;1362.99;2110.69;1349.97;2108.94;1346.01;2138.44;10;0.67;stop
304;3279.89;1428.2;3291.72;1397.47;3276.98;1391.8;3265.15;1422.53;10;0.73;stop
305;3800.84;1470.9;3806.06;1456.4;3772.28;1444.26;3767.07;1458.76;10;0.75;stop
308;2099.44;1096.23;2100.25;1081.15;2069.81;1079.52;2069.0;1094.6;10;0.8;stop
309;674.72;1596.33;676.12;1582.83;648.09;1579.92;646.69;1593.42;10;0.8;stop
310;1854.52;273.46;1854.67;245.23;1841.57;245.16;1841.42;273.39;10;0.78;stop
311;2610.45;686.5;2610.73;654.05;2596.8;653.94;2596.52;686.38;10;0.8;stop
312;2428.5;122.62;2428.56;108.15;2396.25;108.0;2396.19;122.47;10;0.73;stop
314;2672.84;564.93;2701.98;564.07;2701.55;549.75;2672.42;550.61;10;0.78;stop
315;707.26;934.56;712.45;923.03;688.68;912.32;683.48;923.85;10;0.77;stop
316;608.35;973.54;608.58;960.14;577.59;959.59;577.35;972.99;10;0.76;stop
317;960.63;1117.67;961.35;1102.34;929.09;1100.83;928.37;1116.16;10;0.79;stop
318;1108.18;1800.69;1110.06;1773.25;1096.26;1772.31;1094.38;1799.75;10;0.75;stop
319;2506.72;1698.91;2509.87;1670.93;2495.78;1669.34;2492.63;1697.32;10;0.75;stop
320;2609.98;224.34;2610.5;194.95;2597.27;194.72;2596.75;224.11;10;0.7;stop
321;2882.97;561.33;2913.95;560.96;2913.78;546.79;2882.8;547.16;10;0.76;stop
322;699.37;1097.16;699.55;1083.86;670.32;1083.46;670.13;1096.76;10;0.75;stop
324;3669.86;642.93;3680.89;612.77;3667.02;607.7;3655.99;637.85;10;0.77;stop
325;1909.06;1497.04;1921.45;1496.53;1920.44;1471.84;1908.05;1472.34;10;0.78;stop
326;1366.3;1657.76;1367.93;1644.36;1338.2;1640.74;1336.57;1654.14;10;0.74;stop
327;1735.71;559.39;1737.67;545.31;1705.67;540.86;1703.71;554.94;10;0.76;stop
328;2639.38;563.92;2666.38;562.7;2665.75;548.7;2638.74;549.93;10;0.77;stop
330;2232.84;567.53;2263.27;566.67;2262.85;551.56;2232.41;552.42;10;0.74;stop
331;1837.18;152.53;1839.52;126.48;1826.85;125.34;1824.51;151.39;10;0.77;stop
332;3017.09;562.02;3048.05;560.66;3047.41;546.1;3016.45;547.47;10;0.74;stop
333;2696.33;117.08;2728.3;116.53;2728.05;102.29;2696.08;102.85;10;0.75;stop
335;2198.56;1082.62;2199.02;1068.28;2167.19;1067.26;2166.73;1081.59;10;0.82;stop
336;3827.99;1479.33;3831.73;1465.46;3807.01;1458.79;3803.27;1472.67;10;0.42;stop
337;2669.37;118.81;2669.44;105.22;2641.38;105.07;2641.31;118.66;10;0.75;stop
339;3234.84;1275.8;3236.86;1261.82;3205.78;1257.33;3203.76;1271.31;10;0.8;move
340;750.28;951.02;751.43;920.95;737.46;920.41;736.31;950.49;10;0.76;stop
341;3364.69;1127.56;3379.92;1102.93;3367.49;1095.25;3352.27;1119.88;10;0.77;stop
342;3408.31;1059.58;3427.14;1035.11;3415.75;1026.35;3396.92;1050.83;10;0.78;stop
343;2608.88;473.47;2609.16;443.52;2596.12;443.4;2595.84;473.35;10;0.78;stop
344;570.62;1088.49;571.33;1073.81;543.13;1072.45;542.42;1087.12;10;0.75;stop
345;1462.47;1018.56;1462.64;1005.66;1435.53;1005.31;1435.36;1018.21;10;0.79;stop
346;3411.85;1096.73;3425.67;1074.08;3414.09;1067.02;3400.27;1089.67;10;0.74;stop
347;2657.68;1433.7;2675.3;1407.73;2663.75;1399.9;2646.13;1425.86;10;0.65;stop
349;2869.54;1206.73;2871.41;1191.6;2839.37;1187.64;2837.5;1202.78;10;0.81;stop
350;1823.04;474.2;1838.04;473.86;1837.34;442.68;1822.33;443.02;10;0.77;stop
352;2520.05;1077.29;2520.42;1063.18;2492.57;1062.46;2492.2;1076.57;10;0.74;stop
353;679.7;1956.22;682.18;1923.32;667.49;1922.22;665.01;1955.11;10;0.73;stop
354;1844.35;122.08;1846.31;101.71;1835.53;100.67;1833.57;121.04;10;0.76;stop
355;3571.65;753.67;3584.3;726.11;3571.16;720.08;3558.52;747.64;10;0.71;stop
356;1491.84;982.45;1495.38;954.29;1481.53;952.55;1477.99;980.71;10;0.77;stop
357;1248.91;1608.07;1249.76;1595.51;1222.72;1593.68;1221.87;1606.24;10;0.75;stop
358;661.32;1954.83;663.46;1927.45;650.25;1926.42;648.1;1953.8;10;0.68;stop
359;1952.19;1900.31;1960.98;1859.55;1944.81;1856.06;1936.02;1896.82;9;0.61;stop
365;3265.44;1462.69;3276.18;1431.07;3260.5;1425.74;3249.76;1457.37;10;0.81;stop
366;3787.06;396.74;3799.39;367.28;3786.07;361.7;3773.73;391.16;10;0.77;stop
367;3507.73;553.81;3536.55;552.05;3535.71;538.38;3506.89;540.14;10;0.71;stop
368;1177.67;1602.17;1178.73;1590.26;1154.83;1588.15;1153.77;1600.05;10;0.63;stop
371;2341.26;1069.75;2371.07;1069.56;2370.99;1055.38;2341.18;1055.56;10;0.75;stop
372;3327.94;1038.67;3361.14;1027.46;3356.43;1013.52;3323.24;1024.73;10;0.77;stop
373;3760.57;1048.34;3793.85;1048.24;3793.81;1033.84;3760.52;1033.95;10;0.75;stop
374;1991.52;870.47;2004.5;870.46;2004.48;842.9;1991.5;842.91;10;0.75;stop
375;1078.83;1000.17;1079.89;986.48;1051.92;984.33;1050.86;998.02;10;0.76;stop
376;866.23;1115.17;867.88;1104.03;847.99;1101.08;846.34;1112.22;10;0.73;stop
378;1679.42;1159.81;1680.99;1146.34;1652.83;1143.06;1651.26;1156.53;10;0.79;stop
379;1547.33;1024.62;1548.54;1010.81;1519.42;1008.25;1518.21;1022.07;10;0.75;stop
380;2613.68;974.86;2614.64;936.94;2598.07;936.52;2597.11;974.44;10;0.75;stop
381;2319.57;1196.89;2320.83;1183.01;2290.3;1180.24;2289.04;1194.12;10;0.76;stop
382;2824.16;113.86;2860.52;113.57;2860.37;95.67;2824.02;95.96;10;0.73;stop
383;902.37;564.51;904.44;551.5;877.01;547.13;874.94;560.14;10;0.72;stop
384;713.13;909.85;714.08;896.94;685.62;894.84;684.67;907.75;10;0.73;stop
385;407.58;1573.55;409.14;1561.3;384.61;1558.17;383.05;1570.42;10;0.7;stop
387;2156.38;127.68;2156.47;113.83;2125.37;113.64;2125.28;127.49;10;0.76;stop
388;2709.93;562.96;2738.63;561.76;2738.07;548.54;2709.37;549.74;10;0.76;stop
389;3454.66;94.03;3489.94;92.89;3489.4;76.13;3454.12;77.26;10;0.74;stop
390;3654.01;674.06;3666.66;646.38;3652.87;640.08;3640.22;667.76;10;0.76;stop
391;2970.49;1270.86;2973.7;1256.61;2945.51;1250.26;2942.3;1264.51;10;0.77;stop
392;2609.84;846.63;2610.56;817.57;2597.41;817.24;2596.69;846.31;10;0.75;stop
393;1699.18;1033.81;1699.93;1019.73;1671.32;1018.19;1670.57;1032.27;10;0.77;stop
395;1353.77;1142.87;1354.87;1129.83;1325.98;1127.38;1324.88;1140.42;10;0.74;stop
396;2916.53;1399.35;2922.05;1379.13;2874.87;1366.27;2869.36;1386.49;9;0.58;stop
397;2512.54;124.09;2541.86;123.81;2541.71;108.79;2512.39;109.07;10;0.73;stop
398;2208.64;125.9;2234.86;125.65;2234.74;112.6;2208.51;112.85;10;0.66;stop
400;362.24;959.82;362.75;946.69;336.2;945.65;335.69;958.78;10;0.76;stop
401;2574.9;1044.48;2576.26;1014.95;2561.47;1014.27;2560.11;1043.8;10;0.77;stop
402;2777.48;1376.96;2779.11;1361.86;2742.52;1357.92;2740.89;1373.02;10;0.59;stop
403;2126.13;1346.24;2126.37;1331.79;2094.87;1331.26;2094.63;1345.71;10;0.77;stop
404;1993.23;1658.2;1993.72;1633.77;1982.52;1633.55;1982.03;1657.98;10;0.77;stop
405;3084.96;560.84;3085.08;545.69;3051.92;545.41;3051.79;560.56;10;0.76;stop
406;148.6;947.87;149.69;935.54;123.51;933.22;122.42;945.56;10;0.76;stop
407;329.75;958.79;329.97;946.64;306.82;946.21;306.59;958.36;10;0.75;stop
408;2163.63;566.18;2191.75;565.52;2191.43;551.79;2163.31;552.45;10;0.74;stop
409;2414.93;566.48;2444.78;566.3;2444.69;551.48;2414.84;551.67;10;0.78;stop
411;3550.27;1006.59;3582.32;1006.42;3582.23;991.22;3550.18;991.39;10;0.61;stop
412;26.78;978.15;26.84;964.47;0.94;964.35;0.88;978.03;10;0.68;move
413;1993.78;195.23;1994.44;172.42;1982.72;172.08;1982.06;194.89;10;0.75;stop
414;3768.05;433.08;3780.48;406.36;3767.58;400.35;3755.14;427.08;10;0.77;stop
415;3810.58;550.08;3810.83;536.06;3781.29;535.54;3781.04;549.56;10;0.73;stop
416;299.6;1068.62;299.7;1054.1;268.06;1053.88;267.96;1068.4;10;0.62;stop
419;1898.05;1256.99;1911.16;1255.06;1906.7;1224.76;1893.59;1226.69;10;0.77;stop
420;1996.42;1011.68;2009.71;1009.42;2004.83;980.69;1991.54;982.95;10;0.78;stop
421;2152.46;1347.26;2180.79;1345.92;2180.1;1331.37;2151.78;1332.7;10;0.75;stop
423;1909.44;2014.4;1921.01;1987.19;1907.87;1981.6;1896.31;2008.81;10;0.79;stop
424;3107.37;1256.44;3110.47;1240.83;3071.88;1233.18;3068.78;1248.8;10;0.83;move
426;479.4;1328.87;481.55;1316.12;452.01;1311.13;449.86;1323.88;10;0.69;stop
427;1400.43;1660.97;1401.7;1648.31;1372.7;1645.4;1371.43;1658.07;10;0.74;stop
428;657.62;1152.01;659.28;1125.09;645.5;1124.24;643.85;1151.16;10;0.73;stop
429;2561.33;1083.03;2562.31;1066.82;2525.55;1064.6;2524.57;1080.81;9;0.66;stop
430;2859.75;1343.8;2860.33;1331.49;2835.75;1330.32;2835.17;1342.63;10;0.73;stop
431;2521.02;1555.55;2522.73;1527.76;2509.6;1526.95;2507.89;1554.74;10;0.71;stop
432;1163.5;1540.32;1166.38;1511.99;1153.44;1510.68;1150.56;1539.01;10;0.73;stop
436;3392.91;1128.19;3407.44;1102.23;3395.53;1095.56;3381.0;1121.52;10;0.73;stop
437;2492.79;1827.76;2494.93;1799.11;2481.58;1798.12;2479.45;1826.76;10;0.69;stop
438;2860.09;2074.28;2874.66;2064.39;2853.41;2033.09;2838.84;2042.99;10;0.59;stop
440;3621.14;1048.82;3621.4;1032.97;3588.24;1032.43;3587.98;1048.28;10;0.58;stop
441;646.3;1952.18;647.18;1922.92;633.39;1922.5;632.51;1951.77;10;0.65;stop
443;1663.61;1030.94;1664.09;1017.53;1637.14;1016.56;1636.66;1029.97;10;0.71;stop
446;1834.9;102.09;1835.44;74.19;1824.07;73.97;1823.53;101.88;10;0.73;stop
449;2681.05;1341.65;2682.86;1321.37;2630.82;1316.73;2629.02;1337.0;9;0.53;stop
451;1968.3;252.22;1988.68;251.61;1987.2;202.28;1966.82;202.89;9;0.74;stop
452;2274.37;126.77;2274.44;112.43;2243.25;112.29;2243.19;126.63;10;0.58;stop
453;2490.7;565.82;2519.77;565.59;2519.67;552.99;2490.6;553.22;10;0.76;stop
454;3561.96;87.98;3562.3;75.67;3534.92;74.91;3534.58;87.22;10;0.76;stop
455;2426.28;1354.56;2426.4;1340.63;2396.22;1340.38;2396.1;1354.31;10;0.73;stop
456;2464.63;1774.42;2468.22;1746.17;2455.75;1744.58;2452.15;1772.83;10;0.7;stop
459;2980.46;1459.08;2991.58;1447.36;2962.54;1419.8;2951.42;1431.51;10;0.69;stop
460;1905.05;1434.02;1921.78;1432.51;1917.7;1387.48;1900.97;1388.99;9;0.69;stop
461;2314.08;565.86;2343.19;565.58;2343.05;550.99;2313.94;551.27;10;0.7;stop
462;2451.36;1908.89;2455.33;1877.28;2442.02;1875.61;2438.05;1907.22;10;0.72;stop
463;3738.72;551.98;3776.95;550.36;3776.28;534.58;3738.05;536.21;10;0.62;stop
464;2874.2;2038.04;2899.9;2025.6;2893.3;2011.96;2867.6;2024.4;10;0.57;stop
465;2126.48;564.91;2152.06;563.93;2151.52;549.96;2125.94;550.95;10;0.74;stop
466;2177.96;1123.84;2178.76;1110.82;2154.04;1109.28;2153.24;1122.3;10;0.79;stop
468;1850.97;561.8;1851.54;535.37;1838.09;535.08;1837.53;561.51;10;0.69;stop
469;1864.44;1663.49;1865.47;1650.53;1840.19;1648.51;1839.15;1661.47;10;0.71;stop
470;1892.66;540.35;1908.88;539.34;1906.94;508.15;1890.72;509.16;10;0.56;move
471;2598.33;113.64;2611.22;113.61;2611.17;87.74;2598.28;87.76;10;0.74;stop
472;2596.28;369.66;2609.27;369.41;2608.72;340.22;2595.73;340.46;10;0.7;stop
473;1328.57;1654.93;1329.65;1642.53;1302.8;1640.2;1301.73;1652.6;10;0.71;stop
474;2090.39;566.25;2121.4;565.89;2121.24;552.0;2090.23;552.36;10;0.69;stop
475;3467.32;1077.03;3476.95;1051.42;3463.61;1046.4;3453.98;1072.02;10;0.77;stop
477;3236.66;1335.48;3256.84;1313.16;3245.22;1302.65;3225.03;1324.96;10;0.8;stop
478;3570.84;856.16;3581.25;826.93;3567.28;821.96;3556.88;851.19;10;0.64;stop
479;1959.97;1723.4;1963.09;1695.77;1950.53;1694.35;1947.41;1721.98;10;0.76;move
481;3540.87;550.95;3568.33;548.71;3567.26;535.61;3539.8;537.85;10;0.76;stop
482;3531.52;941.65;3543.19;914.83;3529.73;908.97;3518.06;935.79;10;0.75;stop
483;3743.35;82.64;3779.93;80.85;3779.15;65.01;3742.57;66.81;10;0.7;stop
485;358.88;1530.08;359.9;1517.26;330.65;1514.92;329.63;1527.74;10;0.48;stop
486;2159.02;1312.53;2159.26;1294.15;2111.66;1293.53;2111.43;1311.91;9;0.65;stop
489;3801.2;275.96;3812.95;247.88;3800.05;242.48;3788.3;270.56;10;0.72;stop
490;1439.04;1145.3;1439.73;1132.03;1411.71;1130.57;1411.02;1143.84;10;0.72;stop
492;1879.86;1877.5;1885.52;1851.16;1873.14;1848.5;1867.48;1874.84;10;0.63;stop
493;1425.34;843.46;1426.53;829.48;1392.78;826.6;1391.59;840.58;10;0.69;stop
494;2463.65;1357.84;2464.17;1345.55;2437.6;1344.41;2437.08;1356.7;10;0.69;stop
495;2532.76;1426.3;2534.97;1397.35;2521.49;1396.32;2519.28;1425.28;10;0.68;stop
496;3018.85;1282.96;3022.44;1269.24;2993.9;1261.79;2990.31;1275.51;10;0.8;stop
497;2376.53;1089.36;2377.03;1076.21;2349.22;1075.14;2348.72;1088.29;10;0.8;stop
498;468.3;1367.79;470.69;1355.57;447.17;1350.96;444.78;1363.18;10;0.52;stop
499;465.4;958.77;466.05;947.71;440.69;946.23;440.05;957.29;10;0.6;stop
501;1093.56;2125.84;1107.65;2124.99;1105.82;2094.78;1091.73;2095.64;10;0.67;stop
502;2344.3;124.0;2375.99;123.64;2375.83;110.0;2344.14;110.36;10;0.62;stop
504;2452.83;565.75;2482.36;565.33;2482.17;551.38;2452.64;551.79;10;0.75;stop
505;3302.38;1480.15;3308.61;1467.4;3281.69;1454.23;3275.45;1466.98;10;0.77;stop
506;1168.5;1503.26;1174.14;1472.45;1161.38;1470.11;1155.74;1500.93;10;0.74;stop
507;3743.27;594.23;3743.93;578.19;3707.98;576.7;3707.32;592.74;10;0.64;stop
508;1826.78;1350.76;1837.85;1348.0;1831.72;1323.37;1820.65;1326.12;10;0.7;stop
509;1995.6;1616.62;1996.6;1583.31;1982.4;1582.88;1981.4;1616.19;10;0.7;stop
511;638.06;1127.08;639.19;1113.03;610.69;1110.73;609.56;1124.78;10;0.73;stop
513;2334.64;1086.46;2335.2;1073.61;2307.86;1072.42;2307.3;1085.26;10;0.78;stop
514;3787.02;80.9;3818.73;79.33;3817.98;64.18;3786.27;65.75;10;0.65;stop
515;3762.88;350.88;3779.16;319.06;3765.25;311.94;3748.96;343.75;10;0.64;stop
516;204.29;1061.93;205.22;1047.48;175.63;1045.57;174.7;1060.02;10;0.65;stop
517;3282.29;1162.93;3301.44;1133.97;3288.65;1125.51;3269.5;1154.46;10;0.59;stop
520;3641.03;704.18;3651.09;679.36;3637.72;673.95;3627.66;698.76;10;0.57;stop
521;80.73;914.22;86.33;887.84;72.2;884.84;66.6;911.22;10;0.69;stop
523;2609.01;646.83;2609.75;619.14;2597.12;618.8;2596.37;646.49;10;0.77;stop
524;1503.1;1632.37;1504.98;1620.83;1479.27;1616.63;1477.39;1628.17;10;0.63;stop
525;341.16;1565.84;342.21;1554.34;319.78;1552.28;318.72;1563.79;10;0.65;stop
526;206.47;2143.94;207.68;2105.46;187.04;2104.81;185.83;2143.29;10;0.69;stop
527;2292.12;1355.29;2293.84;1337.86;2249.13;1333.46;2247.41;1350.89;9;0.64;stop
528;3319.34;555.22;3350.55;554.08;3350.03;539.78;3318.82;540.92;10;0.69;stop
529;2369.36;1354.4;2370.7;1339.5;2338.39;1336.6;2337.05;1351.5;10;0.66;stop
530;1177.36;1460.42;1181.25;1436.1;1169.39;1434.2;1165.5;1458.52;10;0.72;stop
531;2231.84;1392.43;2234.28;1354.12;2218.85;1353.13;2216.4;1391.45;10;0.7;stop
534;1874.39;1925.35;1887.83;1886.58;1870.36;1880.53;1856.92;1919.29;9;0.73;stop
535;43.18;1049.49;44.44;1034.72;9.76;1031.76;8.5;1046.53;10;0.63;stop
537;2529.43;565.86;2559.15;564.61;2558.57;550.98;2528.85;552.23;10;0.69;stop
538;3804.92;358.12;3816.75;333.38;3803.83;327.2;3792.0;351.93;10;0.66;stop
539;363.11;910.02;379.83;908.96;377.99;879.67;361.26;880.72;10;0.66;stop
541;1760.47;1654.46;1761.92;1641.6;1733.78;1638.41;1732.33;1651.28;10;0.58;stop
542;580.03;501.08;583.27;488.8;555.28;481.42;552.04;493.7;10;0.59;stop
543;1921.91;1582.83;1923.17;1542.91;1907.59;1542.42;1906.33;1582.34;10;0.72;stop
545;3036.17;1547.48;3048.86;1541.43;3035.08;1512.52;3022.39;1518.57;10;0.73;stop
547;2609.95;323.46;2610.43;297.76;2598.42;297.54;2597.95;323.24;10;0.75;stop
548;3631.65;85.67;3666.21;84.86;3665.85;69.72;3631.29;70.53;10;0.69;stop
550;2483.07;1585.56;2483.38;1560.09;2471.06;1559.94;2470.75;1585.41;10;0.65;stop
551;3655.59;1005.71;3655.97;991.92;3628.78;991.17;3628.4;1004.96;10;0.75;stop
552;2296.13;1085.61;2296.57;1071.02;2259.75;1069.89;2259.3;1084.48;10;0.78;stop
554;1307.67;1007.37;1308.53;995.7;1285.46;994.0;1284.6;1005.67;10;0.73;stop
555;769.14;1606.2;771.02;1592.63;743.28;1588.8;741.4;1602.37;10;0.71;stop
558;3556.02;312.38;3571.09;310.6;3567.42;279.65;3552.35;281.43;10;0.35;stop
559;210.92;948.17;212.35;934.49;184.0;931.52;182.57;945.2;10;0.65;stop
561;2454.81;1872.08;2458.09;1842.98;2445.31;1841.54;2442.04;1870.64;10;0.51;stop
562;2711.19;2123.6;2726.66;2117.41;2714.01;2085.78;2698.54;2091.96;10;0.79;stop
563;3269.87;214.87;3271.28;184.7;3257.0;184.03;3255.59;214.2;10;0.53;stop
564;3301.3;1381.98;3316.73;1347.16;3299.64;1339.58;3284.21;1374.4;10;0.64;stop
565;540.45;489.35;543.93;477.04;517.99;469.71;514.51;482.02;10;0.62;stop
566;1395.97;1620.52;1396.5;1608.18;1371.53;1607.1;1371.0;1619.45;10;0.59;stop
567;2444.02;122.72;2469.89;122.17;2469.61;109.03;2443.74;109.58;10;0.63;stop
568;1501.67;908.66;1504.19;880.15;1490.83;878.97;1488.31;907.47;10;0.64;stop
569;3576.52;896.18;3587.91;873.38;3574.73;866.79;3563.34;889.59;10;0.54;stop
571;2488.64;1542.41;2491.32;1513.79;2477.86;1512.53;2475.18;1541.14;10;0.59;stop
572;3364.48;1413.48;3408.53;1408.06;3406.15;1388.71;3362.09;1394.13;10;0.45;stop
575;527.74;1583.33;528.62;1569.84;501.64;1568.08;500.76;1581.56;10;0.46;stop
576;3346.72;1156.39;3363.41;1129.61;3350.78;1121.74;3334.09;1148.51;10;0.68;stop
577;2239.23;1103.84;2240.08;1089.64;2206.95;1087.66;2206.1;1101.86;10;0.79;stop
579;177.75;945.46;179.21;933.0;153.66;930.01;152.2;942.47;10;0.58;stop
580;1463.12;852.98;1464.76;840.59;1436.01;836.77;1434.36;849.16;10;0.67;stop
581;630.09;1951.37;630.93;1921.88;615.85;1921.45;615.01;1950.94;10;0.52;stop
582;662.44;971.81;687.97;970.9;687.56;959.44;662.03;960.35;10;0.68;stop
584;396.81;908.62;399.16;879.47;384.13;878.26;381.78;907.4;10;0.61;stop
585;203.26;1681.3;204.67;1655.05;191.2;1654.32;189.79;1680.58;10;0.68;stop
586;1027.07;949.53;1028.08;919.58;1013.68;919.09;1012.67;949.05;10;0.61;stop
587;3144.38;1309.6;3147.23;1295.03;3117.18;1289.15;3114.33;1303.72;10;0.7;stop
588;2282.24;1106.07;2282.95;1092.56;2254.51;1091.05;2253.8;1104.57;10;0.78;stop
589;3197.29;1190.44;3201.64;1171.57;3146.77;1158.93;3142.42;1177.81;9;0.67;stop
590;508.45;1544.61;509.72;1530.6;481.55;1528.05;480.28;1542.05;10;0.64;stop
591;108.47;712.35;112.88;683.62;98.96;681.48;94.54;710.21;10;0.51;stop
592;1637.06;1157.79;1640.19;1143.74;1610.81;1137.21;1607.69;1151.26;10;0.69;stop
593;635.25;1162.09;636.53;1147.74;606.94;1145.1;605.66;1159.45;10;0.59;stop
594;3226.51;1382.19;3236.27;1346.74;3219.74;1342.19;3209.98;1377.64;10;0.72;stop
597;2936.86;2030.71;2949.38;2023.59;2934.14;1996.79;2921.62;2003.91;10;0.46;stop
598;3521.53;89.97;3521.75;78.07;3496.59;77.61;3496.37;89.5;10;0.68;stop
599;2152.75;1347.0;2160.8;1346.84;2160.5;1331.62;2152.45;1331.78;10;0.62;stop
600;205.02;2023.02;207.1;1990.45;192.01;1989.48;189.93;2022.05;10;0.62;stop
601;3329.92;1020.92;3341.13;1012.03;3320.71;986.27;3309.5;995.16;10;0.73;stop
602;428.14;2123.83;428.37;2108.49;399.21;2108.05;398.97;2123.38;10;0.75;stop
603;1510.74;1150.67;1511.6;1137.16;1482.88;1135.33;1482.02;1148.84;10;0.59;stop
604;3782.54;1283.27;3782.94;1248.17;3766.21;1247.98;3765.81;1283.08;10;0.56;stop
607;1444.57;1664.15;1445.62;1651.62;1414.06;1648.97;1413.0;1661.51;10;0.6;stop
608;362.33;2124.27;391.93;2123.31;391.42;2107.61;361.82;2108.56;10;0.71;stop
611;874.41;563.22;876.02;550.0;850.59;546.9;848.98;560.12;10;0.49;stop
612;2095.68;126.12;2121.03;125.68;2120.82;113.5;2095.47;113.94;10;0.52;stop
613;558.96;1128.29;564.37;1095.13;549.17;1092.64;543.75;1125.81;10;0.55;stop
615;534.65;1547.07;535.8;1533.66;512.53;1531.68;511.39;1545.09;10;0.71;stop
616;1526.14;690.61;1528.99;665.24;1516.99;663.89;1514.14;689.26;10;0.62;stop
617;75.23;1051.15;75.94;1037.06;49.34;1035.73;48.63;1049.82;10;0.6;stop
618;1977.71;1765.71;1984.8;1721.2;1967.29;1718.41;1960.2;1762.92;10;0.51;stop
619;3123.56;1512.29;3139.13;1476.35;3122.06;1468.96;3106.49;1504.9;10;0.4;stop
620;3227.38;556.32;3256.89;555.18;3256.37;541.5;3226.86;542.63;10;0.7;stop
621;3387.84;1093.8;3405.6;1063.33;3391.23;1054.95;3373.46;1085.42;10;0.79;stop
623;1828.61;295.95;1845.22;278.81;1836.64;270.49;1820.03;287.63;10;0.55;stop
625;1182.78;1427.13;1186.68;1404.31;1174.66;1402.25;1170.75;1425.07;10;0.68;stop
626;1112.03;1763.77;1113.29;1734.41;1100.28;1733.85;1099.02;1763.21;10;0.54;stop
631;210.2;2068.17;210.77;2034.63;192.69;2034.33;192.13;2067.87;10;0.69;stop
634;2997.23;1434.87;3009.33;1423.17;2977.27;1390.01;2965.17;1401.71;10;0.71;stop
635;103.88;744.25;108.1;717.34;93.0;714.97;88.77;741.88;10;0.54;stop
636;2252.11;1315.23;2253.54;1302.13;2222.21;1298.7;2220.77;1311.81;10;0.41;stop
639;1911.35;1525.47;1915.59;1502.82;1904.65;1500.78;1900.41;1523.43;10;0.65;stop
640;3746.53;397.66;3761.67;362.93;3745.97;356.09;3730.83;390.82;9;0.49;stop
641;1855.92;1460.04;1857.16;1446.39;1826.21;1443.58;1824.97;1457.24;10;0.48;stop
642;1515.84;773.89;1520.31;748.1;1508.16;745.99;1503.69;771.78;10;0.54;stop
643;951.51;570.33;953.09;556.38;923.49;553.03;921.91;566.98;10;0.62;stop
648;3430.78;1063.76;3443.02;1040.92;3430.78;1034.36;3418.54;1057.21;10;0.68;stop
649;3295.32;1080.55;3311.64;1075.13;3299.99;1040.07;3283.67;1045.49;10;0.76;stop
650;1200.01;1642.58;1200.79;1629.8;1192.49;1629.29;1191.7;1642.07;10;0.61;stop
652;1047.7;1591.87;1049.39;1579.61;1016.12;1575.01;1014.42;1587.27;10;0.55;stop
653;1902.26;1383.67;1917.14;1382.52;1914.21;1344.46;1899.33;1345.6;10;0.59;stop
657;2098.16;164.26;2125.84;162.92;2125.27;151.3;2097.6;152.64;10;0.53;stop
658;2572.95;276.74;2572.97;251.46;2561.17;251.45;2561.16;276.73;10;0.53;stop
660;1096.21;1596.45;1097.25;1582.64;1069.42;1580.55;1068.37;1594.36;10;0.64;stop
661;3663.87;547.24;3677.51;527.61;3667.38;520.57;3653.74;540.2;10;0.54;stop
663;2719.03;1429.74;2721.66;1385.76;2702.77;1384.63;2700.14;1428.61;9;0.5;stop
665;3743.72;1004.81;3743.8;993.16;3718.78;993.0;3718.7;1004.66;10;0.41;stop
667;1020.84;1627.33;1022.62;1616.4;999.66;1612.67;997.88;1623.6;10;0.63;stop
668;1045.91;1124.3;1046.72;1106.8;1009.08;1105.07;1008.28;1122.57;10;0.64;stop
670;2509.5;1325.49;2510.28;1311.1;2476.12;1309.26;2475.35;1323.65;9;0.5;stop
673;276.77;1559.92;277.0;1547.35;255.26;1546.95;255.03;1559.52;10;0.41;stop
675;3309.38;286.12;3311.12;257.05;3297.18;256.22;3295.44;285.29;10;0.45;stop
685;3682.85;515.98;3694.74;486.62;3682.15;481.52;3670.26;510.88;10;0.53;stop
687;2751.69;1233.75;2753.52;1215.9;2715.43;1212.0;2713.61;1229.85;9;0.7;stop
688;1686.4;1646.96;1687.14;1631.64;1679.85;1631.29;1679.11;1646.61;10;0.48;stop
695;3553.29;1123.66;3569.99;1094.6;3556.71;1086.97;3540.01;1116.03;10;0.48;stop
696;2569.12;106.98;2572.19;83.55;2560.51;82.02;2557.43;105.45;10;0.55;stop
697;3746.78;480.03;3760.67;449.2;3745.72;442.47;3731.83;473.3;10;0.57;stop
698;2406.08;606.86;2406.12;592.46;2374.79;592.39;2374.76;606.79;10;0.64;stop
699;720.04;1147.72;722.52;1135.15;693.71;1129.46;691.23;1142.04;10;0.45;stop
701;3240.31;1476.38;3254.85;1442.89;3237.81;1435.5;3223.27;1468.98;10;0.79;stop
708;992.46;1623.26;993.53;1610.04;965.04;1607.74;963.97;1620.96;10;0.59;stop
712;796.41;1398.75;797.62;1384.85;767.69;1382.25;766.48;1396.15;10;0.73;stop
718;2835.18;1382.99;2837.0;1365.81;2790.57;1360.88;2788.75;1378.06;10;0.42;stop
721;719.96;1164.36;722.17;1151.69;692.85;1146.57;690.64;1159.25;10;0.42;stop
730;833.69;1846.86;865.03;1845.74;864.5;1830.77;833.16;1831.88;10;0.59;stop
733;2013.98;79.46;2014.41;58.0;2003.58;57.79;2003.15;79.25;10;0.64;stop
854;1929.67;1286.23;1947.89;1282.95;1938.83;1232.64;1920.61;1235.92;9;0.81;move
904;3203.37;1297.72;3205.44;1282.62;3168.82;1277.59;3166.74;1292.69;10;0.81;move
941;1606.06;1114.48;1606.73;1099.89;1574.32;1098.4;1573.64;1112.99;10;0.79;move
983;3300.61;709.92;3313.74;709.77;3313.45;685.08;3300.32;685.23;10;0.68;stop
1022;2234.48;1125.36;2235.49;1111.2;2203.27;1108.89;2202.26;1123.05;10;0.8;stop
1045;1784.64;1107.45;1785.92;1091.3;1751.24;1088.55;1749.96;1104.7;10;0.74;move
1058;3042.63;1264.89;3045.34;1251.99;3017.37;1246.11;3014.66;1259.01;10;0.82;move
1072;2292.4;1129.76;2293.25;1115.32;2262.35;1113.49;2261.5;1127.93;10;0.78;stop
1080;2479.02;1114.34;2479.09;1098.69;2444.73;1098.53;2444.66;1114.19;10;0.68;stop
1175;2328.32;1109.71;2328.89;1095.43;2297.31;1094.17;2296.74;1108.45;10;0.82;stop
1206;2416.48;1091.41;2417.45;1077.27;2389.14;1075.34;2388.18;1089.48;10;0.81;stop
1230;2735.03;1185.47;2735.62;1171.59;2705.1;1170.28;2704.5;1184.16;10;0.79;stop
1281;3259.31;358.1;3273.46;357.6;3272.56;332.52;3258.42;333.02;10;0.37;stop
1284;3370.61;554.83;3399.32;554.3;3399.08;541.11;3370.37;541.63;10;0.51;stop
1291;1959.11;914.9;1973.99;914.55;1973.24;882.29;1958.35;882.64;10;0.79;move
1399;1948.21;2161.98;1948.96;2138.2;1935.29;2137.77;1934.54;2161.55;10;0.62;stop
1415;1913.34;1152.22;1945.66;1151.69;1945.41;1136.03;1913.09;1136.56;10;0.8;move
1437;1946.3;1064.84;1961.3;1033.94;1948.35;1027.66;1933.36;1058.56;10;0.8;move
1467;2391.77;1113.71;2392.82;1099.11;2362.1;1096.91;2361.06;1111.52;10;0.79;stop
1542;124.35;986.33;125.31;971.36;92.91;969.3;91.96;984.26;10;0.74;move
1552;1865.52;1154.34;1866.56;1139.36;1836.86;1137.29;1835.81;1152.26;10;0.83;move
1557;1926.37;2164.99;1928.2;2137.95;1914.38;2137.01;1912.55;2164.05;10;0.51;stop
1637;1788.14;1148.06;1788.91;1132.88;1755.61;1131.19;1754.84;1146.37;10;0.83;move
1684;1504.2;1089.94;1504.87;1076.07;1473.67;1074.56;1473.0;1088.43;10;0.81;move
1692;2780.24;1195.31;2781.58;1181.1;2753.26;1178.44;2751.92;1192.65;10;0.79;stop
1874;1688.09;1139.04;1688.99;1125.23;1659.91;1123.34;1659.01;1137.14;10;0.82;move
1922;1437.4;1085.58;1438.25;1072.77;1412.22;1071.05;1411.37;1083.86;10;0.79;move
2042;1607.57;1134.13;1607.94;1121.08;1582.93;1120.37;1582.56;1133.42;10;0.81;move
2043;2977.68;1244.85;2980.11;1231.06;2948.25;1225.46;2945.83;1239.25;10;0.82;move
2056;1511.31;1132.45;1511.83;1117.41;1483.44;1116.43;1482.92;1131.47;10;0.78;move
2096;2429.86;1113.29;2430.11;1099.0;2399.39;1098.46;2399.14;1112.75;10;0.78;stop
2166;1402.65;1126.13;1403.02;1111.23;1369.35;1110.37;1368.98;1125.27;10;0.82;stop
2175;3783.47;308.76;3793.11;287.85;3782.15;282.8;3772.52;303.71;10;0.4;stop
2202;3520.6;974.36;3532.09;941.69;3515.34;935.8;3503.85;968.47;10;0.45;stop
2264;242.13;992.23;242.82;977.19;207.87;975.58;207.18;990.62;10;0.72;move
2331;2913.67;1233.12;2915.64;1216.87;2880.83;1212.63;2878.86;1228.88;10;0.72;stop
2339;1883.97;960.93;1897.81;960.59;1897.06;930.19;1883.22;930.53;10;0.72;stop
2351;1357.87;1124.01;1358.53;1110.53;1329.76;1109.11;1329.09;1122.6;10;0.75;stop
2425;1998.54;1528.08;1998.57;1503.82;1986.21;1503.8;1986.18;1528.06;10;0.55;stop
2431;1946.62;1824.56;1953.67;1788.4;1939.13;1785.56;1932.08;1821.73;10;0.8;stop
2481;1976.75;1765.12;1984.76;1719.56;1968.82;1716.75;1960.8;1762.32;9;0.77;stop
2517;1320.5;1123.22;1321.45;1108.52;1290.63;1106.53;1289.68;1121.23;10;0.79;stop
2556;1937.36;1862.89;1943.5;1834.44;1930.39;1831.61;1924.25;1860.06;10;0.82;stop
2573;1678.26;1116.93;1678.72;1104.81;1652.87;1103.82;1652.4;1115.94;10;0.83;move
2590;550.6;993.09;551.36;978.26;519.09;976.6;518.33;991.43;10;0.81;move
2591;1936.3;1022.57;1945.02;991.63;1931.45;987.8;1922.73;1018.75;10;0.76;move
2674;1634.63;1096.82;1635.48;1081.83;1604.24;1080.06;1603.39;1095.04;10;0.8;move
2732;1923.57;1902.16;1932.55;1869.02;1919.43;1865.47;1910.45;1898.6;10;0.8;stop
2742;1895.77;1079.55;1920.71;1057.36;1911.23;1046.7;1886.29;1068.89;10;0.81;move
2751;1270.09;1116.58;1270.36;1103.62;1242.59;1103.04;1242.33;1116.01;10;0.83;stop
2802;1899.01;841.59;1912.58;841.55;1912.49;813.28;1898.92;813.33;10;0.79;stop
2877;1741.07;1121.98;1742.18;1109.09;1713.81;1106.65;1712.7;1119.54;10;0.81;move
2925;1809.81;1108.02;1846.47;1107.95;1846.44;1091.35;1809.78;1091.42;10;0.8;move
2945;1454.93;1128.69;1455.38;1114.35;1426.2;1113.44;1425.75;1127.77;10;0.83;stop
2946;1911.73;1951.31;1922.93;1916.5;1908.77;1911.94;1897.57;1946.75;10;0.82;stop
2967;1789.17;2144.93;1806.88;2111.67;1792.83;2104.19;1775.12;2137.46;10;0.76;move
2991;766.18;1003.58;766.38;990.33;739.77;989.92;739.57;1003.17;10;0.79;move
3064;732.83;1099.39;733.51;1084.54;702.49;1083.11;701.8;1097.96;10;0.56;stop
3103;1393.37;1104.22;1393.89;1090.68;1364.01;1089.53;1363.49;1103.07;10;0.8;stop
3144;1895.61;1991.06;1908.47;1959.55;1895.64;1954.32;1882.78;1985.83;10;0.8;stop
3212;1855.29;940.75;1858.76;906.33;1843.71;904.81;1840.24;939.23;10;0.81;stop
3250;2834.35;1383.56;2836.32;1365.18;2788.31;1360.04;2786.34;1378.42;9;0.58;stop
3261;1351.36;1103.39;1352.05;1089.5;1323.89;1088.11;1323.2;1102.0;10;0.81;stop
3264;1834.13;2051.68;1849.17;2022.79;1836.75;2016.32;1821.7;2045.21;10;0.77;move
3358;201.98;1779.67;204.59;1746.46;190.13;1745.33;187.52;1778.54;10;0.63;stop
3365;1973.1;994.44;1974.04;961.21;1959.9;960.81;1958.96;994.04;10;0.7;move
3438;1878.44;2025.82;1891.6;1995.96;1879.06;1990.43;1865.9;2020.29;10;0.78;stop
3439;2220.2;1061.29;2221.23;1048.96;2197.3;1046.96;2196.27;1059.29;10;0.72;stop
3452;1862.17;898.2;1878.34;897.74;1877.33;861.86;1861.16;862.32;10;0.71;stop
3494;1504.77;1109.07;1505.22;1095.84;1475.36;1094.81;1474.9;1108.04;10;0.81;move
3500;1228.29;1117.33;1229.36;1102.48;1195.52;1100.04;1194.45;1114.89;10;0.82;stop
3545;1524.35;174.19;1535.89;173.19;1533.4;144.19;1521.86;145.18;10;0.55;stop
3553;1704.79;1100.42;1705.37;1087.79;1679.21;1086.58;1678.63;1099.21;10;0.82;move
3560;2365.09;586.55;2365.22;572.49;2333.66;572.2;2333.53;586.26;10;0.77;stop
3648;1856.27;891.13;1856.95;864.21;1843.86;863.87;1843.18;890.79;10;0.77;stop
3653;1860.66;2063.49;1876.16;2032.4;1863.09;2025.89;1847.59;2056.97;10;0.81;stop
3698;1313.17;1100.71;1313.78;1087.59;1285.58;1086.29;1284.97;1099.41;10;0.81;stop
3731;1879.13;937.27;1880.39;909.97;1868.43;909.42;1867.17;936.72;10;0.78;stop
3912;1570.14;1092.94;1570.63;1078.32;1537.11;1077.19;1536.62;1091.8;10;0.81;move
3980;1837.61;2105.72;1852.85;2074.24;1840.02;2068.03;1824.77;2099.51;10;0.78;stop
4070;802.78;1374.52;803.67;1363.11;777.84;1361.11;776.96;1372.51;10;0.49;stop
4120;718.2;1132.55;720.25;1119.63;694.61;1115.57;692.56;1128.49;10;0.38;stop
4121;1433.27;1106.17;1434.01;1093.68;1407.36;1092.08;1406.61;1104.57;10;0.78;stop
4249;2612.14;1058.57;2614.93;1031.93;2601.86;1030.56;2599.07;1057.2;10;0.71;stop
4257;1976.07;1810.68;1979.13;1782.9;1965.93;1781.45;1962.87;1809.23;10;0.41;stop
4270;1864.02;1115.39;1887.11;1105.36;1882.23;1094.11;1859.14;1104.14;10;0.79;move
4311;1830.04;2135.76;1840.14;2108.9;1828.08;2104.36;1817.98;2131.23;10;0.74;stop
4338;3826.29;314.34;3842.43;283.64;3829.33;276.75;3813.19;307.46;10;0.78;stop
4339;735.63;1098.8;736.68;1086.12;721.16;1084.83;720.1;1097.51;10;0.41;stop
4376;1898.48;776.14;1898.74;746.11;1883.67;745.99;1883.42;776.01;10;0.81;move
4433;98.94;1802.11;103.57;1773.93;89.61;1771.64;84.99;1799.82;10;0.62;stop
4464;65.59;1799.57;68.9;1773.09;55.12;1771.37;51.81;1797.85;10;0.53;stop
4465;113.72;1799.52;118.77;1773.94;106.01;1771.42;100.96;1797.0;10;0.55;stop
4505;205.68;1826.89;208.05;1795.8;193.22;1794.68;190.86;1825.76;10;0.66;stop
4514;1341.04;1080.73;1341.31;1067.44;1313.96;1066.9;1313.69;1080.18;10;0.77;stop
4542;945.42;1580.63;945.68;1569.95;922.08;1569.37;921.82;1580.05;10;0.51;stop
4547;976.54;1584.66;976.92;1574.01;954.52;1573.21;954.14;1583.87;10;0.64;stop
4567;199.94;1649.09;202.63;1622.24;189.35;1620.91;186.67;1647.76;10;0.6;stop
4572;206.45;1985.82;208.26;1952.58;191.75;1951.68;189.94;1984.92;10;0.71;stop
4609;1892.83;681.33;1893.04;646.26;1878.17;646.17;1877.96;681.24;10;0.78;move
4620;205.65;1863.61;207.86;1831.25;191.61;1830.14;189.4;1862.5;10;0.5;stop
4632;3807.42;1317.6;3810.82;1282.81;3793.83;1281.15;3790.43;1315.94;10;0.45;stop
4666;1883.54;907.71;1896.84;907.49;1896.37;878.23;1883.07;878.44;10;0.76;stop
4835;1287.09;1079.6;1287.4;1065.33;1255.41;1064.65;1255.1;1078.92;10;0.79;stop
4845;3197.93;556.06;3225.96;553.75;3224.89;540.81;3196.86;543.13;10;0.75;stop
4856;3020.44;1234.21;3023.36;1220.82;2994.56;1214.54;2991.64;1227.93;10;0.8;move
4885;1178.9;1093.1;1179.48;1080.53;1152.1;1079.27;1151.52;1091.84;10;0.81;stop
4911;2634.76;1085.96;2636.12;1074.36;2614.12;1071.79;2612.76;1083.39;10;0.66;stop
4934;1861.54;839.88;1877.2;839.71;1876.84;804.87;1861.18;805.04;10;0.79;stop
4985;2605.94;155.72;2630.32;154.03;2629.43;141.28;2605.06;142.97;10;0.48;stop
5028;1140.9;1092.74;1141.29;1077.12;1107.41;1076.26;1107.02;1091.88;10;0.81;stop
5063;567.17;2127.77;567.4;2112.04;537.2;2111.6;536.97;2127.33;10;0.5;stop
5066;520.75;2127.65;521.79;2112.04;488.94;2109.85;487.89;2125.46;10;0.52;stop
5167;2620.8;1106.63;2623.05;1091.14;2587.58;1085.99;2585.33;1101.48;10;0.83;stop
5184;1999.83;1453.19;2002.74;1405.25;1987.17;1404.31;1984.26;1452.25;9;0.56;stop
5189;1880.55;863.2;1895.66;862.89;1894.95;828.8;1879.84;829.11;10;0.78;stop
5252;3437.31;972.04;3459.52;945.28;3446.57;934.54;3424.37;961.3;9;0.39;stop
5311;2722.14;1118.65;2723.81;1104.78;2692.11;1100.97;2690.44;1114.84;10;0.82;move
5354;1900.36;927.95;1915.4;927.88;1915.27;896.24;1900.22;896.31;10;0.79;stop
5411;2627.82;1128.94;2629.52;1114.43;2599.68;1110.94;2597.98;1125.44;10;0.79;stop
5425;3660.86;1049.2;3661.28;1033.78;3632.89;1032.99;3632.47;1048.41;10;0.51;stop
5502;1186.29;1112.46;1186.49;1099.52;1159.33;1099.1;1159.14;1112.05;10;0.8;stop
5524;1916.48;889.29;1916.7;853.43;1900.83;853.33;1900.61;889.19;10;0.8;stop
5596;1151.61;1111.81;1152.48;1097.71;1124.64;1096.0;1123.77;1110.1;10;0.82;stop
5607;453.43;1143.88;454.13;1130.05;425.95;1128.62;425.25;1142.45;10;0.44;stop
5626;441.49;1574.84;442.55;1562.15;418.99;1560.16;417.92;1572.85;10;0.4;stop
5656;2199.59;582.95;2223.29;563.56;2213.98;552.18;2190.27;571.56;10;0.66;stop
5663;2696.46;1136.12;2698.25;1121.07;2666.04;1117.25;2664.25;1132.3;10;0.81;move
5688;1090.1;1095.15;1090.67;1082.0;1062.4;1080.78;1061.83;1093.94;10;0.78;stop
5822;2794.06;1146.79;2795.91;1132.28;2761.94;1127.96;2760.09;1142.47;10;0.78;move
5906;1049.45;1082.77;1050.49;1070.36;1025.05;1068.23;1024.01;1080.64;10;0.83;stop
5944;1016.15;1082.52;1017.29;1067.7;983.54;1065.11;982.4;1079.92;10;0.83;stop
5951;24.01;1488.13;24.21;1475.65;1.34;1475.3;1.15;1487.78;10;0.67;stop
5971;1917.2;807.07;1917.66;778.28;1903.77;778.06;1903.31;806.85;10;0.78;stop
5980;2887.68;1159.59;2890.38;1143.5;2853.34;1137.28;2850.64;1153.37;10;0.57;move
5993;2650.1;1218.27;2651.64;1204.64;2639.79;1203.29;2638.24;1216.92;10;0.73;stop
6008;2385.81;588.33;2415.48;587.98;2415.31;573.79;2385.64;574.15;10;0.78;stop
6056;1046.2;1103.15;1047.33;1088.5;1016.49;1086.1;1015.35;1100.75;10;0.81;stop
6080;1271.01;1097.79;1271.61;1083.8;1240.56;1082.46;1239.96;1096.45;10;0.81;stop
6129;1695.93;1687.09;1697.88;1674.97;1673.45;1671.04;1671.49;1683.16;10;0.46;stop
6181;3480.71;1003.65;3490.16;976.8;3475.54;971.66;3466.09;998.51;10;0.74;move
6184;1213.12;1135.84;1213.97;1123.51;1192.7;1122.04;1191.84;1134.37;10;0.39;stop
6204;966.07;1078.38;966.86;1064.51;937.99;1062.87;937.2;1076.74;10;0.81;stop
6217;180.25;967.59;181.1;953.33;149.75;951.47;148.9;965.74;10;0.77;move
6250;1002.34;1100.33;1003.28;1085.31;968.29;1083.11;967.34;1098.12;10;0.83;stop
6324;1220.86;1094.52;1221.45;1079.15;1187.76;1077.86;1187.17;1093.23;10;0.7;stop
6337;956.76;1096.47;957.78;1083.41;931.37;1081.34;930.34;1094.4;10;0.75;stop
6376;2605.79;1026.8;2617.31;995.3;2603.71;990.33;2592.19;1021.82;10;0.74;stop
6387;1200.01;1115.03;1200.32;1101.36;1194.36;1101.22;1194.05;1114.89;10;0.5;stop
6408;932.1;1078.9;933.35;1063.62;899.68;1060.85;898.43;1076.13;10;0.81;stop
6437;2609.99;188.33;2610.19;165.58;2598.38;165.48;2598.19;188.23;10;0.54;stop
6481;1531.01;627.51;1534.07;602.43;1522.24;600.99;1519.18;626.07;10;0.38;stop
6486;1840.2;2148.53;1851.41;2118.64;1839.3;2114.1;1828.09;2143.98;10;0.47;stop
6494;920.2;1093.79;921.61;1079.73;887.67;1076.34;886.27;1090.39;10;0.81;stop
6547;2940.92;1155.74;2943.5;1142.84;2914.33;1137.01;2911.75;1149.91;10;0.82;move
6561;3119.0;1239.42;3120.25;1224.06;3109.75;1223.21;3108.5;1238.56;10;0.7;stop
6567;1917.66;758.6;1917.73;725.31;1903.03;725.27;1902.95;758.57;10;0.79;stop
6589;3352.64;94.73;3382.74;93.84;3382.36;81.05;3352.26;81.94;10;0.41;stop
6598;875.96;1091.42;877.16;1077.0;843.46;1074.2;842.26;1088.62;10;0.82;move
6613;1898.17;600.54;1898.44;568.47;1882.58;568.34;1882.31;600.4;10;0.8;move
6632;1520.94;730.34;1525.8;698.42;1510.94;696.16;1506.08;728.08;10;0.6;stop
6654;3026.45;1190.18;3029.84;1175.02;2997.55;1167.82;2994.16;1182.98;10;0.79;move
6667;145.11;1798.83;149.39;1776.42;136.61;1773.98;132.33;1796.39;10;0.38;stop
6685;303.76;976.45;304.87;960.38;264.83;957.61;263.72;973.68;10;0.5;move
6719;1090.5;2054.75;1102.12;2054.44;1101.56;2033.5;1089.94;2033.81;10;0.59;stop
6725;3322.06;1126.38;3328.0;1093.4;3313.56;1090.8;3307.63;1123.79;10;0.76;stop
6736;3069.81;1180.59;3073.13;1165.8;3039.69;1158.29;3036.37;1173.07;10;0.8;move
6743;3027.26;1472.97;3040.55;1461.33;3010.24;1426.71;2996.95;1438.35;10;0.45;stop
6746;1860.15;542.02;1873.11;541.47;1871.94;514.35;1858.99;514.91;10;0.75;move
6781;806.9;1086.08;808.13;1071.12;773.86;1068.3;772.63;1083.26;10;0.83;move
6789;3342.13;136.8;3371.73;133.89;3370.37;120.07;3340.77;122.98;10;0.46;stop
6793;1094.93;2152.27;1107.49;2151.58;1106.32;2130.23;1093.76;2130.92;10;0.64;stop
6814;1917.91;713.27;1918.2;686.38;1904.84;686.23;1904.55;713.12;10;0.8;stop
6837;479.78;2127.55;480.13;2110.62;447.41;2109.95;447.06;2126.88;10;0.45;stop
6855;321.16;1526.88;322.14;1514.61;295.71;1512.49;294.73;1524.77;10;0.38;stop
6868;1582.09;1638.31;1583.12;1624.3;1551.04;1621.94;1550.01;1635.95;10;0.63;stop
6870;3487.96;1214.54;3491.32;1201.01;3462.66;1193.9;3459.3;1207.43;10;0.69;stop
6891;424.7;405.55;429.08;376.76;413.89;374.45;409.51;403.24;10;0.42;stop
6893;3151.9;1198.85;3154.79;1185.22;3123.72;1178.65;3120.84;1192.28;10;0.82;move
6909;2331.55;124.1;2331.56;111.04;2308.7;111.02;2308.69;124.08;10;0.51;stop
6912;1885.8;435.7;1901.02;434.91;1899.5;405.24;1884.28;406.02;10;0.54;move
6917;507.18;480.01;510.67;467.23;481.89;459.37;478.39;472.14;10;0.45;stop
6921;712.26;1077.83;713.09;1062.56;677.11;1060.6;676.28;1075.87;10;0.82;move
6927;36.23;1799.83;39.98;1774.58;26.52;1772.58;22.78;1797.83;10;0.36;stop
6945;1873.22;437.88;1874.1;410.82;1860.28;410.37;1859.4;437.43;10;0.7;move
6959;2910.61;582.24;2940.54;580.85;2939.86;566.2;2909.92;567.59;10;0.48;move
6964;1484.35;1754.25;1490.34;1743.26;1469.9;1732.13;1463.91;1743.12;10;0.5;stop
6990;616.08;1058.15;616.65;1044.12;583.92;1042.79;583.35;1056.81;10;0.74;move
7003;1053.15;1629.32;1053.79;1616.78;1026.23;1615.37;1025.58;1627.9;10;0.45;stop
7007;1477.38;1897.52;1479.49;1884.77;1452.12;1880.23;1450.01;1892.98;10;0.46;stop
7010;918.08;1114.84;918.75;1098.51;879.96;1096.91;879.28;1113.24;10;0.36;stop
7017;3358.66;1260.25;3362.34;1245.36;3325.71;1236.31;3322.03;1251.2;10;0.81;move
7032;3297.5;1224.61;3299.96;1210.53;3270.63;1205.39;3268.16;1219.47;10;0.73;move
7039;1892.35;382.18;1894.44;345.47;1878.65;344.57;1876.56;381.28;9;0.58;move
7051;1553.92;1152.02;1554.6;1138.81;1526.38;1137.35;1525.7;1150.56;10;0.35;stop
7063;529.03;1065.59;529.83;1051.27;496.6;1049.41;495.8;1063.73;10;0.78;move
7081;1562.07;1673.49;1563.25;1660.25;1533.93;1657.64;1532.75;1670.87;10;0.57;stop
7118;534.38;2094.68;535.23;2082.67;510.93;2080.95;510.08;2092.96;10;0.36;stop
7123;3262.13;1239.11;3265.65;1223.49;3229.12;1215.26;3225.6;1230.88;10;0.81;move
7135;1922.51;1639.14;1924.7;1587.08;1904.65;1586.24;1902.45;1638.29;9;0.59;stop
7149;650.49;1001.92;651.59;986.9;620.76;984.65;619.66;999.67;10;0.81;move
7173;434.35;1043.7;435.19;1028.14;401.44;1026.3;400.59;1041.86;10;0.71;move
7177;3470.82;1290.53;3474.47;1276.44;3445.11;1268.85;3441.47;1282.93;10;0.77;move
7178;1876.27;328.98;1877.05;298.0;1862.86;297.64;1862.07;328.62;10;0.78;move
7198;3375.84;1326.95;3379.26;1311.31;3342.29;1303.21;3338.86;1318.85;10;0.8;move
7199;3470.85;1269.16;3475.38;1253.69;3443.21;1244.28;3438.69;1259.74;10;0.77;move
7215;1764.24;1165.9;1764.63;1153.7;1734.51;1152.72;1734.12;1164.92;10;0.4;stop
7238;2485.88;1917.07;2488.01;1880.64;2473.87;1879.81;2471.74;1916.24;10;0.49;stop
7248;3444.0;1114.79;3458.12;1109.35;3445.69;1077.09;3431.57;1082.53;10;0.77;move
7250;3463.55;934.7;3481.06;910.74;3470.2;902.8;3452.69;926.76;10;0.4;stop
7257;1092.61;2086.68;1104.44;2085.78;1102.64;2061.76;1090.8;2062.66;10;0.38;stop
7259;3557.08;1318.36;3561.44;1303.73;3529.48;1294.22;3525.13;1308.85;10;0.77;move
7261;1838.06;891.53;1838.73;858.14;1823.81;857.84;1823.14;891.23;10;0.56;stop
7264;1528.66;1672.09;1530.2;1657.81;1499.84;1654.54;1498.3;1668.82;10;0.48;stop
7274;153.99;2098.98;186.9;2095.88;185.45;2080.4;152.53;2083.49;10;0.43;stop
7289;3158.77;101.05;3188.29;100.35;3187.96;87.02;3158.46;87.72;10;0.37;stop
7305;3066.73;1556.27;3078.6;1552.82;3072.02;1530.17;3060.15;1533.62;10;0.47;stop
7319;1876.94;219.5;1877.22;186.75;1862.56;186.63;1862.28;219.37;10;0.78;move
7350;1528.53;656.59;1531.03;630.43;1519.09;629.29;1516.6;655.45;10;0.44;stop
7376;800.95;1868.91;801.05;1856.2;773.98;1855.97;773.88;1868.68;10;0.43;stop
7381;2690.3;2136.65;2708.74;2129.21;2691.26;2085.85;2672.81;2093.29;10;0.37;stop
7387;1106.98;2059.66;1122.19;2057.77;1118.84;2030.84;1103.62;2032.73;10;0.6;move
7395;55.01;1495.39;56.24;1484.66;34.05;1482.11;32.82;1492.84;10;0.45;stop
7408;190.82;1511.35;191.92;1498.49;164.5;1496.15;163.4;1509.01;10;0.39;stop
7413;6.11;1045.29;6.81;1032.6;-0.21;1032.21;-0.91;1044.9;10;0.49;stop
7420;562.55;1585.72;563.8;1574.48;539.48;1571.78;538.24;1583.02;10;0.4;stop
7421;826.87;1534.82;828.69;1507.56;814.51;1506.62;812.69;1533.87;10;0.42;stop
7424;141.62;1542.99;143.52;1530.8;118.19;1526.85;116.29;1539.05;10;0.36;stop
7427;1113.65;1726.46;1116.34;1699.33;1104.2;1698.12;1101.51;1725.26;10;0.38;stop
7432;64.38;1532.65;66.26;1518.12;32.89;1513.78;31.0;1528.31;10;0.36;stop
7438;1898.49;153.34;1898.8;121.31;1883.39;121.16;1883.07;153.19;10;0.79;move
7439;620.12;512.63;623.74;499.88;593.94;491.43;590.33;504.19;10;0.38;stop
7442;26.0;1527.96;26.84;1514.81;3.23;1513.29;2.39;1526.44;10;0.39;stop
7443;1137.05;240.96;1137.43;227.28;1108.45;226.48;1108.07;240.16;10;0.37;stop
7458;2484.27;1370.57;2485.27;1357.11;2459.82;1355.25;2458.83;1368.72;10;0.42;stop
7473;127.51;1026.12;128.95;1006.63;62.1;1001.7;60.66;1021.19;9;0.63;move
7491;2140.22;1061.46;2140.64;1043.36;2094.28;1042.29;2093.86;1060.39;9;0.37;stop
7493;1388.05;842.05;1389.09;830.7;1365.95;828.58;1364.91;839.92;10;0.38;stop
7512;1877.5;93.11;1877.99;57.29;1862.0;57.07;1861.51;92.89;10;0.79;move
7513;1199.28;1091.74;1199.72;1080.03;1185.72;1079.51;1185.28;1091.22;10;0.4;stop
7514;3759.43;1381.88;3764.63;1366.38;3731.19;1355.16;3725.99;1370.65;10;0.75;move
7517;2511.96;1862.7;2513.31;1847.14;2479.29;1844.18;2477.94;1859.74;10;0.35;stop
7524;1102.86;994.55;1103.14;983.79;1080.96;983.2;1080.67;993.96;10;0.37;stop
7527;2160.05;1122.14;2160.27;1108.85;2153.2;1108.73;2152.98;1122.03;10;0.36;stop
7531;979.08;938.07;980.05;912.4;966.33;911.88;965.36;937.56;10;0.35;stop
7533;1083.04;1883.39;1084.02;1869.21;1059.81;1867.55;1058.84;1881.73;10;0.37;stop
7543;1953.2;1901.32;1961.12;1858.2;1943.99;1855.05;1936.06;1898.17;10;0.57;stop
7561;2000.22;1453.05;2001.72;1406.63;1986.41;1406.14;1984.91;1452.56;10;0.35;stop
7563;3123.42;1511.98;3139.76;1475.26;3123.14;1467.86;3106.8;1504.58;9;0.46;stop
7566;1885.39;49.47;1901.84;49.31;1901.54;18.59;1885.1;18.75;10;0.8;move
7578;23.07;1025.51;23.93;1010.18;0.51;1008.87;-0.35;1024.19;10;0.66;stop
7580;652.71;1502.15;653.96;1490.71;633.54;1488.47;632.29;1499.92;10;0.35;stop
7581;3521.27;975.62;3532.96;941.97;3515.61;935.94;3503.91;969.59;9;0.35;stop
7582;3826.75;1379.65;3831.08;1365.41;3797.0;1355.04;3792.67;1369.28;10;0.69;stop
7583;2485.52;1917.46;2488.03;1881.58;2473.1;1880.54;2470.59;1916.42;9;0.45;stop
7588;1687.92;1139.55;1688.76;1124.44;1680.03;1123.95;1679.19;1139.06;10;0.7;stop
7589;2778.17;1377.67;2779.84;1361.35;2742.07;1357.48;2740.4;1373.81;9;0.35;stop
