vehicle_id;veh_bb_x1;veh_bb_y1;veh_bb_x2;veh_bb_y2;veh_bb_x3;veh_bb_y3;veh_bb_x4;veh_bb_y4;det_class;conf_score;state
1;2765.16;1103.21;2767.06;1090.31;2737.96;1086.04;2736.07;1098.94;10;0.84;stop
2;1971.28;1716.68;2004.01;1707.34;1999.97;1693.2;1967.24;1702.53;10;0.84;stop
3;3709.31;1008.5;3710.09;992.87;3676.32;991.19;3675.54;1006.81;10;0.8;stop
5;1017.46;576.92;1019.36;563.94;992.54;560.03;990.64;573.01;10;0.83;stop
6;639.85;1556.36;641.09;1544.12;616.4;1541.61;615.16;1553.85;10;0.83;stop
9;1981.31;1418.84;1983.75;1388.6;1969.69;1387.47;1967.25;1417.71;10;0.82;stop
10;2540.49;1210.22;2541.49;1196.13;2510.39;1193.9;2509.38;1208.0;10;0.81;stop
11;3374.91;1371.97;3381.28;1359.26;3352.59;1344.9;3346.22;1357.61;10;0.67;stop
12;744.34;1564.92;745.48;1551.74;719.1;1549.45;717.95;1562.63;10;0.82;stop
15;2689.47;1434.7;2693.98;1406.51;2679.78;1404.24;2675.27;1432.43;10;0.73;stop
16;1939.61;1941.48;1948.45;1907.38;1934.52;1903.77;1925.67;1937.87;10;0.82;stop
21;842.46;1108.79;843.14;1095.44;814.25;1093.96;813.56;1107.31;10;0.82;stop
22;3063.33;1293.33;3066.57;1277.47;3032.67;1270.54;3029.43;1286.4;10;0.82;stop
23;2926.11;1127.39;2928.45;1113.01;2897.64;1107.98;2895.3;1122.36;10;0.81;stop
25;1997.13;1252.84;1997.92;1227.05;1985.37;1226.66;1984.58;1252.45;10;0.75;stop
26;927.76;991.99;928.19;978.85;898.96;977.88;898.53;991.03;10;0.82;stop
28;1437.13;1624.28;1438.25;1611.65;1407.99;1608.97;1406.88;1621.6;10;0.82;stop
29;1979.23;1250.58;1980.54;1221.64;1967.27;1221.04;1965.96;1249.98;10;0.79;stop
35;3031.84;1149.49;3034.66;1136.83;3007.91;1130.88;3005.09;1143.55;10;0.8;stop
36;1890.51;1842.18;1897.46;1810.55;1882.74;1807.32;1875.79;1838.95;10;0.81;stop
37;3099.46;1252.42;3102.71;1238.47;3070.69;1231.02;3067.45;1244.97;10;0.81;move
39;1002.06;1117.98;1002.76;1104.28;973.44;1102.77;972.74;1116.47;10;0.81;stop
41;2234.58;1192.54;2235.46;1177.5;2202.61;1175.58;2201.73;1190.62;10;0.82;stop
42;390.82;1534.33;392.39;1520.61;362.93;1517.23;361.36;1530.95;10;0.81;stop
43;1257.3;1648.65;1258.74;1635.96;1232.33;1632.97;1230.89;1645.66;10;0.82;stop
44;2005.57;689.8;2006.41;659.45;1992.86;659.08;1992.03;689.42;10;0.82;stop
45;820.76;985.63;821.45;972.24;792.49;970.75;791.8;984.14;10;0.81;stop
48;2093.12;1305.84;2093.13;1292.93;2067.13;1292.91;2067.12;1305.82;10;0.81;stop
49;3107.01;1302.22;3109.92;1286.99;3074.49;1280.22;3071.58;1295.45;10;0.83;stop
50;2732.29;1099.66;2733.79;1085.09;2701.09;1081.72;2699.59;1096.28;10;0.82;stop
52;1724.35;1652.19;1725.57;1638.8;1696.77;1636.18;1695.56;1649.58;10;0.82;stop
54;3312.55;672.2;3314.32;643.98;3300.58;643.12;3298.8;671.33;10;0.76;stop
55;1242.55;1011.14;1243.01;996.8;1213.89;995.86;1213.42;1010.2;10;0.8;stop
56;2194.37;1189.24;2195.11;1175.77;2169.69;1174.39;2168.96;1187.85;10;0.82;stop
57;1977.51;1334.41;1978.19;1307.44;1964.49;1307.09;1963.81;1334.06;10;0.79;stop
58;1972.74;1516.28;1974.19;1483.11;1958.2;1482.41;1956.74;1515.58;10;0.82;stop
59;539.22;970.31;539.81;956.56;510.78;955.32;510.19;969.06;10;0.81;stop
66;2881.63;1249.23;2883.78;1234.95;2854.0;1230.46;2851.85;1244.74;10;0.78;stop
69;958.69;993.99;959.52;980.93;933.28;979.26;932.45;992.32;10;0.81;stop
73;2611.91;505.26;2612.68;479.5;2599.84;479.12;2599.07;504.87;10;0.8;stop
74;1100.09;588.17;1102.15;574.36;1071.16;569.74;1069.1;583.54;10;0.8;stop
75;887.22;991.57;887.76;978.31;859.9;977.18;859.36;990.44;10;0.81;stop
76;2393.77;1200.53;2394.55;1186.17;2363.48;1184.47;2362.7;1198.83;10;0.81;stop
77;1293.95;1651.58;1295.07;1638.02;1266.55;1635.67;1265.43;1649.23;10;0.81;stop
78;1989.23;1362.98;1996.51;1332.62;1982.02;1329.15;1974.74;1359.5;10;0.82;stop
84;714.72;1600.33;715.43;1586.9;684.97;1585.29;684.26;1598.72;10;0.8;stop
85;2792.02;604.99;2792.04;589.24;2758.36;589.19;2758.34;604.94;10;0.79;stop
86;392.95;962.52;394.05;950.0;367.37;947.64;366.26;960.16;10;0.81;stop
89;3069.73;1158.16;3072.16;1144.42;3042.02;1139.09;3039.59;1152.83;10;0.81;stop
90;2137.09;1098.12;2137.88;1084.92;2109.98;1083.25;2109.19;1096.45;10;0.82;stop
91;2960.62;108.87;2989.54;108.05;2989.13;93.63;2960.21;94.45;10;0.78;stop
92;2995.51;105.7;3021.01;105.47;3020.89;92.58;2995.39;92.81;10;0.77;stop
97;1715.34;1163.72;1717.08;1149.47;1687.78;1145.9;1686.05;1160.16;10;0.77;stop
98;2791.6;1236.52;2793.74;1222.16;2759.9;1217.11;2757.76;1231.47;10;0.8;stop
99;2198.97;1102.12;2199.53;1088.33;2170.16;1087.13;2169.6;1100.92;10;0.82;stop
101;1209.51;1605.48;1210.87;1592.36;1183.36;1589.52;1182.01;1602.64;10;0.8;stop
103;2610.85;1215.82;2612.27;1201.43;2581.78;1198.43;2580.36;1212.82;10;0.79;stop
104;1993.45;1688.97;1995.21;1662.13;1982.3;1661.28;1980.54;1688.12;10;0.81;stop
105;1105.28;1836.26;1107.11;1810.61;1094.09;1809.67;1092.26;1835.33;10;0.8;stop
106;3601.24;1409.46;3605.96;1394.45;3570.63;1383.35;3565.92;1398.36;10;0.6;stop
109;3375.52;1019.07;3401.8;999.83;3393.23;988.12;3366.95;1007.36;10;0.77;stop
110;2866.79;1387.41;2868.67;1373.87;2839.06;1369.78;2837.19;1383.32;10;0.74;stop
111;2941.11;1263.99;2944.92;1241.02;2888.27;1231.63;2884.46;1254.61;9;0.83;stop
112;2000.25;1397.48;2002.51;1369.43;1989.0;1368.34;1986.74;1396.39;10;0.81;stop
116;538.61;1086.63;539.97;1073.53;511.39;1070.56;510.03;1083.66;10;0.8;stop
119;2107.94;1184.11;2108.95;1169.38;2076.12;1167.14;2075.11;1181.87;10;0.82;stop
120;2787.88;1342.4;2788.32;1329.3;2760.25;1328.35;2759.8;1341.45;10;0.77;stop
122;1838.4;754.98;1838.49;725.56;1824.23;725.52;1824.14;754.94;10;0.8;stop
123;503.55;969.2;504.41;955.51;474.26;953.61;473.4;967.31;10;0.8;stop
125;2961.73;1134.73;2964.67;1120.46;2934.02;1114.15;2931.08;1128.41;10;0.8;stop
126;613.27;1554.4;614.3;1539.67;582.98;1537.48;581.95;1552.21;10;0.8;stop
127;2012.46;1650.24;2012.97;1627.14;2001.54;1626.88;2001.03;1649.99;10;0.62;stop
128;1997.15;1312.5;1999.32;1277.62;1984.41;1276.69;1982.24;1311.57;10;0.82;stop
129;1989.78;656.92;1990.37;623.6;1974.91;623.33;1974.32;656.65;10;0.81;stop
131;2277.68;1193.1;2278.31;1179.67;2251.2;1178.4;2250.57;1191.83;10;0.78;stop
133;1284.07;1611.24;1285.95;1598.59;1261.8;1595.01;1259.92;1607.66;10;0.79;stop
134;2675.76;1094.21;2677.67;1080.41;2645.11;1075.91;2643.2;1089.71;10;0.8;stop
135;2498.72;1208.19;2499.64;1193.34;2468.91;1191.43;2467.98;1206.28;10;0.8;stop
137;2609.46;401.34;2610.37;374.21;2597.79;373.79;2596.88;400.91;10;0.78;stop
138;2611.57;541.45;2612.66;512.05;2599.05;511.55;2597.97;540.95;10;0.79;stop
139;786.99;983.59;787.36;971.38;759.67;970.53;759.3;982.74;10;0.8;stop
140;2133.01;1117.99;2133.91;1104.63;2105.99;1102.76;2105.09;1116.12;10;0.8;stop
143;1221.87;1644.14;1222.97;1630.84;1194.63;1628.49;1193.53;1641.78;10;0.79;stop
144;1821.99;1698.12;1823.52;1684.8;1793.76;1681.38;1792.23;1694.7;10;0.8;stop
145;1867.28;1703.4;1868.41;1689.66;1840.34;1687.35;1839.21;1701.09;10;0.8;stop
148;1061.3;581.95;1063.32;569.02;1035.7;564.71;1033.68;577.63;10;0.78;stop
151;3715.03;1049.02;3751.33;1048.77;3751.22;1033.17;3714.92;1033.42;10;0.76;stop
152;637.59;1593.34;638.7;1579.51;611.16;1577.29;610.05;1591.12;10;0.78;stop
154;1996.8;73.67;1997.99;47.8;1986.45;47.27;1985.26;73.14;10;0.79;stop
155;3137.01;1244.52;3140.24;1229.3;3110.49;1222.98;3107.26;1238.2;10;0.76;stop
156;1189.03;1134.11;1189.26;1119.14;1160.35;1118.7;1160.12;1133.67;10;0.79;stop
159;2356.2;1198.95;2356.94;1185.39;2327.93;1183.8;2327.19;1197.36;10;0.77;stop
160;2961.96;1397.17;2970.35;1383.99;2938.29;1363.58;2929.9;1376.76;10;0.78;stop
161;1413.0;1018.17;1413.42;1004.4;1382.62;1003.45;1382.2;1017.23;10;0.8;stop
166;2156.77;1187.18;2157.31;1173.14;2126.29;1171.95;2125.75;1185.99;10;0.8;stop
167;1979.37;1294.52;1980.78;1265.51;1967.13;1264.85;1965.72;1293.86;10;0.8;stop
168;1798.35;2076.73;1811.48;2048.68;1799.4;2043.02;1786.27;2071.07;10;0.77;stop
169;2906.03;108.0;2934.77;107.67;2934.6;93.09;2905.86;93.43;10;0.79;stop
171;1134.82;1003.01;1135.7;991.19;1111.24;989.37;1110.36;1001.18;10;0.8;stop
172;2105.06;1078.17;2106.59;1064.88;2077.88;1061.58;2076.35;1074.87;10;0.79;stop
173;2574.72;1211.4;2575.26;1198.35;2548.16;1197.23;2547.62;1210.28;10;0.77;stop
174;3405.98;997.94;3428.22;976.77;3418.09;966.13;3395.85;987.29;10;0.77;stop
178;172.75;1059.65;173.96;1045.69;144.83;1043.16;143.62;1057.12;10;0.76;stop
179;1950.81;157.94;1951.91;126.63;1937.66;126.13;1936.56;157.43;10;0.78;move
180;2002.35;915.77;2004.92;884.79;1991.4;883.67;1988.83;914.64;10;0.81;stop
181;804.45;1609.29;806.05;1596.02;776.38;1592.46;774.79;1605.73;10;0.79;stop
183;2810.68;1109.07;2812.52;1094.72;2777.99;1090.3;2776.16;1104.66;10;0.8;stop
184;2149.51;1080.28;2149.97;1064.93;2117.8;1063.97;2117.34;1079.32;10;0.81;stop
186;1784.34;1694.9;1786.29;1681.18;1754.91;1676.73;1752.96;1690.44;10;0.78;stop
189;2612.2;82.92;2612.8;56.88;2599.55;56.58;2598.95;82.62;10;0.77;stop
190;2612.31;886.61;2613.58;855.47;2599.44;854.89;2598.17;886.03;10;0.78;stop
191;2870.7;109.86;2898.0;109.36;2897.74;95.45;2870.44;95.95;10;0.74;stop
192;3312.97;640.2;3314.08;607.2;3298.28;606.67;3297.17;639.67;10;0.79;stop
193;131.28;1058.37;132.21;1038.55;77.9;1036.0;76.97;1055.83;9;0.68;stop
198;1400.47;1145.86;1401.45;1131.95;1373.78;1130.02;1372.8;1143.92;10;0.82;stop
199;458.26;1539.15;459.55;1526.99;437.06;1524.6;435.76;1536.76;10;0.75;stop
200;2500.31;1750.5;2505.32;1715.42;2490.94;1713.37;2485.93;1748.45;10;0.8;stop
202;3600.78;1388.49;3605.41;1374.08;3571.09;1363.07;3566.47;1377.48;10;0.79;move
203;2846.52;560.49;2874.24;559.5;2873.73;545.39;2846.01;546.38;10;0.77;stop
205;2871.43;1116.67;2873.59;1102.97;2846.15;1098.64;2843.99;1112.34;10;0.78;stop
206;2650.19;1218.19;2651.02;1204.55;2622.31;1202.81;2621.48;1216.45;10;0.79;stop
207;2684.09;1401.42;2697.41;1400.35;2695.05;1370.77;2681.73;1371.83;10;0.6;stop
208;1925.23;1977.62;1934.13;1945.83;1920.02;1941.88;1911.12;1973.67;10;0.8;stop
209;1824.99;196.29;1839.53;196.08;1839.13;168.21;1824.6;168.42;10;0.79;stop
210;1835.9;681.1;1836.04;654.35;1822.6;654.27;1822.46;681.03;10;0.77;stop
211;1991.85;759.03;2005.55;758.98;2005.46;730.47;1991.76;730.52;10;0.8;stop
212;2071.35;1174.13;2072.25;1160.97;2045.21;1159.12;2044.31;1172.28;10;0.79;stop
214;2683.16;1223.13;2684.29;1209.17;2655.71;1206.87;2654.59;1220.83;10;0.79;stop
215;3026.52;1472.3;3039.83;1461.09;3010.98;1426.83;2997.67;1438.03;9;0.69;stop
216;314.48;1564.86;315.98;1551.1;284.11;1547.64;282.62;1561.4;10;0.77;stop
217;603.88;1590.34;605.05;1577.32;575.49;1574.66;574.32;1587.68;10;0.78;stop
219;2809.29;561.55;2839.37;560.62;2838.96;547.7;2808.88;548.63;10;0.78;stop
220;2955.74;560.63;2985.54;559.52;2985.01;545.25;2955.21;546.36;10;0.78;stop
221;1192.44;1011.61;1193.73;990.66;1142.5;987.51;1141.21;1008.46;9;0.82;stop
224;2924.18;1377.43;2930.16;1363.49;2895.07;1348.44;2889.09;1362.39;10;0.77;stop
225;1992.07;721.43;2004.48;721.26;2004.12;694.95;1991.71;695.12;10;0.79;stop
226;3493.94;1338.38;3497.84;1324.06;3466.99;1315.68;3463.1;1330.0;10;0.73;move
227;1305.4;1142.38;1306.69;1124.64;1258.48;1121.12;1257.18;1138.86;9;0.8;stop
228;2459.7;1204.22;2460.5;1190.41;2430.3;1188.65;2429.5;1202.46;10;0.77;stop
229;428.27;1536.51;429.5;1523.04;398.61;1520.21;397.37;1533.68;10;0.78;stop
230;1822.87;2025.43;1832.29;2000.75;1821.0;1996.44;1811.59;2021.13;10;0.76;stop
234;700.19;1955.82;700.97;1925.83;685.44;1925.43;684.65;1955.42;10;0.72;stop
236;2010.56;44.88;2010.89;22.23;1998.94;22.05;1998.61;44.71;10;0.58;stop
238;1995.59;238.07;2008.63;238.0;2008.48;211.37;1995.43;211.44;10;0.77;stop
239;2610.7;435.25;2611.66;410.08;2599.93;409.63;2598.96;434.8;10;0.78;stop
242;1140.55;1129.66;1141.17;1116.0;1112.83;1114.71;1112.21;1128.38;10;0.81;stop
247;1667.87;1686.01;1669.47;1673.15;1643.0;1669.87;1641.41;1682.72;10;0.78;stop
249;637.66;1143.92;638.43;1130.42;606.41;1128.58;605.63;1142.08;10;0.76;stop
250;1496.46;949.13;1500.65;915.57;1487.04;913.87;1482.85;947.43;10;0.78;stop
252;3064.57;1539.4;3085.05;1526.72;3051.68;1472.79;3031.2;1485.47;9;0.75;stop
253;3389.79;1310.85;3393.84;1296.35;3360.21;1286.96;3356.16;1301.46;10;0.77;move
254;3202.15;1056.58;3202.21;1039.82;3164.42;1039.67;3164.35;1056.43;10;0.78;stop
256;103.03;1539.67;105.13;1525.11;72.05;1520.33;69.95;1534.89;10;0.73;stop
257;2515.48;1607.08;2518.25;1575.69;2503.9;1574.42;2501.12;1605.81;10;0.78;stop
258;2771.39;562.19;2801.99;561.07;2801.48;547.06;2770.88;548.18;10;0.78;stop
260;1350.88;1016.98;1351.68;1002.95;1322.12;1001.27;1321.32;1015.3;10;0.8;stop
261;1892.62;1224.12;1904.93;1221.2;1898.63;1194.63;1886.32;1197.55;10;0.74;stop
262;2247.38;1086.05;2248.19;1071.13;2217.37;1069.45;2216.56;1084.37;10;0.8;stop
263;375.77;1569.96;376.53;1557.13;351.73;1555.67;350.97;1568.49;10;0.75;stop
264;17.84;956.11;18.55;943.37;-0.38;942.33;-1.08;955.07;10;0.79;stop
265;1853.99;361.54;1855.05;328.51;1841.82;328.08;1840.76;361.11;10;0.79;stop
266;2604.58;567.0;2635.7;566.12;2635.29;551.81;2604.18;552.69;10;0.79;stop
267;3162.5;557.84;3191.67;556.35;3190.93;541.85;3161.76;543.34;10;0.76;stop
268;979.26;571.72;981.17;558.19;953.86;554.33;951.95;567.86;10;0.75;stop
270;3378.44;1161.84;3392.92;1134.34;3380.0;1127.53;3365.52;1155.04;10;0.8;stop
271;1188.0;1642.02;1189.19;1628.55;1161.56;1626.11;1160.37;1639.57;10;0.77;stop
272;1838.14;689.62;1851.64;689.54;1851.48;659.26;1837.98;659.33;10;0.76;stop
273;2004.72;796.44;2005.48;771.05;1993.15;770.68;1992.39;796.07;10;0.76;stop
277;2319.74;1131.06;2320.52;1115.03;2285.64;1113.32;2284.85;1129.35;10;0.81;stop
279;2824.43;1239.44;2826.17;1226.97;2799.07;1223.19;2797.33;1235.65;10;0.76;stop
281;1992.04;110.89;1993.26;81.49;1979.39;80.92;1978.18;110.32;10;0.75;stop
282;1838.4;272.02;1839.61;240.43;1824.6;239.86;1823.39;271.44;10;0.78;stop
283;2773.79;114.14;2801.56;113.69;2801.33;99.61;2773.56;100.06;10;0.56;stop
285;2005.2;380.84;2005.69;351.79;1990.8;351.54;1990.31;380.59;10;0.78;stop
286;1823.46;715.85;1838.89;715.0;1837.29;685.9;1821.86;686.75;10;0.79;stop
287;763.9;1102.8;764.75;1089.1;734.23;1087.2;733.37;1100.9;10;0.79;stop
289;3584.44;825.39;3599.59;796.29;3585.56;788.98;3570.41;818.08;10;0.78;stop
290;1778.18;2112.75;1791.98;2086.26;1780.19;2080.12;1766.4;2106.61;10;0.75;stop
291;3030.81;108.34;3062.14;105.2;3060.69;90.78;3029.36;93.93;10;0.7;stop
292;808.62;1106.27;809.59;1091.32;779.51;1089.36;778.53;1104.3;10;0.82;stop
294;1471.26;1146.58;1471.59;1133.33;1444.74;1132.67;1444.41;1145.92;10;0.76;stop
295;2091.3;1113.34;2091.99;1099.82;2064.07;1098.41;2063.39;1111.93;10;0.78;stop
296;3708.37;1048.12;3708.4;1033.21;3675.38;1033.13;3675.35;1048.04;10;0.63;stop
297;1105.18;1870.04;1106.59;1838.49;1090.44;1837.77;1089.04;1869.32;10;0.77;stop
298;1005.97;1588.26;1007.16;1576.56;983.03;1574.11;981.84;1585.81;10;0.74;stop
299;1985.82;840.17;2000.31;839.37;1998.56;807.95;1984.07;808.76;10;0.79;stop
300;2920.35;562.02;2948.77;561.28;2948.4;547.23;2919.98;547.97;10;0.77;stop
301;2613.14;737.47;2613.83;709.62;2599.73;709.28;2599.05;737.13;10;0.76;stop
302;1684.83;1648.27;1686.48;1633.46;1655.3;1629.98;1653.64;1644.79;10;0.76;stop
303;1359.89;2140.66;1363.48;2111.2;1350.23;2109.59;1346.65;2139.05;10;0.72;stop
304;3279.9;1428.28;3291.85;1397.5;3276.97;1391.72;3265.02;1422.5;10;0.73;stop
305;3802.74;1471.31;3808.11;1455.71;3772.26;1443.38;3766.89;1458.98;10;0.77;stop
308;2098.51;1096.97;2099.61;1082.23;2068.49;1079.91;2067.39;1094.65;10;0.8;stop
309;675.3;1596.08;676.52;1582.74;648.45;1580.17;647.23;1593.51;10;0.78;stop
310;1855.65;274.17;1855.95;245.73;1842.23;245.58;1841.92;274.02;10;0.78;stop
311;2610.88;686.48;2611.39;653.61;2597.49;653.4;2596.99;686.26;10;0.8;stop
312;2428.23;122.12;2428.45;107.87;2396.52;107.38;2396.3;121.63;10;0.69;stop
314;2672.83;564.83;2702.06;564.17;2701.74;549.86;2672.51;550.52;10;0.78;stop
315;707.59;934.9;712.54;923.45;689.29;913.38;684.33;924.83;10;0.76;stop
316;608.42;973.67;608.62;959.91;577.51;959.45;577.31;973.22;10;0.76;stop
317;960.7;1117.66;961.43;1102.39;929.3;1100.84;928.57;1116.11;10;0.79;stop
318;1107.88;1801.15;1109.74;1774.55;1095.24;1773.54;1093.38;1800.13;10;0.74;stop
319;2506.9;1699.11;2509.47;1671.56;2495.6;1670.27;2493.03;1697.82;10;0.77;stop
320;2609.63;224.16;2610.6;195.34;2597.62;194.91;2596.65;223.72;10;0.6;stop
321;2914.28;561.19;2914.29;546.96;2882.47;546.94;2882.46;561.16;10;0.77;stop
322;698.72;1096.92;698.72;1083.71;670.97;1083.71;670.97;1096.92;10;0.77;stop
324;3670.63;642.85;3681.99;611.94;3668.12;606.84;3656.76;637.75;10;0.78;stop
325;1909.69;1496.47;1921.4;1495.69;1919.81;1471.84;1908.1;1472.62;10;0.77;stop
326;1364.44;1657.55;1366.23;1644.76;1338.93;1640.95;1337.15;1653.74;10;0.74;stop
327;1736.27;559.56;1738.31;545.28;1706.23;540.69;1704.19;554.97;10;0.75;stop
328;2639.31;563.33;2666.45;562.09;2665.82;548.17;2638.67;549.41;10;0.76;stop
330;2233.26;566.62;2262.18;565.98;2261.87;551.63;2232.94;552.27;10;0.7;stop
331;1837.67;151.82;1839.49;125.83;1826.64;124.93;1824.83;150.92;10;0.77;stop
332;3016.96;561.77;3047.95;560.89;3047.54;546.36;3016.55;547.24;10;0.74;stop
333;2696.8;116.69;2729.1;115.77;2728.7;101.56;2696.4;102.48;10;0.72;stop
335;2199.29;1082.76;2199.87;1068.42;2167.59;1067.11;2167.0;1081.45;10;0.82;stop
337;2641.35;118.74;2669.48;118.58;2669.4;104.57;2641.27;104.73;10;0.73;stop
340;750.78;950.94;751.88;921.03;737.53;920.5;736.43;950.41;10;0.76;stop
341;3365.26;1127.88;3380.65;1102.77;3367.86;1094.94;3352.48;1120.04;10;0.76;stop
342;3408.58;1059.41;3427.2;1034.26;3415.48;1025.59;3396.87;1050.74;10;0.77;stop
343;2609.46;472.83;2609.69;443.02;2596.67;442.92;2596.44;472.73;10;0.77;stop
344;569.79;1089.04;570.76;1074.74;543.03;1072.84;542.05;1087.14;10;0.76;stop
345;1462.69;1018.55;1462.87;1005.73;1435.31;1005.33;1435.13;1018.15;10;0.79;stop
346;3412.1;1096.82;3425.7;1074.0;3413.84;1066.93;3400.23;1089.75;10;0.75;stop
347;2657.75;1433.61;2674.19;1408.68;2663.13;1401.39;2646.68;1426.32;10;0.64;stop
349;3149.9;1263.87;3152.87;1248.63;3119.17;1242.06;3116.2;1257.3;10;0.76;move
350;1823.25;473.73;1838.38;473.39;1837.69;442.02;1822.55;442.36;10;0.76;stop
352;2521.83;1077.52;2522.66;1063.98;2494.17;1062.23;2493.34;1075.77;10;0.75;stop
353;680.15;1956.3;682.86;1923.36;667.97;1922.14;665.26;1955.07;10;0.71;stop
354;1844.27;122.32;1846.49;101.59;1835.61;100.43;1833.39;121.16;10;0.71;stop
355;3572.85;753.69;3585.29;726.13;3571.84;720.06;3559.39;747.62;10;0.71;stop
356;1491.69;982.5;1494.47;953.84;1480.56;952.5;1477.78;981.16;10;0.76;stop
357;1248.64;1607.79;1249.35;1595.45;1223.55;1593.96;1222.84;1606.3;10;0.74;stop
358;662.3;1955.12;664.82;1927.37;651.14;1926.13;648.62;1953.88;10;0.62;stop
359;1953.18;1900.41;1960.72;1859.05;1943.82;1855.96;1936.28;1897.33;10;0.68;stop
365;3265.95;1462.91;3276.86;1430.97;3260.92;1425.53;3250.01;1457.47;10;0.81;stop
366;3787.06;396.77;3799.76;366.48;3786.07;360.73;3773.36;391.02;10;0.77;stop
367;3508.6;553.16;3536.48;551.72;3535.78;538.09;3507.89;539.53;10;0.73;stop
368;1174.93;1602.84;1176.77;1591.31;1153.82;1587.66;1151.98;1599.19;10;0.74;stop
371;2341.28;1069.95;2371.18;1069.5;2370.97;1055.18;2341.07;1055.62;10;0.75;stop
372;3328.2;1037.96;3361.6;1027.16;3357.11;1013.29;3323.72;1024.09;10;0.74;stop
373;3761.19;1048.47;3795.11;1048.35;3795.06;1033.72;3761.14;1033.84;10;0.72;stop
374;2004.48;869.15;2004.99;843.35;1992.83;843.1;1992.32;868.9;10;0.76;stop
375;1078.78;999.9;1079.81;987.08;1051.22;984.79;1050.19;997.61;10;0.77;stop
376;866.23;1114.99;867.99;1104.56;848.46;1101.26;846.7;1111.69;10;0.69;stop
378;1678.68;1160.0;1679.98;1146.71;1652.45;1144.0;1651.14;1157.29;10;0.76;stop
379;1546.22;1024.55;1547.44;1010.83;1519.41;1008.33;1518.18;1022.05;10;0.75;stop
380;2613.51;974.35;2614.32;936.25;2598.24;935.9;2597.43;974.0;10;0.73;stop
381;2319.54;1196.4;2320.54;1182.95;2290.33;1180.73;2289.34;1194.17;10;0.76;stop
382;2824.5;113.57;2859.59;113.04;2859.33;95.5;2824.24;96.02;10;0.68;stop
383;902.27;564.32;904.45;551.33;877.1;546.74;874.92;559.72;10;0.75;stop
384;713.19;910.0;714.06;897.06;685.56;895.16;684.69;908.09;10;0.72;stop
385;409.42;1573.44;410.88;1560.87;384.65;1557.81;383.18;1570.38;10;0.74;stop
387;2125.79;127.27;2156.33;126.45;2155.96;112.36;2125.42;113.18;10;0.73;stop
388;2710.27;563.08;2739.46;561.76;2738.85;548.42;2709.67;549.74;10;0.76;stop
389;3456.12;93.4;3490.38;92.23;3489.82;75.82;3455.56;76.99;10;0.75;stop
390;3654.73;674.6;3667.86;646.16;3654.02;639.78;3640.89;668.21;10;0.75;stop
391;2971.41;1271.29;2974.54;1257.04;2946.84;1250.96;2943.71;1265.21;10;0.79;stop
392;2610.74;847.42;2611.1;817.75;2597.64;817.58;2597.27;847.25;10;0.73;stop
393;1699.66;1033.69;1700.34;1019.68;1671.96;1018.31;1671.29;1032.32;10;0.76;stop
395;1354.22;1142.98;1354.63;1129.26;1325.53;1128.39;1325.12;1142.11;10;0.76;stop
396;2916.61;1399.53;2921.91;1379.53;2874.79;1367.04;2869.49;1387.03;9;0.48;stop
397;2512.42;123.42;2541.91;123.26;2541.83;108.33;2512.34;108.49;10;0.72;stop
398;2209.46;125.69;2235.92;125.06;2235.6;111.68;2209.14;112.31;10;0.63;stop
400;362.16;959.78;362.85;946.6;336.28;945.22;335.59;958.4;10;0.77;stop
401;2575.65;1044.65;2576.89;1014.72;2561.85;1014.1;2560.61;1044.03;10;0.74;stop
402;2776.96;1377.17;2778.64;1362.29;2743.04;1358.26;2741.36;1373.14;10;0.61;stop
403;2126.33;1345.99;2126.41;1331.68;2094.67;1331.51;2094.59;1345.82;10;0.76;stop
404;1993.09;1658.01;1993.53;1633.94;1982.66;1633.74;1982.22;1657.81;10;0.78;stop
405;3085.56;560.79;3085.73;545.83;3053.19;545.46;3053.02;560.42;10;0.76;stop
406;148.3;947.83;149.14;935.53;122.88;933.73;122.03;946.04;10;0.74;stop
407;330.79;959.14;331.04;947.3;307.65;946.79;307.4;958.64;10;0.76;stop
408;2192.03;565.73;2192.04;552.26;2164.16;552.24;2164.15;565.71;10;0.74;stop
409;2415.45;566.23;2445.41;566.02;2445.3;551.17;2415.34;551.39;10;0.76;stop
411;3550.26;1006.84;3582.37;1006.58;3582.24;990.97;3550.13;991.23;10;0.55;stop
413;1993.62;195.02;1994.44;171.6;1982.32;171.17;1981.49;194.59;10;0.73;stop
414;3768.92;432.95;3781.38;406.53;3768.58;400.49;3756.12;426.91;10;0.76;stop
415;3811.51;549.88;3811.54;535.81;3782.24;535.74;3782.21;549.82;10;0.72;stop
416;298.72;1068.24;298.83;1054.49;269.4;1054.26;269.3;1068.01;10;0.75;stop
419;1897.94;1256.8;1911.07;1254.94;1906.81;1224.95;1893.68;1226.81;10;0.75;stop
420;1996.41;1011.88;2009.87;1009.55;2004.84;980.49;1991.38;982.82;10;0.77;stop
421;2152.35;1346.95;2180.64;1346.11;2180.21;1331.67;2151.92;1332.52;10;0.75;stop
423;1909.94;2013.98;1920.94;1987.2;1908.31;1982.02;1897.31;2008.8;10;0.73;stop
424;3707.56;1408.79;3712.57;1393.47;3672.43;1380.36;3667.43;1395.69;10;0.4;move
426;480.15;1330.02;482.55;1316.04;452.66;1310.92;450.27;1324.9;10;0.75;stop
427;1400.24;1660.54;1401.64;1647.9;1372.89;1644.71;1371.48;1657.35;10;0.75;stop
428;657.72;1151.66;659.76;1125.65;646.34;1124.59;644.3;1150.6;10;0.74;stop
430;2859.81;1343.77;2860.38;1331.49;2835.69;1330.35;2835.12;1342.64;10;0.71;stop
431;2520.28;1555.89;2522.56;1526.52;2509.22;1525.48;2506.94;1554.86;10;0.59;stop
432;1164.17;1541.09;1167.67;1510.95;1153.9;1509.35;1150.39;1539.49;10;0.74;stop
436;3393.43;1128.31;3407.91;1102.04;3395.95;1095.44;3381.46;1121.71;10;0.76;stop
437;2492.45;1828.42;2495.14;1799.82;2481.92;1798.58;2479.24;1827.18;10;0.73;stop
438;2860.15;2074.0;2874.48;2064.16;2853.35;2033.38;2839.02;2043.22;10;0.63;stop
440;3622.33;1048.9;3622.58;1032.86;3588.92;1032.35;3588.67;1048.39;10;0.62;stop
441;647.65;1952.88;648.93;1922.44;633.92;1921.81;632.63;1952.25;10;0.61;stop
443;1663.58;1031.15;1663.82;1017.97;1637.17;1017.48;1636.93;1030.66;10;0.74;stop
446;1834.95;101.41;1835.45;73.17;1824.02;72.96;1823.52;101.21;10;0.72;stop
449;2681.62;1341.72;2683.54;1320.91;2631.38;1316.09;2629.46;1336.9;9;0.62;stop
451;1967.51;250.39;1986.5;250.09;1985.74;202.98;1966.75;203.29;9;0.66;stop
452;2274.23;126.04;2274.28;111.99;2243.39;111.89;2243.35;125.95;10;0.56;stop
453;2491.54;565.57;2520.04;565.39;2519.96;552.12;2491.46;552.3;10;0.74;stop
454;3562.86;87.17;3563.25;74.2;3535.89;73.38;3535.5;86.35;10;0.75;stop
455;2426.11;1355.04;2426.17;1341.14;2396.39;1341.03;2396.33;1354.92;10;0.73;stop
456;2465.37;1775.05;2468.92;1745.49;2456.13;1743.95;2452.58;1773.51;10;0.75;stop
459;2980.4;1458.91;2991.41;1447.31;2962.6;1419.97;2951.59;1431.56;10;0.7;stop
460;1904.83;1434.85;1922.04;1433.29;1917.92;1387.77;1900.71;1389.33;9;0.67;stop
461;2342.7;565.62;2342.83;550.93;2313.3;550.66;2313.17;565.35;10;0.71;stop
462;2451.45;1908.93;2455.27;1877.17;2441.92;1875.57;2438.1;1907.33;10;0.67;stop
463;3740.56;552.23;3777.34;549.81;3776.31;534.33;3739.54;536.76;10;0.64;stop
464;2874.27;2038.49;2899.76;2026.28;2893.23;2012.64;2867.74;2024.85;10;0.56;stop
465;2126.48;564.82;2152.03;563.88;2151.52;550.05;2125.97;551.0;10;0.73;stop
466;2178.12;1123.65;2178.85;1110.91;2153.88;1109.47;2153.15;1122.21;10;0.78;stop
468;1850.6;561.79;1851.47;535.52;1838.18;535.09;1837.31;561.35;10;0.69;stop
469;1864.7;1663.49;1865.84;1650.74;1841.05;1648.51;1839.91;1661.26;10;0.72;stop
470;1903.34;677.33;1918.52;676.64;1917.07;644.54;1901.88;645.23;10;0.78;stop
471;2611.2;113.38;2611.28;87.47;2598.3;87.43;2598.22;113.34;10;0.74;stop
472;2596.38;369.13;2609.12;368.91;2608.62;339.62;2595.88;339.84;10;0.66;stop
473;1327.93;1653.61;1329.01;1641.54;1303.44;1639.26;1302.37;1651.33;10;0.71;stop
474;2091.19;566.37;2120.93;566.12;2120.81;551.88;2091.07;552.13;10;0.67;stop
475;3467.1;1077.02;3477.02;1051.55;3463.83;1046.42;3453.92;1071.89;10;0.76;stop
477;3234.94;1337.18;3255.67;1315.04;3244.12;1304.23;3223.4;1326.37;10;0.79;stop
478;3571.8;854.87;3581.88;826.19;3568.2;821.38;3558.12;850.06;10;0.65;stop
479;1970.67;1561.26;1972.58;1533.37;1959.7;1532.49;1957.8;1560.38;10;0.81;stop
481;3542.49;551.19;3570.21;549.58;3569.39;535.37;3541.66;536.98;10;0.74;stop
482;3532.14;941.67;3543.01;914.53;3529.11;908.96;3518.24;936.1;10;0.73;stop
483;3743.24;81.67;3779.83;80.33;3779.26;64.81;3742.67;66.16;10;0.64;stop
485;357.26;1528.83;357.97;1516.01;327.11;1514.3;326.4;1527.12;10;0.69;stop
486;2113.2;1311.88;2157.43;1311.56;2157.3;1294.18;2113.07;1294.5;9;0.57;stop
489;3802.1;275.96;3813.86;247.85;3801.03;242.48;3789.26;270.58;10;0.7;stop
490;1438.66;1145.49;1439.43;1132.01;1410.96;1130.39;1410.2;1143.87;10;0.73;stop
492;1879.74;1876.06;1885.03;1850.09;1873.26;1847.69;1867.97;1873.66;10;0.76;stop
493;1425.41;844.04;1426.78;829.86;1392.71;826.59;1391.35;840.76;10;0.68;stop
494;2464.2;1358.33;2464.99;1345.01;2437.05;1343.35;2436.26;1356.68;10;0.66;stop
495;2533.19;1426.8;2535.01;1397.25;2521.06;1396.39;2519.24;1425.94;10;0.58;stop
496;3020.22;1282.97;3023.68;1268.9;2994.78;1261.78;2991.32;1275.85;10;0.8;stop
497;2376.82;1089.38;2377.26;1076.05;2348.93;1075.12;2348.49;1088.45;10;0.8;stop
498;469.1;1368.09;471.6;1354.37;443.56;1349.26;441.06;1362.98;10;0.7;stop
499;465.93;958.4;466.65;948.27;442.98;946.6;442.26;956.73;10;0.56;stop
501;1092.86;2126.67;1107.66;2126.1;1106.51;2095.83;1091.71;2096.4;10;0.74;stop
502;2345.12;123.03;2376.16;122.96;2376.13;109.85;2345.09;109.92;10;0.54;stop
504;2452.84;565.52;2482.44;564.94;2482.16;550.48;2452.56;551.06;10;0.68;stop
505;3302.31;1480.2;3308.61;1467.36;3281.75;1454.18;3275.45;1467.01;10;0.77;stop
506;1168.35;1501.62;1174.57;1472.14;1162.08;1469.51;1155.87;1498.99;10;0.66;stop
507;3747.59;594.32;3748.4;578.63;3709.28;576.62;3708.48;592.3;10;0.51;stop
508;1826.92;1350.92;1837.81;1348.14;1831.58;1323.77;1820.69;1326.55;10;0.72;stop
509;1995.52;1621.39;1996.97;1584.3;1982.48;1583.73;1981.03;1620.83;10;0.74;stop
511;638.85;1127.49;639.98;1113.56;611.78;1111.26;610.64;1125.19;10;0.69;stop
513;2335.04;1086.65;2335.5;1073.15;2308.59;1072.22;2308.12;1085.72;10;0.78;stop
514;3787.93;80.19;3819.43;79.14;3818.95;64.65;3787.44;65.7;10;0.56;stop
515;3764.19;349.7;3779.67;318.0;3765.81;311.24;3750.33;342.93;10;0.64;stop
516;204.33;1062.49;205.32;1047.95;176.06;1045.95;175.07;1060.49;10;0.59;stop
517;3282.64;1162.81;3301.84;1132.74;3289.24;1124.69;3270.03;1154.76;10;0.65;stop
520;3641.06;704.4;3651.31;679.28;3637.69;673.73;3627.44;698.84;10;0.6;stop
521;81.22;914.32;86.87;887.8;72.53;884.74;66.88;911.26;10;0.71;stop
523;2609.5;645.71;2610.12;618.79;2597.75;618.51;2597.13;645.43;10;0.78;stop
524;1504.38;1632.26;1505.99;1621.1;1483.62;1617.87;1482.01;1629.03;10;0.65;stop
525;347.2;1566.96;348.4;1553.7;320.3;1551.17;319.1;1564.43;10;0.71;stop
526;207.68;2144.96;209.04;2104.5;187.95;2103.79;186.58;2144.25;10;0.71;stop
527;2292.12;1355.87;2293.89;1338.59;2249.13;1334.01;2247.36;1351.29;9;0.67;stop
528;3319.39;554.66;3351.28;553.86;3350.92;539.41;3319.03;540.2;10;0.66;stop
529;2369.27;1354.04;2370.73;1339.65;2338.48;1336.4;2337.02;1350.79;10;0.55;stop
530;1177.24;1459.35;1181.82;1436.04;1170.26;1433.77;1165.68;1457.08;10;0.71;stop
531;2231.81;1392.98;2234.36;1354.74;2218.88;1353.71;2216.32;1391.94;10;0.73;stop
534;1873.54;1924.38;1886.6;1887.08;1870.64;1881.5;1857.59;1918.79;9;0.8;stop
535;43.02;1049.81;44.3;1035.44;9.98;1032.37;8.7;1046.75;10;0.6;stop
537;2529.96;565.66;2559.64;564.63;2559.16;550.9;2529.49;551.93;10;0.67;stop
538;3806.06;357.84;3817.8;332.72;3804.57;326.54;3792.83;351.66;10;0.68;stop
539;363.04;910.37;379.5;909.32;377.58;879.32;361.12;880.37;10;0.66;stop
541;1760.56;1654.08;1761.73;1641.39;1733.69;1638.8;1732.52;1651.49;10;0.66;stop
542;579.97;501.26;583.2;488.55;554.4;481.24;551.18;493.95;10;0.51;stop
543;1921.65;1580.85;1923.05;1542.13;1907.85;1541.59;1906.45;1580.3;10;0.67;stop
545;3036.42;1547.33;3048.96;1541.1;3034.83;1512.67;3022.29;1518.9;10;0.7;stop
547;2609.88;322.68;2610.42;297.45;2598.5;297.19;2597.95;322.43;10;0.72;stop
548;3632.81;85.27;3666.85;84.64;3666.56;69.19;3632.53;69.81;10;0.66;stop
550;2482.8;1585.87;2483.43;1559.93;2471.33;1559.63;2470.69;1585.57;10;0.64;stop
551;3656.63;1005.69;3656.98;991.88;3629.62;991.19;3629.27;1005.0;10;0.74;stop
552;2295.96;1085.24;2296.13;1070.69;2258.79;1070.26;2258.62;1084.81;10;0.78;stop
554;1307.08;1008.18;1308.18;996.52;1284.92;994.32;1283.82;1005.98;10;0.73;stop
555;769.63;1605.68;771.26;1592.69;744.43;1589.32;742.8;1602.31;10;0.71;stop
558;3556.39;312.33;3570.89;310.94;3567.96;280.34;3553.47;281.74;10;0.37;stop
559;211.59;947.93;212.86;934.41;184.51;931.75;183.24;945.27;10;0.71;stop
561;2454.91;1871.67;2457.76;1843.21;2445.22;1841.96;2442.37;1870.41;10;0.52;stop
562;2711.4;2123.63;2725.74;2118.0;2714.1;2088.37;2699.76;2094.0;10;0.75;stop
563;3270.59;213.76;3271.31;184.09;3257.23;183.74;3256.5;213.41;10;0.54;stop
564;3301.43;1382.05;3317.01;1346.78;3299.5;1339.05;3283.93;1374.32;10;0.68;stop
565;540.42;489.24;543.82;476.96;518.01;469.82;514.62;482.1;10;0.6;stop
566;1396.06;1620.5;1396.54;1608.05;1372.56;1607.13;1372.09;1619.58;10;0.71;stop
567;2444.16;121.99;2469.83;121.23;2469.46;108.64;2443.79;109.4;10;0.56;stop
568;1501.52;908.88;1504.36;880.07;1490.98;878.75;1488.14;907.56;10;0.61;stop
569;3577.16;896.48;3588.9;871.62;3574.84;864.98;3563.1;889.84;10;0.41;stop
571;2488.52;1542.96;2491.49;1513.93;2477.98;1512.54;2475.01;1541.57;10;0.61;stop
572;3363.99;1414.09;3409.09;1408.53;3406.63;1388.57;3361.53;1394.12;10;0.53;stop
575;527.25;1583.44;528.14;1570.23;501.18;1568.43;500.3;1581.64;10;0.64;stop
576;3346.08;1156.42;3363.2;1129.92;3350.48;1121.7;3333.36;1148.2;10;0.68;stop
577;2239.25;1103.86;2240.1;1089.6;2206.93;1087.64;2206.09;1101.9;10;0.8;stop
579;177.87;945.58;179.65;933.06;154.01;929.42;152.23;941.94;10;0.64;stop
580;1464.06;853.06;1465.77;840.58;1437.31;836.69;1435.61;849.17;10;0.65;stop
581;630.91;1952.33;631.92;1921.94;615.96;1921.41;614.96;1951.81;10;0.4;stop
582;663.31;971.9;688.15;970.76;687.63;959.35;662.78;960.49;10;0.68;stop
584;397.31;907.95;399.11;879.37;384.56;878.45;382.76;907.04;10;0.63;stop
585;205.56;1682.11;205.73;1654.54;191.24;1654.45;191.07;1682.02;10;0.67;stop
586;1027.81;950.23;1028.33;920.34;1014.07;920.08;1013.54;949.98;10;0.54;stop
587;3145.46;1309.94;3148.39;1294.92;3117.04;1288.81;3114.11;1303.83;10;0.75;stop
588;2282.38;1106.22;2283.15;1092.58;2253.24;1090.91;2252.48;1104.54;10;0.79;stop
589;3196.52;1190.5;3200.9;1171.15;3146.6;1158.88;3142.23;1178.22;9;0.67;stop
590;506.91;1545.06;508.49;1531.61;478.41;1528.06;476.82;1541.52;10;0.61;stop
591;108.82;712.65;113.09;683.7;99.19;681.65;94.92;710.6;10;0.57;stop
592;1637.54;1158.39;1640.97;1143.84;1610.33;1136.61;1606.9;1151.16;10;0.69;stop
593;635.84;1162.62;637.11;1148.12;607.28;1145.51;606.01;1160.0;10;0.56;stop
594;3226.23;1383.33;3236.08;1348.15;3219.08;1343.39;3209.23;1378.57;10;0.75;stop
597;2936.79;2031.42;2949.43;2024.34;2934.21;1997.2;2921.57;2004.29;10;0.48;stop
598;3496.52;89.1;3522.62;88.92;3522.54;76.84;3496.44;77.02;10;0.64;stop
599;2152.73;1346.69;2160.77;1346.56;2160.52;1331.93;2152.48;1332.07;10;0.58;stop
600;206.53;2023.87;208.58;1989.6;192.38;1988.63;190.33;2022.9;10;0.67;stop
601;3330.0;1021.08;3341.22;1012.24;3320.62;986.1;3309.4;994.94;10;0.67;stop
602;428.84;2123.83;428.85;2108.07;399.44;2108.05;399.43;2123.81;10;0.75;stop
603;1511.2;1150.58;1511.81;1136.71;1482.43;1135.42;1481.82;1149.29;10;0.62;stop
604;3782.88;1283.44;3783.2;1247.97;3765.87;1247.81;3765.55;1283.28;10;0.58;stop
607;1446.67;1665.54;1448.41;1653.2;1416.45;1648.71;1414.72;1661.05;10;0.62;stop
608;362.13;2124.11;392.8;2123.65;392.56;2107.76;361.89;2108.22;10;0.73;stop
611;874.21;562.74;875.97;549.88;850.79;546.44;849.03;559.3;10;0.52;stop
612;2096.19;125.32;2120.55;124.83;2120.31;113.18;2095.95;113.67;10;0.53;stop
613;559.15;1128.58;564.41;1095.77;548.97;1093.3;543.72;1126.1;10;0.55;stop
615;535.16;1546.74;536.14;1533.85;512.03;1532.01;511.05;1544.9;10;0.62;stop
616;1526.08;691.69;1529.13;665.33;1517.04;663.93;1514.0;690.3;10;0.45;stop
617;75.19;1051.9;76.0;1037.49;47.86;1035.91;47.05;1050.32;10;0.6;stop
618;1976.72;1765.53;1984.52;1721.79;1966.59;1718.59;1958.79;1762.34;10;0.63;stop
619;3123.7;1513.0;3139.77;1476.0;3121.92;1468.25;3105.86;1505.25;10;0.41;stop
620;3227.46;556.22;3259.9;554.33;3259.1;540.66;3226.67;542.54;10;0.7;stop
621;3387.75;1093.86;3405.61;1063.23;3391.31;1054.89;3373.45;1085.52;10;0.8;stop
623;1829.18;295.78;1844.0;278.36;1834.95;270.66;1820.13;288.08;10;0.35;stop
625;1184.35;1429.62;1190.53;1402.0;1176.28;1398.82;1170.1;1426.43;10;0.52;stop
626;1111.16;1762.88;1113.15;1733.34;1100.59;1732.5;1098.6;1762.03;10;0.42;stop
631;211.06;2068.43;211.66;2034.4;193.0;2034.07;192.4;2068.1;10;0.69;stop
634;2997.12;1435.17;3009.3;1423.47;2977.38;1390.26;2965.2;1401.97;10;0.73;stop
635;103.83;744.53;108.01;717.49;92.93;715.16;88.75;742.2;10;0.51;stop
636;2253.14;1315.71;2254.48;1302.56;2222.86;1299.35;2221.52;1312.5;10;0.54;stop
639;1912.71;1525.26;1916.46;1502.82;1905.54;1500.99;1901.79;1523.43;10;0.5;stop
640;3745.78;396.66;3761.44;363.0;3746.72;356.16;3731.06;389.81;9;0.38;stop
641;1856.59;1460.12;1857.93;1446.4;1828.26;1443.5;1826.92;1457.22;10;0.51;stop
642;1515.83;775.87;1519.77;749.08;1508.17;747.38;1504.23;774.17;10;0.48;stop
643;951.64;570.42;953.28;556.14;923.36;552.71;921.72;566.98;10;0.54;stop
648;3431.37;1063.98;3443.58;1040.66;3431.13;1034.14;3418.92;1057.46;10;0.6;stop
649;3295.79;1080.73;3312.45;1075.05;3300.46;1039.89;3283.8;1045.57;10;0.74;stop
650;1200.32;1642.67;1201.06;1629.6;1194.06;1629.2;1193.31;1642.28;10;0.52;stop
652;1045.71;1592.84;1047.3;1581.25;1019.22;1577.41;1017.64;1589.0;10;0.48;stop
653;1902.39;1384.44;1917.02;1383.29;1914.08;1345.93;1899.45;1347.08;10;0.41;stop
657;2098.14;163.95;2125.78;162.87;2125.3;150.49;2097.65;151.57;10;0.39;stop
658;2573.5;278.46;2574.4;251.84;2561.75;251.42;2560.85;278.03;10;0.39;stop
660;1096.25;1595.97;1097.15;1584.09;1071.63;1582.15;1070.73;1594.03;10;0.49;stop
661;3665.11;547.4;3678.52;526.08;3668.02;519.47;3654.6;540.8;10;0.56;stop
663;2719.68;1430.19;2722.44;1385.39;2702.7;1384.18;2699.95;1428.98;9;0.37;stop
665;3725.49;1005.54;3744.74;1002.47;3738.41;993.21;3719.16;996.28;10;0.37;stop
667;1022.21;1626.43;1023.81;1614.75;998.86;1611.32;997.25;1623.0;10;0.45;stop
668;1045.82;1123.83;1046.63;1106.53;1009.55;1104.8;1008.74;1122.09;10;0.62;stop
670;2509.75;1325.37;2510.56;1310.12;2475.88;1308.26;2475.06;1323.5;9;0.51;stop
673;255.5;1560.19;278.94;1560.08;278.88;1546.69;255.44;1546.8;10;0.58;stop
675;3310.38;285.51;3311.32;256.35;3297.12;255.89;3296.18;285.06;10;0.47;stop
685;3683.42;514.58;3695.59;486.26;3683.45;481.05;3671.29;509.37;10;0.58;stop
687;2750.6;1234.04;2752.64;1216.06;2715.84;1211.9;2713.81;1229.87;9;0.66;stop
688;1686.37;1646.44;1687.19;1631.07;1679.89;1630.68;1679.08;1646.06;10;0.43;stop
695;3554.08;1124.23;3570.76;1094.08;3556.86;1086.4;3540.18;1116.54;10;0.45;stop
696;2569.72;105.67;2572.41;82.47;2560.48;81.09;2557.78;104.28;10;0.36;stop
697;3747.21;479.72;3762.02;449.01;3747.17;441.84;3732.35;472.56;10;0.51;stop
698;2405.05;606.81;2405.18;592.44;2374.7;592.16;2374.57;606.53;10;0.67;stop
699;720.0;1147.64;722.32;1134.95;692.81;1129.55;690.49;1142.24;10;0.37;stop
701;3240.32;1477.09;3255.07;1443.25;3237.8;1435.72;3223.05;1469.56;10;0.8;stop
708;991.74;1622.72;992.41;1609.63;965.76;1608.28;965.09;1621.37;10;0.38;stop
712;797.34;1399.21;797.89;1384.59;768.24;1383.48;767.69;1398.09;10;0.51;stop
718;2834.59;1383.49;2836.56;1366.25;2790.03;1360.95;2788.07;1378.19;10;0.51;stop
730;833.06;1847.02;865.84;1846.7;865.69;1830.8;832.91;1831.11;10;0.5;stop
854;1923.94;1815.25;1930.5;1766.97;1912.31;1764.5;1905.75;1812.78;9;0.82;move
904;3820.6;1453.73;3825.62;1437.1;3788.15;1425.8;3783.13;1442.43;10;0.76;move
941;1962.46;957.6;1977.35;957.57;1977.29;923.4;1962.4;923.43;10;0.78;move
983;3300.35;710.14;3314.04;709.96;3313.71;684.86;3300.02;685.04;10;0.68;stop
1022;2227.25;1125.43;2228.25;1111.08;2195.88;1108.82;2194.88;1123.17;10;0.81;stop
1045;1930.39;658.78;1946.73;658.7;1946.55;624.84;1930.21;624.93;10;0.75;move
1072;2275.2;1127.98;2275.92;1114.66;2245.8;1113.02;2245.08;1126.34;10;0.81;stop
1080;2462.14;1114.26;2479.18;1106.45;2462.18;1098.61;2445.12;1106.44;10;0.68;stop
1175;2326.37;1109.74;2327.01;1095.6;2294.75;1094.14;2294.11;1108.27;10;0.81;stop
1206;2417.05;1092.42;2418.31;1077.94;2389.7;1075.45;2388.44;1089.94;10;0.8;stop
1230;2926.5;1197.96;2928.54;1183.61;2897.25;1179.17;2895.21;1193.51;10;0.81;move
1281;3259.86;357.91;3274.29;357.5;3273.57;332.09;3259.14;332.5;10;0.4;stop
1284;3371.09;554.69;3398.73;554.39;3398.59;541.25;3370.95;541.55;10;0.44;stop
1291;1944.38;250.63;1959.39;250.62;1959.37;217.93;1944.36;217.94;10;0.79;move
1399;1946.45;2162.99;1947.92;2137.51;1934.8;2136.76;1933.33;2162.24;10;0.72;stop
1415;2757.4;1208.27;2759.18;1192.87;2726.6;1189.11;2724.82;1204.5;10;0.79;move
1437;1972.32;443.05;1972.52;410.91;1958.33;410.83;1958.14;442.96;10;0.79;move
1467;2391.76;1113.01;2392.78;1098.68;2362.12;1096.49;2361.09;1110.82;10;0.79;stop
1552;2628.71;1196.87;2630.06;1181.85;2599.91;1179.13;2598.56;1194.15;10;0.78;move
1557;1927.54;2165.42;1929.36;2137.49;1915.46;2136.58;1913.64;2164.51;10;0.61;stop
1637;2517.43;1184.5;2518.37;1168.88;2482.82;1166.75;2481.88;1182.37;10;0.8;move
1684;1904.6;1075.3;1926.19;1051.17;1915.9;1041.95;1894.31;1066.08;10;0.8;move
1692;3004.16;1235.23;3006.86;1221.87;2979.44;1216.33;2976.73;1229.69;10;0.81;move
1874;2391.56;1171.01;2392.14;1156.68;2362.31;1155.49;2361.74;1169.82;10;0.8;move
1922;1764.91;1104.07;1765.81;1090.28;1739.46;1088.56;1738.56;1102.35;10;0.8;stop
2042;2243.06;1167.08;2244.26;1154.19;2216.07;1151.55;2214.86;1164.43;10;0.79;move
2043;3282.48;1309.53;3285.38;1294.92;3251.89;1288.28;3249.0;1302.9;10;0.81;move
2056;1916.83;1208.52;1928.41;1201.72;1914.92;1178.73;1903.34;1185.53;10;0.68;move
2096;2430.03;1113.99;2430.29;1099.44;2399.22;1098.89;2398.96;1113.44;10;0.77;stop
2166;1790.11;1150.43;1790.97;1135.19;1757.62;1133.32;1756.77;1148.56;10;0.79;move
2175;3784.51;308.68;3794.57;286.19;3782.99;281.01;3772.93;303.5;10;0.37;stop
2202;3521.24;976.66;3533.36;942.04;3515.63;935.84;3503.52;970.46;9;0.37;stop
2331;3209.25;1294.59;3212.48;1277.27;3177.0;1270.64;3173.77;1287.96;9;0.69;move
2339;1884.36;960.76;1898.02;960.27;1896.96;930.37;1883.29;930.86;10;0.72;stop
2351;1606.96;1133.61;1607.72;1120.2;1580.17;1118.64;1579.41;1132.05;10;0.81;move
2425;1999.56;1527.62;1999.84;1503.31;1987.44;1503.17;1987.16;1527.47;10;0.38;stop
2431;1973.26;1620.16;1976.16;1583.85;1961.99;1582.72;1959.09;1619.02;10;0.82;stop
2517;1537.03;1130.32;1537.39;1115.97;1506.1;1115.18;1505.73;1129.53;10;0.75;move
2556;1960.25;1702.45;1965.23;1673.63;1952.5;1671.43;1947.52;1700.25;10;0.82;move
2573;1970.75;866.92;1970.75;837.46;1957.94;837.46;1957.94;866.92;10;0.79;move
2590;197.79;968.28;198.15;953.41;166.66;952.66;166.31;967.53;10;0.77;stop
2591;1954.6;415.99;1955.08;382.98;1940.15;382.76;1939.67;415.77;10;0.7;move
2674;1931.62;922.21;1947.7;922.05;1947.38;888.48;1931.3;888.63;10;0.8;move
2732;1949.09;1768.04;1954.32;1733.85;1941.16;1731.83;1935.93;1766.03;10;0.81;move
2742;1951.06;509.31;1952.82;474.65;1938.81;473.94;1937.05;508.6;10;0.61;move
2751;1427.74;1126.38;1427.77;1113.56;1400.51;1113.49;1400.48;1126.32;10;0.8;move
2802;1913.22;841.61;1913.28;814.42;1900.53;814.39;1900.47;841.58;10;0.76;stop
2877;1969.81;777.46;1970.06;748.14;1957.47;748.04;1957.22;777.36;10;0.79;move
2925;1970.73;648.35;1971.33;609.62;1957.11;609.4;1956.52;648.13;10;0.78;move
2945;1902.92;1155.49;1903.62;1141.01;1872.58;1139.51;1871.88;1153.99;10;0.82;move
2946;1940.1;1854.96;1946.1;1819.72;1930.37;1817.04;1924.37;1852.28;10;0.83;move
2991;288.56;971.48;289.46;958.84;263.16;956.96;262.26;969.6;10;0.79;stop
3064;732.4;1098.91;732.95;1084.74;702.91;1083.59;702.37;1097.76;10;0.6;stop
3103;1887.78;1114.12;1915.89;1100.79;1910.12;1088.63;1882.01;1101.96;10;0.8;move
3144;1905.98;1965.26;1916.59;1932.71;1903.27;1928.36;1892.66;1960.92;10;0.82;stop
3212;1855.42;940.98;1858.55;906.51;1843.58;905.15;1840.45;939.62;10;0.81;stop
3250;2834.18;1383.56;2836.22;1365.45;2788.01;1360.03;2785.97;1378.14;9;0.46;stop
3261;1849.59;1130.7;1849.94;1117.83;1821.76;1117.05;1821.4;1129.92;10;0.79;move
3358;204.61;1779.78;207.54;1746.66;191.24;1745.22;188.32;1778.34;10;0.66;stop
3365;1952.31;311.86;1952.79;278.97;1938.41;278.77;1937.93;311.65;10;0.78;move
3438;1879.67;2023.01;1895.16;1992.12;1881.68;1985.36;1866.19;2016.25;10;0.77;stop
3439;2219.89;1061.75;2220.94;1049.65;2197.61;1047.62;2196.56;1059.72;10;0.71;stop
3452;1862.23;900.11;1879.21;899.7;1878.31;861.64;1861.32;862.05;10;0.73;stop
3494;2153.97;1147.8;2154.77;1134.48;2123.47;1132.58;2122.66;1145.9;10;0.8;move
3500;1309.26;1122.85;1310.05;1107.56;1275.43;1105.78;1274.64;1121.07;10;0.79;move
3545;1524.16;173.32;1535.64;172.49;1533.59;143.93;1522.11;144.76;10;0.52;stop
3553;1945.23;822.93;1945.34;794.87;1931.43;794.82;1931.32;822.88;10;0.81;move
3560;2354.44;585.73;2354.61;572.26;2325.18;571.9;2325.02;585.37;10;0.79;stop
3648;1855.66;897.07;1856.38;871.23;1843.34;870.86;1842.62;896.71;10;0.77;stop
3653;1860.53;2063.57;1876.22;2032.34;1863.22;2025.81;1847.53;2057.04;10;0.81;stop
3698;1720.44;1124.36;1721.16;1110.22;1692.44;1108.77;1691.72;1122.9;10;0.79;move
3731;1879.02;936.91;1880.13;909.7;1868.26;909.22;1867.15;936.42;10;0.78;stop
3912;1946.12;1013.73;1951.72;979.9;1937.38;977.52;1931.78;1011.35;10;0.8;move
3980;1839.41;2103.89;1854.88;2070.38;1841.59;2064.24;1826.12;2097.75;10;0.8;stop
4070;803.95;1374.61;804.93;1363.93;783.24;1361.95;782.26;1372.63;10;0.38;stop
4121;2034.11;1139.04;2034.99;1127.43;2010.45;1125.59;2009.57;1137.19;10;0.72;move
4249;2612.93;1058.54;2615.25;1031.72;2602.2;1030.59;2599.87;1057.4;10;0.71;stop
4257;1974.66;1809.18;1977.12;1782.95;1965.09;1781.82;1962.63;1808.05;10;0.68;stop
4270;1969.74;562.55;1971.7;538.66;1960.08;537.7;1958.11;561.59;10;0.79;move
4311;1829.96;2136.55;1840.42;2108.41;1827.42;2103.58;1816.96;2131.72;10;0.55;stop
4338;3827.2;313.37;3843.36;282.74;3830.3;275.85;3814.14;306.48;10;0.77;stop
4376;1897.29;828.63;1897.31;799.26;1882.9;799.25;1882.88;828.62;10;0.79;stop
4433;99.98;1803.56;105.06;1773.64;90.21;1771.12;85.14;1801.05;10;0.53;stop
4464;66.85;1799.85;69.89;1773.72;55.38;1772.03;52.34;1798.16;10;0.4;stop
4465;114.21;1801.79;120.13;1773.93;106.45;1771.03;100.53;1798.88;10;0.47;stop
4505;206.36;1827.46;208.44;1796.03;193.48;1795.04;191.4;1826.47;10;0.69;stop
4514;1727.83;1101.36;1728.36;1087.76;1702.29;1086.76;1701.77;1100.36;10;0.8;stop
4572;207.73;1985.21;208.46;1952.67;191.17;1952.29;190.45;1984.83;10;0.69;stop
4609;1879.39;793.5;1894.49;793.22;1893.86;759.0;1878.76;759.28;10;0.79;stop
4620;206.71;1863.5;208.72;1831.28;192.2;1830.25;190.19;1862.47;10;0.63;stop
4632;3808.73;1318.3;3811.73;1282.86;3794.39;1281.39;3791.39;1316.83;10;0.53;stop
4666;1896.61;907.61;1896.76;878.96;1883.3;878.89;1883.14;907.54;10;0.79;stop
4835;1687.87;1099.78;1688.82;1085.96;1657.88;1083.85;1656.93;1097.67;10;0.82;stop
4845;3197.47;555.42;3226.13;553.7;3225.34;540.52;3196.68;542.24;10;0.75;stop
4856;3618.85;1376.1;3624.07;1361.37;3592.4;1350.15;3587.18;1364.88;10;0.76;move
4885;1420.87;1093.03;1420.88;1080.49;1392.75;1080.47;1392.75;1093.01;10;0.8;move
4934;1861.74;840.62;1877.29;840.33;1876.63;805.25;1861.08;805.54;10;0.8;stop
4985;2607.65;155.15;2631.38;152.42;2629.97;140.16;2606.24;142.89;10;0.41;stop
5028;1245.47;1096.84;1245.96;1082.33;1211.53;1081.16;1211.04;1095.67;10;0.76;move
5063;568.47;2127.93;568.57;2111.64;537.78;2111.45;537.68;2127.74;10;0.58;stop
5066;521.53;2127.6;522.31;2111.51;489.09;2109.9;488.32;2125.99;10;0.58;stop
5167;2520.63;1095.79;2521.72;1080.26;2485.24;1077.71;2484.16;1093.24;10;0.8;stop
5189;1881.03;870.22;1895.82;869.64;1894.47;835.28;1879.68;835.86;10;0.79;stop
5311;2557.69;1098.63;2558.76;1085.18;2528.06;1082.75;2526.99;1096.2;10;0.73;stop
5354;1915.21;927.65;1915.55;896.14;1900.41;895.97;1900.08;927.49;10;0.78;stop
5411;2625.24;1129.06;2626.87;1114.12;2596.64;1110.81;2595.01;1125.76;10;0.77;stop
5425;3661.55;1049.26;3662.11;1033.96;3634.08;1032.93;3633.51;1048.23;10;0.47;stop
5502;1224.79;1114.93;1225.46;1101.54;1198.46;1100.19;1197.79;1113.59;10;0.77;move
5524;1901.02;888.5;1916.72;888.44;1916.57;853.0;1900.87;853.06;10;0.79;stop
5596;1155.35;1112.02;1156.06;1098.15;1128.4;1096.73;1127.69;1110.6;10;0.82;stop
5607;453.84;1142.99;454.36;1129.63;426.94;1128.58;426.43;1141.93;10;0.5;stop
5626;438.77;1575.72;440.05;1562.95;417.64;1560.69;416.35;1573.46;10;0.64;stop
5656;2198.44;578.22;2226.47;561.29;2219.06;549.03;2191.03;565.96;10;0.72;stop
5663;2680.57;1133.37;2682.4;1119.6;2651.55;1115.51;2649.73;1129.27;10;0.8;stop
5688;1115.23;1098.0;1116.25;1084.38;1088.09;1082.25;1087.06;1095.87;10;0.8;stop
5822;2734.09;1140.94;2736.21;1124.92;2701.54;1120.31;2699.41;1136.33;10;0.81;stop
5906;1076.27;1084.5;1076.93;1072.16;1051.86;1070.81;1051.2;1083.16;10;0.82;stop
5944;1026.78;1083.29;1027.55;1068.33;993.72;1066.59;992.95;1081.55;10;0.82;stop
5951;23.86;1488.34;24.21;1476.69;2.32;1476.03;1.97;1487.69;10;0.73;stop
5971;1916.92;807.1;1917.36;778.23;1904.05;778.02;1903.61;806.9;10;0.78;stop
5993;2650.36;1218.84;2651.97;1204.65;2639.8;1203.28;2638.2;1217.47;10;0.7;stop
6008;2374.35;588.4;2403.23;588.25;2403.15;574.28;2374.27;574.44;10;0.78;stop
6056;1059.35;1104.58;1060.43;1090.33;1030.34;1088.04;1029.25;1102.29;10;0.8;stop
6080;1639.53;1095.73;1639.96;1082.07;1610.6;1081.15;1610.17;1094.81;10;0.77;move
6184;1212.77;1135.67;1213.53;1123.52;1192.48;1122.21;1191.72;1134.36;10;0.4;stop
6204;966.49;1078.46;967.37;1064.6;938.51;1062.79;937.63;1076.65;10;0.8;stop
6217;57.56;962.11;58.78;947.41;26.93;944.77;25.71;959.47;10;0.8;stop
6250;1002.04;1099.85;1002.82;1085.6;969.24;1083.77;968.46;1098.02;10;0.82;stop
6324;1556.01;1092.07;1556.38;1077.77;1523.11;1076.93;1522.75;1091.23;10;0.8;move
6337;956.95;1096.79;957.96;1084.01;932.11;1081.96;931.1;1094.74;10;0.75;stop
6376;2611.85;1026.36;2616.5;993.96;2602.15;991.89;2597.5;1024.29;10;0.7;stop
6408;932.22;1078.9;933.33;1063.19;900.12;1060.85;899.01;1076.56;10;0.8;stop
6481;1530.65;627.14;1534.18;601.86;1522.6;600.24;1519.07;625.52;10;0.36;stop
6494;921.36;1093.9;922.65;1079.12;889.32;1076.22;888.04;1091.0;10;0.81;stop
6547;2619.68;1104.96;2621.03;1091.74;2592.07;1088.79;2590.72;1102.01;10;0.79;stop
6567;1917.32;758.44;1918.12;725.79;1903.36;725.43;1902.56;758.08;10;0.79;stop
6589;3353.86;94.04;3382.52;93.0;3382.08;80.69;3353.42;81.72;10;0.38;stop
6598;882.22;1091.97;883.44;1077.37;850.28;1074.59;849.06;1089.19;10;0.81;stop
6613;1881.45;747.39;1896.46;747.27;1896.21;716.23;1881.2;716.35;10;0.8;stop
6632;1520.83;731.0;1525.12;698.48;1511.04;696.62;1506.75;729.14;10;0.47;stop
6654;2835.02;1152.07;2837.69;1137.32;2806.48;1131.68;2803.81;1146.43;10;0.74;stop
6667;146.3;1799.59;150.82;1775.92;137.45;1773.37;132.94;1797.03;10;0.42;stop
6685;112.42;964.97;113.59;949.08;73.44;946.12;72.27;962.01;10;0.63;stop
6719;1090.95;2054.7;1103.26;2054.11;1102.24;2032.43;1089.93;2033.01;10;0.49;stop
6725;3322.17;1126.94;3328.29;1092.92;3313.46;1090.25;3307.33;1124.27;10;0.78;stop
6736;2695.53;1115.73;2697.01;1100.92;2664.92;1097.71;2663.44;1112.51;10;0.79;move
6746;1862.63;793.25;1874.86;793.14;1874.62;767.12;1862.39;767.24;10;0.8;stop
6781;846.35;1089.81;847.61;1075.31;814.57;1072.44;813.31;1086.94;10;0.8;stop
6789;3341.8;136.34;3370.7;134.48;3369.77;120.06;3340.87;121.93;10;0.5;stop
6793;1096.23;2154.31;1109.34;2152.9;1106.89;2130.07;1093.78;2131.47;10;0.61;stop
6814;1904.64;713.03;1918.21;712.98;1918.11;685.35;1904.54;685.39;10;0.79;stop
6837;481.0;2127.42;481.05;2110.18;447.59;2110.08;447.54;2127.32;10;0.53;stop
6855;322.65;1527.52;323.54;1515.82;296.1;1513.73;295.21;1525.43;10;0.44;stop
6868;1581.97;1637.52;1583.02;1623.99;1552.28;1621.6;1551.23;1635.13;10;0.69;stop
6870;3488.37;1214.45;3491.51;1200.63;3462.25;1193.99;3459.12;1207.81;10;0.76;stop
6891;424.61;406.42;429.18;376.86;413.98;374.51;409.41;404.07;10;0.39;stop
6893;2766.13;1122.38;2767.77;1108.84;2736.99;1105.12;2735.35;1118.66;10;0.82;move
6909;2332.04;123.16;2332.27;110.12;2309.33;109.71;2309.1;122.76;10;0.36;stop
6917;507.88;479.84;511.09;466.52;482.12;459.54;478.91;472.86;10;0.36;stop
6921;810.61;1086.79;811.7;1071.89;778.45;1069.46;777.36;1084.36;10;0.82;stop
6927;36.04;1800.25;40.49;1774.97;26.83;1772.57;22.38;1797.84;10;0.37;stop
6945;1844.36;839.95;1857.02;839.88;1856.89;814.92;1844.23;814.99;10;0.79;stop
6964;1487.24;1755.09;1492.95;1743.48;1470.38;1732.41;1464.68;1744.02;10;0.37;stop
6990;861.17;1069.99;862.04;1056.3;831.96;1054.39;831.08;1068.07;10;0.8;stop
7017;2974.48;1180.12;2977.7;1164.14;2942.55;1157.06;2939.33;1173.05;10;0.83;stop
7032;2844.79;1129.33;2846.4;1116.35;2820.76;1113.17;2819.15;1126.15;10;0.82;move
7039;1878.27;706.57;1893.54;706.24;1892.73;669.3;1877.46;669.63;10;0.74;stop
7063;771.51;1083.22;772.77;1069.43;742.46;1066.65;741.19;1080.45;10;0.83;stop
7081;1563.1;1673.24;1564.17;1660.38;1534.02;1657.88;1532.95;1670.74;10;0.72;stop
7118;535.69;2094.53;536.49;2081.4;510.56;2079.8;509.75;2092.93;10;0.4;stop
7123;2917.8;1169.3;2920.33;1153.88;2885.7;1148.2;2883.17;1163.62;10;0.81;stop
7135;1922.14;1638.75;1924.54;1587.55;1904.73;1586.62;1902.34;1637.82;9;0.46;stop
7149;248.56;974.49;249.94;959.61;219.25;956.76;217.87;971.64;10;0.8;stop
7173;810.8;1066.75;811.35;1052.2;781.08;1051.07;780.53;1065.61;10;0.75;stop
7177;3025.01;1187.17;3027.37;1173.45;2998.99;1168.58;2996.63;1182.3;10;0.78;stop
7178;1861.9;751.27;1875.81;751.06;1875.35;721.35;1861.44;721.57;10;0.8;stop
7199;2999.67;1163.07;3002.61;1148.29;2972.21;1142.24;2969.27;1157.03;10;0.82;move
7238;2485.7;1917.6;2487.81;1880.04;2474.05;1879.27;2471.94;1916.83;10;0.53;stop
7259;3072.37;1200.58;3075.58;1186.77;3046.13;1179.92;3042.92;1193.73;10;0.81;move
7261;1838.47;891.89;1839.2;857.8;1824.53;857.48;1823.8;891.58;10;0.48;stop
7264;1527.77;1671.4;1529.15;1657.08;1498.48;1654.1;1497.1;1668.42;10;0.68;stop
7274;154.35;2098.23;186.93;2095.89;185.73;2079.27;153.15;2081.61;10;0.49;stop
7319;1875.65;641.29;1877.56;607.17;1862.73;606.34;1860.82;640.46;10;0.79;move
7376;808.32;1870.63;808.62;1854.73;774.18;1854.05;773.88;1869.96;10;0.36;stop
7395;55.43;1495.9;56.56;1483.83;32.82;1481.6;31.68;1493.67;10;0.49;stop
7408;191.25;1511.21;191.93;1497.73;163.59;1496.29;162.91;1509.77;10;0.7;stop
7413;6.41;1046.18;6.96;1032.54;-0.13;1032.25;-0.67;1045.9;10;0.55;stop
7420;565.44;1587.23;566.76;1574.79;541.74;1572.15;540.43;1584.59;10;0.71;stop
7421;813.9;1533.13;827.33;1533.05;827.19;1508.31;813.76;1508.38;10;0.42;stop
7424;141.44;1542.94;143.52;1529.33;112.15;1524.56;110.08;1538.17;10;0.57;stop
7432;64.31;1533.01;66.29;1518.02;34.83;1513.87;32.85;1528.86;10;0.52;stop
7438;1872.79;555.41;1874.34;524.23;1858.84;523.46;1857.28;554.64;10;0.8;move
7439;620.35;512.67;623.96;499.89;593.86;491.39;590.25;504.17;10;0.37;stop
7442;28.08;1527.96;29.49;1514.15;2.74;1511.41;1.33;1525.23;10;0.47;stop
7473;666.31;1063.64;667.26;1046.22;606.82;1042.92;605.87;1060.34;9;0.8;move
7512;1860.58;451.52;1876.25;451.2;1875.55;416.98;1859.87;417.3;10;0.79;move
7514;3185.44;1220.29;3188.53;1204.78;3156.75;1198.46;3153.66;1213.97;10;0.74;move
7566;1881.58;483.43;1898.67;483.4;1898.61;449.19;1881.51;449.23;10;0.78;move
7578;596.6;1073.15;598.36;1058.03;564.02;1054.04;562.26;1069.15;10;0.81;move
7610;3267.9;1240.96;3271.07;1226.78;3236.48;1219.04;3233.3;1233.22;10;0.79;move
7630;3755.21;415.39;3769.08;386.89;3756.04;380.54;3742.17;409.05;10;0.75;move
7662;3577.13;317.63;3590.86;314.57;3584.03;283.91;3570.3;286.97;10;0.38;stop
7693;486.43;1581.61;487.29;1572.04;467.47;1570.27;466.62;1579.84;10;0.42;stop
7707;508.28;1045.92;509.94;1035.02;487.35;1031.58;485.69;1042.48;10;0.59;move
7710;3543.44;1179.57;3550.38;1161.71;3508.43;1145.43;3501.5;1163.29;10;0.61;stop
7723;1874.29;336.91;1874.82;309.09;1861.84;308.84;1861.3;336.66;10;0.8;move
7729;2000.31;1454.29;2001.62;1406.99;1986.88;1406.58;1985.57;1453.89;10;0.37;move
7742;3274.98;1218.81;3277.65;1204.84;3247.21;1199.01;3244.53;1212.97;10;0.78;move
7764;2511.55;1862.85;2513.12;1847.44;2479.7;1844.02;2478.13;1859.43;10;0.47;stop
7768;466.7;1060.85;467.61;1044.95;431.42;1042.9;430.52;1058.8;10;0.79;move
7775;3373.42;1264.91;3376.61;1250.9;3345.65;1243.84;3342.45;1257.85;10;0.79;move
7776;1900.17;299.63;1901.24;270.73;1886.48;270.19;1885.42;299.08;10;0.79;move
7784;3194.95;1357.62;3210.89;1357.15;3210.05;1328.32;3194.11;1328.79;10;0.67;stop
7792;1900.09;625.56;1915.39;625.04;1914.41;596.19;1899.11;596.71;10;0.78;stop
7805;156.84;1508.74;158.9;1497.27;135.89;1493.13;133.83;1504.61;10;0.6;stop
7820;1977.07;1766.05;1984.15;1720.51;1968.5;1718.07;1961.42;1763.62;9;0.48;stop
7831;375.92;1038.81;376.86;1024.76;346.89;1022.75;345.96;1036.81;10;0.77;move
7840;2140.15;1061.47;2140.6;1043.45;2094.35;1042.28;2093.9;1060.3;9;0.38;stop
7863;567.41;973.36;569.02;960.62;547.27;957.89;545.67;970.63;10;0.35;stop
7874;3458.63;1285.48;3463.81;1267.25;3417.93;1254.21;3412.75;1272.44;9;0.67;move
7891;3107.52;450.66;3120.4;450.22;3120.1;441.46;3107.23;441.9;10;0.37;stop
7900;1092.85;2088.12;1106.09;2087.39;1104.65;2061.26;1091.41;2061.98;10;0.42;stop
7907;1878.73;283.16;1879.38;250.91;1866.02;250.65;1865.38;282.9;10;0.79;move
7915;287.99;1047.6;288.79;1033.39;259.98;1031.78;259.18;1045.98;10;0.76;move
7918;3509.62;1382.3;3513.65;1365.98;3477.57;1357.08;3473.54;1373.39;10;0.38;stop
7970;3582.16;1299.68;3586.91;1284.49;3550.34;1273.06;3545.59;1288.24;10;0.73;move
7979;3463.67;934.71;3481.53;910.42;3470.65;902.42;3452.78;926.7;10;0.36;stop
7985;3643.21;649.06;3655.57;620.03;3643.04;614.69;3630.68;643.72;10;0.68;move
7990;1899.84;207.09;1900.49;178.55;1886.54;178.23;1885.88;206.77;10;0.79;move
7999;1902.37;2163.15;1903.42;2141.7;1891.13;2141.1;1890.08;2162.55;10;0.44;stop
8013;193.11;1041.22;194.12;1027.06;165.72;1025.03;164.71;1039.19;10;0.8;move
8031;3656.24;1325.57;3661.05;1310.59;3626.26;1299.43;3621.45;1314.41;10;0.75;move
8032;1024.55;1025.89;1025.36;1010.28;991.08;1008.49;990.26;1024.1;10;0.8;move
8049;2560.31;1083.05;2561.48;1067.15;2526.56;1064.57;2525.39;1080.48;10;0.7;stop
8051;720.04;1164.27;722.12;1151.4;692.77;1146.67;690.7;1159.54;10;0.37;stop
8055;3641.58;1342.83;3646.01;1328.27;3614.67;1318.73;3610.24;1333.29;10;0.8;move
8080;123.92;1033.69;124.16;1019.91;97.1;1019.44;96.85;1033.21;10;0.71;move
8084;1906.77;1434.63;1923.16;1432.8;1918.42;1390.25;1902.03;1392.07;10;0.43;stop
8088;1901.27;136.27;1902.81;102.93;1887.64;102.23;1886.1;135.57;10;0.79;move
8105;979.72;938.05;980.5;911.87;966.53;911.45;965.75;937.63;10;0.35;stop
8132;2279.87;597.34;2308.87;596.8;2308.63;583.91;2279.63;584.45;10;0.37;stop
8133;2014.12;79.06;2014.46;57.81;2003.45;57.63;2003.1;78.88;10;0.55;stop
8144;918.46;1114.41;919.27;1098.98;888.29;1097.34;887.48;1112.77;10;0.35;stop
8148;1875.09;98.82;1875.24;67.74;1861.03;67.68;1860.89;98.76;10;0.78;move
8162;2610.61;187.2;2610.77;163.89;2598.89;163.8;2598.73;187.11;10;0.36;stop
8164;3123.26;1512.51;3139.29;1476.22;3122.36;1468.74;3106.34;1505.03;9;0.43;stop
8165;3635.2;584.95;3639.99;572.38;3611.67;561.61;3606.89;574.18;10;0.63;stop
8167;2159.83;1123.75;2160.55;1109.74;2153.42;1109.37;2152.7;1123.38;10;0.35;stop
8171;3458.25;1286.3;3463.34;1268.21;3417.38;1255.26;3412.28;1273.35;10;0.46;move
8176;3027.29;1472.72;3040.44;1461.05;3010.21;1426.97;2997.06;1438.63;10;0.42;stop
8182;2001.38;1453.07;2003.14;1406.17;1986.93;1405.56;1985.17;1452.46;9;0.53;stop
8187;33.34;1012.71;34.19;997.88;3.68;996.06;2.82;1010.89;10;0.76;stop
8192;754.18;1100.34;755.29;1087.35;720.91;1084.41;719.8;1097.4;10;0.39;stop
8200;1553.55;1152.0;1554.11;1138.57;1525.42;1137.37;1524.85;1150.8;10;0.39;stop
8205;1902.33;1385.19;1916.88;1384.11;1914.13;1346.88;1899.58;1347.95;9;0.4;stop
