vehicle_id;veh_bb_x1;veh_bb_y1;veh_bb_x2;veh_bb_y2;veh_bb_x3;veh_bb_y3;veh_bb_x4;veh_bb_y4;det_class;conf_score;state
1;2764.41;1102.54;2765.77;1089.7;2737.59;1086.71;2736.23;1099.55;10;0.82;stop
2;1967.06;1718.6;1998.42;1705.56;1992.94;1692.4;1961.58;1705.44;10;0.82;stop
3;3710.26;1008.39;3711.01;992.93;3677.24;991.3;3676.49;1006.75;10;0.8;stop
5;1018.64;576.49;1020.3;563.44;993.24;560.0;991.58;573.04;10;0.83;stop
6;640.09;1556.19;641.43;1544.11;616.16;1541.31;614.82;1553.39;10;0.83;stop
9;1985.59;1378.51;1992.27;1347.65;1977.98;1344.56;1971.29;1375.41;10;0.82;stop
10;2539.75;1209.66;2540.78;1195.58;2510.0;1193.34;2508.97;1207.42;10;0.81;stop
11;3375.26;1372.27;3381.54;1359.71;3353.18;1345.54;3346.9;1358.11;10;0.69;stop
12;744.8;1564.85;745.86;1551.17;718.64;1549.05;717.58;1562.74;10;0.83;stop
15;2689.37;1434.81;2694.13;1406.52;2679.88;1404.13;2675.12;1432.42;10;0.77;stop
16;1939.72;1941.27;1948.49;1907.57;1934.69;1903.98;1925.92;1937.68;10;0.82;stop
21;843.01;1109.46;843.65;1095.76;814.39;1094.42;813.76;1108.11;10;0.83;stop
22;3062.98;1293.11;3066.16;1277.51;3033.02;1270.76;3029.84;1286.37;10;0.82;stop
23;2925.88;1126.66;2928.19;1112.57;2897.87;1107.59;2895.56;1121.68;10;0.8;stop
25;1997.1;1252.93;1997.97;1226.99;1985.59;1226.57;1984.71;1252.51;10;0.76;stop
26;927.29;992.08;927.96;979.1;898.96;977.61;898.29;990.59;10;0.82;stop
28;1436.56;1624.43;1437.61;1611.21;1407.44;1608.82;1406.39;1622.04;10;0.82;stop
29;1980.16;1250.91;1980.77;1222.12;1967.66;1221.84;1967.04;1250.63;10;0.8;stop
35;3032.19;1148.93;3034.9;1136.1;3007.56;1130.32;3004.85;1143.15;10;0.81;stop
36;1890.46;1842.02;1897.41;1810.72;1882.79;1807.48;1875.84;1838.78;10;0.82;stop
39;1002.33;1118.35;1003.14;1104.12;972.89;1102.4;972.08;1116.63;10;0.82;stop
41;2235.43;1192.56;2236.2;1177.26;2202.88;1175.57;2202.11;1190.87;10;0.82;stop
42;389.87;1533.87;391.43;1520.56;362.94;1517.22;361.38;1530.53;10;0.82;stop
43;1257.44;1648.39;1258.91;1635.14;1231.62;1632.11;1230.15;1645.36;10;0.81;stop
44;2006.0;689.3;2006.71;658.76;1993.0;658.45;1992.29;688.99;10;0.82;stop
45;820.92;985.51;821.58;972.3;792.89;970.87;792.23;984.08;10;0.81;stop
48;2093.47;1305.85;2093.67;1292.17;2066.78;1291.78;2066.58;1305.45;10;0.82;stop
49;3107.04;1302.33;3110.03;1287.07;3074.46;1280.11;3071.47;1295.37;10;0.83;stop
50;2732.27;1099.93;2734.07;1085.59;2701.11;1081.44;2699.3;1095.79;10;0.82;stop
52;1723.5;1651.54;1724.73;1638.36;1696.5;1635.71;1695.27;1648.89;10;0.81;stop
54;3312.42;672.2;3314.37;644.06;3300.7;643.11;3298.75;671.26;10;0.78;stop
55;1243.42;1011.1;1243.95;997.07;1213.58;995.9;1213.05;1009.93;10;0.81;stop
56;2194.41;1189.39;2195.23;1175.79;2169.65;1174.24;2168.83;1187.84;10;0.82;stop
57;1976.48;1334.16;1977.22;1307.17;1963.27;1306.78;1962.53;1333.77;10;0.8;stop
58;1976.05;1432.18;1978.37;1397.73;1962.2;1396.64;1959.88;1431.08;10;0.83;stop
59;539.8;970.05;540.51;956.12;511.13;954.64;510.43;968.56;10;0.82;stop
66;2880.8;1248.61;2883.06;1234.63;2852.95;1229.76;2850.69;1243.75;10;0.78;stop
69;958.68;993.69;959.57;980.13;933.57;978.43;932.68;991.99;10;0.82;stop
73;2611.92;505.15;2612.67;479.6;2599.83;479.23;2599.08;504.77;10;0.8;stop
74;1099.95;588.08;1102.0;574.16;1070.74;569.55;1068.68;583.47;10;0.81;stop
75;887.07;991.72;887.73;978.45;859.22;977.03;858.55;990.3;10;0.81;stop
76;2393.75;1200.64;2394.31;1186.73;2363.5;1185.48;2362.94;1199.39;10;0.81;stop
77;1293.81;1651.4;1294.87;1638.08;1266.69;1635.85;1265.63;1649.17;10;0.8;stop
78;1994.96;1338.56;1996.64;1307.7;1981.54;1306.88;1979.86;1337.74;10;0.82;stop
84;715.51;1600.34;716.25;1585.95;685.12;1584.35;684.38;1598.74;10;0.81;stop
85;2791.48;604.9;2791.73;589.26;2758.9;588.73;2758.65;604.37;10;0.8;stop
86;393.62;962.61;394.67;949.85;366.7;947.55;365.65;960.31;10;0.82;stop
89;3070.86;1158.24;3073.34;1144.44;3043.14;1139.01;3040.66;1152.81;10;0.82;stop
90;549.17;1006.98;549.43;992.28;520.52;991.77;520.26;1006.47;10;0.67;move
91;2961.82;108.36;2989.68;107.87;2989.43;93.68;2961.57;94.16;10;0.8;stop
92;2995.63;105.6;3022.12;104.56;3021.62;91.84;2995.13;92.88;10;0.78;stop
97;1715.5;1163.74;1717.22;1149.47;1687.63;1145.88;1685.9;1160.16;10;0.82;stop
98;2791.62;1236.75;2793.86;1222.05;2759.88;1216.88;2757.64;1231.57;10;0.82;stop
99;670.42;1011.65;671.21;997.23;640.2;995.54;639.42;1009.96;10;0.77;move
101;1209.58;1605.19;1210.77;1592.29;1183.85;1589.81;1182.66;1602.71;10;0.8;stop
103;2611.53;1215.7;2612.75;1201.11;2582.22;1198.55;2581.0;1213.14;10;0.8;stop
104;1993.27;1689.29;1995.57;1662.07;1982.48;1660.96;1980.18;1688.18;10;0.82;stop
105;1105.28;1835.44;1106.94;1810.41;1094.09;1809.56;1092.44;1834.59;10;0.79;stop
106;3601.97;1409.65;3606.87;1394.64;3571.78;1383.17;3566.88;1398.18;10;0.55;stop
109;3376.26;1018.87;3401.92;999.66;3393.43;988.32;3367.77;1007.53;10;0.77;stop
110;2867.49;1387.1;2869.43;1373.37;2839.55;1369.15;2837.61;1382.88;10;0.76;stop
111;2940.75;1263.32;2944.34;1241.16;2887.5;1231.93;2883.91;1254.09;9;0.82;stop
112;1998.9;1398.51;2003.56;1368.81;1990.35;1366.74;1985.69;1396.44;10;0.81;stop
116;538.97;1086.12;540.16;1072.71;511.03;1070.13;509.84;1083.54;10;0.81;stop
119;2107.85;1184.06;2108.85;1169.42;2076.21;1167.19;2075.21;1181.83;10;0.82;stop
120;2788.79;1342.31;2789.18;1329.27;2761.58;1328.44;2761.19;1341.48;10;0.76;stop
122;1839.02;755.84;1839.65;727.23;1825.11;726.91;1824.47;755.52;10;0.8;stop
123;503.68;969.19;504.44;955.28;474.13;953.63;473.37;967.54;10;0.81;stop
125;2961.69;1135.08;2964.85;1120.43;2934.06;1113.79;2930.9;1128.44;10;0.82;stop
126;612.76;1554.2;613.95;1539.71;583.49;1537.2;582.3;1551.7;10;0.8;stop
127;2012.56;1650.31;2012.86;1626.97;2001.44;1626.82;2001.14;1650.16;10;0.57;stop
128;1997.47;1300.49;1999.3;1266.42;1984.65;1265.63;1982.82;1299.7;10;0.81;stop
129;1989.93;656.49;1990.23;623.9;1974.76;623.76;1974.46;656.35;10;0.81;stop
131;2277.63;1193.04;2278.2;1179.62;2251.25;1178.46;2250.67;1191.88;10;0.78;stop
133;1284.9;1611.44;1286.82;1598.58;1261.54;1594.81;1259.62;1607.67;10;0.8;stop
134;2675.67;1094.38;2677.7;1080.49;2645.21;1075.74;2643.18;1089.64;10;0.8;stop
135;2499.3;1208.14;2500.13;1193.18;2469.45;1191.49;2468.62;1206.44;10;0.81;stop
137;2609.52;400.69;2610.35;373.7;2597.73;373.31;2596.9;400.3;10;0.8;stop
138;2612.45;541.49;2613.26;511.9;2599.3;511.51;2598.49;541.1;10;0.79;stop
139;786.98;983.27;787.53;970.96;759.75;969.73;759.2;982.04;10;0.81;stop
140;2104.56;1116.08;2105.21;1102.62;2077.82;1101.29;2077.17;1114.76;10;0.78;move
143;1222.28;1644.02;1223.31;1630.93;1193.66;1628.6;1192.63;1641.7;10;0.79;stop
144;1821.05;1697.63;1822.74;1684.5;1793.57;1680.74;1791.88;1693.88;10;0.78;stop
145;1867.61;1703.04;1868.52;1689.63;1840.39;1687.71;1839.48;1701.12;10;0.79;stop
148;1061.59;581.48;1063.42;568.88;1035.97;564.9;1034.14;577.49;10;0.8;stop
151;3715.15;1049.04;3751.18;1048.85;3751.1;1033.15;3715.07;1033.34;10;0.76;stop
152;637.53;1592.8;638.66;1579.17;611.22;1576.89;610.09;1590.52;10;0.79;stop
154;1997.12;73.3;1997.9;47.42;1986.13;47.07;1985.35;72.95;10;0.8;stop
155;3137.07;1244.11;3140.11;1229.62;3110.43;1223.39;3107.39;1237.88;10;0.8;stop
156;1189.17;1134.46;1189.49;1119.0;1158.33;1118.35;1158.01;1133.82;10;0.81;stop
159;2356.28;1198.93;2356.95;1185.25;2327.84;1183.82;2327.17;1197.5;10;0.79;stop
160;2962.96;1397.0;2971.27;1383.95;2939.54;1363.75;2931.23;1376.8;10;0.79;stop
161;1413.52;1017.7;1414.01;1003.88;1383.23;1002.8;1382.74;1016.62;10;0.8;stop
166;2156.31;1186.88;2156.7;1173.07;2127.32;1172.24;2126.93;1186.05;10;0.79;stop
167;1979.57;1294.58;1980.82;1265.39;1966.93;1264.8;1965.68;1293.98;10;0.81;stop
168;1798.34;2076.58;1811.38;2048.79;1799.41;2043.17;1786.37;2070.96;10;0.77;stop
169;2906.47;107.76;2935.27;107.4;2935.09;92.87;2906.29;93.23;10;0.79;stop
171;1135.37;1003.22;1136.3;991.08;1111.26;989.15;1110.32;1001.3;10;0.81;stop
172;1962.2;220.21;1964.7;192.62;1952.8;191.54;1950.3;219.13;10;0.8;move
173;2574.95;1211.55;2575.61;1198.46;2547.92;1197.08;2547.27;1210.17;10;0.78;stop
174;3406.77;997.5;3428.43;975.83;3418.23;965.63;3396.57;987.3;10;0.78;stop
178;172.95;1059.14;174.07;1045.05;144.86;1042.74;143.75;1056.83;10;0.79;stop
180;2002.32;915.05;2004.75;884.32;1991.43;883.26;1989.0;914.0;10;0.82;stop
181;804.59;1609.4;806.22;1595.99;776.32;1592.35;774.68;1605.76;10;0.8;stop
183;2810.08;1109.93;2812.28;1095.58;2779.67;1090.57;2777.47;1104.92;10;0.81;stop
184;1935.14;270.58;1951.48;270.53;1951.36;237.36;1935.02;237.41;10;0.8;move
186;1784.59;1695.11;1786.67;1681.36;1754.66;1676.51;1752.58;1690.26;10;0.76;stop
189;2612.43;83.01;2613.51;56.46;2600.44;55.92;2599.36;82.48;10;0.72;stop
190;2612.16;887.24;2613.69;856.08;2599.59;855.38;2598.06;886.55;10;0.78;stop
191;2870.07;109.93;2897.96;108.84;2897.43;95.38;2869.54;96.47;10;0.75;stop
192;3313.41;639.88;3314.8;607.68;3298.77;606.99;3297.39;639.19;10;0.8;stop
193;133.17;1058.55;134.05;1038.28;77.77;1035.82;76.88;1056.09;9;0.79;stop
198;1400.28;1145.94;1401.22;1131.83;1372.84;1129.94;1371.9;1144.04;10;0.81;stop
199;459.24;1539.53;460.7;1526.52;436.07;1523.75;434.61;1536.76;10;0.79;stop
200;2500.51;1750.49;2505.12;1715.27;2490.74;1713.38;2486.13;1748.61;10;0.8;stop
203;2846.68;560.56;2874.15;559.42;2873.57;545.31;2846.1;546.45;10;0.79;stop
205;2871.26;1115.88;2873.23;1102.39;2846.55;1098.5;2844.58;1111.98;10;0.77;stop
206;2650.32;1218.09;2651.13;1204.67;2622.18;1202.91;2621.37;1216.33;10;0.78;stop
207;2684.04;1401.32;2697.51;1400.35;2695.39;1370.87;2681.92;1371.84;10;0.66;stop
208;1924.97;1977.56;1934.02;1945.87;1920.28;1941.94;1911.23;1973.63;10;0.79;stop
209;1839.41;196.63;1839.56;168.51;1824.72;168.43;1824.56;196.55;10;0.8;stop
210;1822.68;681.58;1836.05;681.46;1835.82;654.92;1822.45;655.04;10;0.76;stop
211;1992.48;760.22;2006.51;759.96;2005.96;730.4;1991.92;730.66;10;0.8;stop
212;2070.66;1174.04;2071.53;1160.96;2045.34;1159.21;2044.47;1172.29;10;0.8;stop
214;2683.09;1223.06;2684.25;1209.51;2654.18;1206.94;2653.03;1220.49;10;0.78;stop
215;3027.27;1472.68;3040.69;1461.5;3011.16;1426.07;2997.75;1437.25;9;0.65;stop
216;313.59;1564.87;314.78;1550.67;284.07;1548.1;282.88;1562.3;10;0.76;stop
217;604.42;1590.86;605.56;1577.15;574.96;1574.61;573.82;1588.32;10;0.79;stop
219;2808.96;560.98;2839.66;560.11;2839.29;547.14;2808.59;548.01;10;0.78;stop
220;2955.87;559.9;2985.35;558.92;2984.88;544.85;2955.4;545.83;10;0.8;stop
221;1192.61;1011.99;1194.21;991.04;1142.89;987.14;1141.29;1008.08;9;0.81;stop
224;2925.32;1377.42;2931.3;1363.15;2896.18;1348.45;2890.2;1362.72;10;0.78;stop
225;1992.06;721.35;2004.61;721.12;2004.12;695.02;1991.57;695.26;10;0.78;stop
227;1306.1;1142.46;1307.19;1123.89;1258.33;1121.04;1257.25;1139.61;9;0.82;stop
228;2459.71;1204.46;2460.61;1190.34;2430.29;1188.41;2429.39;1202.53;10;0.79;stop
229;428.08;1536.34;429.31;1522.69;398.32;1519.91;397.1;1533.56;10;0.79;stop
230;1822.74;2024.88;1832.35;2000.25;1821.13;1995.87;1811.52;2020.5;10;0.75;stop
234;699.8;1955.09;700.6;1925.62;685.82;1925.22;685.03;1954.7;10;0.75;stop
236;2009.54;45.02;2009.88;19.27;1997.71;19.11;1997.37;44.86;10;0.73;stop
238;2008.63;237.48;2008.65;210.28;1995.43;210.27;1995.41;237.47;10;0.79;stop
239;2610.82;434.67;2611.6;409.44;2599.8;409.08;2599.03;434.31;10;0.8;stop
242;1142.27;1129.3;1142.8;1116.29;1112.8;1115.07;1112.27;1128.08;10;0.8;stop
247;1668.96;1685.92;1670.37;1672.92;1643.04;1669.96;1641.63;1682.95;10;0.77;stop
249;637.44;1144.14;638.27;1130.31;605.69;1128.36;604.86;1142.19;10;0.77;stop
250;1496.25;949.06;1500.62;915.7;1487.25;913.94;1482.88;947.3;10;0.79;stop
252;3064.26;1538.63;3084.69;1526.2;3051.99;1472.44;3031.56;1484.86;9;0.75;stop
254;3164.81;1056.44;3202.8;1056.17;3202.69;1039.81;3164.69;1040.08;10;0.78;stop
256;104.18;1539.52;105.95;1523.89;71.72;1520.01;69.95;1535.64;10;0.8;stop
257;2515.63;1606.75;2518.35;1574.87;2503.74;1573.63;2501.02;1605.5;10;0.79;stop
258;2772.27;561.55;2803.33;560.49;2802.85;546.58;2771.79;547.64;10;0.78;stop
260;1352.15;1016.69;1352.63;1002.62;1321.98;1001.56;1321.49;1015.63;10;0.78;stop
261;1891.34;1223.45;1903.76;1220.58;1897.66;1194.17;1885.24;1197.04;10;0.76;stop
262;1949.54;492.68;1951.2;462.14;1936.21;461.32;1934.55;491.86;10;0.68;move
263;376.44;1570.01;377.11;1555.94;350.59;1554.68;349.92;1568.75;10;0.79;stop
265;1854.69;360.99;1855.25;327.74;1841.68;327.51;1841.12;360.76;10;0.79;stop
266;2605.11;566.77;2635.06;566.14;2634.76;552.32;2604.82;552.95;10;0.78;stop
267;3162.66;557.72;3191.52;556.21;3190.78;541.97;3161.92;543.48;10;0.77;stop
268;979.12;571.92;981.22;558.37;954.01;554.14;951.9;567.69;10;0.78;stop
270;3378.27;1162.0;3393.12;1134.33;3380.16;1127.37;3365.31;1155.05;10;0.8;stop
271;1188.09;1641.28;1189.07;1627.71;1161.47;1625.72;1160.49;1639.29;10;0.76;stop
272;1838.12;690.23;1852.31;690.11;1852.06;659.77;1837.88;659.89;10;0.77;stop
273;2004.57;795.57;2005.16;770.72;1993.3;770.43;1992.71;795.28;10;0.77;stop
277;2319.54;1131.03;2320.28;1114.93;2285.83;1113.34;2285.09;1129.45;10;0.81;stop
279;2824.98;1240.32;2826.85;1227.32;2799.79;1223.43;2797.92;1236.43;10;0.79;stop
281;1991.6;111.36;1992.74;80.95;1979.65;80.46;1978.51;110.86;10;0.78;stop
282;1839.17;272.21;1840.2;240.16;1824.96;239.67;1823.93;271.71;10;0.78;stop
283;2774.27;114.3;2802.63;113.95;2802.45;99.91;2774.09;100.27;10;0.64;stop
285;2005.31;379.4;2005.83;350.99;1991.44;350.73;1990.92;379.13;10;0.79;stop
286;1824.05;715.8;1839.56;714.87;1837.83;685.95;1822.32;686.88;10;0.79;stop
287;764.73;1103.33;765.52;1089.85;737.11;1088.17;736.32;1101.65;10;0.79;stop
289;3584.65;825.5;3599.49;795.97;3585.35;788.87;3570.51;818.4;10;0.79;stop
290;1777.86;2112.29;1792.22;2085.82;1780.51;2079.46;1766.15;2105.93;10;0.74;stop
291;3030.89;107.8;3061.96;104.8;3060.61;90.76;3029.54;93.76;10;0.73;stop
292;808.62;1105.98;809.82;1091.15;779.5;1088.71;778.31;1103.53;10;0.83;stop
294;1471.29;1146.95;1471.58;1134.04;1444.71;1133.42;1444.42;1146.34;10;0.76;stop
295;2047.47;1110.73;2048.59;1097.82;2020.71;1095.4;2019.59;1108.3;10;0.77;move
296;3676.5;1047.47;3709.22;1047.24;3709.12;1032.84;3676.4;1033.07;10;0.65;stop
297;1105.23;1870.03;1106.58;1838.48;1090.4;1837.78;1089.04;1869.33;10;0.77;stop
298;1006.31;1588.09;1007.58;1575.67;983.07;1573.16;981.8;1585.58;10;0.76;stop
299;1986.23;839.95;2001.55;838.52;1998.71;808.17;1983.39;809.61;10;0.79;stop
300;2920.29;561.89;2948.83;561.12;2948.46;547.36;2919.92;548.13;10;0.78;stop
301;2612.97;737.39;2613.73;709.74;2599.91;709.36;2599.14;737.01;10;0.77;stop
302;1684.56;1648.22;1686.41;1634.07;1655.57;1630.03;1653.71;1644.18;10;0.76;stop
303;1360.22;2141.05;1363.74;2110.81;1349.9;2109.2;1346.38;2139.44;10;0.77;stop
304;3280.4;1428.22;3292.35;1397.6;3277.42;1391.78;3265.47;1422.4;10;0.74;stop
305;3804.03;1472.16;3809.44;1456.8;3772.84;1443.93;3767.44;1459.3;10;0.74;stop
308;387.45;999.84;387.74;985.43;358.33;984.84;358.04;999.26;10;0.62;move
309;676.11;1595.75;677.18;1581.74;648.58;1579.56;647.51;1593.57;10;0.78;stop
310;1842.26;273.08;1855.7;273.04;1855.61;244.42;1842.17;244.46;10;0.78;stop
311;2611.1;686.56;2611.3;653.4;2597.28;653.32;2597.07;686.47;10;0.8;stop
312;2428.26;121.51;2428.27;107.45;2396.49;107.43;2396.48;121.48;10;0.75;stop
314;2673.97;563.63;2701.38;562.68;2700.9;549.0;2673.5;549.94;10;0.78;stop
315;707.52;934.51;712.75;922.85;689.35;912.37;684.13;924.03;10;0.76;stop
316;608.32;973.57;608.5;959.95;577.62;959.55;577.44;973.17;10;0.76;stop
317;961.03;1118.17;961.62;1102.7;929.25;1101.45;928.66;1116.93;10;0.77;stop
318;1107.92;1801.02;1109.86;1774.74;1095.21;1773.66;1093.27;1799.94;10;0.75;stop
319;2505.99;1698.99;2508.84;1671.79;2495.38;1670.38;2492.53;1697.58;10;0.77;stop
320;2610.52;224.18;2611.28;194.1;2597.86;193.76;2597.09;223.84;10;0.71;stop
321;2883.88;561.31;2915.21;561.12;2915.12;546.81;2883.79;547.0;10;0.78;stop
322;701.07;1097.35;701.25;1083.68;670.49;1083.28;670.31;1096.94;10;0.77;stop
324;3670.42;643.14;3682.52;612.07;3668.33;606.55;3656.23;637.61;10;0.78;stop
325;1909.16;1497.38;1921.6;1496.74;1920.34;1472.06;1907.9;1472.69;10;0.78;stop
326;1363.89;1657.2;1365.47;1644.55;1339.48;1641.3;1337.9;1653.95;10;0.75;stop
327;1736.14;558.98;1738.2;544.74;1706.36;540.14;1704.3;554.38;10;0.78;stop
328;2639.78;563.14;2666.94;562.21;2666.47;548.36;2639.31;549.29;10;0.78;stop
330;2233.13;566.52;2262.91;565.79;2262.56;551.44;2232.77;552.18;10;0.76;stop
331;1837.57;151.8;1840.11;125.66;1827.02;124.39;1824.49;150.53;10;0.77;stop
332;3016.9;561.31;3048.02;560.43;3047.6;545.69;3016.48;546.57;10;0.77;stop
333;2697.54;116.28;2729.48;115.39;2729.09;101.41;2697.14;102.3;10;0.73;stop
335;1957.75;422.68;1957.9;389.63;1943.75;389.57;1943.6;422.62;10;0.75;move
337;2642.43;118.07;2670.63;117.94;2670.57;104.12;2642.37;104.25;10;0.74;stop
340;750.8;951.0;751.98;921.0;737.71;920.44;736.54;950.44;10;0.76;stop
341;3365.47;1128.34;3381.17;1103.29;3368.6;1095.41;3352.89;1120.46;10;0.76;stop
342;3408.93;1059.13;3427.51;1034.5;3416.07;1025.87;3397.49;1050.5;10;0.78;stop
343;2609.44;472.92;2609.74;442.96;2596.68;442.83;2596.38;472.79;10;0.79;stop
344;570.48;1088.84;571.68;1074.48;543.27;1072.1;542.07;1086.46;10;0.77;stop
345;1462.8;1018.74;1463.03;1005.62;1435.2;1005.13;1434.97;1018.25;10;0.78;stop
346;3413.16;1095.9;3426.26;1073.8;3414.65;1066.91;3401.55;1089.01;10;0.74;stop
347;2658.09;1433.38;2675.08;1407.95;2663.91;1400.49;2646.92;1425.93;10;0.68;stop
349;3778.48;1430.09;3783.22;1413.81;3747.77;1403.5;3743.03;1419.79;10;0.78;move
350;1823.29;474.91;1838.14;474.62;1837.46;440.84;1822.61;441.13;10;0.76;stop
352;2521.39;1078.31;2521.99;1063.75;2493.49;1062.57;2492.88;1077.13;10;0.75;stop
353;680.31;1955.83;683.3;1923.98;668.75;1922.61;665.76;1954.46;10;0.71;stop
354;1844.11;122.31;1845.96;102.02;1834.83;101.0;1832.97;121.29;10;0.71;stop
355;3572.85;753.41;3585.12;726.36;3571.84;720.34;3559.57;747.39;10;0.7;stop
356;1491.16;983.12;1494.76;953.54;1481.09;951.88;1477.49;981.46;10;0.76;stop
357;1248.53;1607.89;1249.27;1595.38;1223.65;1593.86;1222.91;1606.37;10;0.74;stop
358;662.8;1955.62;665.63;1926.92;652.51;1925.63;649.68;1954.33;10;0.7;stop
359;1952.8;1900.84;1961.18;1858.92;1944.2;1855.53;1935.82;1897.45;10;0.78;stop
365;3266.12;1462.71;3276.64;1431.01;3260.75;1425.73;3250.23;1457.43;10;0.81;stop
366;3789.17;395.13;3801.45;366.36;3787.71;360.49;3775.43;389.27;10;0.79;stop
367;3509.18;553.14;3536.88;551.6;3536.13;538.11;3508.43;539.65;10;0.72;stop
368;1176.24;1602.82;1177.72;1590.59;1153.64;1587.68;1152.16;1599.91;10;0.76;stop
371;2341.92;1070.21;2371.83;1069.44;2371.45;1054.91;2341.55;1055.68;10;0.75;stop
372;3328.79;1037.92;3361.96;1027.01;3357.46;1013.33;3324.29;1024.24;10;0.75;stop
373;3762.18;1048.49;3796.1;1048.14;3795.95;1033.7;3762.03;1034.05;10;0.73;stop
374;2004.55;868.95;2004.94;843.48;1992.77;843.3;1992.38;868.77;10;0.76;stop
375;1077.75;999.67;1078.88;986.52;1050.37;984.08;1049.25;997.23;10;0.76;stop
376;866.13;1115.21;867.93;1104.31;848.09;1101.04;846.29;1111.94;10;0.76;stop
378;1678.91;1159.97;1680.21;1146.78;1652.22;1144.03;1650.92;1157.22;10;0.76;stop
379;1549.41;1025.28;1550.51;1011.12;1519.59;1008.72;1518.49;1022.88;10;0.76;stop
380;2613.87;974.96;2614.69;936.75;2599.0;936.42;2598.18;974.62;10;0.76;stop
381;2319.56;1196.85;2320.82;1183.07;2290.31;1180.28;2289.05;1194.05;10;0.77;stop
382;2825.41;113.33;2860.44;112.55;2860.06;95.73;2825.03;96.51;10;0.69;stop
383;902.52;564.22;904.58;551.21;876.85;546.84;874.8;559.84;10;0.76;stop
384;713.5;910.03;714.36;896.99;686.18;895.13;685.32;908.17;10;0.74;stop
385;410.36;1573.41;411.76;1560.79;385.11;1557.84;383.71;1570.45;10;0.76;stop
387;2125.58;126.96;2156.2;126.9;2156.17;113.23;2125.55;113.29;10;0.76;stop
388;2710.22;562.57;2739.54;561.19;2738.91;547.8;2709.58;549.19;10;0.77;stop
389;3457.0;92.69;3491.16;91.97;3490.81;75.59;3456.66;76.31;10;0.77;stop
390;3654.74;674.19;3667.7;645.42;3654.01;639.25;3641.05;668.02;10;0.77;stop
391;2970.32;1271.4;2973.5;1257.0;2945.68;1250.85;2942.5;1265.25;10;0.77;stop
392;2610.48;846.76;2611.0;817.34;2597.89;817.11;2597.37;846.53;10;0.76;stop
393;1699.21;1033.14;1700.0;1019.36;1671.29;1017.73;1670.5;1031.51;10;0.77;stop
395;1354.29;1143.54;1354.7;1129.83;1325.46;1128.96;1325.05;1142.67;10;0.77;stop
396;2915.82;1399.08;2921.07;1380.0;2875.59;1367.48;2870.34;1386.56;9;0.58;stop
397;2513.14;122.98;2542.36;122.73;2542.23;108.21;2513.02;108.46;10;0.76;stop
398;2209.44;125.19;2235.67;125.1;2235.62;112.18;2209.4;112.27;10;0.72;stop
400;362.49;960.15;363.0;946.8;336.42;945.78;335.91;959.13;10;0.77;stop
401;2575.41;1044.71;2576.95;1014.8;2562.09;1014.04;2560.55;1043.95;10;0.76;stop
402;2777.33;1376.96;2778.98;1361.89;2742.67;1357.92;2741.02;1372.99;10;0.6;stop
403;2126.24;1346.17;2126.4;1331.67;2094.76;1331.33;2094.6;1345.83;10;0.76;stop
404;1993.06;1657.73;1993.74;1633.2;1982.69;1632.9;1982.01;1657.42;10;0.74;stop
405;3085.87;560.94;3086.09;545.78;3053.34;545.31;3053.12;560.47;10;0.77;stop
406;149.13;948.23;150.11;935.91;123.44;933.8;122.47;946.12;10;0.75;stop
407;330.82;959.03;331.07;946.93;307.15;946.44;306.9;958.54;10;0.77;stop
408;2163.77;565.94;2192.04;565.55;2191.85;552.03;2163.59;552.42;10;0.74;stop
409;2415.16;566.22;2444.53;566.1;2444.47;551.18;2415.09;551.31;10;0.77;stop
411;3550.76;1006.77;3582.81;1006.47;3582.67;991.05;3550.62;991.34;10;0.58;stop
413;1993.81;194.97;1994.8;171.74;1982.69;171.22;1981.7;194.45;10;0.75;stop
414;3769.91;432.45;3782.17;405.91;3769.47;400.05;3757.21;426.59;10;0.78;stop
415;3812.16;549.55;3812.26;535.34;3783.46;535.14;3783.36;549.35;10;0.75;stop
416;299.04;1068.62;299.26;1054.35;268.62;1053.88;268.4;1068.15;10;0.75;stop
419;1898.14;1256.86;1911.06;1254.94;1906.61;1224.89;1893.69;1226.81;10;0.75;stop
420;1996.25;1012.04;2009.89;1009.78;2005.0;980.33;1991.36;982.6;10;0.77;stop
421;2152.59;1347.84;2181.18;1346.57;2180.53;1331.91;2151.94;1333.18;10;0.74;stop
423;1909.86;2013.26;1920.77;1986.69;1908.39;1981.61;1897.48;2008.18;10;0.76;stop
426;480.15;1329.3;482.38;1315.63;452.2;1310.7;449.96;1324.37;10;0.77;stop
427;1400.88;1660.59;1402.3;1647.91;1373.37;1644.66;1371.95;1657.34;10;0.75;stop
428;657.71;1153.36;659.56;1125.71;645.41;1124.76;643.56;1152.42;10;0.71;stop
430;2860.1;1343.86;2860.62;1331.33;2835.4;1330.26;2834.88;1342.8;10;0.74;stop
431;2520.75;1555.98;2522.79;1527.44;2509.87;1526.52;2507.83;1555.06;10;0.67;stop
432;1164.08;1541.21;1167.85;1510.96;1153.99;1509.23;1150.21;1539.48;10;0.72;stop
436;3393.31;1128.2;3407.95;1102.25;3396.07;1095.55;3381.43;1121.5;10;0.77;stop
437;2492.35;1828.37;2495.07;1799.87;2482.03;1798.63;2479.31;1827.13;10;0.75;stop
438;2860.1;2074.27;2874.71;2064.28;2853.4;2033.11;2838.79;2043.1;10;0.66;stop
440;3622.67;1048.78;3622.8;1032.76;3588.58;1032.47;3588.45;1048.49;10;0.62;stop
441;647.17;1952.37;648.59;1922.96;635.33;1922.32;633.91;1951.73;10;0.68;stop
443;1663.76;1031.06;1664.27;1017.45;1636.99;1016.44;1636.48;1030.05;10;0.71;stop
446;1835.08;101.28;1835.57;73.3;1823.89;73.09;1823.39;101.07;10;0.73;stop
449;2681.13;1341.54;2682.87;1321.33;2630.75;1316.84;2629.01;1337.05;9;0.51;stop
451;1968.34;250.52;1987.5;250.39;1987.16;202.29;1968.0;202.43;9;0.73;stop
452;2274.69;125.72;2274.79;111.86;2244.06;111.65;2243.96;125.51;10;0.67;stop
453;2519.55;565.45;2519.6;551.78;2490.83;551.67;2490.77;565.34;10;0.74;stop
454;3563.47;86.99;3563.89;73.98;3536.22;73.09;3535.8;86.09;10;0.77;stop
455;2426.02;1354.83;2426.17;1340.99;2396.48;1340.67;2396.33;1354.51;10;0.74;stop
456;2464.62;1774.59;2468.64;1745.03;2455.75;1743.28;2451.74;1772.84;10;0.75;stop
459;2980.38;1459.21;2991.51;1447.35;2962.62;1420.23;2951.49;1432.09;10;0.71;stop
460;1904.9;1434.73;1921.82;1433.25;1917.85;1387.89;1900.93;1389.38;9;0.66;stop
461;2314.05;565.25;2340.86;565.19;2340.82;550.75;2314.02;550.81;10;0.72;stop
462;2451.51;1909.28;2455.14;1877.88;2441.87;1876.35;2438.24;1907.74;10;0.66;stop
463;3742.12;552.07;3777.41;550.33;3776.63;534.5;3741.34;536.24;10;0.72;stop
464;2874.14;2038.72;2900.03;2026.13;2893.36;2012.41;2867.47;2025.0;10;0.58;stop
465;2126.85;564.86;2152.25;563.89;2151.71;550.01;2126.32;550.99;10;0.75;stop
466;2155.84;1122.21;2156.58;1109.0;2130.6;1107.54;2129.86;1120.75;10;0.79;stop
468;1850.49;562.16;1851.29;536.23;1838.38;535.84;1837.59;561.77;10;0.74;stop
469;1865.28;1663.56;1866.36;1650.61;1840.47;1648.44;1839.39;1661.39;10;0.72;stop
470;1902.79;677.25;1918.82;676.93;1918.18;644.63;1902.15;644.95;10;0.8;stop
471;2598.27;112.99;2611.28;112.96;2611.23;86.7;2598.22;86.73;10;0.74;stop
472;2609.59;369.66;2609.73;338.02;2596.54;337.96;2596.39;369.6;10;0.72;stop
473;1327.97;1653.75;1329.09;1641.45;1303.4;1639.12;1302.29;1651.42;10;0.7;stop
474;2091.42;566.74;2120.69;566.51;2120.58;552.63;2091.31;552.87;10;0.73;stop
475;3468.05;1076.55;3477.89;1051.0;3464.76;1045.95;3454.93;1071.5;10;0.77;stop
477;3234.36;1337.26;3255.6;1315.95;3244.7;1305.08;3223.46;1326.39;10;0.78;stop
478;3571.82;856.13;3582.08;826.88;3568.18;822.0;3557.92;851.25;10;0.64;stop
479;1975.19;1475.99;1977.39;1448.93;1964.56;1447.89;1962.36;1474.94;10;0.8;stop
481;3563.31;556.7;3568.47;539.31;3542.94;531.74;3537.78;549.13;10;0.54;stop
482;3532.31;941.9;3543.59;914.33;3529.88;908.72;3518.6;936.3;10;0.73;stop
483;3742.92;81.76;3780.43;79.76;3779.58;63.79;3742.07;65.79;10;0.65;stop
485;357.12;1528.73;357.77;1515.45;326.79;1513.92;326.13;1527.21;10;0.7;stop
486;2157.72;1312.43;2157.79;1294.37;2111.84;1294.2;2111.77;1312.25;9;0.65;stop
489;3802.82;275.75;3814.95;247.16;3802.18;241.75;3790.05;270.34;10;0.71;stop
490;1438.8;1145.74;1439.33;1132.39;1410.83;1131.26;1410.29;1144.61;10;0.74;stop
492;1880.15;1876.18;1885.05;1851.07;1872.85;1848.7;1867.95;1873.8;10;0.69;stop
493;1425.9;843.52;1427.14;829.53;1393.35;826.54;1392.11;840.54;10;0.7;stop
494;2464.27;1358.19;2464.83;1345.21;2438.1;1344.06;2437.54;1357.04;10;0.66;stop
495;2533.06;1426.21;2534.83;1397.26;2521.19;1396.42;2519.42;1425.37;10;0.7;stop
496;3020.2;1282.81;3023.55;1268.81;2994.8;1261.94;2991.45;1275.94;10;0.81;stop
497;1797.48;1062.27;1798.26;1049.86;1772.05;1048.23;1771.27;1060.64;10;0.75;move
498;469.15;1368.15;471.88;1354.31;443.5;1348.73;440.78;1362.57;10;0.72;stop
499;465.7;958.91;466.36;948.13;440.86;946.56;440.2;957.34;10;0.62;stop
501;1092.43;2127.16;1108.81;2126.22;1106.94;2093.46;1090.56;2094.4;10;0.76;stop
502;2345.59;123.2;2376.96;122.77;2376.78;109.67;2345.41;110.11;10;0.65;stop
504;2453.44;565.55;2482.93;565.02;2482.68;550.74;2453.19;551.26;10;0.71;stop
505;3302.91;1480.17;3309.14;1467.39;3282.09;1454.21;3275.86;1466.99;10;0.78;stop
506;1168.01;1501.67;1174.27;1472.09;1161.86;1469.46;1155.6;1499.04;10;0.66;stop
507;3747.55;593.79;3748.35;578.22;3709.32;576.21;3708.52;591.78;10;0.58;stop
508;1827.0;1350.72;1838.2;1348.2;1832.63;1323.4;1821.42;1325.92;10;0.71;stop
509;1995.42;1618.05;1996.51;1584.15;1982.58;1583.7;1981.49;1617.6;10;0.73;stop
511;638.76;1127.69;639.86;1113.29;610.93;1111.06;609.82;1125.46;10;0.71;stop
513;1554.81;1049.39;1555.48;1036.57;1529.94;1035.24;1529.27;1048.05;10;0.8;move
514;3788.31;79.91;3819.38;78.25;3818.57;63.06;3787.5;64.72;10;0.66;stop
515;3765.29;349.75;3780.49;317.8;3766.59;311.18;3751.38;343.14;10;0.69;stop
516;204.67;1061.97;205.55;1047.33;175.96;1045.53;175.07;1060.17;10;0.65;stop
517;3283.27;1163.11;3302.52;1133.87;3289.54;1125.32;3270.29;1154.57;10;0.6;stop
520;3641.83;703.53;3651.93;679.08;3638.8;673.66;3628.69;698.11;10;0.64;stop
521;81.1;914.41;86.91;887.76;72.65;884.65;66.84;911.3;10;0.71;stop
523;2609.37;645.96;2610.08;618.86;2597.88;618.54;2597.17;645.64;10;0.78;stop
524;1503.61;1632.44;1504.92;1621.2;1484.39;1618.81;1483.08;1630.05;10;0.45;stop
525;346.41;1566.98;347.63;1553.66;320.15;1551.15;318.93;1564.46;10;0.73;stop
527;2291.67;1355.34;2293.6;1338.27;2250.71;1333.41;2248.77;1350.48;9;0.65;stop
528;3319.94;554.97;3351.77;553.98;3351.31;539.09;3319.48;540.08;10;0.72;stop
529;2369.26;1353.89;2370.52;1339.3;2338.49;1336.55;2337.23;1351.13;10;0.62;stop
530;1177.47;1459.17;1181.7;1436.1;1170.03;1433.96;1165.8;1457.02;10;0.69;stop
531;2232.03;1392.43;2234.27;1354.04;2218.66;1353.13;2216.41;1391.52;10;0.7;stop
534;1873.55;1924.63;1886.48;1887.96;1870.64;1882.37;1857.71;1919.04;9;0.78;stop
535;43.66;1050.01;45.13;1034.55;10.07;1031.24;8.6;1046.7;10;0.69;stop
537;2530.96;564.76;2559.95;563.31;2559.29;550.11;2530.3;551.57;10;0.68;stop
538;3807.24;357.25;3818.45;332.06;3805.26;326.19;3794.05;351.38;10;0.73;stop
539;363.27;910.55;379.76;909.49;377.82;879.14;361.33;880.2;10;0.7;stop
541;1760.82;1654.16;1761.97;1641.24;1733.43;1638.71;1732.28;1651.64;10;0.67;stop
542;579.98;501.09;583.24;488.83;555.34;481.41;552.07;493.67;10;0.69;stop
543;1921.8;1581.45;1923.19;1542.1;1907.7;1541.55;1906.31;1580.9;10;0.7;stop
545;3037.28;1547.81;3049.99;1541.78;3036.22;1512.75;3023.51;1518.78;10;0.73;stop
547;2610.66;322.21;2610.84;296.62;2598.84;296.54;2598.66;322.13;10;0.74;stop
548;3667.82;84.5;3667.83;69.28;3633.43;69.25;3633.42;84.47;10;0.68;stop
550;2483.21;1586.04;2483.68;1559.68;2470.91;1559.46;2470.45;1585.82;10;0.68;stop
551;3656.41;1005.02;3656.75;991.6;3629.84;990.91;3629.5;1004.34;10;0.73;stop
552;1938.96;631.72;1953.7;631.4;1952.88;594.53;1938.14;594.85;10;0.75;move
554;1308.1;1008.03;1309.0;996.29;1285.02;994.47;1284.13;1006.21;10;0.75;stop
555;769.38;1605.9;771.21;1592.8;744.69;1589.1;742.86;1602.2;10;0.7;stop
559;210.87;947.57;212.12;934.2;184.75;931.65;183.51;945.02;10;0.73;stop
561;2454.98;1872.97;2458.11;1843.14;2445.14;1841.78;2442.02;1871.61;10;0.6;stop
562;2711.08;2123.53;2726.61;2117.23;2713.88;2085.85;2698.35;2092.14;10;0.79;stop
563;3270.75;213.6;3271.65;184.32;3258.0;183.9;3257.1;213.18;10;0.6;stop
564;3301.85;1381.89;3317.15;1347.23;3300.02;1339.67;3284.72;1374.33;10;0.65;stop
565;540.15;489.44;543.66;477.14;517.35;469.62;513.84;481.92;10;0.61;stop
566;1396.77;1620.83;1397.48;1608.19;1372.98;1606.79;1372.27;1619.44;10;0.72;stop
567;2444.5;121.84;2470.72;120.87;2470.25;108.22;2444.03;109.2;10;0.69;stop
568;1501.43;909.32;1504.34;880.2;1491.07;878.87;1488.16;907.99;10;0.61;stop
569;3577.76;896.61;3590.32;869.56;3575.36;862.61;3562.8;889.66;10;0.4;stop
571;2488.6;1542.48;2491.45;1513.8;2477.9;1512.45;2475.05;1541.14;10;0.65;stop
572;3364.9;1413.43;3408.99;1408.13;3406.67;1388.76;3362.57;1394.06;10;0.53;stop
575;527.12;1583.18;527.86;1570.22;501.32;1568.69;500.57;1581.66;10;0.64;stop
576;3346.79;1156.4;3363.55;1129.84;3350.71;1121.73;3333.95;1148.29;10;0.7;stop
577;1741.61;1040.13;1742.24;1025.59;1711.01;1024.25;1710.39;1038.79;10;0.79;stop
579;177.68;945.68;179.31;933.08;153.72;929.79;152.1;942.39;10;0.61;stop
580;1464.26;853.3;1466.13;840.8;1437.12;836.45;1435.24;848.95;10;0.71;stop
581;630.9;1950.71;631.7;1921.57;616.91;1921.16;616.11;1950.3;10;0.62;stop
582;662.92;971.75;688.37;970.96;688.01;959.5;662.57;960.29;10;0.63;stop
584;397.67;908.49;399.27;879.21;384.2;878.39;382.61;907.67;10;0.66;stop
585;192.1;1681.75;205.76;1681.44;205.17;1654.82;191.5;1655.12;10;0.66;stop
586;1027.49;950.01;1028.05;919.45;1013.26;919.18;1012.7;949.74;10;0.61;stop
587;3145.06;1309.35;3148.03;1294.62;3117.44;1288.46;3114.47;1303.2;10;0.74;stop
588;1369.97;1050.3;1370.97;1036.47;1341.28;1034.33;1340.28;1048.15;10;0.79;move
589;3197.65;1190.37;3201.67;1171.53;3147.35;1159.94;3143.33;1178.78;9;0.59;stop
590;507.29;1545.14;508.98;1531.81;478.96;1527.99;477.27;1541.31;10;0.64;stop
591;108.64;712.49;113.25;683.8;99.37;681.57;94.75;710.26;10;0.61;stop
592;1638.06;1158.11;1641.13;1143.45;1609.81;1136.89;1606.75;1151.55;10;0.66;stop
593;635.91;1162.06;637.04;1147.44;607.22;1145.13;606.08;1159.75;10;0.59;stop
594;3226.58;1382.81;3235.9;1348.3;3219.67;1343.91;3210.35;1378.42;10;0.79;stop
597;2936.65;2030.85;2948.88;2024.22;2934.45;1997.59;2922.22;2004.21;10;0.51;stop
598;3523.17;89.0;3523.46;77.1;3497.77;76.47;3497.48;88.37;10;0.68;stop
599;2152.61;1346.97;2160.83;1346.86;2160.64;1331.66;2152.42;1331.76;10;0.57;stop
600;207.09;2021.85;208.2;1990.23;193.69;1989.71;192.58;2021.34;10;0.58;stop
601;3330.58;1020.07;3341.39;1011.28;3320.98;986.18;3310.18;994.97;10;0.72;stop
602;429.53;2123.85;429.69;2108.35;399.22;2108.03;399.06;2123.52;10;0.61;stop
603;1511.81;1150.05;1512.42;1136.12;1482.94;1134.83;1482.33;1148.76;10;0.62;stop
604;3783.8;1283.5;3783.89;1247.79;3766.82;1247.75;3766.74;1283.46;10;0.58;stop
607;1445.08;1664.28;1446.74;1651.83;1415.79;1647.72;1414.14;1660.17;10;0.62;stop
608;362.16;2123.58;391.63;2123.51;391.59;2108.29;362.12;2108.36;10;0.58;stop
611;873.83;562.54;875.41;549.75;850.23;546.64;848.65;559.43;10;0.64;stop
612;2096.6;125.03;2122.23;124.85;2122.15;112.91;2096.52;113.09;10;0.65;stop
613;559.79;1128.71;564.96;1095.62;549.27;1093.17;544.1;1126.26;10;0.58;stop
615;534.68;1546.77;535.75;1534.0;511.57;1531.98;510.5;1544.75;10;0.62;stop
616;1525.89;691.34;1529.12;665.79;1517.23;664.29;1514.0;689.84;10;0.48;stop
617;75.12;1052.71;76.16;1037.98;48.51;1036.04;47.48;1050.77;10;0.59;stop
618;1975.91;1764.83;1984.32;1721.34;1967.96;1718.17;1959.55;1761.66;10;0.69;stop
619;3123.96;1512.38;3139.66;1476.3;3122.6;1468.87;3106.9;1504.95;10;0.37;stop
620;3227.8;556.14;3259.86;553.59;3258.76;539.79;3226.7;542.35;10;0.72;stop
621;3387.79;1094.27;3406.06;1063.69;3392.21;1055.42;3373.94;1086.0;10;0.79;stop
623;1829.23;295.28;1844.87;278.1;1836.02;270.04;1820.38;287.22;10;0.57;stop
625;1183.56;1427.14;1188.06;1403.48;1175.56;1401.11;1171.06;1424.77;10;0.6;stop
626;1111.05;1762.23;1113.38;1733.04;1100.7;1732.02;1098.37;1761.21;10;0.45;stop
631;209.36;2068.48;209.98;2036.2;194.47;2035.9;193.85;2068.18;10;0.51;stop
634;2997.14;1435.25;3009.37;1423.5;2977.36;1390.19;2965.13;1401.94;10;0.73;stop
635;104.91;744.57;108.82;717.34;93.38;715.12;89.46;742.35;10;0.54;stop
636;2252.9;1315.44;2254.34;1302.54;2223.1;1299.06;2221.66;1311.96;10;0.44;stop
639;1911.52;1526.27;1915.31;1504.09;1904.48;1502.23;1900.69;1524.41;10;0.68;stop
640;3747.41;397.0;3762.88;361.88;3746.97;354.87;3731.49;389.99;9;0.61;stop
641;1855.85;1460.45;1857.3;1446.93;1827.4;1443.73;1825.95;1457.25;10;0.65;stop
642;1516.29;773.76;1520.81;748.24;1508.84;746.12;1504.31;771.63;10;0.51;stop
643;951.79;569.81;953.33;555.64;923.21;552.37;921.67;566.54;10;0.63;stop
648;3431.21;1064.29;3443.52;1041.34;3431.29;1034.78;3418.98;1057.73;10;0.65;stop
649;3295.77;1080.53;3312.37;1074.86;3300.48;1040.09;3283.88;1045.77;10;0.75;stop
650;1200.44;1642.68;1201.24;1629.65;1193.93;1629.2;1193.13;1642.23;10;0.56;stop
652;1045.82;1592.97;1047.47;1581.27;1019.11;1577.28;1017.47;1588.98;10;0.45;stop
653;1902.09;1383.91;1917.02;1382.61;1913.91;1347.02;1898.98;1348.33;10;0.62;stop
657;2099.07;163.87;2126.58;162.67;2126.06;150.57;2098.54;151.77;10;0.56;stop
658;2573.68;277.72;2573.68;251.6;2561.57;251.6;2561.57;277.72;10;0.53;stop
660;1096.05;1595.87;1097.06;1582.84;1071.45;1580.85;1070.44;1593.88;10;0.48;stop
661;3664.37;547.52;3678.97;526.42;3668.75;519.35;3654.16;540.46;10;0.59;stop
663;2719.21;1430.01;2722.7;1385.44;2703.06;1383.9;2699.56;1428.47;9;0.51;stop
665;3719.03;1005.72;3745.41;1005.56;3745.34;993.03;3718.96;993.19;10;0.4;stop
667;1022.53;1626.22;1024.14;1614.95;1000.22;1611.53;998.61;1622.8;10;0.51;stop
668;1046.4;1124.43;1047.17;1107.66;1008.6;1105.88;1007.83;1122.65;9;0.73;stop
670;2508.62;1325.89;2509.59;1311.06;2475.88;1308.86;2474.91;1323.69;9;0.39;stop
673;255.67;1560.31;278.75;1560.23;278.71;1546.56;255.62;1546.64;10;0.5;stop
675;3310.02;286.53;3311.99;256.71;3298.41;255.81;3296.44;285.63;10;0.5;stop
685;3683.13;516.1;3696.34;485.99;3683.74;480.47;3670.54;510.57;10;0.61;stop
687;2751.13;1233.83;2752.99;1215.94;2716.13;1212.11;2714.27;1230.0;9;0.73;stop
688;1686.44;1646.48;1687.12;1630.96;1679.84;1630.64;1679.16;1646.17;10;0.46;stop
695;3554.14;1124.17;3571.29;1095.5;3557.73;1087.4;3540.59;1116.06;10;0.46;stop
697;3748.91;479.3;3762.5;449.08;3747.34;442.26;3733.75;472.48;10;0.55;stop
698;2405.7;607.07;2405.83;592.44;2375.17;592.18;2375.05;606.81;10;0.62;stop
701;3240.87;1476.77;3255.43;1443.01;3238.19;1435.57;3223.63;1469.33;10;0.81;stop
712;797.25;1399.92;798.45;1385.08;767.44;1382.58;766.24;1397.42;10;0.5;stop
718;2835.12;1383.24;2837.09;1365.9;2790.63;1360.64;2788.66;1377.98;10;0.48;stop
730;863.71;1847.13;863.78;1830.81;832.22;1830.69;832.16;1847.0;10;0.4;stop
941;1996.31;448.53;1999.52;415.68;1985.82;414.34;1982.61;447.2;10;0.81;stop
983;3314.96;710.52;3314.98;684.49;3300.98;684.48;3300.96;710.51;10;0.71;stop
1022;2206.31;1123.42;2207.19;1109.47;2175.19;1107.46;2174.31;1121.4;10;0.78;stop
1072;2274.46;1127.93;2275.08;1114.44;2245.42;1113.07;2244.8;1126.56;10;0.8;stop
1080;2329.91;1128.48;2364.57;1125.38;2363.22;1110.27;2328.55;1113.37;10;0.8;stop
1175;1679.96;1071.28;1680.84;1056.93;1648.91;1054.97;1648.03;1069.32;10;0.8;move
1206;2026.73;1061.89;2032.7;1049.17;2007.52;1037.36;2001.55;1050.08;10;0.8;move
1230;3092.02;1231.66;3094.97;1217.48;3062.48;1210.71;3059.53;1224.89;10;0.82;stop
1281;3260.35;357.25;3274.79;356.81;3274.02;331.81;3259.59;332.26;10;0.37;stop
1284;3371.29;554.47;3400.51;553.97;3400.27;540.53;3371.06;541.03;10;0.54;stop
1399;1946.15;2163.13;1948.09;2137.61;1935.1;2136.62;1933.16;2162.14;10;0.72;stop
1415;3717.32;1408.94;3721.76;1392.08;3687.06;1382.93;3682.61;1399.79;10;0.43;move
1467;1882.75;1077.99;1883.59;1063.53;1853.28;1061.76;1852.44;1076.22;10;0.79;move
1552;3636.18;1393.37;3641.32;1377.89;3608.82;1367.1;3603.68;1382.58;10;0.79;move
1557;1927.27;2165.61;1929.39;2137.42;1915.73;2136.39;1913.61;2164.58;10;0.61;stop
1637;3563.0;1369.42;3567.74;1353.53;3530.12;1342.3;3525.38;1358.19;10;0.8;move
1692;3815.73;1454.39;3819.92;1440.88;3794.89;1433.11;3790.7;1446.62;10;0.62;stop
1874;3471.3;1346.25;3475.15;1331.54;3441.82;1322.81;3437.97;1337.52;10;0.74;move
1922;1764.99;1104.36;1765.76;1090.91;1739.39;1089.39;1738.61;1102.84;10;0.8;stop
2042;3400.31;1329.87;3403.5;1316.36;3373.13;1309.19;3369.94;1322.71;10;0.81;move
2056;1443.45;1646.98;1444.71;1632.76;1415.17;1630.14;1413.91;1644.37;10;0.76;move
2096;1970.16;1083.66;1970.72;1069.67;1941.09;1068.47;1940.53;1082.45;10;0.81;move
2166;3016.31;1252.51;3019.53;1237.92;2983.69;1229.99;2980.47;1244.57;10;0.82;move
2175;3785.08;308.59;3795.91;285.64;3784.3;280.16;3773.47;303.11;10;0.5;stop
2202;3520.96;974.97;3532.69;942.11;3515.91;936.12;3504.19;968.98;10;0.36;stop
2339;1884.38;960.24;1897.83;959.84;1896.93;929.76;1883.48;930.16;10;0.7;stop
2351;2882.29;1222.79;2884.26;1209.47;2853.71;1204.96;2851.74;1218.28;10;0.8;move
2431;1976.17;1537.98;1977.57;1502.32;1963.58;1501.77;1962.18;1537.43;10;0.81;stop
2517;1798.06;1677.13;1799.98;1663.67;1771.57;1659.62;1769.64;1673.08;10;0.79;move
2556;1968.86;1591.42;1970.73;1562.81;1957.58;1561.95;1955.71;1590.56;10;0.82;stop
2590;72.47;961.83;73.92;947.25;42.2;944.11;40.75;958.68;10;0.77;stop
2732;1962.86;1633.14;1965.1;1601.02;1952.14;1600.11;1949.9;1632.23;10;0.81;stop
2751;1933.78;1710.73;1937.57;1682.86;1924.97;1681.15;1921.18;1709.02;10;0.81;move
2802;1913.0;840.16;1913.35;813.76;1900.75;813.59;1900.4;839.99;10;0.78;stop
2945;3156.8;1267.87;3159.86;1252.08;3126.33;1245.57;3123.26;1261.36;10;0.8;move
2946;1967.67;1677.65;1971.39;1642.71;1956.23;1641.1;1952.52;1676.04;10;0.83;stop
2991;237.49;950.2;241.92;938.7;220.48;930.43;216.05;941.92;10;0.69;stop
3144;1958.19;1723.06;1960.32;1688.85;1945.56;1687.94;1943.43;1722.15;10;0.82;stop
3212;1854.93;940.58;1858.06;906.37;1842.94;904.99;1839.81;939.19;10;0.81;stop
3261;3210.33;1282.04;3212.81;1268.48;3184.36;1263.28;3181.88;1276.83;10;0.78;move
3358;205.05;1779.77;208.06;1746.69;191.98;1745.23;188.98;1778.31;10;0.67;stop
3438;1952.96;1766.68;1957.46;1733.91;1944.04;1732.07;1939.54;1764.84;10;0.83;stop
3439;2221.32;1062.05;2222.54;1049.7;2198.43;1047.33;2197.21;1059.68;10;0.75;stop
3452;1862.22;899.81;1878.94;899.41;1878.03;861.38;1861.31;861.78;10;0.72;stop
3494;3376.59;1304.21;3379.19;1289.73;3343.41;1283.29;3340.81;1297.77;10;0.78;move
3500;2802.67;1216.67;2804.49;1201.98;2769.08;1197.58;2767.26;1212.27;10;0.8;move
3545;1524.02;173.13;1535.41;172.46;1533.73;144.12;1522.34;144.79;10;0.52;stop
3560;2098.7;589.64;2098.76;574.85;2069.05;574.73;2068.99;589.53;10;0.75;stop
3648;1855.66;896.64;1856.31;871.06;1843.34;870.73;1842.69;896.32;10;0.75;stop
3653;1945.25;1820.95;1950.86;1787.14;1936.0;1784.67;1930.39;1818.49;10;0.83;stop
3698;3074.9;1248.57;3078.04;1235.01;3045.85;1227.55;3042.71;1241.11;10;0.82;move
3731;1879.24;937.16;1880.37;910.01;1868.6;909.52;1867.48;936.68;10;0.78;stop
3980;1933.92;1870.5;1940.98;1835.83;1927.08;1833.0;1920.02;1867.67;10;0.82;stop
4070;803.23;1374.5;804.04;1363.69;782.08;1362.06;781.28;1372.87;10;0.39;stop
4121;3288.37;1289.55;3290.23;1275.8;3260.07;1271.7;3258.2;1285.45;10;0.81;move
4249;2612.51;1058.76;2614.7;1031.42;2601.49;1030.37;2599.3;1057.7;10;0.69;stop
4257;1976.01;1805.14;1978.11;1782.85;1966.24;1781.73;1964.14;1804.02;10;0.4;stop
4376;1897.39;828.73;1897.41;799.16;1883.08;799.15;1883.06;828.72;10;0.8;stop
4514;1726.73;1100.91;1727.32;1088.38;1702.39;1087.21;1701.8;1099.75;10;0.82;stop
4609;1879.26;793.0;1894.22;792.9;1893.99;758.37;1879.03;758.48;10;0.8;stop
4632;3807.72;1317.97;3810.87;1282.31;3793.53;1280.78;3790.38;1316.44;10;0.56;stop
4666;1884.03;907.87;1898.07;907.63;1897.56;878.07;1883.52;878.31;10;0.79;stop
4835;1688.3;1099.38;1689.32;1085.45;1657.45;1083.12;1656.43;1097.05;10;0.81;stop
4845;3197.93;555.4;3226.58;553.73;3225.82;540.54;3197.17;542.21;10;0.76;stop
4885;1557.29;1091.79;1557.62;1079.06;1529.71;1078.33;1529.38;1091.06;10;0.81;stop
4934;1861.62;840.11;1877.25;839.89;1876.75;804.64;1861.12;804.86;10;0.8;stop
4985;2607.02;154.73;2633.01;151.76;2631.73;140.58;2605.74;143.55;10;0.56;stop
5028;2893.83;1193.84;2895.33;1178.96;2860.17;1175.41;2858.67;1190.29;10;0.83;move
5167;2190.85;1082.35;2191.31;1067.42;2158.03;1066.4;2157.57;1081.33;10;0.81;move
5189;1881.09;870.18;1895.79;869.59;1894.41;835.32;1879.71;835.91;10;0.78;stop
5311;2286.68;1088.51;2286.81;1075.17;2256.82;1074.87;2256.69;1088.21;10;0.79;move
5354;1916.09;927.71;1916.11;895.93;1900.94;895.92;1900.92;927.7;10;0.8;stop
5411;2520.73;1119.32;2522.77;1104.37;2493.02;1100.31;2490.98;1115.25;10;0.77;stop
5425;3662.07;1049.35;3662.56;1034.14;3635.43;1033.26;3634.94;1048.47;10;0.38;stop
5502;2678.53;1198.92;2679.95;1185.62;2652.47;1182.7;2651.05;1196.0;10;0.82;move
5524;1917.08;889.37;1917.16;853.3;1901.36;853.26;1901.28;889.33;10;0.79;stop
5596;2620.08;1185.62;2621.15;1171.21;2591.67;1169.01;2590.6;1183.42;10;0.8;move
5607;454.0;1143.51;454.59;1129.2;426.31;1128.05;425.73;1142.36;10;0.51;stop
5626;438.93;1575.09;439.86;1562.46;417.95;1560.84;417.01;1573.48;10;0.61;stop
5656;2196.86;573.43;2225.58;563.86;2221.2;550.72;2192.48;560.29;10;0.75;stop
5663;2593.39;1123.95;2594.28;1110.12;2562.11;1108.05;2561.22;1121.88;10;0.75;stop
5688;2515.88;1180.92;2516.78;1167.73;2488.87;1165.83;2487.97;1179.02;10;0.81;move
5822;2667.12;1133.35;2669.03;1117.58;2633.5;1113.28;2631.59;1129.05;10;0.82;stop
5951;23.88;1488.6;24.56;1477.07;2.62;1475.77;1.94;1487.31;10;0.76;stop
5971;1916.93;806.81;1917.52;777.46;1904.04;777.19;1903.45;806.54;10;0.79;stop
5993;2650.91;1218.79;2652.14;1204.78;2639.94;1203.71;2638.71;1217.72;10;0.71;stop
6008;2203.53;592.82;2234.32;588.87;2232.53;574.93;2201.74;578.88;10;0.7;stop
6056;2390.81;1172.89;2391.44;1158.43;2358.57;1156.99;2357.93;1171.45;10;0.82;move
6080;1646.0;1096.0;1646.6;1082.22;1615.37;1080.87;1614.78;1094.66;10;0.79;stop
6250;2285.96;1163.79;2286.73;1148.81;2250.79;1146.96;2250.02;1161.94;10;0.81;move
6324;1597.4;1093.93;1597.93;1079.66;1564.97;1078.44;1564.45;1092.72;10;0.82;stop
6337;2159.46;1151.41;2160.31;1138.44;2135.79;1136.84;2134.94;1149.81;10;0.76;move
6376;2615.97;1015.05;2616.11;984.15;2601.4;984.08;2601.26;1014.98;10;0.72;stop
6408;1641.99;1117.22;1642.91;1102.22;1609.26;1100.15;1608.34;1115.15;10;0.82;move
6481;1530.84;627.72;1534.07;602.26;1522.41;600.78;1519.18;626.24;10;0.37;stop
6494;1770.71;1123.19;1771.48;1108.28;1738.16;1106.56;1737.39;1121.47;10;0.8;move
6547;2402.91;1089.79;2402.91;1076.96;2374.59;1076.96;2374.59;1089.79;10;0.8;move
6567;1917.88;758.77;1918.87;725.56;1903.65;725.11;1902.66;758.31;10;0.8;stop
6589;3353.82;93.98;3384.14;93.18;3383.8;80.48;3353.49;81.29;10;0.37;stop
6598;1890.57;1146.42;1890.7;1132.01;1856.99;1131.7;1856.86;1146.11;10;0.8;move
6613;1881.4;747.91;1896.52;747.79;1896.26;715.71;1881.14;715.83;10;0.8;stop
6632;1521.1;730.94;1525.1;698.45;1510.78;696.69;1506.77;729.17;10;0.45;stop
6654;2798.81;1146.68;2800.73;1132.21;2769.57;1128.07;2767.65;1142.54;10;0.71;stop
6685;27.71;959.69;28.5;944.42;0.13;942.96;-0.65;958.23;10;0.58;stop
6725;3322.54;1127.02;3328.37;1093.6;3314.02;1091.1;3308.2;1124.52;10;0.77;stop
6736;2488.26;1094.89;2489.02;1080.29;2456.86;1078.61;2456.1;1093.21;10;0.75;move
6746;1862.52;793.03;1874.86;792.97;1874.73;766.22;1862.39;766.28;10;0.81;stop
6789;3342.01;136.15;3371.37;134.39;3370.49;119.79;3341.13;121.54;10;0.48;stop
6814;1918.19;713.15;1918.21;685.24;1904.56;685.23;1904.54;713.14;10;0.79;stop
6855;322.3;1527.57;323.32;1516.06;296.45;1513.68;295.43;1525.19;10;0.36;stop
6868;1581.47;1637.67;1582.51;1623.75;1551.66;1621.45;1550.62;1635.37;10;0.68;stop
6870;3488.72;1214.28;3491.79;1200.68;3462.84;1194.15;3459.77;1207.76;10;0.78;stop
6891;424.53;405.4;428.82;376.81;414.06;374.6;409.78;403.19;10;0.49;stop
6893;2620.62;1109.19;2622.64;1095.7;2593.38;1091.31;2591.36;1104.8;10;0.81;move
6909;2308.41;123.13;2331.95;122.93;2331.84;109.74;2308.3;109.94;10;0.44;stop
6917;507.3;480.07;510.82;467.33;481.76;459.31;478.24;472.05;10;0.47;stop
6921;1328.29;1119.86;1329.16;1105.14;1295.21;1103.14;1294.34;1117.86;10;0.83;move
6945;1844.33;840.47;1856.95;840.46;1856.92;815.53;1844.3;815.54;10;0.79;stop
6990;1423.22;1108.07;1424.34;1093.9;1391.53;1091.3;1390.41;1105.48;10;0.81;move
7017;2913.73;1168.1;2916.48;1152.19;2880.77;1146.02;2878.02;1161.93;10;0.83;stop
7032;2721.49;1115.62;2723.2;1102.09;2696.79;1098.76;2695.08;1112.28;10;0.82;stop
7039;1877.78;711.42;1893.65;711.24;1893.22;673.45;1877.35;673.63;10;0.78;stop
7063;1187.14;1110.28;1187.88;1096.45;1155.67;1094.72;1154.93;1108.55;10;0.81;move
7081;1563.2;1673.44;1564.36;1660.37;1533.92;1657.68;1532.77;1670.75;10;0.71;stop
7123;2865.43;1159.62;2868.21;1145.26;2834.57;1138.76;2831.79;1153.11;10;0.77;stop
7149;114.62;965.56;115.49;950.64;84.25;948.81;83.38;963.74;10;0.82;stop
7173;1339.51;1084.23;1339.95;1068.78;1308.74;1067.9;1308.3;1083.34;10;0.81;move
7177;2976.48;1177.4;2979.09;1163.4;2950.77;1158.1;2948.16;1172.1;10;0.82;stop
7178;1861.86;761.39;1875.8;761.21;1875.39;730.36;1861.45;730.54;10;0.79;stop
7199;2778.41;1121.42;2780.12;1106.82;2749.8;1103.26;2748.09;1117.87;10;0.81;stop
7238;2485.94;1917.44;2487.49;1880.0;2473.81;1879.43;2472.26;1916.88;10;0.57;stop
7259;3023.93;1190.05;3027.18;1175.5;2996.69;1168.7;2993.45;1183.25;10;0.81;stop
7264;1527.27;1670.91;1528.59;1656.38;1496.73;1653.47;1495.41;1667.99;10;0.67;stop
7319;1874.83;722.52;1874.96;688.28;1860.92;688.23;1860.79;722.47;10;0.77;stop
7395;55.52;1496.28;57.08;1484.51;32.31;1481.22;30.75;1492.99;10;0.69;stop
7408;191.12;1510.89;191.65;1497.76;163.49;1496.61;162.96;1509.74;10;0.67;stop
7413;6.75;1046.15;7.24;1032.55;-0.05;1032.29;-0.54;1045.89;10;0.5;stop
7420;564.53;1586.09;565.79;1573.91;541.72;1571.41;540.46;1583.59;10;0.72;stop
7421;827.38;1533.28;827.86;1507.28;814.18;1507.03;813.7;1533.03;10;0.44;stop
7424;142.7;1543.46;144.72;1529.24;111.36;1524.51;109.34;1538.73;10;0.69;stop
7432;64.06;1533.43;66.31;1518.08;34.85;1513.46;32.6;1528.8;10;0.4;stop
7438;1856.0;678.93;1870.19;678.55;1869.35;647.44;1855.15;647.83;10;0.79;stop
7439;620.36;512.56;623.87;499.81;593.7;491.51;590.19;504.25;10;0.46;stop
7442;25.87;1528.04;27.63;1514.58;2.72;1511.33;0.96;1524.8;10;0.38;stop
7473;1020.45;1087.92;1021.93;1070.25;963.21;1065.33;961.73;1083.0;9;0.81;move
7512;1877.24;633.01;1877.83;598.0;1862.26;597.74;1861.67;632.75;10;0.82;stop
7514;3070.89;1199.87;3074.0;1184.93;3043.49;1178.57;3040.37;1193.51;10;0.81;stop
7566;1896.82;649.47;1897.41;616.44;1881.11;616.16;1880.53;649.18;10;0.81;stop
7578;1114.94;1104.53;1115.49;1089.32;1081.62;1088.1;1081.07;1103.31;10;0.81;move
7610;2900.76;1141.09;2902.94;1127.46;2871.24;1122.41;2869.06;1136.04;10;0.84;stop
7693;487.12;1581.73;487.83;1571.58;467.26;1570.14;466.54;1580.3;10;0.51;stop
7707;896.06;1072.27;896.91;1059.99;875.26;1058.48;874.4;1070.76;10;0.73;move
7710;3514.16;1188.99;3535.37;1154.57;3518.96;1144.45;3497.75;1178.87;10;0.72;stop
7723;1858.15;585.34;1871.03;585.26;1870.85;556.54;1857.97;556.62;10;0.79;stop
7742;2835.13;1129.61;2836.87;1116.34;2810.73;1112.89;2808.98;1126.16;10;0.81;stop
7768;950.29;1096.51;950.92;1080.64;915.81;1079.24;915.17;1095.11;10;0.82;move
7775;3116.27;1207.89;3119.47;1194.24;3090.45;1187.42;3087.25;1201.07;10;0.8;stop
7776;1899.05;583.22;1912.98;581.82;1910.2;554.15;1896.27;555.55;10;0.79;stop
7784;3200.7;1321.88;3203.66;1308.12;3177.11;1302.41;3174.15;1316.18;10;0.68;stop
7792;1900.46;625.49;1915.38;624.81;1914.04;595.14;1899.12;595.81;10;0.78;stop
7805;157.08;1508.96;159.02;1496.77;134.71;1492.91;132.78;1505.11;10;0.67;stop
7820;1976.04;1765.41;1983.28;1719.99;1968.21;1717.59;1960.97;1763.01;9;0.4;stop
7831;844.03;1068.74;844.61;1054.95;816.28;1053.76;815.7;1067.55;10;0.79;move
7874;3168.02;1220.54;3171.58;1202.37;3126.35;1193.52;3122.8;1211.69;9;0.68;stop
7907;1880.01;608.18;1894.18;607.77;1893.24;575.6;1879.07;576.01;10;0.8;stop
7915;814.33;1085.88;815.12;1072.03;785.98;1070.37;785.2;1084.22;10;0.82;move
7970;2990.48;1160.35;2993.59;1146.17;2961.52;1139.15;2958.41;1153.33;10;0.83;move
8013;712.53;1079.45;712.96;1065.46;685.28;1064.62;684.86;1078.6;10;0.78;move
8032;181.04;969.68;181.92;954.13;147.79;952.19;146.91;967.74;10;0.8;stop
8055;3225.28;1233.33;3228.31;1218.52;3199.41;1212.61;3196.38;1227.42;10;0.78;stop
8080;636.1;1074.46;636.59;1062.23;609.83;1061.16;609.35;1073.4;10;0.76;move
8088;1890.54;501.07;1904.07;500.66;1903.15;469.81;1889.61;470.21;10;0.59;stop
8133;2014.48;78.74;2014.59;57.44;2003.65;57.38;2003.53;78.69;10;0.53;stop
8148;1870.09;530.86;1870.4;499.78;1856.09;499.64;1855.78;530.72;10;0.8;stop
8162;2611.15;187.47;2611.69;163.81;2599.48;163.53;2598.93;187.19;10;0.51;stop
8187;770.5;1064.1;771.17;1050.11;740.55;1048.65;739.88;1062.64;10;0.81;move
8211;3118.87;1239.97;3120.14;1224.63;3109.88;1223.78;3108.61;1239.12;10;0.71;stop
8218;1200.52;1135.47;1200.73;1123.12;1191.98;1122.97;1191.77;1135.32;10;0.39;stop
8220;3266.03;1240.58;3268.7;1227.17;3239.29;1221.29;3236.61;1234.7;10;0.82;stop
8263;686.75;1058.77;687.2;1044.96;658.56;1044.04;658.11;1057.85;10;0.79;move
8271;2273.74;581.13;2299.12;580.91;2299.01;568.62;2273.63;568.84;10;0.46;stop
8327;1897.78;451.2;1898.39;398.4;1879.03;398.18;1878.43;450.98;9;0.78;stop
8332;1091.36;2087.53;1105.54;2086.86;1104.27;2059.97;1090.09;2060.64;10;0.55;stop
8342;1954.49;362.34;1968.19;361.9;1967.26;332.91;1953.56;333.35;10;0.76;move
8359;585.94;1071.95;586.86;1058.12;557.81;1056.18;556.88;1070.01;10;0.79;move
8421;3247.68;1219.22;3251.1;1201.5;3207.01;1192.97;3203.58;1210.69;9;0.55;stop
8431;719.91;1147.77;722.34;1135.06;692.91;1129.42;690.47;1142.12;10;0.44;stop
8454;273.8;953.76;274.59;942.35;254.01;940.93;253.22;952.34;10;0.54;stop
8466;506.88;1049.85;507.77;1037.05;480.31;1035.15;479.42;1047.95;10;0.73;stop
8477;3439.42;971.64;3458.24;944.3;3443.71;934.29;3424.88;961.63;10;0.46;stop
8494;1898.78;371.83;1900.28;339.87;1885.34;339.17;1883.85;371.13;10;0.82;stop
8496;2966.54;579.03;2994.68;578.56;2994.46;565.1;2966.32;565.56;10;0.76;move
8498;1513.13;1088.93;1513.75;1076.81;1489.49;1075.57;1488.87;1087.69;10;0.81;stop
8520;3291.2;1226.86;3294.61;1211.58;3260.98;1204.08;3257.58;1219.36;10;0.8;stop
8541;1908.15;1955.24;1918.71;1922.34;1905.6;1918.13;1895.04;1951.04;10;0.78;stop
8579;535.61;1067.55;536.11;1052.29;503.14;1051.2;502.64;1066.46;10;0.83;stop
8586;2834.2;1384.13;2836.3;1365.22;2788.69;1359.93;2786.59;1378.85;9;0.46;stop
8588;1925.88;1909.13;1933.1;1883.04;1921.62;1879.87;1914.4;1905.96;10;0.82;stop
8591;1899.65;320.58;1900.16;287.71;1885.03;287.48;1884.53;320.35;10;0.81;stop
8596;2560.12;588.09;2583.02;588.06;2583.01;572.91;2560.1;572.94;10;0.57;move
8606;1876.13;416.53;1876.67;381.34;1860.75;381.1;1860.21;416.28;10;0.77;stop
8622;3339.3;1226.21;3343.0;1210.46;3306.64;1201.92;3302.94;1217.66;10;0.81;stop
8641;1136.44;241.07;1136.81;227.59;1106.06;226.74;1105.69;240.22;10;0.46;stop
8667;3352.98;1257.97;3354.98;1243.97;3323.89;1239.53;3321.89;1253.53;10;0.81;move
8668;1479.22;1090.38;1479.89;1075.61;1446.91;1074.12;1446.24;1088.89;10;0.81;stop
8696;2000.95;582.86;2007.05;571.47;1983.8;559.02;1977.7;570.41;10;0.75;stop
8697;1766.04;1165.91;1766.26;1154.31;1741.71;1153.84;1741.49;1165.44;10;0.53;stop
8699;3365.84;1239.45;3368.76;1226.81;3345.72;1221.48;3342.8;1234.13;10;0.69;stop
8747;3303.69;1123.99;3307.12;1092.92;3292.56;1091.32;3289.14;1122.39;10;0.36;stop
8759;1877.72;339.1;1878.13;312.49;1864.03;312.27;1863.62;338.88;10;0.8;stop
8766;2140.67;1062.26;2141.44;1043.4;2094.58;1041.49;2093.81;1060.35;9;0.73;stop
8769;732.9;1099.33;733.57;1084.46;705.23;1083.17;704.55;1098.04;10;0.41;stop
8781;3106.74;451.72;3120.21;451.1;3119.76;441.53;3106.29;442.15;10;0.4;stop
8790;1890.89;1988.67;1900.64;1963.32;1889.3;1958.96;1879.54;1984.3;10;0.78;stop
8808;206.38;2136.67;208.41;2103.69;192.29;2102.7;190.27;2135.68;10;0.58;stop
8819;222.18;1574.87;223.04;1543.68;207.67;1543.26;206.8;1574.44;10;0.72;stop
8835;1426.31;1087.78;1427.03;1073.74;1397.44;1072.22;1396.72;1086.26;10;0.77;stop
8841;1862.46;293.38;1875.36;293.1;1874.79;266.87;1861.89;267.15;10;0.77;stop
8848;1896.09;545.34;1910.18;544.57;1908.66;516.66;1894.57;517.43;10;0.74;stop
8894;1897.17;231.95;1897.56;198.53;1882.83;198.36;1882.44;231.78;10;0.76;stop
8968;1986.07;1528.2;1998.79;1528.14;1998.68;1502.55;1985.96;1502.61;10;0.57;stop
8972;3469.58;1264.32;3473.86;1249.73;3439.79;1239.74;3435.51;1254.33;10;0.78;stop
9029;3476.5;1291.6;3481.52;1274.91;3442.25;1263.09;3437.23;1279.78;10;0.8;stop
9069;1858.01;226.94;1877.07;226.78;1876.61;172.43;1857.56;172.59;9;0.77;stop
9094;1864.12;2061.43;1879.47;2028.78;1865.72;2022.32;1850.38;2054.97;10;0.8;stop
9111;2001.36;1452.87;2003.4;1406.29;1986.35;1405.54;1984.32;1452.13;9;0.42;stop
9113;3541.22;1310.46;3545.31;1294.8;3507.84;1285.01;3503.75;1300.67;10;0.76;move
9141;535.42;2093.93;536.14;2081.26;510.83;2079.82;510.11;2092.49;10;0.5;stop
9156;1902.13;2163.26;1903.42;2141.71;1891.37;2140.99;1890.08;2162.54;10;0.42;stop
9164;2560.87;1083.42;2561.73;1067.22;2526.01;1065.33;2525.15;1081.53;10;0.72;stop
9195;719.24;1165.06;721.72;1152.57;692.63;1146.81;690.16;1159.3;10;0.39;stop
9199;3123.35;1512.36;3139.92;1475.45;3123.21;1467.95;3106.65;1504.86;9;0.51;stop
9209;1899.18;136.71;1899.2;108.55;1885.32;108.54;1885.3;136.7;10;0.79;move
9214;1999.84;1430.34;2000.76;1406.88;1987.16;1406.34;1986.24;1429.81;10;0.53;move
9238;3066.92;1556.44;3078.69;1552.85;3071.83;1530.37;3060.06;1533.97;10;0.36;stop
9239;567.19;973.76;569.0;960.55;546.56;957.49;544.75;970.7;10;0.41;stop
9244;1838.04;892.35;1838.95;858.56;1823.84;858.15;1822.93;891.94;10;0.43;stop
9247;207.44;1984.15;208.76;1952.12;192.88;1951.48;191.56;1983.5;10;0.38;stop
9249;1095.11;2153.44;1108.47;2153.17;1108.01;2130.93;1094.65;2131.21;10;0.54;stop
9251;1922.04;1638.67;1924.39;1587.61;1904.83;1586.71;1902.48;1637.77;9;0.63;stop
9255;3633.44;1337.16;3637.17;1323.78;3604.06;1314.56;3600.33;1327.94;10;0.77;move
9256;3556.84;311.78;3572.01;309.86;3568.16;279.32;3552.99;281.23;10;0.39;stop
9261;1868.35;151.25;1868.68;125.1;1855.4;124.94;1855.07;151.09;10;0.78;move
9265;2594.97;88.32;2597.69;58.6;2584.16;57.36;2581.44;87.09;10;0.8;stop
9281;918.5;1114.33;918.93;1098.36;884.03;1097.42;883.6;1113.39;10;0.37;move
9284;2098.22;1080.85;2098.99;1064.0;2061.09;1062.28;2060.33;1079.13;9;0.7;move
9302;3828.35;313.63;3842.76;282.91;3829.15;276.53;3814.74;307.24;10;0.47;stop
9308;1211.14;1134.9;1211.73;1122.83;1191.86;1121.85;1191.27;1133.92;10;0.5;stop
9324;3683.72;1356.7;3688.73;1340.33;3649.4;1328.3;3644.39;1344.67;10;0.62;move
9326;1828.61;2126.41;1840.29;2101.02;1828.77;2095.72;1817.09;2121.11;10;0.74;move
9327;1885.84;82.49;1901.9;81.99;1900.91;50.26;1884.85;50.76;10;0.79;stop
9379;1528.36;656.05;1531.11;629.95;1519.27;628.7;1516.51;654.8;10;0.35;stop
9380;1486.98;1754.96;1492.7;1743.49;1470.73;1732.54;1465.01;1744.01;10;0.36;stop
9382;992.27;1621.94;992.81;1608.9;965.23;1607.75;964.69;1620.79;10;0.47;stop
9390;2616.99;1338.23;2617.52;1318.8;2564.39;1317.33;2563.85;1336.76;9;0.39;stop
9394;3027.77;1474.14;3041.36;1462.85;3011.14;1426.48;2997.55;1437.77;10;0.36;stop
9398;2511.78;1861.57;2513.04;1845.74;2479.47;1843.06;2478.21;1858.88;10;0.47;stop
9419;1907.04;1434.6;1923.36;1432.81;1918.71;1390.28;1902.39;1392.06;10;0.42;stop
9421;3793.17;1281.66;3808.66;1281.4;3808.07;1247.71;3792.59;1247.98;10;0.38;stop
9423;3159.83;100.49;3189.3;99.66;3188.92;86.07;3159.45;86.9;10;0.41;stop
9430;1986.27;251.63;1986.99;204.28;1968.29;203.99;1967.57;251.34;10;0.44;stop
9435;3510.75;1382.26;3514.49;1365.79;3478.31;1357.58;3474.58;1374.05;10;0.46;stop
9439;2058.78;1715.34;2061.24;1702.87;2036.22;1697.91;2033.76;1710.38;10;0.41;stop
9447;3317.67;79.31;3318.77;55.44;3305.76;54.84;3304.67;78.71;10;0.38;stop
9450;2743.83;1139.55;2745.79;1122.08;2709.02;1117.95;2707.06;1135.42;10;0.42;stop
9452;1076.2;1127.21;1077.42;1112.02;1048.18;1109.67;1046.95;1124.85;9;0.37;stop
9454;3247.23;1219.39;3250.73;1201.74;3205.58;1192.8;3202.08;1210.44;10;0.41;stop
9456;188.36;1578.4;203.51;1566.94;179.72;1535.5;164.58;1546.97;10;0.36;stop
9457;2013.18;2111.77;2015.26;2095.34;1973.82;2090.1;1971.74;2106.53;10;0.37;stop
9460;3577.47;317.52;3591.19;314.33;3584.09;283.88;3570.37;287.08;10;0.36;stop
9462;6.72;1026.8;7.21;1012.53;-0.49;1012.27;-0.98;1026.53;10;0.54;stop
9465;2097.92;1081.29;2098.58;1064.47;2060.08;1062.96;2059.42;1079.78;10;0.37;stop
