vehicle_id;veh_bb_x1;veh_bb_y1;veh_bb_x2;veh_bb_y2;veh_bb_x3;veh_bb_y3;veh_bb_x4;veh_bb_y4;det_class;conf_score;state
1;2764.85;1103.2;2766.6;1089.96;2737.15;1086.05;2735.4;1099.29;10;0.83;stop
2;1964.76;1724.78;1985.29;1695.67;1973.49;1687.35;1952.96;1716.45;10;0.83;stop
3;3709.27;1008.02;3710.06;992.47;3676.36;990.73;3675.56;1006.28;10;0.8;stop
5;1017.98;577.03;1019.62;563.52;992.02;560.16;990.38;573.67;10;0.83;stop
6;639.39;1556.6;640.82;1544.39;614.98;1541.37;613.55;1553.57;10;0.74;stop
9;1985.19;1378.51;1992.0;1348.18;1978.37;1345.12;1971.56;1375.44;10;0.82;stop
10;2539.44;1210.39;2540.49;1196.02;2509.18;1193.73;2508.13;1208.11;10;0.82;stop
11;3372.63;1371.08;3378.82;1358.52;3352.99;1345.79;3346.8;1358.35;10;0.61;stop
12;744.75;1564.9;745.86;1551.22;718.69;1549.01;717.58;1562.69;10;0.82;stop
15;2689.18;1434.35;2693.95;1406.39;2680.07;1404.02;2675.3;1431.99;10;0.78;stop
16;1939.8;1941.32;1948.38;1907.41;1934.61;1903.93;1926.03;1937.84;10;0.83;stop
21;842.87;1109.35;843.49;1095.86;814.54;1094.53;813.91;1108.01;10;0.83;stop
22;3062.73;1293.14;3066.01;1277.69;3033.27;1270.73;3029.99;1286.19;10;0.83;stop
23;2926.01;1126.77;2928.25;1112.17;2897.74;1107.48;2895.5;1122.08;10;0.8;stop
25;1996.91;1252.78;1997.93;1227.21;1985.78;1226.72;1984.76;1252.29;10;0.76;stop
26;927.91;992.65;928.42;979.48;899.65;978.35;899.14;991.52;10;0.81;stop
28;1437.01;1624.88;1438.13;1612.15;1408.12;1609.5;1406.99;1622.23;10;0.82;stop
29;1979.19;1250.34;1980.54;1221.91;1967.31;1221.28;1965.96;1249.71;10;0.79;stop
35;3031.79;1149.04;3034.71;1136.37;3007.96;1130.21;3005.04;1142.88;10;0.81;stop
36;1890.43;1842.09;1897.48;1810.7;1882.82;1807.41;1875.77;1838.8;10;0.82;stop
39;1002.12;1118.94;1002.94;1104.69;972.54;1102.94;971.72;1117.19;10;0.82;stop
41;2234.79;1192.54;2235.58;1177.32;2202.4;1175.59;2201.61;1190.81;10;0.82;stop
42;390.9;1533.38;392.22;1519.6;362.85;1516.78;361.53;1530.55;10;0.8;stop
43;1257.52;1648.34;1258.96;1635.16;1231.54;1632.16;1230.1;1645.34;10;0.82;stop
44;2005.62;689.74;2006.38;659.48;1992.82;659.14;1992.05;689.4;10;0.82;stop
45;820.96;986.0;821.52;972.73;792.43;971.5;791.87;984.77;10;0.81;stop
48;2092.96;1305.32;2093.06;1292.5;2067.29;1292.31;2067.19;1305.12;10;0.82;stop
49;3106.9;1302.53;3110.08;1287.3;3074.6;1279.9;3071.42;1295.13;10;0.84;stop
50;2731.7;1099.21;2733.36;1084.83;2700.55;1081.04;2698.89;1095.42;10;0.81;stop
52;1724.12;1652.13;1725.33;1638.81;1697.0;1636.24;1695.8;1649.56;10;0.82;stop
54;3311.69;672.41;3314.07;644.04;3300.5;642.9;3298.12;671.28;10;0.78;stop
55;1243.42;1011.22;1244.03;997.09;1213.58;995.78;1212.97;1009.91;10;0.82;stop
56;2194.5;1189.32;2195.24;1175.7;2169.56;1174.3;2168.82;1187.92;10;0.82;stop
57;1976.52;1334.1;1977.39;1307.82;1964.54;1307.4;1963.68;1333.68;10;0.81;stop
58;1976.42;1432.36;1978.34;1398.49;1962.4;1397.58;1960.47;1431.45;10;0.83;stop
59;540.01;970.55;540.66;956.44;510.93;955.07;510.28;969.18;10;0.81;stop
66;2881.64;1248.99;2883.8;1235.09;2854.36;1230.51;2852.2;1244.41;10;0.77;stop
69;958.56;993.96;959.31;980.8;933.13;979.29;932.37;992.45;10;0.81;stop
73;2611.91;505.19;2612.67;479.57;2599.84;479.19;2599.08;504.8;10;0.82;stop
74;1100.09;588.43;1102.2;574.44;1071.16;569.76;1069.05;583.75;10;0.81;stop
75;887.28;991.7;887.9;978.39;859.28;977.05;858.66;990.36;10;0.81;stop
76;2393.94;1200.49;2394.66;1186.08;2363.31;1184.51;2362.59;1198.92;10;0.82;stop
77;1294.0;1651.5;1295.05;1637.97;1266.5;1635.75;1265.45;1649.28;10;0.81;stop
78;1995.03;1338.5;1996.89;1307.84;1982.03;1306.94;1980.17;1337.59;10;0.82;stop
84;715.01;1600.18;715.64;1585.86;684.67;1584.5;684.05;1598.83;10;0.8;stop
85;2792.87;604.52;2792.98;589.34;2758.63;589.1;2758.52;604.29;10;0.8;stop
86;393.49;963.12;394.62;949.92;366.35;947.51;365.22;960.7;10;0.81;stop
89;3070.64;1158.39;3073.25;1144.47;3043.36;1138.86;3040.75;1152.78;10;0.82;stop
91;2960.56;109.14;2989.53;108.46;2989.19;93.93;2960.22;94.6;10;0.79;stop
92;2994.66;105.84;3020.83;104.82;3020.34;92.16;2994.17;93.18;10;0.77;stop
97;1715.29;1163.01;1716.91;1148.8;1687.83;1145.49;1686.21;1159.7;10;0.81;stop
98;2790.15;1236.25;2792.13;1221.94;2759.1;1217.37;2757.12;1231.69;10;0.81;stop
101;1209.26;1605.12;1210.33;1592.08;1183.62;1589.88;1182.54;1602.92;10;0.8;stop
103;2612.01;1215.57;2613.11;1201.07;2581.74;1198.68;2580.64;1213.18;10;0.8;stop
104;1992.65;1688.79;1995.59;1662.87;1983.1;1661.46;1980.16;1687.38;10;0.81;stop
105;1105.62;1836.24;1107.07;1811.41;1093.76;1810.63;1092.31;1835.46;10;0.8;stop
106;3599.46;1408.12;3603.77;1393.7;3570.54;1383.75;3566.23;1398.18;10;0.56;stop
109;3375.91;1018.84;3401.38;999.72;3392.84;988.34;3367.37;1007.46;10;0.78;stop
110;2867.11;1388.07;2869.34;1374.01;2839.64;1369.3;2837.41;1383.36;10;0.75;stop
111;2940.99;1263.38;2944.57;1241.09;2887.26;1231.87;2883.68;1254.16;9;0.82;stop
112;1999.06;1398.1;2003.36;1369.1;1990.19;1367.15;1985.89;1396.15;10;0.82;stop
116;538.88;1086.4;540.29;1072.88;511.12;1069.85;509.71;1083.37;10;0.8;stop
119;2107.78;1183.8;2108.67;1169.44;2076.28;1167.45;2075.4;1181.81;10;0.81;stop
120;2787.65;1342.35;2788.14;1329.44;2760.47;1328.4;2759.99;1341.31;10;0.78;stop
122;1823.41;757.33;1839.39;757.24;1839.21;725.42;1823.23;725.51;10;0.79;stop
123;503.89;969.25;504.61;955.14;473.92;953.57;473.2;967.67;10;0.79;stop
125;2961.49;1134.85;2964.57;1120.56;2934.26;1114.03;2931.18;1128.31;10;0.81;stop
126;611.51;1554.14;612.44;1539.56;583.8;1537.73;582.87;1552.32;10;0.78;stop
127;2001.78;1649.28;2013.6;1649.24;2013.53;1626.72;2001.72;1626.76;10;0.59;stop
128;1997.68;1300.45;1999.53;1266.47;1985.01;1265.68;1983.16;1299.66;10;0.82;stop
129;1989.76;657.28;1989.96;624.19;1974.36;624.1;1974.16;657.18;10;0.81;stop
131;2277.83;1192.91;2278.46;1179.92;2251.05;1178.59;2250.42;1191.58;10;0.78;stop
133;1283.66;1611.23;1285.47;1598.37;1261.65;1595.02;1259.85;1607.88;10;0.8;stop
134;2675.17;1094.43;2677.22;1080.51;2644.58;1075.69;2642.53;1089.61;10;0.81;stop
135;2499.45;1208.26;2500.35;1193.22;2469.3;1191.36;2468.4;1206.4;10;0.81;stop
137;2608.96;401.24;2609.79;374.27;2597.16;373.88;2596.34;400.85;10;0.79;stop
138;2611.57;541.38;2612.54;512.06;2599.05;511.62;2598.08;540.94;10;0.82;stop
139;787.02;983.28;787.53;970.86;759.43;969.72;758.92;982.14;10;0.81;stop
143;1222.53;1644.09;1223.64;1631.11;1193.41;1628.53;1192.3;1641.51;10;0.8;stop
144;1821.07;1698.09;1822.62;1684.81;1793.56;1681.41;1792.0;1694.69;10;0.8;stop
145;1867.43;1703.42;1868.66;1689.89;1840.47;1687.33;1839.25;1700.86;10;0.81;stop
148;1060.8;581.42;1062.62;568.87;1035.64;564.95;1033.82;577.5;10;0.79;stop
151;3715.05;1048.97;3751.32;1048.7;3751.2;1033.22;3714.93;1033.48;10;0.77;stop
152;637.18;1592.92;638.31;1579.47;611.57;1577.23;610.44;1590.68;10;0.79;stop
154;1996.78;73.78;1997.84;47.64;1985.91;47.16;1984.85;73.29;10;0.8;stop
156;1188.92;1134.53;1189.31;1119.06;1158.58;1118.28;1158.19;1133.76;10;0.81;stop
159;2356.29;1199.06;2357.1;1185.44;2327.84;1183.69;2327.02;1197.31;10;0.78;stop
160;2961.69;1396.76;2969.91;1383.67;2938.56;1363.99;2930.34;1377.08;10;0.79;stop
161;1412.65;1018.46;1413.29;1004.57;1382.98;1003.17;1382.34;1017.06;10;0.8;stop
166;2156.56;1187.11;2157.1;1173.19;2126.5;1172.02;2125.97;1185.93;10;0.79;stop
167;1979.49;1293.86;1980.71;1265.55;1967.01;1264.96;1965.79;1293.27;10;0.81;stop
168;1798.57;2076.51;1811.23;2048.74;1799.18;2043.24;1786.52;2071.01;10;0.78;stop
169;2934.3;108.0;2934.31;94.05;2906.33;94.03;2906.32;107.98;10;0.78;stop
171;1135.27;1003.04;1136.09;991.02;1111.36;989.33;1110.54;1001.35;10;0.8;stop
173;2575.7;1211.61;2576.15;1197.87;2549.42;1197.01;2548.98;1210.75;10;0.77;stop
174;3405.74;997.9;3427.62;976.74;3417.39;966.16;3395.5;987.32;10;0.78;stop
178;173.05;1059.56;174.07;1045.39;144.53;1043.25;143.51;1057.43;10;0.8;stop
180;2002.28;915.5;2004.94;884.54;1991.47;883.38;1988.81;914.34;10;0.82;stop
181;804.55;1610.5;806.19;1597.15;776.35;1593.5;774.72;1606.85;10;0.79;stop
183;2810.02;1109.57;2811.87;1095.22;2778.6;1090.93;2776.76;1105.28;10;0.8;stop
186;1784.82;1694.88;1786.8;1681.28;1755.55;1676.75;1753.58;1690.34;10;0.78;stop
189;2612.12;83.06;2612.7;56.73;2599.63;56.44;2599.05;82.77;10;0.8;stop
190;2612.38;886.74;2613.65;855.34;2599.37;854.76;2598.1;886.16;10;0.79;stop
191;2870.59;110.18;2897.35;109.29;2896.91;96.25;2870.15;97.15;10;0.76;stop
192;3312.94;640.4;3314.01;607.93;3298.31;607.41;3297.24;639.88;10;0.8;stop
193;132.72;1058.79;133.67;1038.16;77.75;1035.58;76.8;1056.22;9;0.8;stop
198;1400.15;1145.35;1401.07;1131.23;1372.97;1129.4;1372.05;1143.52;10;0.82;stop
199;459.28;1540.06;460.72;1527.0;435.1;1524.16;433.65;1537.22;10;0.8;stop
200;2500.18;1750.49;2505.25;1715.43;2491.07;1713.39;2486.0;1748.44;10;0.81;stop
203;2846.78;560.45;2873.97;559.48;2873.47;545.43;2846.28;546.4;10;0.78;stop
205;2871.4;1116.03;2873.49;1102.53;2846.41;1098.34;2844.33;1111.84;10;0.77;stop
206;2650.15;1218.34;2651.18;1204.86;2622.35;1202.66;2621.32;1216.14;10;0.79;stop
207;2684.26;1401.7;2697.75;1400.55;2695.17;1370.48;2681.69;1371.64;10;0.68;stop
208;1925.05;1977.69;1934.14;1945.79;1920.2;1941.81;1911.11;1973.71;10;0.8;stop
209;1824.47;197.06;1838.86;196.9;1838.53;168.56;1824.14;168.73;10;0.8;stop
210;1836.05;681.91;1836.07;654.6;1822.45;654.59;1822.43;681.9;10;0.79;stop
211;1991.87;759.3;2005.78;759.14;2005.45;730.2;1991.53;730.36;10;0.8;stop
212;2070.74;1174.18;2071.76;1161.12;2045.26;1159.07;2044.24;1172.12;10;0.8;stop
214;2682.88;1223.08;2684.05;1209.41;2654.87;1206.92;2653.7;1220.59;10;0.79;stop
215;3027.3;1472.8;3040.81;1461.55;3011.13;1425.95;2997.63;1437.2;9;0.68;stop
216;313.6;1565.32;314.92;1550.94;284.05;1548.11;282.74;1562.5;10;0.76;stop
217;604.15;1590.85;605.27;1577.07;575.23;1574.62;574.1;1588.4;10;0.79;stop
219;2808.96;561.52;2838.61;560.5;2838.17;547.73;2808.51;548.75;10;0.79;stop
220;2955.87;561.03;2985.4;559.94;2984.88;545.97;2955.35;547.06;10;0.79;stop
221;1192.35;1012.18;1193.98;990.85;1142.58;986.94;1140.96;1008.27;9;0.81;stop
224;2924.03;1377.37;2930.01;1363.29;2895.22;1348.51;2889.24;1362.58;10;0.78;stop
225;1991.7;722.05;2004.45;721.79;2003.93;695.45;1991.17;695.71;10;0.79;stop
227;1305.93;1142.31;1306.98;1123.92;1259.07;1121.19;1258.02;1139.58;9;0.82;stop
228;2459.72;1204.28;2460.5;1190.29;2430.28;1188.6;2429.5;1202.58;10;0.79;stop
229;428.02;1536.44;429.31;1522.71;398.39;1519.81;397.1;1533.54;10;0.79;stop
230;1822.72;2025.54;1832.45;2000.77;1821.16;1996.33;1811.43;2021.11;10;0.76;stop
234;699.83;1954.97;700.55;1925.7;685.79;1925.34;685.08;1954.61;10;0.76;stop
236;1997.23;44.62;2010.15;44.57;2010.02;15.56;1997.1;15.62;10;0.76;stop
238;2007.96;244.16;2008.48;211.69;1994.42;211.47;1993.9;243.93;10;0.76;stop
239;2610.24;434.89;2611.01;410.36;2599.26;409.99;2598.49;434.52;10;0.8;stop
242;1141.53;1129.32;1142.15;1116.46;1112.97;1115.05;1112.35;1127.91;10;0.81;stop
247;1667.86;1685.86;1669.32;1672.99;1643.01;1670.01;1641.56;1682.89;10;0.77;stop
249;637.79;1144.19;638.47;1129.88;605.34;1128.31;604.66;1142.62;10;0.77;stop
250;1496.19;948.98;1500.64;915.81;1487.31;914.02;1482.86;947.19;10;0.79;stop
252;3063.05;1537.43;3083.19;1525.07;3050.95;1472.51;3030.81;1484.87;9;0.74;stop
254;3163.75;1056.44;3201.89;1056.39;3201.88;1039.81;3163.73;1039.86;10;0.78;stop
256;103.76;1539.94;105.73;1524.42;71.44;1520.06;69.46;1535.58;10;0.76;stop
257;2515.46;1606.36;2518.34;1575.36;2503.92;1574.02;2501.03;1605.01;10;0.79;stop
258;2771.4;562.22;2802.96;561.44;2802.6;547.03;2771.04;547.81;10;0.78;stop
260;1351.97;1016.21;1352.61;1002.32;1322.16;1000.92;1321.52;1014.81;10;0.79;stop
261;1891.18;1224.46;1903.91;1221.62;1897.82;1194.29;1885.09;1197.13;10;0.74;stop
263;376.39;1569.77;377.09;1555.74;351.11;1554.45;350.41;1568.48;10;0.75;stop
265;1854.53;361.67;1854.68;329.15;1840.44;329.08;1840.29;361.6;10;0.75;stop
266;2604.17;567.39;2635.12;566.2;2634.58;551.99;2603.63;553.18;10;0.79;stop
267;3161.53;558.2;3190.71;556.83;3190.03;542.42;3160.85;543.8;10;0.78;stop
268;979.13;572.24;981.32;558.55;954.0;554.17;951.8;567.86;10;0.76;stop
270;3377.87;1161.64;3392.4;1134.6;3379.63;1127.73;3365.1;1154.78;10;0.8;stop
271;1187.98;1641.9;1189.15;1628.66;1161.59;1626.22;1160.42;1639.47;10;0.77;stop
272;1851.5;690.42;1851.74;659.13;1837.84;659.02;1837.6;690.31;10;0.78;stop
273;2004.49;795.99;2005.25;770.39;1992.82;770.01;1992.06;795.61;10;0.78;stop
277;2100.93;1116.82;2101.77;1101.28;2067.38;1099.43;2066.55;1114.97;10;0.82;stop
279;2823.89;1240.13;2825.87;1226.83;2798.07;1222.69;2796.08;1235.98;10;0.78;stop
281;1991.69;111.09;1992.95;81.88;1979.18;81.29;1977.93;110.49;10;0.78;stop
282;1839.29;271.97;1840.07;241.41;1825.02;241.03;1824.24;271.59;10;0.79;stop
283;2774.03;114.16;2801.37;113.63;2801.1;99.59;2773.75;100.12;10;0.64;stop
285;2005.14;381.08;2005.45;352.57;1990.86;352.42;1990.55;380.93;10;0.78;stop
286;1823.31;716.56;1838.97;715.74;1837.44;686.32;1821.78;687.14;10;0.79;stop
287;764.38;1103.52;765.32;1089.96;736.68;1087.98;735.75;1101.54;10;0.79;stop
289;3584.07;825.19;3598.75;796.14;3584.99;789.19;3570.32;818.24;10;0.79;stop
290;1778.23;2112.38;1792.02;2085.43;1780.19;2079.38;1766.4;2106.32;10;0.77;stop
291;3029.68;107.94;3060.7;105.5;3059.57;91.18;3028.55;93.63;10;0.73;stop
292;809.01;1106.61;810.04;1091.08;779.12;1089.02;778.08;1104.54;10;0.83;stop
294;1472.09;1146.66;1472.53;1133.5;1445.03;1132.59;1444.6;1145.75;10;0.78;stop
296;3675.59;1047.52;3708.28;1047.25;3708.16;1032.79;3675.47;1033.07;10;0.68;stop
297;1104.91;1869.83;1106.5;1838.79;1090.72;1837.98;1089.12;1869.02;10;0.77;stop
298;1006.26;1588.36;1007.63;1576.08;983.11;1573.36;981.75;1585.64;10;0.73;stop
299;1985.68;839.55;2001.24;838.22;1998.7;808.57;1983.14;809.9;10;0.78;stop
300;2919.17;561.91;2947.87;560.78;2947.33;547.34;2918.63;548.47;10;0.77;stop
301;2612.33;737.21;2613.12;709.94;2599.42;709.54;2598.62;736.81;10;0.78;stop
302;1684.39;1648.21;1686.26;1634.09;1655.73;1630.04;1653.86;1644.16;10;0.77;stop
303;1360.2;2141.19;1363.95;2110.79;1349.93;2109.06;1346.18;2139.46;10;0.77;stop
304;3279.89;1428.06;3292.24;1397.79;3277.92;1391.94;3265.57;1422.21;10;0.71;stop
305;3800.84;1470.72;3805.78;1456.69;3772.28;1444.91;3767.35;1458.94;10;0.77;stop
309;675.52;1596.16;676.71;1582.01;648.23;1579.62;647.04;1593.77;10;0.77;stop
310;1854.32;272.85;1854.43;245.26;1841.49;245.21;1841.38;272.81;10;0.78;stop
311;2610.4;686.37;2610.83;653.68;2596.85;653.5;2596.42;686.19;10;0.8;stop
312;2428.09;122.63;2428.26;108.38;2396.66;108.0;2396.49;122.24;10;0.74;stop
314;2672.97;564.69;2701.79;564.19;2701.55;550.0;2672.72;550.5;10;0.78;stop
315;707.3;934.8;712.47;922.98;688.64;912.54;683.47;924.37;10;0.75;stop
316;608.5;973.93;608.73;959.72;576.5;959.2;576.27;973.41;10;0.76;stop
317;960.74;1118.03;961.33;1102.87;928.7;1101.59;928.1;1116.75;10;0.72;stop
318;1107.66;1800.98;1109.93;1773.19;1095.65;1772.02;1093.38;1799.81;10;0.76;stop
319;2506.71;1699.57;2509.57;1671.2;2495.79;1669.81;2492.93;1698.18;10;0.79;stop
320;2610.21;223.47;2610.46;194.02;2597.04;193.91;2596.79;223.35;10;0.74;stop
321;2882.88;561.12;2913.93;560.99;2913.87;547.0;2882.82;547.13;10;0.78;stop
322;670.69;1097.45;700.05;1097.2;699.93;1083.18;670.58;1083.42;10;0.75;stop
324;3669.25;642.91;3681.31;612.14;3667.62;606.78;3655.56;637.54;10;0.77;stop
325;1908.49;1497.39;1921.43;1497.18;1921.01;1472.05;1908.07;1472.26;10;0.79;stop
326;1364.04;1657.45;1365.7;1644.43;1339.34;1641.05;1337.67;1654.07;10;0.74;stop
327;1735.59;559.46;1737.6;545.28;1705.78;540.79;1703.78;554.97;10;0.78;stop
328;2639.36;564.18;2666.5;562.79;2665.77;548.45;2638.63;549.83;10;0.76;stop
330;2233.09;565.97;2262.9;565.34;2262.6;551.15;2232.79;551.78;10;0.7;stop
331;1837.13;152.51;1839.27;126.41;1826.62;125.37;1824.48;151.47;10;0.76;stop
332;3017.1;561.55;3047.72;560.86;3047.4;546.57;3016.78;547.27;10;0.78;stop
333;2696.93;116.67;2728.86;116.01;2728.57;102.14;2696.64;102.8;10;0.75;stop
337;2669.5;118.56;2669.51;104.78;2641.25;104.75;2641.24;118.54;10;0.76;stop
340;750.85;951.52;752.02;921.04;737.56;920.48;736.39;950.96;10;0.77;stop
341;3364.92;1127.73;3380.01;1102.8;3367.27;1095.08;3352.17;1120.02;10;0.76;stop
342;3408.66;1059.07;3426.86;1034.38;3415.4;1025.93;3397.2;1050.62;10;0.77;stop
343;2609.04;472.9;2609.04;442.85;2595.96;442.85;2595.96;472.9;10;0.79;stop
344;571.02;1088.58;571.91;1074.09;543.67;1072.36;542.77;1086.85;10;0.78;stop
345;1462.55;1018.7;1462.83;1005.79;1435.45;1005.18;1435.17;1018.09;10;0.79;stop
346;3411.57;1096.91;3425.37;1074.04;3413.43;1066.84;3399.63;1089.71;10;0.75;stop
347;2658.2;1433.13;2674.74;1407.92;2663.8;1400.75;2647.26;1425.95;10;0.7;stop
350;1822.91;474.11;1838.19;473.75;1837.47;442.77;1822.18;443.13;10;0.78;stop
352;2522.02;1077.99;2522.64;1064.13;2495.11;1062.89;2494.48;1076.74;10;0.73;stop
353;680.26;1956.0;683.35;1923.84;668.8;1922.44;665.71;1954.6;10;0.72;stop
354;1844.07;121.97;1845.48;102.12;1834.68;101.35;1833.27;121.19;10;0.76;stop
355;3572.23;753.48;3585.02;725.5;3571.52;719.33;3558.73;747.31;10;0.72;stop
356;1491.28;983.28;1494.81;953.36;1480.97;951.72;1477.44;981.64;10;0.76;stop
357;1248.91;1607.76;1249.51;1595.23;1223.84;1593.99;1223.24;1606.52;10;0.74;stop
358;662.76;1955.81;665.55;1927.67;652.55;1926.38;649.76;1954.51;10;0.71;stop
359;1952.77;1901.16;1961.03;1859.64;1944.42;1856.34;1936.16;1897.86;10;0.79;stop
365;3265.79;1462.61;3276.85;1430.85;3261.08;1425.36;3250.02;1457.12;10;0.81;stop
366;3787.25;395.83;3799.62;366.54;3785.87;360.74;3773.5;390.02;10;0.76;stop
367;3507.91;552.96;3536.15;551.64;3535.53;538.29;3507.29;539.61;10;0.74;stop
368;1176.35;1603.01;1178.06;1590.84;1154.08;1587.49;1152.38;1599.66;10;0.75;stop
371;2342.1;1070.87;2371.74;1069.91;2371.27;1055.38;2341.63;1056.34;10;0.74;stop
372;3327.77;1038.0;3361.13;1027.1;3356.6;1013.25;3323.24;1024.15;10;0.78;stop
373;3761.38;1048.29;3794.9;1048.22;3794.87;1033.9;3761.35;1033.96;10;0.76;stop
374;2004.23;869.41;2004.6;843.01;1991.77;842.84;1991.4;869.24;10;0.77;stop
375;1077.85;999.97;1078.94;986.76;1051.77;984.53;1050.68;997.74;10;0.75;stop
376;865.65;1115.27;867.51;1104.28;848.01;1100.98;846.15;1111.97;10;0.75;stop
378;1679.81;1160.4;1681.5;1147.18;1653.57;1143.6;1651.88;1156.82;10;0.74;stop
379;1548.43;1024.68;1549.6;1010.72;1519.44;1008.19;1518.27;1022.15;10;0.77;stop
380;2613.58;974.58;2614.44;936.03;2598.17;935.67;2597.31;974.22;10;0.76;stop
381;2319.6;1196.43;2320.59;1182.91;2290.27;1180.7;2289.29;1194.21;10;0.76;stop
382;2824.81;113.16;2860.11;111.7;2859.44;95.53;2824.14;96.99;10;0.69;stop
383;902.41;564.59;904.61;551.46;876.97;546.82;874.76;559.95;10;0.74;stop
384;712.97;910.35;713.92;897.39;684.84;895.27;683.9;908.23;10;0.73;stop
385;410.86;1574.56;412.46;1560.86;384.61;1557.62;383.01;1571.32;10;0.72;stop
387;2125.13;127.1;2154.73;126.33;2154.37;112.52;2124.77;113.29;10;0.7;stop
388;2709.88;562.98;2738.65;561.82;2738.12;548.52;2709.35;549.68;10;0.77;stop
389;3455.16;93.56;3490.25;92.69;3489.84;75.9;3454.75;76.76;10;0.72;stop
390;3654.02;674.25;3666.6;646.92;3652.85;640.59;3640.28;667.93;10;0.77;stop
391;2982.35;1273.36;2985.73;1259.48;2956.15;1252.26;2952.77;1266.15;10;0.81;stop
392;2609.88;847.18;2610.35;818.03;2597.37;817.82;2596.9;846.97;10;0.75;stop
393;1699.58;1033.81;1700.37;1019.8;1672.05;1018.19;1671.25;1032.2;10;0.77;stop
395;1354.33;1143.17;1354.96;1129.56;1325.42;1128.2;1324.79;1141.81;10;0.76;stop
396;2916.16;1399.35;2921.61;1379.74;2874.77;1366.74;2869.33;1386.35;9;0.6;stop
397;2512.68;123.64;2541.65;123.48;2541.57;108.67;2512.6;108.83;10;0.74;stop
398;2234.91;125.3;2234.91;112.64;2209.59;112.64;2209.59;125.3;10;0.69;stop
400;362.49;960.49;363.16;946.79;335.47;945.45;334.81;959.15;10;0.63;stop
401;2574.86;1044.27;2576.41;1014.12;2561.52;1013.36;2559.97;1043.5;10;0.78;stop
402;2777.48;1377.19;2779.31;1362.16;2742.52;1357.69;2740.69;1372.71;10;0.58;stop
403;2126.28;1346.05;2126.34;1331.6;2094.72;1331.45;2094.66;1345.9;10;0.77;stop
404;1992.96;1658.12;1994.09;1633.01;1982.79;1632.5;1981.66;1657.61;10;0.75;stop
405;3084.47;560.47;3084.51;545.88;3052.41;545.78;3052.36;560.37;10;0.77;stop
406;149.6;948.83;150.87;936.46;123.68;933.67;122.41;946.04;10;0.71;stop
407;331.0;959.56;331.48;946.83;306.96;945.91;306.49;958.64;10;0.76;stop
408;2163.73;565.81;2191.44;565.58;2191.33;552.16;2163.63;552.39;10;0.75;stop
409;2414.89;566.28;2444.84;566.07;2444.74;551.13;2414.78;551.34;10;0.76;stop
411;3550.26;1006.59;3582.36;1006.34;3582.24;991.22;3550.13;991.48;10;0.59;stop
413;1993.6;194.88;1994.23;172.21;1981.77;171.87;1981.15;194.54;10;0.75;stop
414;3769.22;432.59;3781.12;405.57;3768.28;399.91;3756.38;426.93;10;0.76;stop
415;3811.54;550.15;3811.88;536.21;3782.21;535.48;3781.87;549.42;10;0.7;stop
416;298.9;1068.65;299.05;1054.18;268.76;1053.85;268.6;1068.32;10;0.73;stop
419;1898.1;1258.38;1911.21;1256.44;1906.65;1225.62;1893.54;1227.56;10;0.74;stop
420;1996.01;1011.91;2009.6;1009.62;2004.67;980.46;1991.09;982.76;10;0.76;stop
421;2152.37;1347.68;2180.73;1346.64;2180.19;1332.07;2151.84;1333.11;10;0.75;stop
423;1910.37;2014.11;1920.97;1986.93;1908.07;1981.89;1897.46;2009.07;10;0.76;stop
426;480.36;1330.05;482.83;1315.62;452.45;1310.42;449.98;1324.85;10;0.77;stop
427;1401.03;1661.14;1402.42;1648.43;1373.22;1645.24;1371.83;1657.94;10;0.74;stop
428;657.66;1153.2;659.85;1125.1;645.46;1123.99;643.28;1152.08;10;0.73;stop
430;2859.75;1343.95;2860.4;1331.44;2835.75;1330.17;2835.1;1342.69;10;0.74;stop
431;2520.97;1555.89;2523.13;1524.73;2509.65;1523.8;2507.5;1554.96;10;0.71;stop
432;1163.83;1540.97;1167.76;1510.66;1154.23;1508.9;1150.3;1539.22;10;0.75;stop
436;3392.84;1128.35;3407.43;1101.94;3395.6;1095.4;3381.0;1121.81;10;0.74;stop
437;2492.52;1828.47;2495.06;1799.7;2481.86;1798.53;2479.31;1827.3;10;0.75;stop
438;2859.93;2073.98;2874.41;2064.17;2853.57;2033.4;2839.09;2043.21;10;0.67;stop
440;3621.26;1048.79;3621.48;1032.92;3588.11;1032.46;3587.89;1048.33;10;0.63;stop
441;647.2;1952.39;648.43;1922.84;635.3;1922.3;634.07;1951.85;10;0.69;stop
443;1662.95;1030.7;1663.26;1017.41;1636.67;1016.8;1636.37;1030.09;10;0.75;stop
446;1834.15;101.61;1835.6;73.35;1824.26;72.76;1822.81;101.03;10;0.75;stop
449;2680.88;1341.9;2682.88;1321.59;2630.99;1316.48;2628.99;1336.79;9;0.6;stop
451;1967.19;251.43;1987.26;250.93;1986.06;202.5;1965.99;203.0;9;0.65;stop
452;2243.28;126.17;2273.3;126.0;2273.22;112.33;2243.2;112.5;10;0.62;stop
453;2490.83;565.98;2519.59;565.89;2519.55;552.27;2490.79;552.36;10;0.76;stop
454;3561.73;87.25;3561.98;74.54;3535.15;74.0;3534.9;86.71;10;0.74;stop
455;2396.17;1354.75;2426.4;1354.59;2426.33;1340.75;2396.1;1340.91;10;0.73;stop
456;2464.95;1774.59;2468.1;1745.79;2455.42;1744.41;2452.27;1773.21;10;0.73;stop
459;2980.47;1458.84;2991.41;1447.21;2962.53;1420.04;2951.59;1431.66;10;0.71;stop
460;1905.52;1434.06;1922.27;1432.64;1918.54;1388.57;1901.79;1389.99;10;0.69;stop
461;2341.64;565.82;2341.7;550.85;2313.24;550.74;2313.18;565.71;10;0.73;stop
462;2451.47;1909.63;2455.32;1877.61;2441.9;1875.99;2438.05;1908.02;10;0.72;stop
463;3729.02;556.55;3763.79;547.51;3759.72;531.89;3724.96;540.93;10;0.77;stop
464;2874.07;2037.99;2899.94;2025.75;2893.43;2012.01;2867.56;2024.25;10;0.52;stop
465;2126.46;564.79;2152.05;563.83;2151.54;550.09;2125.95;551.04;10;0.75;stop
466;1540.09;1654.75;1540.96;1642.05;1516.53;1640.38;1515.66;1653.08;10;0.74;move
468;1849.8;562.79;1850.79;536.83;1837.95;536.34;1836.96;562.3;10;0.74;stop
469;1865.28;1664.12;1866.42;1651.3;1840.47;1649.01;1839.33;1661.82;10;0.75;stop
470;1981.08;1125.39;1990.7;1113.4;1965.42;1093.11;1955.8;1105.1;10;0.81;move
471;2611.14;113.39;2611.3;87.5;2598.36;87.42;2598.2;113.31;10;0.75;stop
472;2608.87;369.28;2609.14;339.59;2596.13;339.47;2595.86;369.16;10;0.72;stop
473;1328.39;1653.78;1329.5;1641.38;1304.11;1639.1;1303.0;1651.49;10;0.71;stop
474;2091.97;566.72;2121.55;566.27;2121.34;552.65;2091.76;553.11;10;0.7;stop
475;3467.14;1077.08;3477.09;1051.53;3463.8;1046.35;3453.85;1071.91;10;0.77;stop
477;3185.01;1321.16;3200.24;1315.3;3189.05;1286.26;3173.83;1292.13;10;0.73;stop
478;3570.27;857.03;3581.75;826.29;3567.86;821.1;3556.38;851.84;10;0.63;stop
479;1975.66;1472.96;1977.4;1444.99;1964.09;1444.17;1962.35;1472.13;10;0.81;stop
481;3542.63;551.25;3569.33;549.3;3568.31;535.32;3541.61;537.27;10;0.74;stop
482;3531.88;941.63;3543.1;914.13;3529.37;908.53;3518.15;936.03;10;0.73;stop
483;3742.47;82.23;3778.83;80.7;3778.15;64.72;3741.8;66.25;10;0.71;stop
485;357.58;1529.25;358.46;1515.43;326.8;1513.41;325.91;1527.23;10;0.68;stop
486;2156.73;1311.82;2156.92;1294.16;2112.27;1293.68;2112.08;1311.34;9;0.59;stop
489;3801.82;275.19;3813.94;247.33;3801.31;241.84;3789.19;269.7;10;0.71;stop
490;1439.38;1145.79;1440.02;1132.6;1411.37;1131.21;1410.73;1144.4;10;0.73;stop
492;1880.05;1873.55;1884.52;1850.16;1872.95;1847.95;1868.48;1871.34;10;0.62;stop
493;1425.46;843.9;1426.68;829.63;1392.67;826.72;1391.45;841.0;10;0.72;stop
494;2463.89;1358.46;2464.67;1345.43;2437.36;1343.79;2436.58;1356.82;10;0.69;stop
495;2532.65;1426.98;2534.87;1397.78;2521.6;1396.77;2519.38;1425.97;10;0.73;stop
496;3020.35;1282.92;3023.78;1269.01;2994.65;1261.83;2991.22;1275.74;10;0.82;stop
497;293.24;976.05;293.95;962.22;266.92;960.83;266.21;974.65;10;0.75;stop
498;469.12;1368.34;471.59;1354.48;443.53;1349.48;441.06;1363.33;10;0.72;stop
499;465.45;958.84;466.11;948.16;441.58;946.63;440.92;957.31;10;0.62;stop
501;1092.81;2127.56;1108.56;2126.57;1106.56;2094.94;1090.82;2095.93;10;0.75;stop
502;2343.56;123.9;2375.59;123.57;2375.44;109.54;2343.41;109.87;10;0.6;stop
504;2452.75;565.53;2482.42;565.15;2482.25;551.03;2452.58;551.41;10;0.72;stop
505;3302.61;1480.14;3308.75;1467.22;3281.45;1454.23;3275.31;1467.15;10;0.78;stop
506;1169.12;1500.89;1175.19;1471.77;1162.45;1469.11;1156.37;1498.23;10;0.65;stop
507;3744.9;593.51;3745.62;578.27;3708.23;576.49;3707.5;591.73;10;0.56;stop
508;1827.15;1350.84;1837.96;1348.36;1832.48;1324.41;1821.66;1326.89;10;0.71;stop
509;1995.54;1619.52;1997.2;1585.18;1982.65;1584.48;1980.99;1618.82;10;0.72;stop
511;638.46;1127.26;639.56;1112.76;610.29;1110.55;609.19;1125.06;10;0.73;stop
513;256.89;973.55;257.65;960.18;230.61;958.64;229.85;972.01;10;0.75;stop
514;3787.13;79.68;3818.87;77.49;3817.87;63.05;3786.13;65.24;10;0.68;stop
515;3764.14;349.89;3779.84;317.91;3765.86;311.05;3750.16;343.03;10;0.66;stop
516;204.92;1062.55;205.7;1047.41;175.94;1045.88;175.16;1061.02;10;0.62;stop
517;3282.92;1160.91;3301.17;1132.59;3288.95;1124.72;3270.71;1153.04;10;0.55;stop
520;3641.28;703.64;3651.1;678.98;3637.47;673.55;3627.65;698.21;10;0.6;stop
521;81.28;915.14;87.14;887.99;72.58;884.86;66.73;912.01;10;0.69;stop
523;2608.99;646.4;2609.65;619.53;2597.14;619.22;2596.48;646.09;10;0.78;stop
524;1509.68;1632.84;1510.26;1620.75;1485.07;1619.53;1484.49;1631.62;10;0.56;stop
525;347.6;1567.54;348.79;1553.46;320.37;1551.06;319.18;1565.13;10;0.72;stop
527;2291.86;1355.49;2293.49;1338.52;2250.52;1334.38;2248.88;1351.36;9;0.5;stop
528;3319.46;554.88;3351.32;553.85;3350.85;539.18;3318.99;540.21;10;0.7;stop
529;2369.21;1353.87;2370.54;1339.52;2338.54;1336.57;2337.21;1350.92;10;0.58;stop
530;1177.37;1459.4;1181.61;1436.23;1169.94;1434.1;1165.7;1457.27;10;0.71;stop
531;2231.78;1392.93;2234.46;1354.28;2218.9;1353.2;2216.23;1391.85;10;0.72;stop
534;1873.95;1924.69;1886.5;1887.63;1870.8;1882.31;1858.25;1919.37;9;0.77;stop
535;43.62;1050.06;44.88;1035.04;10.2;1032.13;8.94;1047.15;10;0.7;stop
537;2530.17;564.93;2558.57;563.35;2557.83;549.94;2529.43;551.52;10;0.71;stop
538;3804.67;357.62;3816.76;332.98;3804.08;326.75;3791.99;351.4;10;0.68;stop
539;378.78;909.54;378.98;877.9;362.31;877.8;362.11;909.44;10;0.49;stop
541;1760.7;1654.12;1761.83;1641.26;1733.55;1638.76;1732.42;1651.62;10;0.61;stop
542;580.32;501.07;583.48;488.73;554.99;481.43;551.83;493.77;10;0.54;stop
543;1921.53;1581.51;1923.31;1542.18;1907.97;1541.49;1906.19;1580.82;10;0.68;stop
545;3037.4;1547.63;3049.93;1541.59;3036.1;1512.93;3023.57;1518.98;10;0.73;stop
547;2610.12;322.39;2610.24;297.54;2598.25;297.48;2598.14;322.34;10;0.77;stop
548;3633.54;85.33;3667.96;84.78;3667.71;69.36;3633.29;69.91;10;0.69;stop
550;2483.76;1585.85;2484.08;1559.8;2471.49;1559.65;2471.17;1585.7;10;0.69;stop
551;3655.36;1005.73;3655.84;992.09;3629.02;991.15;3628.54;1004.78;10;0.74;stop
554;1307.11;1008.07;1308.02;996.21;1284.89;994.43;1283.98;1006.29;10;0.72;stop
555;769.06;1607.39;770.91;1593.45;743.85;1589.86;742.0;1603.8;10;0.66;stop
559;210.93;947.76;212.13;934.38;184.93;931.93;183.73;945.31;10;0.64;stop
561;2455.06;1871.98;2457.99;1842.95;2445.06;1841.64;2442.14;1870.68;10;0.64;stop
562;2711.21;2124.07;2726.5;2118.04;2714.34;2087.18;2699.05;2093.21;10;0.76;stop
563;3270.12;214.15;3270.95;184.22;3256.75;183.82;3255.93;213.75;10;0.55;stop
564;3301.65;1381.77;3321.24;1340.45;3303.04;1331.82;3283.45;1373.15;10;0.69;stop
565;539.96;489.82;543.42;477.4;517.54;470.18;514.08;482.6;10;0.62;stop
566;1396.36;1620.88;1397.14;1608.21;1373.39;1606.75;1372.61;1619.42;10;0.62;stop
567;2443.96;122.38;2469.96;121.79;2469.67;108.81;2443.66;109.39;10;0.66;stop
568;1501.34;909.91;1504.53;880.28;1491.16;878.84;1487.97;908.47;10;0.62;stop
569;3576.24;896.52;3587.69;873.11;3574.07;866.45;3562.62;889.86;10;0.47;stop
571;2488.48;1542.37;2491.37;1513.92;2478.02;1512.56;2475.13;1541.02;10;0.63;stop
572;3364.5;1413.23;3408.5;1407.86;3406.13;1388.49;3362.13;1393.86;10;0.43;stop
575;527.52;1583.19;528.4;1569.52;500.92;1567.75;500.04;1581.42;10;0.59;stop
576;3346.32;1156.41;3363.01;1129.7;3350.24;1121.72;3333.55;1148.43;10;0.64;stop
577;1741.57;1040.0;1742.19;1025.72;1711.05;1024.38;1710.44;1038.66;10;0.79;stop
579;178.2;945.94;179.89;933.54;153.91;929.99;152.22;942.4;10;0.55;stop
580;1465.17;853.61;1467.0;841.04;1437.33;836.71;1435.5;849.27;10;0.7;stop
581;630.98;1951.15;631.67;1922.01;616.84;1921.66;616.14;1950.8;10;0.59;stop
582;663.16;972.06;688.4;970.69;687.78;959.19;662.53;960.56;10;0.64;stop
584;396.64;909.15;399.21;879.49;384.3;878.2;381.72;907.85;10;0.61;stop
585;191.94;1682.69;205.59;1682.21;204.62;1654.81;190.98;1655.29;10;0.63;stop
586;1026.97;949.41;1027.74;919.01;1013.78;918.65;1013.01;949.05;10;0.68;stop
587;3144.6;1309.44;3147.26;1294.81;3116.96;1289.31;3114.31;1303.94;10;0.74;stop
588;214.35;969.74;215.05;955.52;184.32;954.01;183.62;968.23;10;0.79;stop
589;3196.94;1190.62;3201.43;1171.52;3147.12;1158.76;3142.64;1177.85;9;0.65;stop
590;506.77;1545.52;508.4;1531.55;478.54;1528.08;476.91;1542.04;10;0.54;stop
591;108.69;712.76;113.19;683.94;99.32;681.77;94.82;710.59;10;0.47;stop
592;1636.47;1157.77;1639.63;1143.94;1610.28;1137.23;1607.12;1151.06;10;0.61;stop
593;636.41;1162.22;637.44;1147.05;606.71;1144.97;605.69;1160.14;10;0.59;stop
594;3225.93;1382.27;3235.42;1348.48;3219.39;1343.98;3209.89;1377.77;10;0.72;stop
597;2936.62;2030.81;2949.26;2023.89;2934.38;1996.69;2921.74;2003.61;10;0.41;stop
598;3521.56;89.54;3521.82;77.4;3496.57;76.86;3496.31;89.0;10;0.65;stop
599;2152.71;1346.96;2160.84;1346.8;2160.54;1331.67;2152.41;1331.83;10;0.58;stop
600;206.76;2022.25;208.01;1990.81;193.79;1990.25;192.53;2021.69;10;0.48;stop
601;3329.92;1020.24;3340.95;1011.46;3320.71;986.01;3309.67;994.79;10;0.71;stop
602;430.83;2123.72;430.96;2108.42;399.32;2108.16;399.19;2123.45;10;0.5;stop
603;1511.95;1151.11;1512.96;1137.05;1482.8;1134.89;1481.79;1148.95;10;0.67;stop
604;3782.77;1283.0;3783.01;1248.37;3765.98;1248.25;3765.74;1282.88;10;0.62;stop
607;1446.49;1665.25;1448.42;1652.79;1416.63;1647.87;1414.7;1660.34;10;0.56;stop
608;391.62;2123.44;391.66;2108.5;362.13;2108.43;362.09;2123.37;10;0.61;stop
611;874.29;562.54;876.05;549.79;850.71;546.29;848.95;559.04;10;0.57;stop
612;2095.93;125.9;2120.9;125.23;2120.57;113.16;2095.6;113.83;10;0.53;stop
613;560.21;1128.98;565.18;1095.3;548.85;1092.89;543.88;1126.57;10;0.58;stop
615;534.34;1546.83;535.5;1534.17;510.97;1531.92;509.81;1544.58;10;0.5;stop
616;1525.97;691.4;1529.01;665.63;1517.15;664.23;1514.11;690.0;10;0.5;stop
617;75.26;1052.55;76.1;1037.8;47.9;1036.2;47.06;1050.95;10;0.59;stop
618;1974.37;1765.55;1984.43;1722.31;1968.38;1718.57;1958.32;1761.82;10;0.65;stop
619;3123.31;1512.65;3139.64;1476.4;3122.32;1468.6;3105.99;1504.85;10;0.39;stop
620;3227.54;556.18;3257.78;554.83;3257.15;540.7;3226.91;542.04;10;0.72;stop
621;3387.58;1093.82;3405.67;1063.37;3391.48;1054.93;3373.39;1085.38;10;0.8;stop
623;1830.66;295.99;1841.31;276.25;1830.56;270.45;1819.91;290.19;10;0.46;stop
625;1182.56;1427.74;1186.23;1404.66;1174.32;1402.76;1170.64;1425.84;10;0.6;stop
626;1111.24;1763.07;1113.37;1733.23;1100.51;1732.31;1098.38;1762.15;10;0.47;stop
631;209.04;2068.67;209.74;2036.04;194.32;2035.71;193.62;2068.34;10;0.42;stop
634;2997.08;1435.14;3009.26;1423.43;2977.42;1390.3;2965.24;1402.01;10;0.72;stop
635;104.13;744.95;108.3;717.58;92.74;715.21;88.58;742.58;10;0.48;stop
636;2252.24;1315.51;2253.41;1302.91;2223.19;1300.12;2222.03;1312.72;10;0.52;stop
639;1912.83;1525.55;1915.82;1503.87;1905.05;1502.38;1902.05;1524.06;10;0.4;stop
640;3746.57;396.98;3761.56;362.67;3745.92;355.84;3730.94;390.15;9;0.43;stop
641;1855.92;1460.54;1857.71;1445.77;1826.21;1441.96;1824.42;1456.73;10;0.73;stop
642;1515.76;775.56;1519.75;749.46;1508.24;747.69;1504.25;773.79;10;0.53;stop
643;952.55;570.48;954.08;556.49;924.32;553.23;922.79;567.23;10;0.39;stop
648;3430.48;1063.77;3443.08;1040.99;3431.09;1034.36;3418.48;1057.13;10;0.7;stop
649;3295.42;1080.79;3311.94;1075.16;3299.9;1039.83;3283.37;1045.47;10;0.77;stop
650;1199.61;1642.61;1200.48;1629.78;1192.89;1629.27;1192.02;1642.09;10;0.55;stop
652;1045.86;1592.66;1047.38;1581.3;1019.64;1577.59;1018.12;1588.95;10;0.47;stop
653;1902.59;1383.89;1916.63;1382.82;1913.88;1347.04;1899.84;1348.12;10;0.62;stop
657;2098.69;164.01;2125.81;162.89;2125.31;150.99;2098.19;152.11;10;0.59;stop
658;2572.75;274.99;2573.0;252.19;2561.37;252.07;2561.13;274.87;10;0.6;stop
660;1096.08;1596.23;1096.94;1583.12;1071.42;1581.43;1070.56;1594.54;10;0.43;stop
661;3665.58;548.41;3677.52;525.61;3665.67;519.4;3653.73;542.2;10;0.37;stop
663;2719.28;1430.6;2721.96;1385.85;2702.98;1384.72;2700.3;1429.46;9;0.44;stop
665;3719.52;1005.53;3744.92;1005.38;3744.85;993.22;3719.45;993.37;10;0.42;stop
667;1021.79;1626.0;1023.23;1614.83;999.27;1611.75;997.83;1622.92;10;0.52;stop
668;1045.25;1124.32;1046.08;1107.25;1009.0;1105.43;1008.17;1122.5;10;0.48;stop
670;2509.57;1325.18;2510.16;1310.94;2477.18;1309.57;2476.59;1323.81;9;0.39;stop
673;255.39;1560.39;279.01;1560.34;278.98;1546.49;255.37;1546.53;10;0.52;stop
675;3308.92;286.6;3311.04;257.18;3297.64;256.21;3295.52;285.64;10;0.52;stop
685;3681.58;516.2;3694.25;486.77;3681.54;481.3;3668.87;510.73;10;0.47;stop
687;2750.72;1233.12;2752.41;1215.41;2715.37;1211.88;2713.68;1229.58;9;0.76;stop
688;1686.47;1646.91;1687.25;1631.72;1679.83;1631.34;1679.05;1646.53;10;0.48;stop
695;3553.92;1123.61;3571.43;1094.07;3557.95;1086.08;3540.44;1115.61;10;0.56;stop
697;3748.35;478.19;3760.83;448.7;3746.02;442.43;3733.54;471.92;10;0.49;stop
698;2374.72;607.17;2405.17;606.89;2405.03;592.08;2374.58;592.36;10;0.54;stop
701;3240.37;1476.67;3254.93;1443.13;3237.76;1435.68;3223.2;1469.21;10;0.8;stop
712;797.12;1399.59;797.88;1385.23;768.25;1383.66;767.49;1398.02;10;0.49;stop
718;2834.66;1383.13;2836.36;1365.88;2789.97;1361.31;2788.27;1378.56;10;0.48;stop
730;833.07;1847.47;864.83;1847.29;864.74;1831.28;832.98;1831.46;10;0.39;stop
941;1995.77;449.28;1999.44;416.23;1985.79;414.72;1982.13;447.77;10;0.81;stop
983;3300.55;710.1;3313.95;709.86;3313.51;684.9;3300.11;685.14;10;0.68;stop
1022;1791.79;2140.15;1806.89;2112.16;1794.71;2105.6;1779.61;2133.59;10;0.81;move
1072;1915.3;1854.58;1920.22;1825.1;1907.92;1823.05;1903.0;1852.52;10;0.8;move
1080;2148.04;1117.59;2149.21;1102.45;2114.78;1099.78;2113.6;1114.92;10;0.8;stop
1281;3258.66;357.62;3273.36;357.36;3272.9;331.45;3258.2;331.71;10;0.51;stop
1284;3370.96;554.8;3398.91;554.42;3398.73;541.13;3370.78;541.52;10;0.55;stop
1399;1947.42;2163.05;1949.33;2137.7;1936.08;2136.7;1934.17;2162.05;10;0.72;stop
1467;1043.94;947.22;1044.75;917.86;1030.56;917.47;1029.75;946.83;10;0.66;stop
1557;1926.89;2165.79;1929.7;2137.56;1916.11;2136.21;1913.3;2164.44;10;0.61;stop
1922;1764.8;1104.43;1765.6;1090.84;1739.57;1089.32;1738.78;1102.91;10;0.79;stop
2056;330.01;1548.7;331.16;1533.81;300.46;1531.45;299.31;1546.34;10;0.78;move
2096;204.15;990.64;205.01;976.16;174.6;974.36;173.74;988.84;10;0.73;stop
2166;3733.99;1433.99;3738.84;1418.81;3702.26;1407.1;3697.41;1422.28;10;0.79;move
2175;3783.73;308.58;3793.2;287.01;3781.9;282.05;3772.42;303.61;10;0.43;stop
2202;3520.59;975.2;3532.36;941.91;3515.35;935.9;3503.58;969.18;10;0.37;stop
2339;3043.56;1232.14;3046.09;1218.35;3014.19;1212.48;3011.66;1226.28;10;0.82;move
2351;3600.49;1386.74;3604.56;1373.43;3573.26;1363.88;3569.19;1377.19;10;0.78;move
2431;1976.39;1518.82;1977.73;1483.22;1963.36;1482.68;1962.02;1518.28;10;0.8;stop
2556;1970.88;1560.84;1972.28;1533.6;1958.94;1532.91;1957.53;1560.15;10;0.83;stop
2590;20.86;957.04;21.53;943.4;-0.04;942.34;-0.71;955.98;10;0.61;stop
2732;1965.51;1602.22;1967.83;1568.99;1953.99;1568.03;1951.67;1601.26;10;0.82;stop
2802;2392.53;1176.41;2393.24;1162.83;2364.72;1161.34;2364.01;1174.92;10;0.79;move
2946;1971.42;1648.63;1974.65;1614.18;1959.33;1612.75;1956.1;1647.19;10;0.84;stop
2991;241.26;952.67;245.83;939.28;219.52;930.3;214.95;943.69;10;0.49;stop
3144;1961.59;1683.95;1964.72;1651.88;1951.16;1650.55;1948.03;1682.62;10;0.83;stop
3212;1334.66;1037.56;1335.65;1022.28;1301.21;1020.06;1300.23;1035.34;10;0.82;move
3358;204.49;1779.8;207.87;1746.81;192.07;1745.2;188.69;1778.19;10;0.62;stop
3438;1954.18;1759.69;1958.34;1727.35;1944.41;1725.56;1940.25;1757.9;10;0.84;stop
3439;2221.31;1061.94;2222.37;1049.52;2197.88;1047.43;2196.82;1059.85;10;0.71;stop
3452;1929.03;1425.86;1945.92;1424.98;1943.97;1387.76;1927.08;1388.65;10;0.82;move
3500;3407.45;1355.89;3410.39;1340.48;3375.37;1333.79;3372.42;1349.2;10;0.79;stop
3545;1525.1;173.24;1535.8;172.33;1533.78;148.51;1523.07;149.42;10;0.46;stop
3560;1963.86;172.22;1964.82;140.95;1951.14;140.53;1950.18;171.8;10;0.8;move
3648;1372.81;1054.03;1373.46;1040.88;1347.44;1039.6;1346.79;1052.75;10;0.81;move
3653;1949.19;1796.89;1953.91;1762.32;1939.56;1760.36;1934.84;1794.93;10;0.82;stop
3731;1942.08;1654.09;1943.64;1627.1;1931.76;1626.41;1930.2;1653.4;10;0.77;move
3980;1939.97;1839.27;1946.17;1804.82;1932.47;1802.36;1926.27;1836.8;10;0.83;stop
4070;801.31;1375.19;802.39;1364.07;780.42;1361.93;779.33;1373.06;10;0.36;stop
4249;2612.72;1057.75;2614.68;1030.08;2601.28;1029.13;2599.32;1056.8;10;0.71;stop
4257;1976.68;1804.74;1977.98;1782.45;1966.07;1781.76;1964.77;1804.05;10;0.56;stop
4376;2117.91;1157.95;2118.42;1142.56;2087.53;1141.55;2087.02;1156.94;10;0.81;move
4514;1726.21;1101.02;1726.76;1088.16;1702.14;1087.11;1701.58;1099.96;10;0.79;stop
4609;1930.05;1248.3;1944.82;1247.03;1941.83;1212.08;1927.05;1213.34;10;0.78;move
4632;3807.28;1317.72;3810.71;1282.67;3793.97;1281.03;3790.54;1316.08;10;0.55;stop
4666;1931.5;1509.94;1944.95;1509.77;1944.59;1481.44;1931.14;1481.61;10;0.79;move
4835;1688.43;1099.45;1689.47;1085.45;1657.32;1083.05;1656.28;1097.05;10;0.82;stop
4845;3197.2;556.86;3226.34;553.18;3224.68;540.02;3195.54;543.69;10;0.75;stop
4885;1557.38;1092.11;1557.97;1079.27;1530.75;1078.02;1530.16;1090.85;10;0.82;stop
4934;1929.78;1327.35;1944.98;1325.35;1940.41;1290.53;1925.21;1292.52;10;0.82;move
5028;3804.93;1027.2;3833.85;1027.13;3833.82;1011.87;3804.9;1011.93;10;0.68;move
5189;2554.17;1189.97;2555.16;1174.8;2520.33;1172.53;2519.34;1187.7;10;0.81;move
5354;2857.34;1208.86;2859.43;1193.87;2829.16;1189.64;2827.07;1204.63;10;0.81;move
5411;2112.23;1096.9;2113.26;1082.17;2081.77;1079.97;2080.74;1094.7;10;0.81;stop
5425;3661.54;1048.96;3661.94;1033.97;3634.09;1033.22;3633.69;1048.22;10;0.52;stop
5502;3521.87;1362.21;3526.14;1349.08;3497.19;1339.67;3492.92;1352.79;10;0.79;stop
5524;2796.32;1187.81;2796.69;1172.14;2761.93;1171.32;2761.56;1186.98;10;0.71;move
5596;3143.13;1273.35;3146.0;1258.21;3114.68;1252.28;3111.81;1267.42;10;0.78;stop
5607;454.77;1143.91;455.32;1129.7;426.48;1128.59;425.93;1142.8;10;0.46;stop
5656;2197.22;577.02;2225.01;562.65;2218.59;550.23;2190.8;564.6;10;0.73;stop
5663;2303.29;1127.52;2304.26;1113.38;2272.83;1111.23;2271.87;1125.37;10;0.81;stop
5688;3099.47;1261.7;3102.11;1248.26;3073.03;1242.55;3070.39;1255.99;10;0.82;stop
5822;2233.9;1102.68;2234.52;1087.91;2202.73;1086.57;2202.11;1101.34;10;0.81;stop
5951;24.13;1488.46;24.62;1476.36;2.21;1475.45;1.72;1487.55;10;0.73;stop
5971;2303.31;1155.4;2304.0;1142.06;2278.44;1140.72;2277.75;1154.07;10;0.7;move
6008;1949.38;221.45;1950.27;191.84;1936.37;191.43;1935.48;221.03;10;0.8;move
6056;3054.55;1256.99;3057.32;1242.51;3023.45;1236.01;3020.68;1250.49;10;0.83;stop
6080;1645.25;1096.43;1645.65;1082.44;1615.0;1081.57;1614.6;1095.56;10;0.75;stop
6250;3006.49;1243.12;3009.83;1228.76;2974.76;1220.63;2971.42;1234.99;10;0.8;stop
6324;1597.41;1095.0;1598.09;1080.0;1564.97;1078.5;1564.29;1093.5;10;0.82;stop
6337;2957.6;1232.4;2960.43;1219.5;2933.18;1213.54;2930.36;1226.44;10;0.78;stop
6376;2615.19;1014.45;2615.47;983.69;2601.06;983.55;2600.78;1014.31;10;0.71;stop
6408;1732.53;1121.1;1733.01;1106.36;1700.32;1105.28;1699.83;1120.02;10;0.83;stop
6494;1773.18;1123.02;1773.8;1108.12;1740.2;1106.73;1739.58;1121.63;10;0.8;stop
6567;2242.37;1165.78;2243.79;1151.53;2211.69;1148.34;2210.27;1162.6;10;0.81;move
6598;3132.12;1246.61;3135.61;1231.71;3101.31;1223.7;3097.83;1238.61;10;0.79;stop
6613;1918.59;1181.18;1932.68;1178.31;1926.66;1148.7;1912.57;1151.57;10;0.78;move
6654;2340.39;1105.23;2340.8;1090.47;2311.11;1089.65;2310.7;1104.41;10;0.75;stop
6725;3147.14;1200.91;3154.14;1188.21;3122.86;1170.97;3115.86;1183.67;10;0.78;stop
6736;2096.85;1075.8;2098.49;1061.93;2067.9;1058.32;2066.26;1072.2;10;0.81;stop
6746;1910.31;1212.07;1922.93;1210.34;1919.19;1183.05;1906.57;1184.78;10;0.72;move
6789;3340.99;137.07;3371.71;134.62;3370.57;120.28;3339.85;122.73;10;0.38;stop
6814;2031.08;1148.81;2034.66;1136.51;2009.92;1129.31;2006.34;1141.62;10;0.78;move
6868;1581.53;1637.73;1582.6;1623.78;1551.6;1621.4;1550.52;1635.35;10;0.71;stop
6870;3488.16;1214.39;3491.32;1200.72;3462.46;1194.05;3459.3;1207.72;10;0.76;stop
6891;424.75;405.95;429.4;376.98;414.51;374.59;409.86;403.56;10;0.36;stop
6893;2141.54;1080.2;2142.32;1066.74;2115.08;1065.17;2114.31;1078.63;10;0.8;stop
6921;1770.35;1145.56;1770.55;1130.77;1737.4;1130.31;1737.2;1145.1;10;0.82;stop
6945;1578.62;1053.36;1579.63;1041.13;1555.63;1039.14;1554.62;1051.37;10;0.81;move
6990;1675.2;1117.27;1675.73;1103.52;1645.8;1102.35;1645.27;1116.1;10;0.83;stop
7017;2401.02;1123.2;2437.25;1118.05;2434.98;1102.05;2398.75;1107.2;10;0.79;stop
7032;2183.51;1081.82;2184.17;1069.41;2158.61;1068.06;2157.95;1080.47;10;0.78;stop
7039;1906.74;1145.1;1922.28;1141.55;1913.67;1103.78;1898.13;1107.32;10;0.73;move
7063;1731.86;1143.61;1732.42;1129.0;1700.1;1127.76;1699.54;1142.37;10;0.82;stop
7081;1563.31;1673.57;1564.5;1660.07;1536.07;1657.56;1534.87;1671.06;10;0.69;stop
7123;2397.71;1108.71;2398.29;1094.24;2365.16;1092.92;2364.59;1107.39;10;0.8;stop
7149;65.54;962.97;66.34;947.43;34.24;945.78;33.44;961.32;10;0.8;stop
7173;1379.93;1086.46;1380.58;1071.46;1350.44;1070.17;1349.8;1085.16;10;0.8;stop
7177;2520.11;1117.18;2520.85;1102.72;2493.64;1101.32;2492.9;1115.78;10;0.72;stop
7178;1888.52;1143.73;1902.21;1140.13;1894.48;1110.77;1880.79;1114.37;10;0.77;move
7199;2224.93;1084.13;2225.32;1069.93;2195.94;1069.12;2195.55;1083.32;10;0.82;stop
7238;2485.61;1917.82;2487.84;1881.01;2474.14;1880.18;2471.91;1916.99;10;0.56;stop
7259;2563.98;1120.06;2564.76;1105.61;2536.4;1104.07;2535.61;1118.51;10;0.8;stop
7264;1527.96;1671.3;1529.27;1657.03;1498.29;1654.2;1496.98;1668.47;10;0.65;stop
7319;1878.67;1076.75;1892.31;1073.91;1885.58;1041.62;1871.94;1044.47;10;0.78;move
7395;55.62;1496.35;57.19;1484.48;32.1;1481.15;30.52;1493.02;10;0.57;stop
7408;190.86;1511.22;191.52;1497.63;163.51;1496.28;162.86;1509.87;10;0.6;stop
7413;6.63;1046.99;7.01;1032.58;-0.29;1032.39;-0.68;1046.79;10;0.51;stop
7420;566.59;1587.57;567.91;1574.47;541.53;1571.81;540.21;1584.91;10;0.72;stop
7421;827.72;1533.41;827.97;1506.09;813.84;1505.96;813.59;1533.28;10;0.4;stop
7424;142.63;1543.92;144.51;1529.48;110.03;1524.99;108.15;1539.42;10;0.68;stop
7438;1827.5;1016.62;1839.22;988.21;1825.37;982.5;1813.66;1010.91;10;0.74;move
7442;27.14;1529.19;28.92;1515.51;2.42;1512.06;0.64;1525.74;10;0.37;stop
7473;1626.33;1120.55;1627.48;1102.61;1572.04;1099.08;1570.9;1117.01;9;0.72;stop
7512;1858.39;931.4;1873.74;931.25;1873.42;897.85;1858.07;898.0;10;0.79;move
7514;2322.75;1085.55;2323.27;1070.95;2295.0;1069.95;2294.48;1084.55;10;0.79;move
7566;1888.55;1030.85;1904.04;1028.09;1898.2;995.28;1882.71;998.04;10;0.81;move
7578;1691.7;1143.64;1692.94;1128.26;1658.55;1125.49;1657.31;1140.86;10;0.82;stop
7610;2186.11;1099.21;2186.84;1084.88;2156.02;1083.29;2155.28;1097.62;10;0.76;stop
7710;3512.74;1191.77;3532.71;1157.09;3515.7;1147.29;3495.73;1181.97;10;0.7;stop
7723;1870.38;820.87;1871.59;794.07;1859.0;793.5;1857.79;820.3;10;0.79;move
7768;1651.53;1139.62;1652.85;1124.61;1618.84;1121.63;1617.53;1136.64;10;0.84;stop
7775;2624.26;1126.28;2625.81;1112.34;2596.49;1109.09;2594.94;1123.03;10;0.78;stop
7776;1900.89;928.52;1915.24;928.45;1915.11;900.73;1900.76;900.8;10;0.74;move
7784;3485.04;1349.97;3489.22;1336.83;3459.96;1327.53;3455.78;1340.67;10;0.79;stop
7792;1917.95;1044.78;1932.4;1040.08;1922.8;1010.59;1908.35;1015.3;10;0.79;move
7805;156.73;1508.7;158.55;1496.7;135.3;1493.18;133.48;1505.18;10;0.47;stop
7874;2723.35;1140.87;2725.72;1122.32;2684.15;1117.0;2681.78;1135.55;10;0.7;move
7907;1878.5;976.34;1892.93;976.13;1892.5;945.16;1878.07;945.37;10;0.77;move
7915;1588.41;1134.39;1589.01;1121.38;1561.59;1120.11;1560.99;1133.12;10;0.82;stop
7970;2270.98;1083.94;2271.6;1069.52;2240.46;1068.18;2239.84;1082.6;10;0.82;stop
8013;1514.84;1131.17;1515.75;1117.13;1490.04;1115.45;1489.12;1129.49;10;0.8;stop
8032;129.12;966.89;130.17;951.12;96.82;948.89;95.77;964.66;10;0.81;move
8055;2788.54;1144.74;2790.26;1131.26;2762.96;1127.76;2761.24;1141.24;10;0.77;move
8080;1478.66;1127.09;1479.32;1114.14;1453.09;1112.79;1452.43;1125.74;10;0.81;stop
8133;2013.87;79.14;2014.36;57.81;2003.13;57.55;2002.64;78.88;10;0.54;stop
8148;1868.69;711.56;1870.64;680.96;1856.66;680.07;1854.71;710.66;10;0.79;move
8162;2609.95;188.25;2610.31;164.62;2598.43;164.44;2598.07;188.06;10;0.56;stop
8218;1200.51;1135.35;1200.72;1123.24;1191.99;1123.09;1191.78;1135.2;10;0.54;stop
8220;2870.95;1157.13;2872.85;1144.26;2844.8;1140.12;2842.9;1152.99;10;0.81;move
8263;1561.68;1112.41;1562.41;1098.57;1534.32;1097.09;1533.59;1110.93;10;0.79;stop
8271;1978.98;573.13;1986.84;562.57;1964.89;546.24;1957.04;556.81;10;0.79;move
8327;1899.09;575.14;1899.17;522.89;1879.13;522.86;1879.05;575.11;9;0.77;move
8332;1092.27;2089.39;1106.69;2088.66;1105.23;2059.98;1090.81;2060.72;10;0.44;stop
8359;1441.83;1124.56;1442.33;1110.73;1413.42;1109.69;1412.92;1123.52;10;0.78;stop
8431;720.29;1148.51;722.86;1135.34;693.46;1129.61;690.89;1142.78;10;0.41;stop
8466;1359.19;1120.74;1359.84;1108.15;1332.93;1106.76;1332.28;1119.35;10;0.8;stop
8477;3438.81;971.91;3457.73;944.35;3443.37;934.49;3424.46;962.05;10;0.39;stop
8494;1896.94;438.49;1898.11;409.23;1883.06;408.63;1881.89;437.89;10;0.7;move
8496;2109.73;589.72;2136.25;589.26;2136.02;575.78;2109.5;576.24;10;0.61;stop
8498;1513.51;1088.97;1514.18;1076.94;1489.12;1075.53;1488.44;1087.56;10;0.81;stop
8520;2736.14;1119.17;2737.95;1104.13;2707.36;1100.46;2705.55;1115.49;10;0.82;move
8541;1918.56;1922.12;1928.26;1890.99;1915.91;1887.13;1906.21;1918.26;10;0.8;stop
8579;1399.26;1124.73;1399.95;1109.86;1368.24;1108.4;1367.55;1123.27;10;0.81;stop
8588;1934.58;1878.81;1941.16;1852.44;1929.14;1849.44;1922.56;1875.81;10;0.81;stop
8591;1898.28;346.94;1899.34;315.03;1885.0;314.56;1883.95;346.47;10;0.8;stop
8596;2054.59;586.32;2054.7;573.78;2028.22;573.56;2028.12;586.1;10;0.8;stop
8606;1865.52;631.28;1882.04;630.74;1880.92;596.1;1864.4;596.63;10;0.79;move
8622;2833.94;1134.03;2836.23;1118.19;2801.37;1113.16;2799.09;1128.99;10;0.82;move
8667;2938.93;1171.45;2941.74;1157.84;2911.82;1151.67;2909.01;1165.29;10;0.77;move
8668;1478.92;1090.33;1479.59;1075.63;1447.2;1074.17;1446.54;1088.87;10;0.81;stop
8759;1876.27;540.49;1876.31;512.54;1862.11;512.51;1862.06;540.46;10;0.79;move
8769;733.29;1099.45;733.63;1084.67;703.9;1083.99;703.56;1098.76;10;0.52;stop
8790;1903.71;1953.76;1912.5;1928.03;1901.04;1924.11;1892.25;1949.85;10;0.82;stop
8808;206.39;2135.82;207.96;2104.34;192.28;2103.55;190.71;2135.04;10;0.53;stop
8835;1425.71;1086.87;1426.01;1073.77;1398.04;1073.13;1397.74;1086.23;10;0.75;stop
8841;1872.02;464.71;1872.17;437.61;1859.51;437.54;1859.36;464.64;10;0.77;move
8848;1916.36;812.11;1916.61;782.69;1902.92;782.57;1902.67;812.0;10;0.76;move
8894;1897.49;300.83;1897.49;267.86;1882.51;267.86;1882.51;300.83;10;0.79;stop
8972;3465.91;1264.56;3470.8;1249.73;3436.9;1238.56;3432.02;1253.39;10;0.72;stop
9029;3472.25;1290.1;3477.13;1273.5;3438.06;1262.01;3433.18;1278.61;10;0.81;stop
9069;1873.86;367.29;1874.93;313.72;1855.51;313.34;1854.44;366.9;9;0.79;stop
9094;1891.15;2002.63;1904.46;1968.46;1890.44;1963.0;1877.13;1997.17;10;0.82;stop
9113;3517.18;1303.5;3521.36;1288.49;3485.01;1278.37;3480.83;1293.39;10;0.77;stop
9164;2560.3;1082.84;2561.12;1066.59;2525.45;1064.78;2524.63;1081.04;10;0.74;stop
9209;1898.38;260.99;1899.1;232.67;1885.46;232.32;1884.75;260.65;10;0.78;stop
9239;567.03;973.04;568.39;960.58;546.72;958.21;545.36;970.67;10;0.5;stop
9251;1922.12;1637.28;1924.72;1588.13;1905.22;1587.09;1902.61;1636.24;9;0.36;stop
9255;3571.87;1318.84;3575.64;1305.69;3543.76;1296.55;3539.99;1309.7;10;0.75;stop
9261;1870.82;297.65;1871.1;271.18;1858.46;271.04;1858.18;297.51;10;0.8;stop
9265;2612.24;51.02;2612.63;22.86;2598.39;22.67;2598.0;50.82;10;0.79;stop
9281;918.12;1115.68;918.32;1099.88;884.42;1099.44;884.21;1115.24;10;0.45;stop
9284;370.61;979.93;371.48;963.72;332.51;961.63;331.64;977.84;9;0.66;move
9302;3826.34;313.51;3842.2;283.46;3829.29;276.64;3813.42;306.7;10;0.78;stop
9308;1211.01;1135.5;1211.86;1123.83;1191.99;1122.37;1191.14;1134.05;10;0.47;stop
9324;3610.05;1332.16;3614.57;1317.16;3580.58;1306.9;3576.05;1321.91;10;0.72;stop
9326;1873.0;2037.72;1882.18;2012.21;1869.87;2007.78;1860.7;2033.29;10;0.78;stop
9327;1900.94;219.5;1901.03;188.36;1885.72;188.31;1885.63;219.46;10;0.81;stop
9382;991.17;1622.42;991.76;1609.46;964.46;1608.2;963.86;1621.17;10;0.54;stop
9439;2023.49;1709.33;2025.0;1695.77;1997.26;1692.67;1995.75;1706.23;10;0.75;stop
9460;3576.32;318.21;3590.11;315.22;3583.37;284.13;3569.58;287.12;10;0.36;stop
9462;1234.18;1137.28;1243.52;1126.7;1220.01;1105.97;1210.67;1116.55;10;0.76;move
9483;1886.96;182.03;1900.87;182.0;1900.82;154.35;1886.91;154.38;10;0.81;stop
9511;1842.36;2094.68;1858.23;2063.05;1845.29;2056.57;1829.43;2088.2;10;0.81;stop
9564;3697.67;1353.84;3703.11;1336.62;3663.58;1324.13;3658.14;1341.35;10;0.68;stop
9581;1858.25;260.69;1873.75;260.35;1873.0;225.87;1857.5;226.21;10;0.81;stop
9660;2224.81;586.64;2254.6;585.41;2254.0;570.99;2224.21;572.22;10;0.36;stop
9694;1884.85;146.54;1898.51;146.38;1898.15;114.46;1884.49;114.62;10;0.79;stop
9706;3507.7;1277.48;3512.13;1262.15;3476.67;1251.9;3472.24;1267.22;10;0.82;stop
9707;1859.05;223.01;1871.53;222.93;1871.36;194.93;1858.88;195.01;10;0.75;stop
9739;1825.97;2133.13;1838.98;2105.29;1825.78;2099.12;1812.77;2126.96;10;0.81;stop
9789;2568.78;105.37;2571.55;82.23;2559.72;80.81;2556.95;103.96;10;0.4;stop
9808;142.39;985.11;142.94;970.79;111.44;969.58;110.89;983.9;10;0.76;stop
9819;3731.61;1367.71;3737.16;1353.04;3704.64;1340.72;3699.09;1355.4;10;0.64;stop
9863;1872.98;152.17;1873.31;121.91;1859.96;121.76;1859.63;152.03;10;0.76;stop
9864;1327.86;1079.84;1328.24;1067.33;1305.76;1066.66;1305.39;1079.17;10;0.63;stop
9869;1902.86;96.75;1903.57;63.89;1888.39;63.56;1887.68;96.43;10;0.8;stop
9878;1530.52;627.64;1534.08;602.47;1522.73;600.86;1519.17;626.03;10;0.45;stop
9883;1499.88;1109.85;1500.6;1096.69;1472.37;1095.15;1471.65;1108.31;10;0.82;move
9947;2593.81;536.38;2594.26;512.37;2580.81;512.12;2580.37;536.13;10;0.79;move
9954;1297.08;1082.28;1297.11;1068.79;1269.6;1068.72;1269.57;1082.21;10;0.82;stop
10012;1764.13;1166.49;1764.7;1153.55;1732.37;1152.13;1731.8;1165.08;10;0.42;stop
10014;1432.78;1104.28;1433.08;1090.13;1401.09;1089.47;1400.8;1103.62;10;0.77;move
10023;3793.42;1389.86;3798.08;1374.97;3764.71;1364.51;3760.04;1379.4;10;0.71;stop
10036;2635.07;1086.01;2636.36;1074.2;2613.8;1071.74;2612.51;1083.55;10;0.65;stop
10037;3079.72;579.0;3113.2;578.62;3113.03;564.0;3079.55;564.38;10;0.67;move
10040;534.39;2094.7;535.08;2082.26;510.92;2080.93;510.23;2093.36;10;0.4;stop
10051;1876.25;63.57;1876.91;34.05;1863.25;33.74;1862.59;63.27;10;0.79;stop
10061;1520.89;730.33;1525.68;698.38;1510.98;696.17;1506.19;728.12;10;0.5;stop
10080;3300.17;1125.16;3306.89;1096.93;3294.21;1093.91;3287.48;1122.13;10;0.47;stop
10090;1900.39;51.98;1901.0;23.69;1887.39;23.39;1886.79;51.69;10;0.8;stop
10096;1224.64;1081.9;1254.01;1081.35;1253.74;1066.85;1224.37;1067.4;10;0.74;stop
10129;2606.27;155.12;2628.78;153.66;2627.98;141.31;2605.47;142.77;10;0.53;stop
10155;1176.32;1111.29;1177.08;1097.7;1145.68;1095.96;1144.92;1109.55;10;0.83;move
10182;3120.65;1268.97;3121.82;1253.99;3112.6;1253.28;3111.43;1268.26;10;0.69;stop
10205;2778.65;583.5;2808.88;582.93;2808.61;568.57;2778.38;569.14;10;0.78;move
10215;18.5;979.01;19.51;965.97;-0.41;964.42;-1.42;977.47;10;0.65;move
10244;273.54;954.32;274.48;942.12;251.93;940.37;250.99;952.57;10;0.39;stop
10256;1158.14;1091.35;1158.8;1076.85;1126.73;1075.4;1126.08;1089.9;10;0.8;move
10285;780.31;1066.17;781.47;1052.56;751.03;1049.96;749.87;1063.57;10;0.8;move
10356;3539.84;1287.81;3543.47;1273.89;3513.91;1266.17;3510.28;1280.09;10;0.79;stop
10399;3555.76;312.5;3571.1;310.66;3567.36;279.53;3552.02;281.38;10;0.35;stop
10469;396.92;1553.38;398.0;1538.85;368.08;1536.62;367.0;1551.15;10;0.65;move
10481;2146.98;1098.0;2147.95;1085.43;2121.27;1083.37;2120.3;1095.95;10;0.78;stop
10484;3757.53;94.5;3773.99;78.87;3754.13;57.98;3737.68;73.6;10;0.52;stop
10492;2921.93;583.29;2949.73;582.02;2949.07;567.59;2921.27;568.85;10;0.61;move
10495;3354.15;94.02;3382.28;92.88;3381.78;80.59;3353.65;81.73;10;0.44;stop
10520;1691.93;1142.12;1692.77;1127.78;1679.4;1127.0;1678.56;1141.34;10;0.64;stop
10522;2286.33;1104.54;2287.15;1088.73;2252.67;1086.96;2251.85;1102.77;10;0.79;stop
10558;1976.19;1765.75;1983.87;1721.06;1968.25;1718.37;1960.56;1763.07;9;0.43;stop
10573;623.58;1574.07;624.67;1559.52;593.29;1557.18;592.21;1571.73;10;0.81;stop
10574;2650.63;1219.23;2652.62;1205.06;2639.87;1203.27;2637.88;1217.44;10;0.73;stop
10598;3106.53;451.57;3120.32;451.06;3119.97;441.68;3106.18;442.19;10;0.44;stop
10614;739.74;1098.75;740.95;1086.96;720.58;1084.87;719.37;1096.67;10;0.38;stop
10648;2887.0;1139.77;2889.29;1128.11;2867.0;1123.73;2864.71;1135.39;10;0.74;move
10666;1838.94;891.73;1839.0;856.54;1822.93;856.52;1822.88;891.71;10;0.53;stop
10689;3608.53;1304.9;3612.92;1289.29;3577.41;1279.31;3573.02;1294.93;10;0.8;move
10691;498.7;1049.34;499.7;1034.92;469.74;1032.85;468.74;1047.27;10;0.75;move
10700;1553.91;1203.05;1555.21;1190.15;1529.71;1187.58;1528.41;1200.48;10;0.36;stop
10790;2159.71;1098.58;2160.47;1083.13;2153.54;1082.79;2152.78;1098.24;10;0.4;stop
10809;3622.04;697.0;3635.89;666.93;3622.96;660.97;3609.11;691.04;10;0.74;move
10812;357.89;1041.29;358.72;1026.74;327.42;1024.96;326.59;1039.51;10;0.69;move
10825;1320.27;1615.71;1320.93;1605.48;1298.73;1604.04;1298.07;1614.27;10;0.41;stop
10829;1900.55;642.1;1915.59;641.02;1913.2;607.78;1898.16;608.86;10;0.78;move
10837;1902.22;2163.47;1903.58;2141.54;1891.28;2140.78;1889.92;2162.72;10;0.38;stop
10842;3830.3;1480.83;3834.43;1466.01;3806.58;1458.24;3802.44;1473.05;10;0.69;stop
10844;2834.16;1383.3;2836.03;1365.22;2788.26;1360.29;2786.4;1378.37;9;0.6;stop
10846;207.19;1576.4;223.56;1574.11;220.08;1549.23;203.7;1551.52;10;0.5;stop
10848;3820.44;540.38;3839.67;540.09;3839.48;527.43;3820.25;527.73;10;0.35;stop
10853;3706.19;1332.32;3710.74;1319.93;3685.06;1310.49;3680.51;1322.88;10;0.6;move
10855;1487.01;1755.25;1492.93;1743.9;1470.62;1732.25;1464.69;1743.6;10;0.41;stop
10863;3464.45;934.69;3481.18;910.32;3470.24;902.81;3453.51;927.18;10;0.44;stop
10865;1999.76;1431.26;2000.84;1407.15;1987.24;1406.55;1986.16;1430.66;10;0.53;stop
10873;960.82;1118.18;961.54;1103.39;929.18;1101.82;928.46;1116.61;9;0.52;stop
10875;1046.23;1124.45;1047.07;1107.77;1008.77;1105.86;1007.93;1122.54;9;0.7;stop
10890;438.11;1575.28;439.16;1563.0;417.36;1561.13;416.3;1573.4;10;0.63;stop
10902;2588.49;297.52;2589.76;272.98;2578.0;272.38;2576.73;296.92;10;0.52;move
10904;1076.79;1127.06;1077.79;1111.79;1047.59;1109.81;1046.59;1125.09;9;0.48;stop
10920;3428.96;1238.8;3431.14;1230.36;3413.86;1225.88;3411.66;1234.32;10;0.38;stop
10932;3066.58;1555.88;3078.48;1552.55;3072.17;1530.0;3060.27;1533.33;10;0.42;stop
10937;487.28;1582.21;487.86;1571.76;467.1;1570.6;466.51;1581.05;10;0.36;stop
10945;1543.48;1630.76;1544.5;1620.44;1522.14;1618.24;1521.13;1628.56;10;0.39;stop
10946;207.0;1984.87;208.88;1952.61;193.08;1951.69;191.2;1983.95;10;0.35;stop
10956;919.42;1116.02;920.25;1098.85;871.21;1096.48;870.38;1113.65;9;0.39;stop
10961;3841.17;77.75;3841.26;62.84;3833.21;62.79;3833.11;77.71;10;0.36;stop
10963;3122.75;1512.55;3139.7;1475.46;3122.88;1467.77;3105.92;1504.86;9;0.49;stop
10964;3764.26;1422.26;3768.98;1408.44;3737.62;1397.74;3732.9;1411.56;10;0.71;move
10967;460.08;1392.58;464.87;1379.92;438.05;1369.76;433.25;1382.42;10;0.39;stop
10971;1986.01;251.33;1986.29;204.96;1967.99;204.85;1967.71;251.22;10;0.43;stop
10983;44.0;1019.0;44.78;1004.83;14.98;1003.18;14.19;1017.36;10;0.78;move
10984;2485.06;1370.95;2486.37;1357.36;2461.19;1354.92;2459.88;1368.51;10;0.37;stop
10987;2997.26;1436.42;3010.27;1424.47;2977.9;1389.21;2964.88;1401.15;9;0.36;stop
10990;2690.7;2136.43;2708.62;2129.13;2691.11;2086.07;2673.18;2093.37;10;0.36;stop
10998;2796.75;1187.24;2797.1;1171.88;2760.87;1171.03;2760.52;1186.4;9;0.5;stop
10999;2777.72;1378.29;2779.6;1362.7;2742.74;1358.27;2740.87;1373.86;9;0.39;stop
11000;2448.34;1818.92;2460.84;1818.89;2460.79;1797.96;2448.29;1797.98;10;0.41;stop
