vehicle_id;veh_bb_x1;veh_bb_y1;veh_bb_x2;veh_bb_y2;veh_bb_x3;veh_bb_y3;veh_bb_x4;veh_bb_y4;det_class;conf_score;state
1;2764.75;1103.39;2766.63;1089.99;2737.25;1085.86;2735.37;1099.26;10;0.83;stop
2;1981.81;1422.7;1982.98;1388.59;1969.19;1388.11;1968.02;1422.23;10;0.81;stop
3;3709.12;1008.86;3709.94;993.56;3676.5;991.76;3675.68;1007.06;10;0.82;stop
5;1018.61;576.65;1020.33;563.48;993.27;559.95;991.55;573.12;10;0.83;stop
6;639.53;1555.97;640.81;1544.28;615.79;1541.53;614.5;1553.22;10;0.83;stop
10;2539.22;1210.28;2540.24;1196.05;2509.4;1193.84;2508.38;1208.08;10;0.81;stop
11;3374.47;1372.25;3380.68;1359.65;3352.09;1345.56;3345.88;1358.16;10;0.74;stop
12;744.64;1564.45;745.65;1550.99;718.8;1548.99;717.79;1562.45;10;0.82;stop
15;2688.83;1434.9;2693.67;1406.48;2679.29;1404.03;2674.45;1432.45;10;0.74;stop
16;1940.09;1941.33;1948.47;1907.34;1934.59;1903.92;1926.22;1937.91;10;0.83;stop
21;843.16;1108.67;843.73;1095.32;814.81;1094.08;814.24;1107.43;10;0.82;stop
22;3063.01;1293.31;3066.31;1277.54;3032.99;1270.57;3029.69;1286.33;10;0.82;stop
23;2926.05;1126.84;2928.41;1112.42;2897.7;1107.41;2895.34;1121.83;10;0.8;stop
26;928.0;992.13;928.5;978.85;899.0;977.74;898.5;991.02;10;0.81;stop
28;1437.03;1624.87;1438.12;1612.06;1408.1;1609.5;1407.01;1622.31;10;0.81;stop
35;3031.72;1150.43;3035.28;1137.02;3007.19;1129.57;3003.63;1142.98;10;0.76;stop
36;1890.46;1842.17;1897.52;1810.62;1882.79;1807.33;1875.73;1838.88;10;0.81;stop
39;1001.88;1118.51;1002.88;1104.35;973.06;1102.24;972.06;1116.4;10;0.82;stop
41;2235.02;1191.78;2235.68;1176.66;2202.73;1175.22;2202.07;1190.34;10;0.82;stop
42;390.16;1533.77;391.84;1520.46;363.12;1516.85;361.44;1530.16;10;0.8;stop
43;1257.96;1648.4;1259.2;1635.9;1232.23;1633.22;1230.99;1645.73;10;0.8;stop
44;2005.89;689.61;2006.67;659.62;1993.11;659.26;1992.33;689.26;10;0.82;stop
45;821.06;985.58;821.75;972.29;792.61;970.79;791.92;984.08;10;0.81;stop
48;2093.06;1305.44;2093.24;1292.56;2067.19;1292.18;2067.01;1305.06;10;0.82;stop
49;3106.94;1302.37;3110.01;1287.26;3074.56;1280.07;3071.49;1295.18;10;0.83;stop
50;2731.41;1099.35;2733.19;1084.89;2700.84;1080.9;2699.06;1095.36;10;0.81;stop
52;1724.74;1651.93;1726.05;1638.04;1697.28;1635.32;1695.97;1649.21;10;0.81;stop
54;3312.05;672.71;3314.56;644.75;3301.08;643.54;3298.56;671.5;10;0.79;stop
55;1243.16;1011.04;1243.6;996.9;1213.84;995.96;1213.4;1010.1;10;0.81;stop
56;2194.39;1189.29;2195.24;1175.96;2169.68;1174.33;2168.83;1187.66;10;0.81;stop
59;539.73;969.71;540.25;956.09;511.21;954.97;510.69;968.6;10;0.81;stop
66;2880.47;1248.48;2882.67;1234.54;2853.28;1229.9;2851.08;1243.84;10;0.78;stop
69;958.11;993.59;959.01;980.22;933.86;978.54;932.96;991.9;10;0.81;stop
73;2611.81;505.22;2612.77;479.64;2599.94;479.16;2598.98;504.73;10;0.81;stop
74;1100.13;587.99;1102.23;574.05;1071.12;569.36;1069.02;583.3;10;0.81;stop
75;887.9;991.08;888.49;977.81;860.07;976.54;859.48;989.82;10;0.82;stop
76;2393.89;1201.0;2394.7;1186.93;2363.36;1185.12;2362.55;1199.2;10;0.81;stop
77;1293.76;1650.88;1294.8;1637.43;1266.74;1635.25;1265.7;1648.7;10;0.8;stop
78;3029.98;1219.88;3032.82;1204.99;3000.77;1198.87;2997.93;1213.76;10;0.83;move
84;715.36;1600.11;715.95;1585.85;685.27;1584.58;684.68;1598.84;10;0.81;stop
85;2792.06;605.22;2792.07;589.55;2758.32;589.53;2758.31;605.2;10;0.8;stop
86;393.6;962.12;394.66;949.32;367.65;947.1;366.59;959.9;10;0.81;stop
89;3070.38;1158.08;3073.3;1144.35;3043.62;1138.05;3040.7;1151.77;10;0.82;stop
91;2960.32;108.99;2989.39;108.3;2989.05;93.98;2959.98;94.67;10;0.79;stop
92;2995.34;106.18;3020.26;105.92;3020.13;93.51;2995.21;93.77;10;0.78;stop
97;1715.99;1162.84;1717.4;1148.67;1687.14;1145.66;1685.73;1159.83;10;0.82;stop
98;2791.68;1236.48;2793.66;1221.66;2759.82;1217.14;2757.84;1231.97;10;0.8;stop
101;1209.45;1605.34;1210.75;1592.41;1183.43;1589.66;1182.13;1602.59;10;0.81;stop
103;2611.68;1216.1;2612.81;1201.68;2582.07;1199.27;2580.94;1213.69;10;0.8;stop
104;1992.28;1688.23;1996.25;1662.9;1983.47;1660.89;1979.5;1686.23;10;0.8;stop
105;1105.09;1835.57;1107.06;1810.43;1094.28;1809.43;1092.31;1834.57;10;0.8;stop
109;3375.71;1019.39;3401.58;1000.32;3393.04;988.74;3367.17;1007.81;10;0.78;stop
110;2867.11;1387.89;2869.29;1373.96;2839.45;1369.29;2837.27;1383.23;10;0.74;stop
111;2942.02;1264.66;2946.12;1240.96;2888.29;1230.97;2884.2;1254.67;9;0.83;stop
112;2000.01;1397.58;2002.66;1368.91;1989.24;1367.67;1986.59;1396.34;10;0.81;stop
116;538.16;1086.23;539.58;1073.11;510.9;1070.02;509.49;1083.14;10;0.79;stop
119;2107.9;1183.88;2108.67;1169.1;2075.6;1167.37;2074.83;1182.15;10;0.81;stop
120;2788.67;1342.5;2789.11;1329.19;2760.58;1328.25;2760.14;1341.56;10;0.76;stop
122;1838.35;754.74;1838.7;725.93;1824.84;725.76;1824.48;754.57;10;0.8;stop
123;503.82;968.66;504.54;954.81;474.0;953.22;473.27;967.06;10;0.8;stop
125;2961.67;1134.85;2964.68;1120.41;2934.08;1114.03;2931.07;1128.47;10;0.8;stop
126;612.51;1554.24;613.8;1539.85;583.74;1537.17;582.45;1551.56;10;0.81;stop
127;2012.44;1650.76;2012.97;1627.75;2001.56;1627.49;2001.03;1650.5;10;0.63;stop
129;1989.74;657.03;1990.19;624.55;1974.94;624.34;1974.5;656.82;10;0.82;stop
131;2277.5;1192.15;2278.03;1179.32;2251.37;1178.22;2250.84;1191.05;10;0.78;stop
133;1284.11;1611.42;1286.04;1598.45;1261.77;1594.83;1259.84;1607.8;10;0.8;stop
134;2675.64;1095.14;2677.82;1081.2;2645.23;1076.11;2643.06;1090.05;10;0.79;stop
135;2499.26;1208.23;2500.25;1193.45;2469.49;1191.4;2468.5;1206.17;10;0.81;stop
137;2609.51;401.32;2610.37;374.2;2597.74;373.8;2596.88;400.93;10;0.79;stop
138;2611.77;541.82;2612.6;512.69;2598.86;512.3;2598.03;541.43;10;0.8;stop
139;787.07;983.21;787.59;970.99;759.6;969.79;759.07;982.01;10;0.8;stop
143;1221.84;1644.11;1223.02;1631.06;1194.66;1628.51;1193.48;1641.56;10;0.79;stop
144;1822.07;1698.46;1823.83;1684.97;1793.68;1681.04;1791.92;1694.53;10;0.79;stop
145;1867.4;1703.22;1868.45;1689.67;1840.6;1687.53;1839.55;1701.08;10;0.8;stop
148;1061.62;581.78;1063.51;568.94;1035.95;564.88;1034.05;577.71;10;0.79;stop
151;3715.01;1049.44;3751.39;1049.09;3751.24;1033.68;3714.86;1034.03;10;0.77;stop
152;637.79;1592.58;638.9;1578.91;610.96;1576.64;609.85;1590.3;10;0.79;stop
154;1997.32;73.38;1998.24;47.41;1986.49;47.0;1985.57;72.96;10;0.8;stop
156;1189.1;1133.95;1189.44;1118.62;1158.4;1117.93;1158.06;1133.26;10;0.8;stop
159;2355.68;1199.11;2356.52;1185.43;2327.32;1183.64;2326.48;1197.32;10;0.78;stop
160;2961.58;1396.9;2969.95;1383.78;2938.67;1363.85;2930.3;1376.97;10;0.77;stop
161;1412.51;1017.8;1413.18;1004.17;1383.12;1002.7;1382.45;1016.33;10;0.8;stop
166;2156.85;1186.99;2157.38;1173.29;2127.34;1172.14;2126.81;1185.84;10;0.79;stop
168;1798.6;2076.66;1811.44;2048.75;1799.15;2043.09;1786.31;2071.0;10;0.78;stop
169;2934.15;108.37;2934.26;94.35;2906.47;94.13;2906.36;108.15;10;0.79;stop
171;1135.23;1003.02;1136.02;990.96;1111.39;989.35;1110.61;1001.41;10;0.81;stop
173;2575.49;1211.33;2575.9;1198.15;2548.51;1197.29;2548.1;1210.47;10;0.77;stop
174;3406.38;997.7;3427.85;976.82;3417.68;966.37;3396.22;987.24;10;0.78;stop
178;172.69;1059.15;173.92;1045.27;145.12;1042.72;143.89;1056.61;10;0.79;stop
180;2003.61;914.93;2005.54;884.27;1991.45;883.38;1989.52;914.05;10;0.76;stop
181;804.6;1609.34;806.14;1595.81;776.09;1592.41;774.56;1605.94;10;0.8;stop
183;2810.26;1110.25;2812.59;1095.74;2778.36;1090.25;2776.04;1104.76;10;0.79;stop
186;1784.34;1694.78;1786.23;1681.2;1754.91;1676.85;1753.02;1690.43;10;0.78;stop
189;2612.22;83.41;2612.91;56.43;2599.53;56.09;2598.84;83.07;10;0.78;stop
190;2612.25;887.06;2613.53;856.15;2599.5;855.57;2598.22;886.48;10;0.78;stop
191;2869.72;110.93;2898.3;109.83;2897.78;96.07;2869.2;97.17;10;0.75;stop
192;3313.0;640.12;3313.96;608.17;3298.25;607.7;3297.29;639.65;10;0.8;stop
193;133.01;1058.0;133.84;1037.71;77.93;1035.44;77.1;1055.72;9;0.75;stop
198;1400.78;1145.85;1401.58;1131.6;1373.47;1130.02;1372.67;1144.27;10;0.81;stop
199;459.67;1539.12;460.95;1526.21;435.64;1523.7;434.36;1536.6;10;0.78;stop
200;2500.49;1750.52;2505.12;1715.24;2490.76;1713.36;2486.13;1748.63;10;0.8;stop
203;2846.7;560.49;2874.1;559.42;2873.55;545.38;2846.15;546.46;10;0.77;stop
205;2871.07;1116.63;2873.18;1102.78;2846.27;1098.68;2844.16;1112.54;10;0.76;stop
206;2649.7;1218.27;2650.6;1204.64;2621.68;1202.73;2620.78;1216.36;10;0.79;stop
207;2684.41;1401.34;2697.67;1400.06;2694.85;1370.84;2681.59;1372.12;10;0.65;stop
208;1925.17;1978.11;1934.02;1946.4;1920.08;1942.51;1911.23;1974.22;10;0.79;stop
209;1839.42;197.24;1839.44;168.4;1824.71;168.38;1824.69;197.23;10;0.8;stop
210;1835.91;681.61;1835.93;654.9;1822.59;654.89;1822.57;681.6;10;0.78;stop
211;2005.84;759.38;2006.06;730.22;1992.04;730.12;1991.81;759.28;10;0.8;stop
212;2646.1;1195.1;2647.0;1181.6;2619.65;1179.77;2618.75;1193.28;10;0.75;move
214;2683.0;1223.19;2684.15;1209.23;2654.75;1206.81;2653.6;1220.77;10;0.79;stop
215;3027.09;1472.8;3040.6;1461.51;3010.88;1425.95;2997.37;1437.24;9;0.66;stop
216;313.04;1564.48;314.29;1550.78;284.15;1548.02;282.9;1561.72;10;0.77;stop
217;603.74;1590.49;604.93;1577.2;574.7;1574.51;573.51;1587.8;10;0.78;stop
219;2808.56;561.43;2838.91;560.61;2838.56;547.82;2808.22;548.64;10;0.78;stop
220;2955.83;561.05;2985.41;560.03;2984.92;545.95;2955.34;546.97;10;0.78;stop
221;1192.64;1011.72;1193.98;990.67;1142.86;987.41;1141.52;1008.46;9;0.82;stop
224;2924.18;1377.41;2930.15;1363.37;2895.07;1348.46;2889.1;1362.51;10;0.77;stop
225;1992.12;721.87;2004.62;721.61;2004.07;695.63;1991.57;695.89;10;0.79;stop
227;1306.2;1142.26;1307.24;1123.99;1258.8;1121.24;1257.76;1139.51;9;0.82;stop
228;2459.65;1204.23;2460.44;1190.36;2430.35;1188.65;2429.56;1202.52;10;0.79;stop
229;427.45;1536.1;428.71;1522.52;398.02;1519.68;396.76;1533.26;10;0.78;stop
230;1822.68;2025.03;1832.52;2000.21;1821.19;1995.72;1811.35;2020.54;10;0.74;stop
234;699.78;1955.01;700.56;1925.7;685.85;1925.3;685.06;1954.62;10;0.78;stop
238;1995.59;237.57;2008.83;237.39;2008.47;211.3;1995.23;211.49;10;0.77;stop
239;2610.81;434.77;2611.41;410.39;2599.81;410.11;2599.21;434.48;10;0.79;stop
242;1141.7;1129.94;1142.64;1116.58;1112.24;1114.43;1111.29;1127.79;10;0.82;stop
247;1667.63;1686.0;1669.22;1673.06;1643.24;1669.87;1641.65;1682.82;10;0.78;stop
249;637.35;1143.82;638.3;1129.96;605.77;1127.74;604.82;1141.6;10;0.75;stop
250;1496.44;948.65;1500.67;915.53;1487.06;913.79;1482.83;946.9;10;0.79;stop
252;3065.07;1540.88;3085.41;1528.29;3051.18;1472.99;3030.84;1485.58;9;0.72;stop
254;3202.03;1057.05;3202.15;1040.4;3164.53;1040.14;3164.42;1056.79;10;0.78;stop
256;103.9;1539.43;105.96;1524.28;71.76;1519.63;69.7;1534.79;10;0.75;stop
257;2515.15;1606.48;2518.29;1575.31;2504.23;1573.9;2501.09;1605.06;10;0.78;stop
258;2771.91;562.21;2802.68;560.91;2802.09;547.04;2771.32;548.34;10;0.77;stop
260;1351.04;1016.89;1351.83;1003.08;1321.96;1001.36;1321.17;1015.17;10;0.79;stop
261;1892.59;1224.51;1905.07;1221.59;1898.66;1194.24;1886.18;1197.16;10;0.78;stop
263;376.65;1569.99;377.44;1556.21;350.85;1554.7;350.06;1568.48;10;0.76;stop
265;1854.53;361.58;1855.2;328.31;1841.56;328.04;1840.9;361.31;10;0.79;stop
266;2604.19;567.36;2634.97;566.46;2634.56;552.29;2603.78;553.19;10;0.79;stop
267;3162.13;558.34;3191.53;555.82;3190.37;542.29;3160.97;544.8;10;0.8;stop
268;979.16;571.84;981.2;558.29;953.96;554.21;951.93;567.76;10;0.77;stop
270;3378.34;1161.63;3392.91;1134.67;3380.09;1127.74;3365.53;1154.71;10;0.8;stop
271;1188.02;1641.59;1189.31;1628.08;1161.55;1625.41;1160.25;1638.92;10;0.74;stop
272;1838.42;690.85;1852.43;690.68;1852.05;659.15;1838.04;659.32;10;0.78;stop
273;2004.63;796.01;2005.34;770.32;1993.25;769.99;1992.54;795.68;10;0.77;stop
277;2101.19;1116.64;2101.91;1101.16;2068.24;1099.61;2067.53;1115.09;10;0.82;stop
279;2824.02;1240.35;2825.97;1227.41;2799.34;1223.4;2797.39;1236.34;10;0.78;stop
281;1992.25;110.98;1993.38;81.36;1979.75;80.84;1978.62;110.45;10;0.74;stop
282;1839.6;271.98;1840.32;240.8;1825.27;240.46;1824.56;271.63;10;0.8;stop
283;2774.62;114.37;2802.2;114.16;2802.1;100.79;2774.52;100.99;10;0.63;stop
285;2005.49;380.97;2005.78;351.55;1991.26;351.4;1990.97;380.83;10;0.79;stop
286;1823.75;716.01;1839.41;715.33;1838.13;685.74;1822.46;686.42;10;0.79;stop
287;764.58;1102.96;765.47;1089.35;735.72;1087.41;734.83;1101.02;10;0.8;stop
289;3583.92;825.71;3598.92;796.73;3585.15;789.6;3570.14;818.58;10;0.78;stop
290;1778.14;2112.49;1791.79;2085.23;1779.86;2079.26;1766.21;2106.52;10;0.77;stop
291;3030.1;108.64;3061.1;105.98;3059.9;91.99;3028.9;94.64;10;0.72;stop
292;808.52;1106.44;809.69;1091.54;779.6;1089.19;778.44;1104.08;10;0.82;stop
294;1471.18;1146.97;1471.47;1134.0;1444.82;1133.41;1444.53;1146.38;10;0.78;stop
296;3675.01;1048.6;3708.76;1048.56;3708.74;1033.59;3674.99;1033.63;10;0.67;stop
297;1104.78;1869.79;1106.03;1839.59;1090.84;1838.96;1089.59;1869.16;10;0.78;stop
298;1006.23;1588.09;1007.55;1575.79;983.15;1573.16;981.82;1585.46;10;0.73;stop
299;1986.42;840.2;2000.65;839.15;1998.33;807.92;1984.1;808.98;10;0.77;stop
300;2919.24;561.85;2947.64;561.06;2947.26;547.4;2918.86;548.19;10;0.77;stop
301;2612.44;737.4;2613.14;709.7;2599.31;709.35;2598.61;737.05;10;0.77;stop
302;1685.02;1647.95;1686.74;1634.06;1656.23;1630.3;1654.51;1644.19;10;0.76;stop
303;1360.02;2140.58;1363.9;2110.31;1350.1;2108.55;1346.23;2138.81;10;0.79;stop
304;3279.51;1428.67;3291.3;1397.98;3276.42;1392.27;3264.64;1422.95;10;0.73;stop
305;3801.22;1470.51;3805.93;1456.79;3771.9;1445.12;3767.19;1458.83;10;0.77;stop
309;676.29;1595.56;677.41;1581.62;648.4;1579.28;647.28;1593.22;10;0.79;stop
310;1842.01;273.47;1855.52;273.46;1855.49;244.59;1841.98;244.6;10;0.78;stop
311;2610.82;686.95;2611.47;654.33;2597.55;654.05;2596.9;686.67;10;0.8;stop
312;2428.54;122.64;2428.63;107.62;2396.21;107.42;2396.12;122.44;10;0.72;stop
314;2672.11;565.04;2702.07;564.17;2701.64;549.65;2671.68;550.52;10;0.77;stop
315;707.49;934.46;712.5;922.99;689.39;912.89;684.37;924.36;10;0.76;stop
316;576.61;972.98;608.4;972.96;608.39;959.2;576.6;959.23;10;0.76;stop
317;960.95;1117.56;961.59;1102.3;929.33;1100.94;928.69;1116.2;10;0.75;stop
318;1107.7;1800.37;1109.89;1772.63;1095.61;1771.5;1093.42;1799.24;10;0.74;stop
319;2506.21;1699.24;2508.82;1671.41;2495.17;1670.13;2492.56;1697.96;10;0.78;stop
320;2610.57;222.38;2610.89;194.02;2597.81;193.87;2597.48;222.23;10;0.7;stop
321;2882.77;561.19;2914.06;561.0;2913.98;546.93;2882.69;547.12;10;0.76;stop
322;700.28;1097.14;700.28;1083.48;671.28;1083.48;671.28;1097.14;10;0.74;stop
324;3669.47;643.23;3681.29;612.78;3667.41;607.39;3655.59;637.84;10;0.77;stop
325;1909.24;1496.89;1921.41;1496.32;1920.26;1471.98;1908.09;1472.56;10;0.78;stop
326;1364.38;1657.51;1366.07;1644.52;1339.0;1640.99;1337.31;1653.98;10;0.72;stop
327;1736.42;558.98;1738.47;544.82;1706.27;540.15;1704.22;554.3;10;0.76;stop
328;2639.39;563.99;2666.45;562.61;2665.73;548.63;2638.68;550.01;10;0.77;stop
330;2233.31;566.51;2262.89;565.45;2262.38;551.18;2232.8;552.24;10;0.73;stop
331;1837.35;151.89;1839.6;125.96;1826.96;124.86;1824.71;150.79;10;0.77;stop
332;3017.2;561.66;3047.73;560.75;3047.3;546.46;3016.77;547.38;10;0.75;stop
333;2696.99;117.15;2728.9;116.28;2728.51;102.22;2696.6;103.09;10;0.75;stop
337;2641.44;118.45;2669.32;118.42;2669.31;104.86;2641.43;104.9;10;0.74;stop
340;750.75;951.18;752.05;920.87;737.77;920.26;736.47;950.57;10;0.76;stop
341;3364.68;1129.1;3380.44;1103.58;3367.51;1095.59;3351.74;1121.11;10;0.75;stop
342;3408.22;1060.31;3427.39;1035.47;3415.85;1026.56;3396.68;1051.41;10;0.78;stop
343;2609.07;473.05;2609.19;442.75;2595.93;442.7;2595.81;473.0;10;0.78;stop
344;570.78;1087.66;571.46;1073.74;542.97;1072.34;542.29;1086.26;10;0.75;stop
345;1462.53;1018.6;1462.78;1005.8;1435.47;1005.28;1435.22;1018.07;10;0.78;stop
346;3411.33;1096.99;3425.41;1073.93;3413.67;1066.76;3399.59;1089.82;10;0.75;stop
347;2658.55;1433.69;2674.78;1407.88;2663.45;1400.75;2647.22;1426.56;10;0.65;stop
350;1822.61;473.45;1837.58;473.4;1837.49;441.18;1822.51;441.23;10;0.76;stop
352;2521.51;1078.4;2522.2;1063.85;2493.37;1062.47;2492.68;1077.03;10;0.74;stop
353;679.87;1955.68;682.83;1924.12;668.26;1922.75;665.3;1954.32;10;0.74;stop
354;1843.77;122.68;1846.24;102.51;1835.45;101.19;1832.98;121.36;10;0.76;stop
355;3571.98;754.49;3585.14;726.49;3571.77;720.2;3558.61;748.2;10;0.68;stop
356;1491.31;983.04;1494.65;953.52;1480.94;951.96;1477.6;981.48;10;0.77;stop
357;1248.56;1607.95;1249.38;1595.48;1223.63;1593.8;1222.81;1606.27;10;0.76;stop
358;663.04;1955.27;665.46;1927.12;652.27;1925.98;649.85;1954.13;10;0.73;stop
359;1952.46;1900.29;1961.05;1859.56;1944.54;1856.08;1935.95;1896.81;10;0.77;stop
365;3265.45;1463.27;3276.52;1431.17;3260.48;1425.64;3249.42;1457.74;10;0.81;stop
366;3786.76;397.27;3799.92;367.08;3786.36;361.17;3773.2;391.36;10;0.76;stop
367;3507.83;553.65;3536.28;552.25;3535.6;538.54;3507.16;539.94;10;0.72;stop
368;1175.51;1603.01;1177.39;1591.27;1153.8;1587.49;1151.92;1599.23;10;0.75;stop
372;3328.85;1038.51;3361.17;1027.46;3356.46;1013.67;3324.14;1024.73;10;0.75;stop
373;3794.0;1048.73;3794.0;1034.4;3760.37;1034.4;3760.37;1048.73;10;0.75;stop
374;2004.77;868.43;2005.08;842.85;1992.55;842.7;1992.23;868.27;10;0.76;stop
375;1079.19;1000.06;1080.26;986.71;1052.12;984.44;1051.05;997.79;10;0.76;stop
376;867.16;1114.29;868.58;1103.72;848.46;1101.02;847.04;1111.59;10;0.75;stop
378;1679.03;1159.92;1680.27;1146.72;1652.09;1144.08;1650.85;1157.28;10;0.75;stop
379;1548.4;1024.62;1549.56;1010.78;1519.48;1008.26;1518.32;1022.1;10;0.75;stop
380;2613.5;974.27;2614.29;936.31;2598.25;935.98;2597.46;973.94;10;0.76;stop
381;2319.47;1196.36;2320.47;1183.03;2290.41;1180.76;2289.4;1194.1;10;0.76;stop
382;2824.6;113.98;2860.07;113.19;2859.69;96.02;2824.22;96.81;10;0.69;stop
383;902.32;564.21;904.41;551.24;877.06;546.84;874.97;559.81;10;0.72;stop
384;713.61;909.85;714.56;896.94;686.08;894.84;685.12;907.75;10;0.72;stop
385;409.53;1573.44;411.08;1560.99;385.47;1557.81;383.92;1570.26;10;0.73;stop
387;2125.23;127.56;2157.94;127.32;2157.83;112.63;2125.12;112.87;10;0.75;stop
388;2709.94;562.87;2738.6;561.68;2738.06;548.63;2709.4;549.82;10;0.76;stop
389;3603.86;109.9;3640.45;107.27;3639.26;90.72;3602.67;93.35;10;0.8;move
390;3654.12;674.61;3666.72;647.09;3652.76;640.7;3640.16;668.22;10;0.76;stop
391;2982.33;1274.06;2985.8;1259.99;2956.17;1252.69;2952.7;1266.76;10;0.81;stop
392;2610.09;847.21;2610.18;817.83;2597.16;817.79;2597.07;847.17;10;0.72;stop
393;1699.95;1033.72;1700.54;1019.48;1671.67;1018.28;1671.08;1032.52;10;0.75;stop
395;1354.03;1143.59;1354.6;1130.13;1325.72;1128.91;1325.15;1142.37;10;0.77;stop
396;2916.05;1399.8;2921.64;1379.94;2874.89;1366.76;2869.29;1386.63;9;0.57;stop
397;2512.99;123.66;2541.47;123.26;2541.26;108.65;2512.78;109.06;10;0.75;stop
398;2209.88;125.57;2235.82;125.41;2235.74;112.37;2209.8;112.53;10;0.68;stop
400;362.52;959.63;362.92;946.14;336.38;945.37;335.99;958.86;10;0.75;stop
401;2574.94;1044.05;2576.36;1014.29;2561.43;1013.58;2560.02;1043.34;10;0.78;stop
402;2776.54;1377.02;2778.22;1361.84;2742.34;1357.86;2740.65;1373.04;10;0.64;stop
403;2126.38;1346.16;2126.6;1331.83;2094.62;1331.34;2094.4;1345.67;10;0.76;stop
404;1993.14;1658.73;1993.89;1633.36;1982.61;1633.02;1981.86;1658.39;10;0.74;stop
405;3085.8;561.04;3085.9;546.37;3053.42;546.15;3053.31;560.81;10;0.75;stop
406;148.8;947.78;149.85;935.6;123.31;933.31;122.26;945.5;10;0.74;stop
407;330.57;958.75;330.86;946.33;306.93;945.78;306.64;958.2;10;0.73;stop
408;2163.57;565.76;2192.25;565.35;2192.06;551.93;2163.38;552.34;10;0.74;stop
409;2415.32;566.33;2445.49;566.21;2445.43;551.35;2415.26;551.48;10;0.77;stop
411;3550.45;1006.59;3582.15;1006.37;3582.05;991.22;3550.35;991.44;10;0.63;stop
413;1993.89;195.44;1994.53;172.21;1982.61;171.88;1981.97;195.11;10;0.76;stop
414;3769.2;433.14;3781.04;407.02;3768.3;401.24;3756.46;427.36;10;0.76;stop
415;3810.93;550.19;3811.29;536.23;3780.95;535.44;3780.58;549.39;10;0.63;stop
416;298.74;1068.23;298.74;1054.27;269.38;1054.27;269.38;1068.23;10;0.75;stop
419;1897.88;1256.52;1910.89;1254.75;1906.87;1225.23;1893.86;1227.0;10;0.75;stop
420;1996.43;1011.51;2009.62;1009.28;2004.82;980.87;1991.63;983.1;10;0.75;stop
421;2152.64;1347.06;2181.06;1345.92;2180.48;1331.56;2152.06;1332.71;10;0.74;stop
423;1910.78;2013.83;1921.08;1987.13;1908.22;1982.17;1897.92;2008.87;10;0.75;stop
426;480.4;1329.27;482.75;1315.41;452.42;1310.27;450.07;1324.12;10;0.76;stop
427;1400.7;1660.5;1402.15;1648.08;1373.55;1644.75;1372.1;1657.17;10;0.73;stop
428;657.64;1153.26;659.52;1124.86;645.48;1123.93;643.6;1152.33;10;0.7;stop
430;2860.01;1343.84;2860.59;1331.46;2835.49;1330.28;2834.91;1342.67;10;0.73;stop
431;2520.04;1555.94;2522.35;1525.28;2509.46;1524.31;2507.15;1554.97;10;0.64;stop
432;1164.14;1540.54;1167.62;1512.14;1153.92;1510.46;1150.44;1538.86;10;0.7;stop
436;3392.88;1128.78;3407.56;1102.65;3395.55;1095.91;3380.88;1122.04;10;0.72;stop
437;2492.13;1828.04;2494.97;1800.26;2482.24;1798.96;2479.4;1826.74;10;0.75;stop
438;2859.86;2074.4;2874.36;2064.52;2853.64;2034.1;2839.14;2043.98;10;0.68;stop
440;3621.28;1049.23;3621.49;1033.41;3588.1;1032.95;3587.88;1048.77;10;0.61;stop
441;647.11;1952.31;648.33;1922.91;635.39;1922.37;634.17;1951.78;10;0.68;stop
443;1664.11;1030.89;1664.55;1017.5;1637.76;1016.61;1637.32;1030.0;10;0.73;stop
446;1834.33;101.04;1835.17;74.25;1824.08;73.9;1823.24;100.69;10;0.73;stop
449;2681.13;1341.91;2683.04;1321.33;2630.75;1316.46;2628.83;1337.04;9;0.62;stop
451;1967.81;250.69;1988.08;250.53;1987.69;202.68;1967.42;202.85;9;0.73;stop
452;2274.42;126.12;2274.53;112.06;2243.2;111.82;2243.1;125.88;10;0.61;stop
453;2490.46;565.6;2520.02;565.35;2519.92;552.36;2490.35;552.61;10;0.76;stop
454;3561.72;88.1;3562.15;74.96;3535.15;74.09;3534.73;87.22;10;0.75;stop
455;2425.94;1354.61;2425.96;1340.93;2396.56;1340.89;2396.54;1354.57;10;0.74;stop
456;2464.83;1774.68;2468.15;1745.76;2455.55;1744.32;2452.23;1773.24;10;0.71;stop
459;2980.75;1459.08;2991.64;1447.13;2962.25;1420.35;2951.36;1432.31;10;0.69;stop
460;1904.97;1434.31;1921.86;1432.78;1917.78;1387.75;1900.89;1389.28;9;0.66;stop
461;2313.76;565.96;2341.29;565.63;2341.11;551.17;2313.59;551.49;10;0.73;stop
462;2451.48;1909.43;2455.19;1877.76;2441.89;1876.2;2438.18;1907.87;10;0.71;stop
463;3618.27;579.92;3619.44;565.51;3587.35;562.9;3586.18;577.3;10;0.65;move
464;2874.05;2038.68;2900.05;2026.2;2893.45;2012.44;2867.45;2024.93;10;0.62;stop
465;2126.54;564.93;2152.54;563.96;2152.02;549.94;2126.02;550.91;10;0.74;stop
468;1850.73;561.83;1851.8;535.57;1838.89;535.05;1837.82;561.3;10;0.73;stop
469;1865.65;1663.59;1866.75;1650.57;1841.23;1648.41;1840.13;1661.43;10;0.73;stop
470;3094.35;1234.07;3098.12;1217.77;3064.56;1209.99;3060.78;1226.29;10;0.81;stop
471;2611.1;113.77;2611.32;87.72;2598.4;87.61;2598.18;113.66;10;0.74;stop
472;2596.38;369.65;2609.0;369.49;2608.62;340.22;2596.0;340.39;10;0.71;stop
473;1328.35;1652.95;1329.29;1640.73;1304.15;1638.8;1303.21;1651.02;10;0.7;stop
474;2091.72;566.73;2120.66;565.92;2120.28;552.09;2091.34;552.9;10;0.68;stop
475;3467.24;1076.88;3476.86;1051.56;3463.69;1046.56;3454.08;1071.88;10;0.77;stop
478;3570.25;857.63;3581.42;827.37;3567.87;822.37;3556.7;852.63;10;0.63;stop
479;1981.09;1243.45;1981.85;1216.16;1968.97;1215.8;1968.21;1243.09;10;0.8;stop
481;3542.21;551.68;3569.69;549.78;3568.72;535.82;3541.25;537.72;10;0.74;stop
482;3531.38;942.34;3542.75;914.96;3528.93;909.22;3517.57;936.6;10;0.74;stop
485;357.7;1529.32;358.65;1515.96;328.08;1513.8;327.13;1527.16;10;0.68;stop
486;2112.13;1312.15;2158.64;1311.95;2158.56;1293.92;2112.05;1294.11;9;0.58;stop
489;3802.02;275.85;3813.37;246.94;3801.11;242.12;3789.75;271.03;10;0.59;stop
490;1438.5;1145.81;1439.14;1132.54;1411.12;1131.19;1410.48;1144.46;10;0.74;stop
492;1879.83;1875.85;1885.2;1850.43;1873.17;1847.9;1867.8;1873.32;10;0.72;stop
493;1425.31;843.75;1426.48;829.67;1392.81;826.88;1391.64;840.95;10;0.7;stop
494;2463.86;1358.0;2464.51;1345.69;2437.39;1344.25;2436.74;1356.56;10;0.7;stop
495;2533.21;1427.25;2534.57;1397.11;2521.04;1396.5;2519.68;1426.64;10;0.5;stop
496;3020.41;1282.94;3023.81;1268.87;2994.59;1261.81;2991.19;1275.88;10;0.81;stop
498;468.9;1368.09;471.61;1354.24;443.75;1348.79;441.04;1362.64;10;0.69;stop
499;466.11;958.62;466.64;947.6;440.92;946.38;440.39;957.4;10;0.58;stop
501;1092.77;2126.2;1108.14;2125.44;1106.6;2094.42;1091.24;2095.18;10;0.71;stop
502;2344.06;123.71;2376.1;123.63;2376.07;109.73;2344.02;109.8;10;0.55;stop
504;2452.86;565.74;2482.37;565.27;2482.14;551.1;2452.63;551.58;10;0.73;stop
505;3302.43;1480.04;3308.56;1467.3;3281.64;1454.34;3275.5;1467.07;10;0.78;stop
506;1168.44;1500.94;1174.7;1471.79;1162.0;1469.06;1155.74;1498.21;10;0.66;stop
507;3747.46;594.11;3747.86;577.82;3707.53;576.83;3707.14;593.12;10;0.6;stop
508;1826.67;1350.84;1837.76;1348.13;1831.83;1323.85;1820.74;1326.56;10;0.67;stop
509;1995.1;1619.56;1996.93;1584.03;1982.9;1583.31;1981.07;1618.84;10;0.74;stop
511;639.41;1127.43;640.83;1113.37;611.21;1110.38;609.8;1124.45;10;0.73;stop
515;3763.69;351.63;3780.03;318.99;3766.31;312.12;3749.97;344.76;10;0.64;stop
516;204.36;1061.93;205.32;1047.5;176.03;1045.57;175.07;1060.0;10;0.67;stop
517;3283.36;1162.4;3301.64;1133.37;3288.51;1125.1;3270.23;1154.13;10;0.59;stop
520;3641.03;704.97;3651.18;679.43;3637.72;674.09;3627.57;699.63;10;0.6;stop
521;82.28;913.96;87.24;887.35;72.64;884.63;67.69;911.24;10;0.67;stop
523;2609.65;646.02;2610.12;618.99;2597.6;618.76;2597.13;645.8;10;0.77;stop
525;346.69;1566.94;347.79;1553.46;319.87;1551.19;318.77;1564.66;10;0.7;stop
527;2291.74;1355.56;2293.66;1338.79;2249.51;1333.76;2247.59;1350.52;9;0.56;stop
528;3319.04;555.26;3350.73;554.4;3350.33;539.74;3318.64;540.6;10;0.72;stop
529;2369.84;1354.18;2370.97;1339.34;2337.91;1336.82;2336.78;1351.66;10;0.66;stop
530;1177.64;1459.8;1182.12;1435.93;1170.24;1433.7;1165.75;1457.57;10;0.7;stop
531;2231.63;1392.46;2234.28;1354.16;2219.06;1353.11;2216.41;1391.4;10;0.61;stop
534;1873.57;1924.52;1886.29;1887.93;1870.62;1882.48;1857.9;1919.07;9;0.77;stop
535;43.79;1049.51;45.18;1034.99;11.05;1031.74;9.67;1046.26;10;0.62;stop
537;2530.28;564.96;2558.46;563.41;2557.72;549.92;2529.54;551.46;10;0.69;stop
538;3806.03;358.24;3817.7;333.17;3804.59;327.07;3792.92;352.14;10;0.65;stop
539;363.63;909.97;379.94;908.86;377.93;879.25;361.62;880.36;10;0.56;stop
541;1760.69;1653.06;1761.64;1640.87;1733.56;1638.69;1732.61;1650.88;10;0.61;stop
542;579.83;501.04;583.1;488.87;555.48;481.46;552.22;493.63;10;0.56;stop
543;1921.66;1581.48;1923.05;1542.06;1907.84;1541.52;1906.45;1580.94;10;0.72;stop
545;3036.4;1548.44;3049.21;1542.21;3034.85;1512.68;3022.04;1518.91;10;0.7;stop
547;2610.53;322.72;2610.98;297.37;2598.97;297.16;2598.52;322.5;10;0.75;stop
548;3631.61;85.95;3666.28;85.08;3665.89;69.44;3631.22;70.31;10;0.73;stop
550;2482.93;1586.06;2483.26;1560.72;2471.2;1560.56;2470.87;1585.91;10;0.62;stop
551;3656.02;1005.73;3656.32;991.74;3628.35;991.14;3628.05;1005.13;10;0.76;stop
554;1307.67;1007.8;1308.8;995.76;1285.45;993.57;1284.32;1005.61;10;0.72;stop
555;769.44;1607.02;771.34;1593.65;744.62;1589.85;742.72;1603.23;10;0.63;stop
559;210.77;947.66;212.11;934.33;184.62;931.56;183.28;944.89;10;0.71;stop
561;2454.93;1872.28;2457.94;1843.82;2445.19;1842.47;2442.19;1870.93;10;0.59;stop
562;2710.95;2123.58;2726.44;2117.44;2713.9;2085.79;2698.4;2091.94;10;0.79;stop
563;3256.13;214.34;3270.77;214.33;3270.75;183.16;3256.1;183.17;10;0.54;stop
564;3300.97;1382.25;3316.47;1346.98;3299.03;1339.32;3283.53;1374.59;10;0.59;stop
565;540.48;489.27;543.9;477.05;517.96;469.79;514.54;482.01;10;0.62;stop
566;1396.23;1621.28;1397.25;1608.29;1372.4;1606.34;1371.38;1619.34;10;0.64;stop
567;2444.35;122.38;2470.71;121.76;2470.4;108.81;2444.04;109.43;10;0.62;stop
568;1500.86;908.65;1505.19;878.69;1491.64;876.73;1487.31;906.69;10;0.62;stop
569;3576.84;896.78;3589.11;870.15;3574.41;863.37;3562.14;890.01;10;0.54;stop
571;2488.49;1542.19;2491.28;1514.06;2478.01;1512.75;2475.22;1540.87;10;0.63;stop
572;3363.92;1413.54;3409.8;1408.39;3407.64;1389.12;3361.76;1394.27;10;0.47;stop
575;527.48;1583.29;528.3;1570.25;501.9;1568.59;501.08;1581.63;10;0.53;stop
576;3346.12;1156.75;3363.23;1129.37;3350.45;1121.38;3333.33;1148.76;10;0.62;stop
579;177.19;945.62;179.29;933.26;153.75;928.91;151.64;941.27;10;0.64;stop
580;1463.6;853.1;1465.33;840.61;1436.65;836.65;1434.92;849.14;10;0.65;stop
581;630.9;1950.69;631.68;1921.58;616.91;1921.18;616.13;1950.29;10;0.58;stop
582;663.65;971.97;688.83;970.63;688.22;959.28;663.05;960.62;10;0.68;stop
584;396.89;908.3;399.46;878.94;384.52;877.63;381.94;906.99;10;0.52;stop
585;192.24;1681.98;205.96;1681.62;205.26;1654.59;191.54;1654.94;10;0.6;stop
586;1026.94;949.05;1028.14;919.58;1014.37;919.02;1013.17;948.49;10;0.67;stop
587;3144.14;1309.42;3146.77;1294.75;3116.49;1289.33;3113.86;1304.0;10;0.75;stop
589;3195.95;1190.24;3200.04;1171.77;3147.17;1160.08;3143.09;1178.54;9;0.74;stop
590;506.16;1544.77;507.57;1531.47;478.22;1528.35;476.81;1541.65;10;0.56;stop
591;108.59;712.25;113.2;683.58;99.3;681.35;94.69;710.01;10;0.52;stop
592;1637.45;1158.26;1640.81;1143.81;1610.42;1136.74;1607.06;1151.19;10;0.63;stop
593;635.74;1162.05;636.91;1147.52;607.39;1145.14;606.21;1159.67;10;0.54;stop
594;3226.61;1382.72;3235.38;1348.25;3218.7;1344.0;3209.93;1378.47;10;0.74;stop
597;2936.56;2031.08;2948.95;2024.39;2934.44;1997.54;2922.05;2004.24;10;0.38;stop
598;3520.91;90.03;3520.94;77.14;3494.4;77.08;3494.37;89.97;10;0.65;stop
599;2152.53;1347.0;2160.87;1346.92;2160.72;1331.63;2152.38;1331.71;10;0.54;stop
600;206.58;2022.16;208.25;1990.15;193.96;1989.4;192.29;2021.41;10;0.54;stop
601;3330.18;1021.21;3341.36;1012.35;3320.45;985.97;3309.27;994.84;10;0.7;stop
602;430.25;2123.63;430.54;2108.87;399.44;2108.25;399.14;2123.01;10;0.5;stop
603;1511.04;1150.81;1511.7;1136.55;1482.59;1135.19;1481.92;1149.45;10;0.65;stop
604;3782.89;1283.03;3782.91;1248.23;3765.86;1248.22;3765.84;1283.02;10;0.55;stop
607;1445.63;1664.69;1447.3;1652.78;1416.37;1648.43;1414.7;1660.35;10;0.6;stop
608;362.46;2123.84;392.46;2123.39;392.23;2108.04;362.23;2108.49;10;0.47;stop
611;874.42;562.32;875.88;549.37;850.58;546.51;849.12;559.46;10;0.53;stop
612;2095.7;126.01;2121.14;125.31;2120.8;113.06;2095.36;113.75;10;0.6;stop
613;559.73;1128.24;564.9;1095.13;549.33;1092.7;544.16;1125.81;10;0.54;stop
615;534.41;1547.47;535.59;1535.47;511.84;1533.15;510.66;1545.15;10;0.53;stop
617;74.96;1052.32;75.79;1038.04;48.21;1036.43;47.38;1050.71;10;0.56;stop
618;1977.85;1476.27;1980.45;1432.82;1964.34;1431.86;1961.73;1475.3;9;0.74;stop
619;3122.8;1512.4;3139.6;1475.57;3122.82;1467.91;3106.02;1504.75;9;0.49;stop
620;3226.91;556.47;3257.41;555.23;3256.84;541.34;3226.34;542.59;10;0.72;stop
621;3387.65;1094.26;3405.6;1063.79;3391.41;1055.43;3373.47;1085.9;10;0.8;stop
623;1830.24;296.5;1843.44;277.63;1833.23;270.5;1820.03;289.37;10;0.64;stop
625;1182.78;1427.19;1187.26;1404.57;1175.22;1402.18;1170.74;1424.81;10;0.57;stop
626;1111.39;1762.95;1113.17;1733.19;1100.36;1732.42;1098.58;1762.18;10;0.4;stop
631;193.38;2068.09;207.66;2068.08;207.64;2036.29;193.35;2036.3;10;0.46;stop
634;2997.08;1435.24;3009.34;1423.49;2977.42;1390.19;2965.16;1401.94;10;0.71;stop
635;104.8;744.2;108.61;717.19;93.25;715.02;89.44;742.03;10;0.48;stop
636;2252.51;1315.48;2253.86;1302.92;2222.93;1299.58;2221.57;1312.15;10;0.49;stop
639;1912.88;1525.52;1916.58;1502.54;1905.37;1500.73;1901.67;1523.71;10;0.64;stop
640;3746.42;397.89;3761.34;363.39;3746.08;356.79;3731.16;391.3;9;0.42;stop
641;1930.04;1669.96;1940.83;1639.88;1928.05;1635.29;1917.26;1665.37;10;0.78;move
642;1515.75;774.86;1519.72;749.03;1508.25;747.26;1504.28;773.1;10;0.46;stop
643;952.72;569.8;954.08;556.36;925.09;553.44;923.73;566.88;10;0.49;stop
648;3430.59;1064.12;3442.94;1041.47;3430.97;1034.94;3418.62;1057.59;10;0.71;stop
649;3295.11;1080.63;3311.43;1075.3;3300.2;1040.93;3283.88;1046.27;10;0.75;stop
650;1200.35;1642.81;1201.18;1629.52;1194.03;1629.07;1193.19;1642.36;10;0.55;stop
652;1045.98;1592.72;1047.52;1581.29;1019.52;1577.53;1017.98;1588.96;10;0.42;stop
653;1902.48;1383.8;1917.23;1382.18;1913.52;1348.27;1898.77;1349.88;10;0.57;stop
657;2099.28;164.25;2126.83;163.27;2126.4;151.31;2098.86;152.29;10;0.49;stop
658;2572.99;279.15;2573.4;252.61;2561.13;252.42;2560.72;278.96;10;0.47;stop
660;1096.6;1595.56;1097.61;1583.57;1072.4;1581.44;1071.39;1593.43;10;0.44;stop
661;3664.07;547.66;3677.95;526.18;3667.18;519.21;3653.3;540.7;10;0.57;stop
663;2718.71;1430.6;2721.99;1386.1;2703.2;1384.71;2699.92;1429.21;9;0.48;stop
665;3744.34;1005.53;3744.35;993.24;3718.16;993.22;3718.15;1005.51;10;0.39;stop
667;1021.64;1626.44;1023.4;1614.87;999.99;1611.31;998.23;1622.88;10;0.38;stop
668;1045.9;1123.84;1046.85;1106.91;1008.91;1104.78;1007.96;1121.72;10;0.54;stop
670;2509.04;1326.17;2510.19;1311.82;2476.58;1309.14;2475.44;1323.49;9;0.47;stop
673;278.12;1560.33;278.36;1546.95;255.79;1546.55;255.55;1559.93;10;0.51;stop
675;3309.76;286.76;3311.37;257.27;3297.74;256.53;3296.13;286.01;10;0.49;stop
685;3681.96;516.87;3694.31;487.0;3681.16;481.57;3668.82;511.44;10;0.55;stop
687;2751.39;1232.98;2753.16;1215.42;2715.73;1211.65;2713.96;1229.21;9;0.77;stop
688;1686.41;1646.74;1687.06;1631.82;1679.82;1631.51;1679.16;1646.43;10;0.49;stop
695;3553.73;1124.09;3570.44;1095.1;3557.21;1087.47;3540.5;1116.46;10;0.46;stop
697;3747.91;478.64;3761.06;449.51;3746.47;442.92;3733.32;472.05;10;0.58;stop
698;2405.77;607.61;2405.81;592.86;2375.11;592.76;2375.06;607.52;10;0.49;stop
701;3240.35;1476.91;3254.92;1443.35;3237.78;1435.9;3223.2;1469.47;10;0.8;stop
712;797.81;1399.57;798.75;1385.1;767.98;1383.11;767.04;1397.59;10;0.56;stop
718;2835.0;1383.26;2836.94;1365.9;2789.63;1360.61;2787.69;1377.98;10;0.5;stop
730;833.52;1846.52;863.46;1846.32;863.36;1831.29;833.42;1831.5;10;0.4;stop
941;1996.06;448.98;1999.81;415.43;1986.06;413.9;1982.32;447.44;10;0.81;stop
983;3314.06;711.33;3314.59;684.88;3300.94;684.61;3300.41;711.06;10;0.67;stop
1080;2147.67;1117.78;2148.95;1102.43;2115.15;1099.6;2113.86;1114.94;10;0.81;stop
1281;3259.68;358.4;3273.73;357.9;3272.82;332.53;3258.77;333.03;10;0.41;stop
1284;3370.65;555.25;3398.44;554.53;3398.1;541.62;3370.31;542.35;10;0.5;stop
1399;1947.72;2162.79;1948.83;2137.53;1935.78;2136.96;1934.67;2162.22;10;0.66;stop
1467;1044.54;946.81;1045.72;918.46;1031.65;917.88;1030.47;946.23;10;0.59;stop
1557;1927.5;2165.25;1929.16;2137.56;1915.5;2136.75;1913.84;2164.44;10;0.55;stop
2202;3520.56;974.59;3532.18;942.04;3515.38;936.04;3503.77;968.6;10;0.38;stop
2431;2001.06;1250.89;2002.76;1215.81;1988.19;1215.11;1986.49;1250.19;10;0.81;stop
2556;1980.89;1286.09;1981.6;1257.87;1968.05;1257.53;1967.34;1285.75;10;0.82;stop
2732;1977.66;1336.17;1979.03;1303.64;1965.66;1303.08;1964.28;1335.61;10;0.79;stop
2802;3327.91;1279.65;3329.3;1265.99;3298.34;1262.85;3296.95;1276.51;10;0.82;stop
2946;1998.2;1301.73;2000.79;1266.64;1985.61;1265.52;1983.03;1300.61;10;0.83;stop
2991;236.7;949.75;241.58;938.13;219.87;929.0;214.98;940.62;10;0.64;stop
3144;1979.66;1378.33;1981.05;1344.75;1966.84;1344.17;1965.45;1377.75;10;0.8;stop
3212;30.23;967.82;31.49;953.52;0.44;950.77;-0.82;965.08;10;0.73;move
3358;204.89;1778.99;207.67;1746.42;191.91;1745.07;189.13;1777.65;10;0.64;stop
3438;1975.9;1514.91;1977.64;1483.42;1963.85;1482.66;1962.11;1514.14;10;0.81;stop
3439;2220.79;1061.92;2221.77;1049.36;2197.27;1047.46;2196.29;1060.02;10;0.72;stop
3500;3407.9;1355.88;3410.72;1340.28;3374.91;1333.81;3372.09;1349.41;10;0.81;stop
3653;1972.81;1552.62;1974.2;1519.85;1958.69;1519.19;1957.3;1551.96;10;0.82;stop
3980;1969.36;1598.13;1971.62;1564.05;1957.64;1563.12;1955.38;1597.2;10;0.82;stop
4249;2612.96;1058.78;2614.76;1030.08;2601.04;1029.22;2599.24;1057.92;10;0.71;stop
4257;1976.03;1805.45;1977.88;1783.15;1966.16;1782.18;1964.3;1804.48;10;0.59;stop
4376;3350.13;1305.9;3353.03;1290.18;3319.24;1283.95;3316.34;1299.66;10;0.83;move
4845;3196.57;556.29;3226.39;553.85;3225.31;540.58;3195.48;543.02;10;0.76;stop
4885;1952.55;308.93;1953.17;279.16;1939.86;278.88;1939.24;308.65;10;0.79;move
5189;3620.55;1389.89;3625.22;1374.77;3588.82;1363.55;3584.16;1378.67;10;0.81;move
5354;3771.42;1431.11;3776.47;1415.39;3743.58;1404.83;3738.53;1420.55;10;0.76;move
5411;1920.63;1085.85;1921.42;1071.35;1890.21;1069.65;1889.42;1084.15;10;0.81;move
5425;3661.8;1049.56;3662.27;1034.44;3633.82;1033.56;3633.36;1048.69;10;0.56;stop
5524;3154.67;1248.22;3158.1;1232.06;3120.02;1223.97;3116.58;1240.13;10;0.79;stop
5607;453.86;1143.1;454.47;1129.71;426.92;1128.46;426.31;1141.85;10;0.44;stop
5656;1997.1;582.77;2001.15;570.2;1971.9;560.79;1967.85;573.36;10;0.8;stop
5663;2302.6;1127.65;2303.63;1113.36;2272.4;1111.1;2271.37;1125.39;10;0.81;stop
5822;2178.5;1099.8;2179.42;1084.71;2146.75;1082.7;2145.83;1097.79;10;0.82;move
5971;3507.97;1349.08;3512.04;1334.53;3480.16;1325.61;3476.09;1340.15;10;0.64;move
6324;1950.49;152.59;1950.94;119.86;1936.58;119.66;1936.13;152.39;10;0.77;move
6376;2601.43;1014.77;2616.16;1014.66;2615.95;984.36;2601.22;984.46;10;0.72;stop
6567;3424.13;1331.92;3427.58;1316.87;3393.37;1309.02;3389.92;1324.07;10;0.8;move
6654;2316.38;1104.2;2317.0;1089.73;2286.74;1088.43;2286.12;1102.9;10;0.79;stop
6725;2527.04;1097.39;2527.99;1084.02;2495.71;1081.74;2494.76;1095.11;10;0.78;stop
6736;1996.0;1042.52;2005.75;1031.35;1982.0;1010.61;1972.25;1021.78;10;0.77;move
6814;3267.26;1308.59;3269.64;1295.08;3241.8;1290.16;3239.42;1303.67;10;0.81;move
6868;1581.6;1637.14;1582.58;1623.03;1551.53;1620.86;1550.54;1634.97;10;0.67;stop
6870;3487.58;1214.2;3490.65;1200.79;3462.11;1194.24;3459.04;1207.65;10;0.77;stop
6891;424.71;404.68;428.88;376.6;413.88;374.38;409.72;402.46;10;0.48;stop
6893;2049.57;1065.86;2052.9;1052.89;2025.18;1045.77;2021.85;1058.73;10;0.82;move
6921;3216.14;1285.76;3218.8;1269.15;3182.3;1263.3;3179.63;1279.92;10;0.77;move
7017;2349.88;1126.29;2349.93;1110.31;2315.12;1110.21;2315.07;1126.19;10;0.8;stop
7032;2129.53;1078.43;2130.15;1064.71;2104.97;1063.57;2104.35;1077.29;10;0.68;move
7063;3069.63;1261.51;3072.88;1246.73;3036.77;1238.8;3033.52;1253.58;10;0.8;move
7081;1563.2;1673.7;1564.51;1660.33;1535.05;1657.43;1533.74;1670.79;10;0.7;stop
7123;2371.56;1107.12;2372.42;1091.93;2338.44;1090.0;2337.58;1105.19;10;0.78;stop
7173;1759.92;1104.15;1760.79;1089.16;1729.83;1087.35;1728.96;1102.34;10;0.82;stop
7177;2413.41;1109.73;2413.5;1096.58;2387.71;1096.4;2387.62;1109.55;10;0.79;stop
7199;2203.08;1083.27;2204.14;1068.81;2173.92;1066.6;2172.86;1081.07;10;0.82;stop
7238;2485.75;1917.09;2487.57;1879.31;2474.0;1878.66;2472.18;1916.44;10;0.55;stop
7259;2458.96;1113.92;2459.69;1099.26;2431.04;1097.83;2430.31;1112.49;10;0.77;stop
7264;1527.45;1671.45;1528.78;1656.87;1497.67;1654.05;1496.35;1668.63;10;0.66;stop
7395;55.09;1496.19;56.63;1484.66;31.63;1481.31;30.09;1492.84;10;0.5;stop
7408;191.38;1510.74;191.7;1497.42;163.7;1496.76;163.38;1510.08;10;0.66;stop
7420;564.56;1587.26;565.89;1574.81;540.75;1572.12;539.42;1584.57;10;0.72;stop
7421;813.98;1532.7;827.56;1532.61;827.4;1506.49;813.82;1506.58;10;0.43;stop
7424;142.57;1543.19;144.43;1528.73;110.09;1524.31;108.22;1538.77;10;0.64;stop
7512;1777.57;2159.42;1793.87;2129.43;1780.8;2122.33;1764.5;2152.32;10;0.81;stop
7514;2312.66;1085.13;2313.33;1070.55;2284.84;1069.24;2284.17;1083.82;10;0.81;stop
7578;2950.17;1235.25;2953.13;1219.2;2917.18;1212.56;2914.21;1228.61;10;0.79;move
7610;2111.04;1096.3;2111.72;1082.18;2078.46;1080.58;2077.78;1094.69;10;0.78;move
7710;3512.56;1192.97;3532.75;1157.6;3515.88;1147.97;3495.69;1183.34;10;0.59;stop
7768;2792.93;1211.85;2794.69;1196.37;2758.57;1192.28;2756.81;1207.76;10;0.83;move
7775;2503.62;1116.24;2504.52;1101.76;2476.38;1100.01;2475.48;1114.49;10;0.74;stop
7776;1900.77;946.75;1915.7;946.52;1915.23;916.25;1900.3;916.48;10;0.66;stop
7792;3142.73;1265.19;3146.38;1249.33;3113.21;1241.69;3109.56;1257.55;10;0.78;move
7805;156.71;1508.67;158.72;1497.31;135.56;1493.2;133.54;1504.56;10;0.58;stop
7915;1944.59;1597.15;1945.61;1569.08;1932.34;1568.6;1931.33;1596.67;10;0.82;move
7970;2255.78;1083.41;2256.3;1068.68;2225.28;1067.59;2224.76;1082.32;10;0.81;stop
8013;2536.44;1189.03;2537.21;1174.95;2509.93;1173.47;2509.17;1187.55;10;0.82;move
8055;2606.38;1125.38;2607.68;1111.37;2580.62;1108.87;2579.32;1122.88;10;0.78;stop
8080;2579.73;1172.91;2580.54;1160.81;2556.65;1159.22;2555.84;1171.31;10;0.82;move
8133;2014.49;79.45;2014.78;57.95;2003.64;57.8;2003.34;79.3;10;0.63;stop
8148;1832.82;840.82;1846.58;840.74;1846.4;811.8;1832.64;811.89;10;0.81;stop
8220;2651.74;1129.47;2653.06;1116.63;2625.26;1113.78;2623.94;1126.62;10;0.82;stop
8263;1959.91;437.21;1959.97;408.82;1946.09;408.79;1946.03;437.18;10;0.75;move
8327;1876.11;940.21;1895.87;940.12;1895.64;889.6;1875.88;889.69;9;0.7;stop
8332;1090.6;2088.15;1105.85;2087.7;1105.03;2059.35;1089.77;2059.8;10;0.48;stop
8359;2405.91;1168.67;2406.52;1154.66;2376.09;1153.33;2375.48;1167.34;10;0.77;move
8466;2219.67;1162.83;2220.33;1150.42;2194.45;1149.05;2193.8;1161.46;10;0.79;move
8477;3438.88;972.42;3458.08;944.66;3443.31;934.45;3424.11;962.21;10;0.38;stop
8494;1894.3;877.26;1895.2;847.22;1881.2;846.8;1880.3;876.84;10;0.8;stop
8498;1946.22;567.12;1946.97;542.49;1935.03;542.13;1934.28;566.76;10;0.77;move
8520;2404.18;1090.9;2404.69;1075.74;2374.44;1074.72;2373.93;1089.88;10;0.79;stop
8541;1962.28;1675.24;1966.01;1642.79;1952.72;1641.26;1948.99;1673.71;10;0.78;stop
8579;1815.52;1166.16;1815.7;1150.59;1783.36;1150.22;1783.18;1165.78;10;0.8;stop
8588;1971.32;1634.92;1973.88;1607.34;1961.68;1606.2;1959.12;1633.79;10;0.82;stop
8606;1808.02;2103.75;1824.27;2072.3;1811.11;2065.5;1794.85;2096.95;10;0.82;move
8622;2447.03;1092.84;2447.68;1077.62;2413.72;1076.16;2413.07;1091.38;10;0.82;stop
8667;2695.13;1134.92;2696.69;1120.66;2666.25;1117.33;2664.69;1131.59;10;0.81;stop
8668;1945.28;814.66;1945.46;780.67;1930.54;780.59;1930.35;814.58;10;0.81;move
8769;733.67;1098.99;734.23;1084.67;704.46;1083.51;703.9;1097.83;10;0.58;stop
8790;1953.6;1750.5;1957.89;1723.17;1945.65;1721.25;1941.36;1748.58;10;0.81;stop
8808;206.62;2134.95;208.08;2103.28;192.29;2102.55;190.83;2134.22;10;0.56;stop
8835;1944.25;975.07;1946.96;945.41;1933.53;944.18;1930.82;973.84;10;0.79;move
8848;1915.68;902.83;1915.84;873.62;1902.2;873.54;1902.04;902.76;10;0.77;stop
8894;1879.26;823.02;1894.11;822.96;1893.99;789.11;1879.14;789.16;10;0.81;stop
8972;2620.69;1106.04;2622.66;1092.2;2591.06;1087.71;2589.09;1101.55;10;0.79;stop
9029;2756.74;1144.31;2758.93;1127.46;2721.19;1122.57;2719.0;1139.42;10;0.78;stop
9069;1840.44;520.91;1858.11;520.32;1856.31;466.84;1838.64;467.43;9;0.75;stop
9094;1950.52;1808.16;1957.21;1773.29;1942.45;1770.46;1935.76;1805.33;10;0.82;stop
9113;2802.5;1148.82;2804.8;1133.83;2769.06;1128.37;2766.77;1143.35;10;0.62;stop
9209;1915.99;737.01;1916.16;708.7;1902.26;708.61;1902.09;736.93;10;0.78;stop
9255;2878.07;1156.28;2880.22;1143.7;2851.18;1138.72;2849.03;1151.3;10;0.78;stop
9261;1854.64;936.48;1856.35;911.68;1843.15;910.77;1841.43;935.57;10;0.78;stop
9284;66.26;953.13;67.41;936.29;27.9;933.59;26.75;950.43;10;0.52;stop
9302;3826.21;314.08;3842.6;283.64;3829.42;276.54;3813.03;306.98;10;0.79;stop
9324;2920.36;1164.82;2922.95;1151.04;2889.89;1144.81;2887.3;1158.58;10;0.8;stop
9326;1937.19;1846.46;1942.31;1821.17;1930.56;1818.79;1925.44;1844.08;10;0.81;stop
9327;1880.68;761.8;1894.98;761.73;1894.82;732.2;1880.52;732.27;10;0.82;stop
9382;991.86;1622.58;992.5;1609.78;965.36;1608.42;964.72;1621.22;10;0.41;stop
9439;1981.26;1704.36;1987.94;1692.1;1962.99;1678.52;1956.31;1690.78;10;0.78;stop
9511;1929.25;1887.2;1938.61;1853.9;1924.9;1850.05;1915.55;1883.35;10;0.83;stop
9564;3011.89;1180.68;3016.09;1161.43;2954.83;1148.07;2950.63;1167.32;10;0.6;stop
9581;1859.81;949.83;1874.98;949.5;1874.25;915.98;1859.08;916.32;10;0.76;stop
9694;1895.24;726.58;1895.63;697.86;1882.51;697.67;1882.12;726.39;10;0.8;stop
9706;2661.8;1111.92;2663.48;1096.99;2628.7;1093.08;2627.02;1108.01;10;0.84;stop
9707;1860.63;895.56;1863.18;867.94;1850.37;866.75;1847.82;894.38;10;0.78;stop
9739;1873.71;2089.8;1883.76;2063.15;1870.29;2058.08;1860.24;2084.72;10;0.65;stop
9819;3053.92;1193.98;3057.03;1179.72;3026.33;1173.02;3023.22;1187.28;10;0.82;stop
9863;1875.82;854.96;1876.82;823.97;1863.68;823.54;1862.68;854.53;10;0.81;stop
9864;1712.6;1102.26;1713.17;1090.31;1690.52;1089.24;1689.95;1101.19;10;0.77;stop
9869;1902.47;659.79;1917.43;659.13;1915.97;626.08;1901.01;626.74;10;0.79;stop
9883;1962.81;614.79;1963.69;585.42;1950.41;585.02;1949.53;614.4;10;0.79;move
9947;2183.17;586.57;2207.44;586.38;2207.33;573.3;2183.06;573.5;10;0.71;stop
9954;1682.92;1100.53;1683.87;1087.27;1657.21;1085.35;1656.25;1098.6;10;0.82;stop
10014;1943.03;685.53;1957.34;685.04;1956.22;652.1;1941.91;652.59;10;0.79;move
10023;3097.84;1206.49;3101.06;1191.98;3069.97;1185.07;3066.75;1199.58;10;0.81;stop
10037;2128.98;585.89;2160.59;585.19;2160.27;570.61;2128.66;571.31;10;0.77;stop
10040;536.06;2093.81;536.55;2080.92;511.13;2079.94;510.63;2092.83;10;0.36;stop
10051;1874.81;810.34;1875.24;780.6;1862.44;780.41;1862.01;810.15;10;0.8;stop
10080;3299.88;1125.2;3307.38;1096.27;3294.5;1092.93;3286.99;1121.85;10;0.48;stop
10090;1896.48;687.25;1897.33;658.63;1884.55;658.25;1883.7;686.87;10;0.79;stop
10096;1642.91;1097.1;1643.64;1083.64;1613.96;1082.02;1613.23;1095.48;10;0.81;stop
10155;2112.86;1156.5;2113.47;1142.14;2081.14;1140.75;2080.53;1155.11;10;0.8;move
10205;2048.39;587.32;2076.83;586.85;2076.61;573.68;2048.17;574.15;10;0.79;stop
10256;1964.48;849.31;1964.69;816.34;1950.52;816.25;1950.31;849.23;10;0.78;move
10356;2834.05;1152.83;2835.92;1139.58;2807.83;1135.61;2805.95;1148.86;10;0.77;stop
10399;3556.54;312.12;3571.48;310.4;3568.0;280.38;3553.06;282.1;10;0.36;stop
10481;2050.05;1091.69;2051.09;1078.23;2024.7;1076.18;2023.66;1089.64;10;0.73;move
10492;2090.24;586.64;2120.28;585.44;2119.69;570.98;2089.66;572.19;10;0.7;stop
10574;2650.11;1219.14;2651.7;1204.66;2639.88;1203.36;2638.29;1217.84;10;0.72;stop
10689;2708.0;1114.37;2709.47;1099.58;2675.94;1096.25;2674.48;1111.05;10;0.83;stop
10691;1961.96;915.76;1961.98;889.31;1948.45;889.3;1948.43;915.75;10;0.76;move
10812;2327.47;1162.2;2328.2;1147.82;2298.16;1146.3;2297.43;1160.68;10;0.75;move
10829;1917.41;870.84;1917.59;836.42;1902.72;836.35;1902.53;870.76;10;0.8;stop
10890;438.8;1575.0;439.98;1562.6;417.61;1560.47;416.43;1572.86;10;0.59;stop
10983;1972.33;1149.96;1973.39;1137.06;1947.36;1134.92;1946.3;1147.81;10;0.78;move
11012;1998.16;1527.25;1998.77;1500.97;1986.59;1500.69;1985.98;1526.96;10;0.47;stop
11017;3146.95;1218.3;3151.01;1201.01;3112.74;1192.01;3108.67;1209.31;10;0.82;stop
11020;507.74;479.36;511.01;466.26;482.26;459.08;478.99;472.18;10;0.36;stop
11056;1859.91;1148.7;1860.92;1132.88;1824.47;1130.55;1823.46;1146.37;10;0.81;move
11068;1095.89;2152.47;1108.45;2151.77;1107.24;2130.03;1094.68;2130.73;10;0.55;stop
11075;2006.21;587.0;2035.64;586.79;2035.54;572.88;2006.11;573.08;10;0.78;stop
11131;1523.46;1091.92;1524.23;1076.57;1489.29;1074.83;1488.52;1090.18;10;0.83;move
11132;487.71;1581.79;488.46;1571.63;467.6;1570.08;466.85;1580.24;10;0.42;stop
11175;1930.21;1132.0;1931.14;1117.88;1898.92;1115.75;1897.99;1129.87;10;0.8;move
11254;1873.16;762.39;1873.38;736.22;1860.72;736.11;1860.49;762.28;10;0.79;stop
11270;1816.29;1127.49;1817.02;1112.9;1784.17;1111.26;1783.45;1125.85;10;0.83;move
11272;1917.37;792.81;1917.47;760.86;1903.04;760.81;1902.94;792.77;10;0.8;stop
11354;2228.45;587.17;2257.66;586.06;2257.11;571.58;2227.9;572.69;10;0.64;stop
11360;564.64;1067.36;565.36;1053.83;536.92;1052.33;536.2;1065.86;10;0.79;move
11410;620.13;512.44;623.6;499.74;593.93;491.62;590.46;504.33;10;0.36;stop
11449;3333.79;1143.52;3349.07;1113.92;3334.64;1106.48;3319.37;1136.08;10;0.78;stop
11473;273.98;953.44;274.6;941.87;254.3;940.78;253.68;952.35;10;0.44;stop
11493;1875.34;705.94;1876.16;671.4;1861.91;671.06;1861.09;705.6;10;0.81;stop
11494;2476.71;1092.96;2477.27;1081.51;2457.16;1080.54;2456.61;1091.99;10;0.72;stop
11544;1542.68;1130.41;1543.34;1115.38;1511.7;1113.97;1511.03;1129.0;10;0.82;move
11584;2569.53;106.13;2571.81;83.49;2560.09;82.31;2557.81;104.94;10;0.42;stop
11630;3054.92;1173.9;3057.84;1161.37;3029.83;1154.85;3026.91;1167.38;10;0.81;stop
11638;1399.28;1120.36;1399.95;1107.28;1374.97;1106.01;1374.3;1119.1;10;0.8;move
11718;3354.3;94.33;3383.05;93.21;3382.57;80.98;3353.82;82.1;10;0.44;stop
11755;1873.61;659.84;1874.56;631.01;1860.45;630.54;1859.5;659.37;10;0.81;stop
11807;1896.17;618.44;1896.4;591.05;1882.9;590.94;1882.67;618.32;10;0.77;stop
11820;1904.94;698.43;1918.92;698.27;1918.56;667.88;1904.58;668.04;10;0.8;stop
11841;1270.86;1110.26;1271.04;1098.42;1249.7;1098.11;1249.53;1109.95;10;0.73;move
11858;1876.66;616.15;1877.46;586.88;1862.84;586.47;1862.04;615.75;10;0.81;stop
11863;1909.72;1952.51;1920.05;1920.68;1906.75;1916.36;1896.42;1948.2;10;0.82;move
11946;3129.34;1193.05;3133.74;1177.97;3101.28;1168.51;3096.89;1183.59;10;0.81;stop
11947;1896.64;576.27;1897.08;548.96;1882.98;548.73;1882.54;576.04;10;0.79;stop
11991;3237.24;1217.87;3240.42;1202.85;3209.01;1196.2;3205.83;1211.22;10;0.8;stop
11992;3341.11;136.73;3370.3;135.21;3369.52;120.14;3340.32;121.67;10;0.36;stop
12005;3187.92;1225.91;3191.38;1210.78;3158.02;1203.15;3154.56;1218.29;10;0.73;stop
12015;1155.17;1089.63;1155.91;1075.36;1124.64;1073.75;1123.91;1088.02;10;0.78;move
12020;1874.09;574.68;1875.32;546.47;1860.54;545.82;1859.3;574.03;10;0.8;stop
12050;1883.59;530.7;1898.0;530.43;1897.44;499.8;1883.03;500.07;10;0.71;stop
12085;3283.66;1037.69;3298.13;1035.35;3293.84;1008.87;3279.37;1011.22;10;0.8;stop
12086;23.6;1487.64;24.05;1475.68;2.09;1474.86;1.64;1486.82;10;0.74;stop
12089;2559.73;1083.41;2560.69;1067.42;2526.02;1065.34;2525.06;1081.33;10;0.72;stop
12099;1219.56;1110.78;1219.89;1096.11;1186.82;1095.34;1186.48;1110.02;10;0.81;move
12117;2000.85;1427.48;2001.56;1406.85;1988.4;1406.4;1987.69;1427.02;10;0.57;stop
12118;1862.8;533.81;1877.58;533.39;1876.7;502.32;1861.92;502.74;10;0.8;stop
12123;1838.3;891.58;1838.86;856.92;1823.58;856.67;1823.02;891.33;10;0.57;stop
12143;3236.71;1239.54;3239.92;1227.09;3214.22;1220.46;3211.01;1232.91;10;0.68;stop
12174;1147.97;1106.32;1148.47;1092.39;1115.15;1091.18;1114.65;1105.11;10;0.81;move
12205;1525.62;173.84;1537.58;172.91;1535.5;146.22;1523.54;147.15;10;0.39;stop
12228;1896.57;653.38;1896.77;630.34;1885.02;630.24;1884.82;653.28;10;0.76;stop
12240;1698.19;1687.17;1700.17;1675.22;1674.56;1670.96;1672.58;1682.9;10;0.51;stop
12244;1034.31;1097.34;1035.37;1081.97;1000.07;1079.53;999.0;1094.9;10;0.8;move
12262;2604.1;155.76;2629.3;152.68;2627.9;141.24;2602.7;144.32;10;0.59;stop
12288;1842.96;65.86;1843.81;38.63;1830.36;38.2;1829.5;65.44;10;0.76;stop
12303;3291.9;1229.34;3295.17;1214.27;3258.41;1206.28;3255.14;1221.35;10;0.8;stop
12304;980.22;1078.96;981.16;1065.31;951.03;1063.23;950.09;1076.88;10;0.8;move
12308;1887.59;480.39;1901.83;480.14;1901.32;451.11;1887.08;451.36;10;0.79;stop
12329;1882.66;2015.82;1893.88;1990.03;1881.59;1984.68;1870.37;2010.47;10;0.76;move
12330;3576.93;317.36;3590.56;314.25;3583.69;284.27;3570.07;287.4;10;0.36;stop
12338;917.83;1115.49;918.27;1099.51;881.89;1098.51;881.45;1114.49;10;0.39;stop
12400;3285.51;1251.03;3289.21;1235.02;3253.55;1226.78;3249.85;1242.79;10;0.82;stop
12425;1860.88;490.19;1874.29;490.11;1874.12;461.56;1860.71;461.64;10;0.79;stop
12435;861.04;1069.6;861.84;1057.59;840.52;1056.18;839.72;1068.2;10;0.39;move
12448;946.22;1095.35;946.77;1081.77;917.53;1080.58;916.98;1094.17;10;0.78;move
12478;2834.07;1383.73;2836.19;1365.46;2788.12;1359.86;2785.99;1378.14;9;0.51;stop
12494;1200.29;1135.28;1200.59;1122.42;1192.21;1122.22;1191.91;1135.08;10;0.43;stop
12525;3326.18;1256.28;3329.18;1240.82;3292.57;1233.72;3289.57;1249.17;10;0.8;stop
12531;1882.15;427.41;1896.33;427.05;1895.6;398.34;1881.42;398.7;10;0.75;move
12537;864.31;1091.55;865.3;1077.06;835.37;1075.02;834.38;1089.5;10;0.81;move
12540;567.39;972.79;568.86;960.01;547.3;957.52;545.82;970.3;10;0.37;stop
12571;206.38;984.62;206.7;970.77;176.35;970.07;176.04;983.92;10;0.7;move
12582;1486.16;1753.96;1491.61;1742.77;1470.34;1732.42;1464.89;1743.61;10;0.35;stop
12586;3481.03;992.36;3493.83;959.71;3478.97;953.89;3466.17;986.54;10;0.79;move
12596;3601.87;1409.85;3606.66;1394.87;3570.95;1383.43;3566.15;1398.42;10;0.46;stop
12616;1530.67;627.04;1533.98;601.83;1522.58;600.33;1519.27;625.55;10;0.35;stop
12620;1598.6;1092.8;1599.25;1080.01;1568.28;1078.45;1567.63;1091.24;10;0.81;stop
12626;773.29;1081.22;774.34;1065.26;740.18;1063.03;739.14;1078.99;10;0.82;move
12638;2594.91;1072.23;2595.3;1044.08;2581.96;1043.89;2581.57;1072.05;10;0.72;stop
12715;3706.83;570.74;3737.62;569.31;3736.92;554.26;3706.13;555.69;10;0.6;stop
12727;3339.23;1234.7;3342.39;1221.0;3312.33;1214.05;3309.17;1227.75;10;0.81;stop
12744;2010.57;45.41;2011.19;22.42;1998.93;22.09;1998.31;45.08;10;0.67;stop
12751;445.53;1060.89;446.36;1045.75;410.4;1043.79;409.58;1058.93;10;0.75;move
12762;683.2;1071.54;684.33;1058.14;654.61;1055.65;653.48;1069.05;10;0.76;move
12778;6.6;1045.8;7.13;1031.98;-0.17;1031.7;-0.7;1045.52;10;0.53;stop
12800;3784.18;308.56;3794.28;287.58;3783.32;282.29;3773.22;303.28;10;0.4;stop
12805;3395.44;1201.25;3412.03;1197.89;3405.18;1164.07;3388.6;1167.42;10;0.67;move
12829;336.05;1049.03;336.19;1035.29;310.82;1035.03;310.68;1048.77;10;0.66;move
12830;536.04;1045.77;536.28;1033.18;508.33;1032.66;508.1;1045.26;10;0.77;move
12838;206.95;1984.44;208.69;1952.03;192.89;1951.18;191.15;1983.6;10;0.35;stop
12842;1897.8;358.15;1899.31;332.22;1886.61;331.47;1885.09;357.41;10;0.79;move
12871;1764.54;1166.05;1764.86;1154.48;1736.46;1153.7;1736.14;1165.27;10;0.45;stop
12894;3449.8;1258.92;3453.15;1247.2;3429.57;1240.46;3426.22;1252.18;10;0.7;move
12903;1388.5;841.97;1389.5;830.71;1366.48;828.65;1365.47;839.91;10;0.37;stop
12912;3807.19;1318.41;3810.25;1286.19;3794.06;1284.66;3791.0;1316.86;10;0.4;stop
12922;1901.71;318.22;1902.21;287.27;1887.2;287.03;1886.7;317.98;10;0.73;move
12938;2691.05;2136.96;2708.81;2129.54;2690.91;2086.75;2673.15;2094.17;10;0.38;stop
12976;1430.07;1090.93;1431.15;1071.77;1383.56;1069.07;1382.47;1088.23;9;0.82;move
12977;250.8;1044.83;251.78;1027.5;194.28;1024.23;193.29;1041.56;9;0.73;move
12994;3538.63;1285.59;3543.3;1270.44;3508.56;1259.73;3503.89;1274.87;10;0.8;move
12996;1212.89;1135.97;1213.81;1123.53;1191.79;1121.9;1190.88;1134.35;10;0.46;stop
13009;979.64;937.61;980.48;911.77;966.61;911.32;965.77;937.17;10;0.36;stop
13033;683.75;1576.65;685.1;1561.8;652.19;1558.82;650.84;1573.67;10;0.77;move
13035;3108.0;451.32;3121.04;450.91;3120.75;441.93;3107.71;442.34;10;0.42;stop
13036;249.69;1079.2;261.18;1052.55;246.25;1046.11;234.76;1072.76;10;0.7;stop
13060;1876.22;145.54;1876.56;113.93;1862.16;113.78;1861.82;145.38;10;0.79;move
13062;1554.15;1202.49;1555.66;1190.11;1530.41;1187.01;1528.9;1199.39;10;0.37;stop
13066;27.42;1528.71;29.46;1515.21;3.18;1511.25;1.15;1524.75;10;0.37;stop
13084;3635.97;1325.12;3642.37;1304.86;3586.53;1287.23;3580.13;1307.48;9;0.83;move
13092;1886.92;219.79;1902.87;219.37;1902.08;189.15;1886.13;189.56;10;0.78;move
13104;2140.25;1062.0;2140.61;1042.6;2094.25;1041.75;2093.89;1061.15;9;0.39;stop
13105;3648.42;635.25;3661.83;606.27;3649.08;600.37;3635.67;629.35;10;0.67;move
13106;1839.78;2105.06;1857.6;2064.27;1841.97;2057.44;1824.15;2098.23;10;0.54;move
13111;460.73;1392.67;465.49;1379.76;438.7;1369.86;433.93;1382.76;10;0.36;stop
13118;2266.42;1104.45;2267.38;1088.41;2232.27;1086.29;2231.31;1102.33;10;0.7;stop
13119;64.27;1533.23;66.35;1518.02;34.48;1513.65;32.4;1528.86;10;0.37;stop
13142;238.39;1207.9;242.09;1181.88;228.25;1179.91;224.55;1205.93;10;0.47;move
13158;132.32;1032.58;133.07;1017.46;101.0;1015.85;100.25;1030.98;10;0.71;move
13171;3509.45;1382.43;3513.53;1366.6;3477.8;1357.41;3473.73;1373.24;10;0.36;stop
13174;1337.66;1085.3;1338.39;1071.78;1309.47;1070.2;1308.73;1083.72;10;0.81;move
13185;189.13;1578.24;203.66;1567.09;179.54;1535.67;165.01;1546.82;10;0.38;stop
13189;805.14;1869.78;805.64;1855.05;773.92;1853.97;773.42;1868.7;10;0.36;stop
13192;3066.98;1556.01;3078.52;1552.48;3071.77;1530.43;3060.23;1533.96;10;0.37;stop
13209;719.8;1147.84;722.31;1135.12;693.02;1129.34;690.51;1142.06;10;0.37;stop
13218;1877.39;941.12;1896.9;940.71;1895.86;890.38;1876.35;890.79;10;0.44;stop
13222;1046.71;1124.23;1047.63;1107.29;1008.29;1105.15;1007.37;1122.08;9;0.53;stop
13228;222.81;2066.95;223.57;2034.03;208.21;2033.68;207.45;2066.6;10;0.59;move
13235;1984.62;919.89;1985.54;867.51;1966.38;867.17;1965.46;919.55;9;0.61;stop
13242;2610.81;187.81;2611.39;164.04;2599.81;163.75;2599.23;187.53;10;0.59;stop
13244;1879.34;72.38;1879.55;36.84;1863.73;36.74;1863.51;72.29;10;0.8;move
13246;67.98;1014.84;68.81;999.77;36.37;997.98;35.54;1013.04;10;0.8;move
13252;3012.2;1182.42;3017.16;1162.55;2952.18;1146.33;2947.22;1166.2;9;0.37;stop
13255;3781.99;1369.64;3786.32;1356.34;3755.51;1346.3;3751.18;1359.59;10;0.73;move
13257;3158.46;101.33;3187.71;100.82;3187.47;87.11;3158.23;87.61;10;0.36;stop
13260;1076.96;1127.23;1078.05;1111.8;1047.42;1109.64;1046.33;1125.07;9;0.4;stop
13264;1880.67;314.36;1882.41;233.38;1862.2;232.95;1860.46;313.93;9;0.59;stop
13267;1840.06;2105.92;1858.64;2064.86;1842.81;2057.7;1824.24;2098.77;9;0.48;stop
13269;2428.94;137.82;2429.03;126.21;2401.43;126.0;2401.34;137.61;10;0.66;move
13270;1901.83;75.05;1902.13;47.17;1887.36;47.01;1887.06;74.89;10;0.81;move
13280;1812.79;2152.0;1822.23;2131.49;1811.72;2126.66;1802.28;2147.16;10;0.44;move
13292;1978.93;1475.78;1981.01;1432.62;1963.82;1431.79;1961.74;1474.94;10;0.4;stop
13294;3642.09;1346.07;3646.77;1330.2;3610.41;1319.47;3605.73;1335.35;10;0.55;move
13296;2159.4;1097.86;2160.23;1083.12;2147.1;1082.39;2146.27;1097.13;10;0.69;stop
13298;3026.98;1473.37;3040.71;1461.56;3009.58;1425.38;2995.86;1437.19;10;0.37;stop
13301;720.8;532.57;723.59;504.85;708.89;503.37;706.09;531.09;10;0.41;stop
13302;3122.95;1512.5;3139.07;1476.51;3121.73;1468.75;3105.61;1504.74;10;0.35;stop
13303;2371.65;1071.72;2372.2;1056.74;2342.85;1055.66;2342.3;1070.64;10;0.71;stop
13305;1902.6;1385.11;1917.15;1383.83;1913.87;1346.39;1899.32;1347.67;9;0.38;stop
13306;3463.78;935.32;3480.96;910.83;3469.97;903.12;3452.79;927.6;10;0.36;stop
13307;2646.31;1194.97;2646.86;1180.95;2639.3;1180.65;2638.75;1194.68;10;0.54;stop
