vehicle_id;veh_bb_x1;veh_bb_y1;veh_bb_x2;veh_bb_y2;veh_bb_x3;veh_bb_y3;veh_bb_x4;veh_bb_y4;det_class;conf_score;state
1;2028.56;1240.57;2029.07;1208.79;2014.69;1208.56;2014.18;1240.34;10;0.8;move
3;3145.63;1198.11;3147.63;1182.2;3110.31;1177.51;3108.31;1193.42;10;0.81;stop
7;855.57;1172.88;856.0;1158.63;826.3;1157.74;825.88;1172.0;10;0.83;stop
8;1999.58;1283.95;2015.0;1283.68;2014.42;1250.67;1999.0;1250.95;10;0.78;move
10;2951.04;1037.08;2952.44;1021.82;2920.05;1018.86;2918.66;1034.12;10;0.82;stop
11;645.46;1083.97;675.16;1080.67;673.6;1066.65;643.9;1069.96;10;0.81;move
13;992.64;1091.81;1020.47;1090.82;1019.99;1077.19;992.16;1078.18;10;0.79;move
14;880.28;1082.47;909.97;1079.81;908.76;1066.28;879.06;1068.94;10;0.8;move
15;2652.34;1152.28;2680.96;1152.18;2680.91;1138.22;2652.29;1138.32;10;0.81;stop
16;2001.64;1357.16;2017.1;1356.85;2016.48;1325.97;2001.03;1326.28;10;0.8;move
18;1268.62;1090.08;1301.57;1088.7;1300.88;1072.17;1267.93;1073.55;10;0.75;move
19;1976.81;669.67;1991.34;668.49;1989.0;639.83;1974.47;641.01;10;0.82;stop
21;2823.1;1155.78;2823.65;1141.61;2791.4;1140.34;2790.85;1154.52;10;0.81;stop
22;1960.32;679.38;1974.28;678.38;1972.03;646.99;1958.06;648.0;10;0.8;stop
23;1074.74;640.13;1075.09;626.23;1044.76;625.49;1044.41;639.39;10;0.81;stop
26;1957.53;640.21;1973.32;638.8;1970.31;605.16;1954.52;606.58;10;0.81;stop
27;2725.0;1153.71;2725.48;1137.81;2691.5;1136.79;2691.02;1152.69;10;0.81;stop
28;529.27;1109.51;529.52;1093.17;497.3;1092.67;497.04;1109.02;10;0.74;move
29;674.44;1104.92;705.13;1103.94;704.62;1087.89;673.93;1088.87;10;0.74;move
32;3499.33;1067.71;3503.67;1052.4;3469.11;1042.61;3464.77;1057.91;10;0.8;stop
33;1496.78;1083.74;1530.12;1082.39;1529.47;1066.14;1496.13;1067.48;10;0.77;move
36;991.37;635.18;992.12;622.62;966.13;621.07;965.38;633.63;10;0.8;stop
37;3428.78;930.54;3446.71;902.65;3433.72;894.3;3415.79;922.2;10;0.81;stop
40;1992.96;896.21;2007.51;896.04;2007.16;865.54;1992.61;865.71;10;0.8;stop
41;1134.54;1072.47;1161.44;1071.61;1161.02;1058.28;1134.12;1059.14;10;0.81;move
44;3500.16;1049.03;3506.02;1033.2;3472.96;1020.97;3467.11;1036.8;10;0.81;stop
46;1784.06;1659.24;1784.2;1645.16;1756.32;1644.88;1756.18;1658.96;10;0.8;stop
47;2032.93;1283.52;2033.0;1253.39;2018.38;1253.36;2018.31;1283.49;10;0.79;move
49;1144.51;1055.35;1144.55;1040.62;1113.37;1040.52;1113.32;1055.26;10;0.81;stop
52;2.27;1100.92;35.57;1097.12;33.79;1081.58;0.49;1085.38;10;0.79;stop
53;2832.37;1028.22;2833.35;1012.48;2797.88;1010.28;2796.9;1026.02;10;0.8;stop
54;2010.78;1479.16;2025.23;1478.68;2024.22;1448.09;2009.77;1448.57;10;0.79;move
56;3356.69;1360.89;3361.88;1346.97;3333.31;1336.3;3328.12;1350.22;10;0.8;stop
57;1789.45;234.48;1804.34;233.61;1802.67;204.83;1787.78;205.7;10;0.8;stop
59;2968.88;1287.15;2973.96;1271.51;2938.12;1259.85;2933.04;1275.49;10;0.79;stop
60;2013.85;1606.57;2028.27;1605.87;2026.77;1574.93;2012.36;1575.63;10;0.8;move
62;1995.78;1238.11;2009.72;1237.9;2009.22;1204.26;1995.28;1204.47;10;0.8;move
64;1493.62;1655.78;1493.77;1641.9;1465.13;1641.6;1464.98;1655.47;10;0.79;stop
65;2012.32;1559.6;2025.6;1558.94;2024.37;1534.15;2011.09;1534.81;10;0.8;move
66;3316.96;1346.13;3326.15;1313.87;3310.23;1309.34;3301.04;1341.6;10;0.79;stop
67;1983.17;740.73;1997.66;739.18;1994.46;709.39;1979.97;710.95;10;0.81;stop
68;3734.01;895.4;3769.44;891.74;3767.87;876.47;3732.43;880.13;10;0.8;stop
72;3475.92;826.78;3493.2;798.2;3480.33;790.41;3463.05;818.99;10;0.8;stop
74;2893.72;1030.17;2894.59;1015.61;2867.03;1013.96;2866.16;1028.52;10;0.81;stop
76;2496.88;1152.95;2529.5;1152.45;2529.25;1136.42;2496.63;1136.92;10;0.8;stop
79;3142.03;447.58;3169.68;442.96;3167.35;428.99;3139.69;433.61;10;0.8;stop
80;3781.07;890.09;3814.12;886.77;3812.68;872.41;3779.63;875.73;10;0.8;stop
84;1809.19;506.48;1823.88;505.24;1821.19;473.39;1806.49;474.64;10;0.78;stop
85;1897.9;2139.8;1911.53;2107.17;1897.85;2101.45;1884.22;2134.08;10;0.8;stop
86;2747.71;482.82;2782.3;478.49;2780.5;464.06;2745.9;468.39;10;0.79;stop
87;887.65;1174.89;887.97;1159.15;858.92;1158.55;858.59;1174.29;10;0.8;stop
90;3410.17;965.98;3426.87;933.55;3412.01;925.9;3395.31;958.32;10;0.8;stop
91;2029.33;1381.89;2043.34;1381.81;2043.17;1351.86;2029.16;1351.94;10;0.79;stop
92;937.9;1060.78;965.37;1060.51;965.22;1045.79;937.76;1046.05;10;0.8;stop
93;398.08;1074.11;398.15;1058.85;366.92;1058.7;366.85;1073.97;10;0.8;stop
96;1860.44;2149.12;1874.01;2121.58;1862.19;2115.75;1848.61;2143.29;10;0.76;stop
97;1978.89;703.3;1992.47;702.07;1990.11;675.95;1976.53;677.18;10;0.8;stop
98;2650.45;491.56;2678.76;488.22;2677.18;474.81;2648.86;478.16;10;0.8;stop
101;1876.12;2115.13;1888.08;2089.78;1876.88;2084.49;1864.92;2109.85;10;0.78;stop
102;75.67;1099.25;106.38;1098.88;106.2;1084.19;75.5;1084.56;10;0.78;stop
107;1987.93;1507.72;2002.85;1506.99;2001.32;1475.78;1986.4;1476.51;10;0.79;move
109;2024.31;1515.16;2024.43;1489.78;2011.25;1489.72;2011.14;1515.1;10;0.8;move
110;2914.15;1304.47;2915.35;1288.02;2882.42;1285.61;2881.22;1302.06;10;0.76;stop
111;1991.71;852.77;2004.36;851.68;2002.04;824.61;1989.39;825.69;10;0.79;stop
112;1982.92;822.9;1997.64;820.64;1992.83;789.23;1978.11;791.48;10;0.79;stop
114;3058.18;1050.49;3060.22;1037.11;3033.32;1033.01;3031.28;1046.39;10;0.8;stop
116;2023.67;1399.13;2025.31;1365.14;2010.58;1364.43;2008.94;1398.42;10;0.8;move
117;2571.94;1696.63;2574.56;1660.3;2559.93;1659.25;2557.31;1695.57;10;0.79;stop
118;1967.49;1837.88;1972.38;1804.9;1956.98;1802.62;1952.09;1835.6;10;0.76;stop
119;1948.84;253.12;1962.64;252.02;1960.44;224.44;1946.64;225.54;10;0.79;stop
120;2740.05;525.55;2773.59;522.15;2772.08;507.2;2738.53;510.6;10;0.79;stop
124;1994.31;931.4;2008.12;930.8;2006.94;904.03;1993.13;904.64;10;0.77;stop
125;1818.75;1017.01;1839.23;989.96;1827.38;980.99;1806.9;1008.04;10;0.76;stop
126;3024.52;1048.13;3027.5;1032.63;2994.98;1026.37;2992.0;1041.87;10;0.81;stop
127;186.8;1096.95;215.86;1096.06;215.39;1080.86;186.33;1081.75;10;0.75;move
130;2642.22;1149.7;2642.32;1135.42;2611.16;1135.18;2611.05;1149.46;10;0.79;stop
131;2695.99;1023.18;2696.81;1008.35;2663.58;1006.51;2662.76;1021.34;10;0.81;stop
132;2686.51;488.64;2718.18;484.77;2716.49;470.99;2684.82;474.86;10;0.77;stop
133;2393.67;513.9;2422.51;510.8;2420.96;496.35;2392.12;499.45;10;0.74;stop
135;3585.16;681.47;3597.65;651.13;3582.96;645.09;3570.48;675.43;10;0.79;stop
136;1294.31;1045.9;1316.86;1045.82;1316.82;1034.22;1294.27;1034.3;10;0.79;stop
141;3218.62;1561.27;3229.75;1530.09;3215.44;1524.98;3204.31;1556.16;10;0.78;stop
142;1824.31;685.04;1838.43;683.57;1835.32;653.71;1821.19;655.18;10;0.77;stop
145;2083.74;1033.11;2115.67;1031.09;2114.76;1016.64;2082.83;1018.66;10;0.73;stop
148;1277.03;1182.56;1325.82;1180.68;1325.1;1161.94;1276.3;1163.82;9;0.76;stop
150;2346.39;1154.19;2346.42;1139.73;2316.36;1139.68;2316.33;1154.15;10;0.79;stop
151;952.88;632.99;953.54;620.99;926.81;619.51;926.14;631.51;10;0.76;stop
152;1985.97;778.66;1998.77;777.7;1996.72;750.22;1983.91;751.17;10;0.75;stop
153;903.33;1062.09;934.9;1060.46;934.17;1046.34;902.6;1047.98;10;0.8;stop
156;475.23;1091.23;505.92;1090.14;505.39;1075.34;474.71;1076.42;10;0.79;move
158;1913.16;2028.24;1922.75;2004.87;1911.84;2000.39;1902.25;2023.76;10;0.79;stop
159;3008.62;1305.11;3015.93;1290.07;2981.63;1273.39;2974.32;1288.43;10;0.76;stop
160;792.6;1185.12;822.92;1184.72;822.71;1168.95;792.39;1169.34;10;0.79;stop
161;764.72;1064.17;793.2;1063.12;792.7;1049.71;764.23;1050.76;10;0.77;stop
163;3045.78;1342.14;3059.48;1327.16;3023.59;1294.34;3009.89;1309.32;10;0.7;stop
166;3177.41;441.63;3204.21;437.66;3202.28;424.62;3175.47;428.59;10;0.78;stop
167;1177.83;1182.37;1207.44;1180.75;1206.61;1165.51;1177.0;1167.12;10;0.77;stop
168;1971.2;1524.76;1985.44;1524.23;1984.3;1493.61;1970.06;1494.14;10;0.74;stop
171;750.32;1186.29;780.36;1182.86;778.74;1168.71;748.7;1172.14;10;0.77;stop
172;2754.22;1023.65;2754.35;1008.2;2721.01;1007.91;2720.88;1023.37;10;0.79;stop
173;1943.84;2012.51;1953.66;1986.05;1940.69;1981.24;1930.87;2007.7;10;0.79;move
175;1960.29;1874.99;1965.66;1845.54;1952.46;1843.13;1947.09;1872.59;10;0.73;stop
176;3785.23;149.89;3797.67;118.99;3784.15;113.55;3771.71;144.45;10;0.79;stop
177;3420.96;867.84;3441.55;844.67;3430.29;834.66;3409.7;857.83;10;0.79;stop
179;3101.3;1191.62;3103.15;1175.75;3071.2;1172.01;3069.35;1187.88;10;0.79;stop
180;3017.72;1178.88;3020.02;1164.12;2988.85;1159.25;2986.54;1174.01;10;0.8;stop
181;1745.44;1657.6;1745.65;1642.44;1715.06;1642.02;1714.85;1657.18;10;0.78;stop
183;2787.47;477.38;2818.76;474.05;2817.38;461.06;2786.09;464.39;10;0.8;stop
184;863.23;1064.5;894.42;1062.8;893.64;1048.63;862.46;1050.33;10;0.76;stop
185;2194.84;1156.85;2220.6;1156.5;2220.41;1142.65;2194.65;1143.0;10;0.78;stop
187;2009.83;1442.77;2025.29;1441.72;2022.92;1406.85;2007.46;1407.91;10;0.8;move
188;3752.18;235.85;3762.09;205.16;3747.82;200.55;3737.91;231.25;10;0.79;stop
190;3282.3;516.44;3296.96;516.06;3296.13;483.87;3281.48;484.25;10;0.78;stop
195;944.92;1186.02;977.01;1184.59;976.3;1168.61;944.21;1170.04;10;0.77;stop
196;2354.09;1154.49;2384.41;1153.7;2384.03;1139.38;2353.72;1140.17;10;0.78;stop
197;2393.67;1153.64;2422.36;1153.11;2422.08;1137.99;2393.39;1138.51;10;0.78;stop
198;2538.44;1150.27;2568.79;1150.05;2568.69;1135.73;2538.33;1135.95;10;0.78;stop
200;2960.73;1993.55;2974.19;1982.43;2950.77;1954.08;2937.31;1965.2;10;0.77;stop
203;1827.42;822.63;1844.35;820.73;1838.95;772.62;1822.02;774.52;9;0.75;stop
204;1921.83;56.36;1934.63;55.56;1932.89;27.46;1920.09;28.25;10;0.75;stop
205;3394.62;892.81;3417.79;875.9;3408.81;863.6;3385.64;880.5;10;0.78;stop
210;2277.55;1155.37;2304.71;1154.43;2304.2;1139.63;2277.04;1140.57;10;0.78;stop
211;2577.47;1551.8;2578.47;1518.24;2562.28;1517.76;2561.28;1551.32;10;0.77;stop
212;1770.93;190.21;1785.51;188.85;1782.94;161.35;1768.36;162.72;10;0.79;stop
213;2861.52;472.06;2893.79;469.07;2892.48;454.94;2860.21;457.93;10;0.79;stop
217;1638.76;1657.19;1638.89;1642.67;1610.24;1642.43;1610.11;1656.95;10;0.77;stop
218;1289.12;1693.16;1316.49;1692.94;1316.38;1679.59;1289.01;1679.81;10;0.76;stop
220;1766.64;145.78;1780.38;145.52;1779.83;117.47;1766.09;117.73;10;0.77;stop
221;1711.65;561.51;1712.59;546.3;1681.04;544.36;1680.11;559.57;10;0.79;stop
222;1811.77;711.82;1827.15;709.54;1822.59;678.68;1807.21;680.96;10;0.77;stop
223;513.59;1070.87;544.34;1070.01;543.91;1054.44;513.16;1055.3;10;0.78;stop
228;1794.39;1166.71;1824.16;1164.24;1822.95;1149.67;1793.19;1152.13;10;0.77;stop
230;3184.65;946.15;3222.85;942.39;3221.28;926.5;3183.09;930.26;10;0.76;stop
231;1905.3;1700.34;1933.72;1699.32;1933.2;1684.79;1904.78;1685.8;10;0.73;stop
232;2574.01;1645.13;2575.22;1616.85;2561.24;1616.25;2560.03;1644.52;10;0.76;stop
233;1790.08;470.27;1806.26;468.65;1802.8;434.23;1786.62;435.85;10;0.74;stop
234;2571.36;437.84;2584.3;436.59;2581.89;411.54;2568.95;412.78;10;0.77;stop
235;797.85;1064.01;827.04;1063.0;826.51;1047.61;797.32;1048.62;10;0.76;stop
236;2228.03;1158.01;2261.52;1156.66;2260.91;1141.49;2227.42;1142.84;10;0.77;stop
237;1945.15;218.07;1958.5;217.01;1956.35;189.75;1943.0;190.8;10;0.77;stop
238;1777.11;93.13;1790.56;92.42;1789.05;63.81;1775.59;64.52;10;0.76;stop
239;3207.08;439.21;3237.86;435.75;3236.35;422.36;3205.58;425.81;10;0.77;stop
241;1057.33;1056.33;1083.98;1055.47;1083.54;1041.79;1056.89;1042.65;10;0.77;stop
242;1221.31;1057.58;1250.43;1056.41;1249.75;1039.42;1220.63;1040.59;10;0.68;stop
245;3079.39;1376.38;3092.79;1363.18;3059.36;1329.24;3045.96;1342.44;9;0.79;stop
247;795.56;1649.46;795.79;1636.01;768.12;1635.54;767.89;1648.99;10;0.77;stop
248;1906.7;1661.65;1936.62;1661.02;1936.3;1645.85;1906.38;1646.48;10;0.77;stop
249;1948.33;512.97;1962.3;511.67;1959.82;484.91;1945.86;486.2;10;0.76;stop
250;2464.97;507.14;2491.88;503.85;2490.28;490.73;2463.37;494.02;10;0.77;stop
251;3655.36;492.17;3664.25;460.71;3649.64;456.58;3640.75;488.04;10;0.76;stop
254;2191.47;1320.2;2221.38;1314.88;2218.71;1299.92;2188.81;1305.25;10;0.77;stop
255;1958.74;1492.37;1972.44;1490.43;1968.55;1463.0;1954.84;1464.95;10;0.76;stop
256;2857.68;1158.1;2858.55;1144.27;2830.83;1142.52;2829.96;1156.35;10;0.78;stop
257;3297.06;432.31;3330.35;427.78;3328.26;412.38;3294.96;416.91;10;0.77;stop
258;707.32;1021.58;712.69;1009.12;688.62;998.74;683.24;1011.19;10;0.75;stop
261;3119.01;1438.3;3140.29;1423.6;3105.52;1373.26;3084.24;1387.97;9;0.73;stop
262;2823.98;475.21;2853.05;471.54;2851.27;457.42;2822.2;461.08;10;0.77;stop
263;3554.36;867.13;3585.87;864.52;3584.7;850.37;3553.19;852.98;10;0.75;stop
264;1391.44;1048.32;1422.93;1046.61;1422.18;1032.93;1390.7;1034.64;10;0.77;stop
265;1446.89;1050.86;1479.67;1049.98;1479.24;1033.76;1446.45;1034.64;10;0.76;stop
266;1919.12;1216.17;1932.11;1212.12;1923.88;1185.71;1910.89;1189.76;10;0.77;stop
267;2458.09;1152.25;2488.71;1151.13;2488.16;1136.0;2457.54;1137.12;10;0.77;stop
268;3214.15;1408.47;3224.49;1382.61;3212.41;1377.78;3202.07;1403.64;10;0.8;stop
271;2616.63;992.09;2630.39;991.9;2629.99;964.28;2616.24;964.48;10;0.77;stop
273;764.25;1688.3;764.58;1673.87;735.73;1673.2;735.39;1687.63;10;0.77;stop
276;2578.61;1149.62;2604.33;1148.77;2603.89;1135.26;2578.17;1136.11;10;0.76;stop
278;2427.84;511.15;2459.2;507.79;2457.66;493.47;2426.3;496.84;10;0.77;stop
280;475.91;1071.73;508.83;1070.96;508.47;1055.46;475.55;1056.23;10;0.77;stop
282;2511.75;1020.57;2539.87;1019.14;2539.12;1004.43;2511.0;1005.86;10;0.77;stop
283;2640.39;41.17;2668.52;37.87;2666.98;24.69;2638.84;27.98;10;0.76;stop
285;2782.42;1157.18;2782.86;1138.72;2745.08;1137.82;2744.64;1156.28;9;0.8;stop
286;2012.74;1973.17;2021.8;1938.04;2005.95;1933.95;1996.89;1969.08;10;0.74;stop
287;3211.24;1507.91;3219.67;1473.39;3204.07;1469.59;3195.65;1504.11;10;0.72;stop
288;988.66;1183.7;1016.04;1182.07;1015.24;1168.68;987.87;1170.31;10;0.75;stop
289;2615.46;951.77;2630.55;950.12;2626.67;914.61;2611.58;916.26;10;0.78;stop
290;2153.72;1159.41;2184.13;1157.86;2183.34;1142.34;2152.93;1143.89;10;0.76;stop
291;2436.18;1306.19;2466.58;1305.38;2466.19;1290.87;2435.79;1291.69;10;0.7;stop
293;1807.0;677.53;1821.84;676.16;1819.21;647.72;1804.36;649.09;10;0.75;stop
296;1326.04;1692.61;1353.81;1692.42;1353.71;1677.89;1325.94;1678.08;10;0.74;stop
298;3693.49;896.83;3727.34;893.5;3725.89;878.79;3692.04;882.12;10;0.74;stop
299;1035.57;637.61;1036.5;624.24;1010.06;622.39;1009.12;635.76;10;0.75;stop
300;582.0;1069.13;613.08;1067.68;612.37;1052.43;581.29;1053.89;10;0.77;stop
301;1771.27;224.35;1786.27;224.21;1785.98;194.15;1770.98;194.29;10;0.73;stop
302;2362.67;514.69;2389.63;511.02;2387.83;497.81;2360.87;501.48;10;0.75;stop
303;2934.31;466.51;2963.28;462.48;2961.44;449.24;2932.47;453.27;10;0.75;stop
304;338.81;1074.66;365.14;1073.97;364.78;1060.03;338.45;1060.72;10;0.76;stop
305;154.58;1188.67;184.17;1188.06;183.85;1172.89;154.27;1173.5;10;0.76;stop
308;1464.36;1174.21;1492.92;1172.69;1492.14;1157.91;1463.58;1159.43;10;0.75;stop
309;3059.63;1184.89;3061.64;1170.75;3030.84;1166.36;3028.82;1180.5;10;0.79;stop
310;1266.34;1653.8;1266.66;1639.7;1238.47;1639.08;1238.16;1653.17;10;0.74;stop
311;3293.4;1361.44;3304.66;1326.1;3287.85;1320.75;3276.59;1356.09;10;0.7;stop
312;2210.25;529.13;2241.41;525.79;2239.88;511.49;2208.71;514.84;10;0.76;stop
313;719.64;1184.37;746.04;1183.0;745.27;1168.01;718.86;1169.38;10;0.75;stop
314;1927.32;1248.1;1941.71;1245.29;1935.93;1215.65;1921.54;1218.46;10;0.72;stop
315;2097.69;1285.13;2129.41;1281.5;2127.81;1267.5;2096.09;1271.12;10;0.76;stop
316;2584.38;619.73;2598.23;618.21;2594.74;586.27;2580.89;587.79;10;0.75;stop
318;3390.46;1001.4;3404.59;974.2;3391.41;967.35;3377.28;994.55;10;0.78;stop
319;766.21;2046.38;781.81;2046.05;781.16;2014.88;765.56;2015.2;10;0.73;stop
320;2501.95;504.35;2531.19;501.33;2529.8;487.9;2500.56;490.92;10;0.76;stop
321;3286.39;549.91;3300.18;548.68;3297.67;520.71;3283.88;521.95;10;0.74;stop
324;2101.8;536.21;2129.08;532.56;2127.27;519.04;2099.98;522.69;10;0.78;stop
325;2139.99;534.3;2168.11;531.45;2166.7;517.57;2138.58;520.42;10;0.76;stop
326;2565.13;406.76;2579.46;405.59;2576.87;373.99;2562.54;375.16;10;0.71;stop
328;3434.71;968.06;3447.18;941.57;3434.36;935.53;3421.88;962.02;10;0.75;stop
329;762.1;2046.61;762.97;2015.07;747.51;2014.64;746.64;2046.18;10;0.74;stop
331;3485.15;414.92;3513.95;411.54;3512.35;397.89;3483.55;401.27;10;0.68;stop
332;2580.88;579.44;2594.11;578.72;2592.62;551.18;2579.39;551.9;10;0.7;stop
333;2588.56;670.54;2603.27;669.79;2601.82;641.21;2587.11;641.96;10;0.73;stop
334;573.43;1070.58;573.69;1056.09;549.7;1055.67;549.44;1070.16;10;0.71;stop
336;1279.49;1692.75;1279.81;1678.41;1250.07;1677.75;1249.75;1692.09;10;0.75;stop
337;1164.39;1893.92;1179.2;1893.8;1178.99;1866.96;1164.17;1867.08;10;0.77;stop
338;1800.16;352.3;1814.66;351.19;1812.21;319.32;1797.72;320.44;10;0.74;stop
339;3691.9;855.68;3724.18;854.73;3723.72;839.32;3691.45;840.27;10;0.75;stop
340;1260.3;1052.62;1286.72;1050.46;1285.58;1036.5;1259.16;1038.66;10;0.69;stop
343;1792.66;1660.3;1821.43;1659.09;1820.84;1644.95;1792.07;1646.16;10;0.74;stop
344;3641.34;524.5;3651.47;495.77;3637.41;490.81;3627.28;519.54;10;0.73;stop
346;1730.54;1698.7;1731.36;1684.64;1704.09;1683.05;1703.27;1697.11;10;0.73;stop
347;785.33;631.49;786.25;617.22;757.8;615.39;756.88;629.65;10;0.73;stop
348;2583.07;48.26;2610.98;45.38;2609.55;31.61;2581.65;34.5;10;0.75;stop
349;1164.21;1929.95;1180.29;1929.67;1179.73;1897.3;1163.65;1897.58;10;0.75;stop
350;1776.82;267.43;1791.72;265.94;1788.49;233.75;1773.59;235.25;10;0.73;stop
351;2573.04;474.97;2586.74;474.04;2584.71;444.15;2571.01;445.09;10;0.74;stop
352;2899.06;468.94;2926.6;465.99;2925.16;452.62;2897.62;455.57;10;0.75;stop
354;2040.17;1603.84;2054.56;1603.33;2053.33;1568.66;2038.94;1569.17;10;0.77;stop
355;2565.72;366.68;2578.23;365.69;2576.28;340.95;2563.77;341.93;10;0.69;stop
357;1344.56;1179.5;1375.19;1178.15;1374.56;1163.88;1343.93;1165.23;10;0.74;stop
358;1701.63;1166.65;1701.93;1153.63;1679.22;1153.1;1678.92;1166.12;10;0.74;stop
359;2606.86;907.53;2622.74;906.61;2620.64;870.53;2604.76;871.45;10;0.74;stop
360;1761.78;60.3;1776.6;59.62;1775.22;29.7;1760.4;30.38;10;0.71;stop
362;3566.53;611.06;3577.87;583.32;3564.1;577.69;3552.75;605.43;10;0.73;stop
367;3310.75;1044.04;3327.73;1013.06;3313.63;1005.33;3296.64;1036.31;10;0.72;stop
369;1330.11;1052.6;1360.42;1051.25;1359.76;1036.53;1329.46;1037.88;10;0.72;stop
370;1933.57;1975.18;1937.83;1948.59;1925.18;1946.57;1920.92;1973.16;10;0.78;stop
371;666.15;1062.02;694.16;1057.74;692.28;1045.48;664.28;1049.76;10;0.77;stop
374;1339.49;1652.74;1340.09;1640.2;1315.51;1639.01;1314.91;1651.55;10;0.72;stop
375;2174.05;534.0;2206.81;529.15;2204.64;514.5;2171.88;519.35;10;0.71;stop
376;2133.31;1320.81;2160.57;1319.13;2159.69;1304.94;2132.43;1306.62;10;0.74;stop
377;1336.56;1078.34;1362.8;1077.33;1362.32;1064.79;1336.08;1065.8;10;0.75;move
378;2477.68;1305.79;2504.15;1304.44;2503.45;1290.71;2476.98;1292.06;10;0.73;stop
379;3317.19;959.54;3333.09;952.68;3318.43;918.74;3302.53;925.6;10;0.68;stop
380;3185.82;1203.95;3188.12;1187.68;3154.5;1182.93;3152.2;1199.2;10;0.71;stop
381;2044.12;1642.93;2055.44;1642.91;2055.38;1619.57;2044.06;1619.59;10;0.7;stop
384;2454.44;63.17;2484.06;60.52;2482.81;46.52;2453.19;49.17;10;0.7;stop
386;1278.46;1652.54;1304.89;1651.82;1304.54;1639.21;1278.11;1639.93;10;0.7;stop
387;1422.01;1674.71;1450.17;1674.6;1450.11;1660.91;1421.95;1661.03;10;0.8;move
388;437.2;1646.24;437.57;1632.95;410.3;1632.2;409.93;1645.48;10;0.74;stop
389;2099.53;1160.22;2133.88;1158.05;2132.91;1142.65;2098.56;1144.83;10;0.72;stop
390;1178.81;1858.57;1179.62;1828.47;1164.0;1828.05;1163.19;1858.15;10;0.73;stop
391;3738.55;271.33;3746.55;245.6;3733.32;241.49;3725.32;267.21;10;0.73;stop
392;3689.38;439.79;3722.79;434.98;3720.62;419.9;3687.21;424.71;10;0.67;stop
395;556.22;1185.19;584.43;1183.98;583.78;1168.87;555.57;1170.09;10;0.74;stop
396;521.42;1186.6;551.63;1185.5;551.08;1170.27;520.87;1171.38;10;0.73;stop
397;2536.47;1823.54;2538.39;1791.92;2524.53;1791.08;2522.61;1822.7;10;0.6;stop
400;2006.58;995.31;2020.92;992.07;2014.17;962.19;1999.83;965.43;10;0.75;stop
401;2336.94;71.74;2369.95;68.68;2368.56;53.7;2335.55;56.75;10;0.69;stop
402;85.42;1190.96;140.36;1189.46;139.82;1169.67;84.88;1171.16;9;0.72;stop
403;689.31;1649.29;689.9;1636.94;664.44;1635.71;663.85;1648.06;10;0.66;stop
404;335.15;559.96;337.99;544.89;305.63;538.79;302.79;553.86;10;0.67;stop
405;3374.81;1033.06;3391.41;1003.13;3378.0;995.69;3361.4;1025.62;10;0.7;stop
406;2289.02;521.91;2317.93;518.83;2316.36;504.09;2287.45;507.17;10;0.72;stop
407;214.14;1073.26;214.16;1059.6;186.88;1059.56;186.86;1073.22;10;0.72;stop
408;1390.19;1177.82;1420.75;1176.46;1420.06;1161.06;1389.5;1162.42;10;0.71;stop
409;1682.62;1041.21;1712.21;1039.75;1711.5;1025.42;1681.92;1026.87;10;0.72;stop
410;2992.98;459.72;3021.14;456.78;3019.77;443.65;2991.61;446.59;10;0.7;stop
412;360.55;1684.25;361.38;1669.9;332.73;1668.25;331.9;1682.6;10;0.69;stop
413;3575.77;711.36;3582.73;683.31;3568.92;679.89;3561.96;707.94;10;0.72;stop
414;186.81;1188.5;217.19;1187.71;216.78;1172.13;186.41;1172.92;10;0.74;stop
415;1709.45;1168.46;1739.29;1167.47;1738.79;1152.42;1708.96;1153.4;10;0.75;stop
416;2801.82;1264.08;2830.26;1262.59;2829.56;1249.17;2801.12;1250.66;10;0.72;stop
418;3543.3;802.3;3551.75;773.33;3536.7;768.95;3528.25;797.92;10;0.74;stop
419;1991.83;1621.87;2006.18;1621.81;2006.05;1591.13;1991.7;1591.19;10;0.79;move
420;3347.0;915.69;3379.93;901.77;3373.93;887.59;3341.01;901.51;10;0.76;stop
421;2705.4;1364.92;2720.71;1339.53;2708.66;1332.27;2693.36;1357.66;10;0.64;stop
423;3766.65;196.65;3776.68;169.72;3763.35;164.75;3753.32;191.69;10;0.74;stop
424;1468.53;192.74;1481.4;190.74;1476.72;160.51;1463.85;162.51;10;0.73;stop
425;3518.8;411.65;3548.14;407.57;3546.2;393.66;3516.86;397.74;10;0.67;stop
426;624.53;1236.59;654.8;1235.41;654.22;1220.59;623.95;1221.78;10;0.72;stop
427;1623.95;1694.48;1624.17;1679.82;1594.67;1679.39;1594.46;1694.05;10;0.71;stop
428;628.02;1218.92;655.7;1218.4;655.42;1203.58;627.74;1204.1;10;0.71;stop
429;2032.16;1438.18;2050.44;1436.72;2046.72;1390.07;2028.44;1391.53;9;0.54;move
433;473.99;1646.1;474.14;1632.64;445.22;1632.33;445.08;1645.79;10;0.71;stop
434;2536.91;1860.72;2538.85;1829.07;2524.09;1828.16;2522.15;1859.81;10;0.45;stop
435;2384.57;68.39;2412.55;64.89;2410.93;51.98;2382.95;55.48;10;0.69;stop
436;2560.71;333.93;2574.99;332.52;2572.29;305.07;2558.01;306.48;10;0.59;stop
438;1793.47;268.35;1807.82;266.71;1804.47;237.34;1790.11;238.98;10;0.67;stop
439;2330.17;1316.41;2330.54;1297.8;2288.71;1296.96;2288.34;1315.58;9;0.64;stop
440;3649.03;1269.87;3652.99;1256.29;3622.22;1247.32;3618.26;1260.9;10;0.72;stop
441;632.17;1649.88;661.79;1649.47;661.58;1634.18;631.96;1634.59;10;0.64;stop
442;1811.23;557.06;1825.78;556.49;1824.67;528.56;1810.13;529.14;10;0.63;stop
443;661.53;1244.14;676.51;1244.02;676.28;1214.93;661.3;1215.05;10;0.69;stop
444;3032.19;1366.84;3042.78;1352.57;3009.81;1328.1;2999.22;1342.36;10;0.65;stop
445;2610.22;494.65;2643.61;491.1;2642.03;476.22;2608.64;479.78;10;0.68;stop
446;125.36;1078.38;151.17;1076.55;150.26;1063.81;124.46;1065.64;10;0.64;stop
447;3227.44;1077.88;3230.03;1059.03;3172.88;1051.18;3170.29;1070.03;9;0.59;move
449;2066.07;97.7;2099.78;94.18;2098.3;80.05;2064.6;83.57;10;0.7;stop
450;420.16;1074.81;445.97;1072.32;444.68;1058.94;418.87;1061.43;10;0.73;stop
451;2354.94;559.43;2386.88;556.47;2385.44;540.82;2353.49;543.78;10;0.63;stop
453;1961.99;1572.68;1978.55;1572.43;1977.95;1532.32;1961.39;1532.57;10;0.67;move
454;2572.54;1775.07;2573.14;1744.22;2558.21;1743.93;2557.61;1774.78;10;0.62;stop
455;2033.95;1891.51;2039.02;1853.53;2022.8;1851.36;2017.73;1889.35;9;0.43;stop
456;3756.44;114.8;3765.98;85.92;3752.93;81.61;3743.39;110.49;10;0.71;stop
457;3725.79;191.49;3738.39;157.61;3723.59;152.1;3710.99;185.99;10;0.65;stop
458;2004.83;1322.11;2016.59;1321.77;2015.92;1299.14;2004.16;1299.48;10;0.75;move
459;365.98;1684.72;393.69;1684.17;393.39;1668.72;365.68;1669.26;10;0.6;stop
460;483.4;1646.71;507.62;1646.56;507.54;1633.6;483.32;1633.75;10;0.72;stop
463;1220.89;1514.17;1223.28;1485.16;1208.55;1483.95;1206.16;1512.96;10;0.67;stop
464;280.18;1189.47;312.31;1186.3;310.91;1172.1;278.78;1175.26;10;0.69;stop
465;1427.75;1654.17;1451.3;1653.86;1451.13;1640.95;1427.58;1641.26;10;0.57;stop
466;1129.96;1182.57;1160.05;1181.23;1159.41;1166.8;1129.32;1168.14;10;0.64;stop
468;2000.12;2008.0;2009.53;1978.92;1995.88;1974.5;1986.47;2003.58;10;0.66;stop
469;2539.58;1723.33;2540.64;1692.64;2527.04;1692.17;2525.98;1722.86;10;0.69;stop
470;127.53;1097.58;155.54;1095.37;154.42;1081.17;126.41;1083.38;10;0.7;move
471;1244.12;1691.66;1244.59;1677.47;1217.94;1676.59;1217.47;1690.78;10;0.66;stop
475;2037.81;1514.32;2051.07;1513.99;2050.44;1488.86;2037.18;1489.19;10;0.65;stop
476;1231.98;1652.71;1232.27;1640.78;1207.02;1640.16;1206.73;1652.09;10;0.6;stop
479;1362.44;1692.17;1388.4;1691.74;1388.18;1678.33;1362.22;1678.76;10;0.64;stop
480;2036.8;98.83;2061.7;96.3;2060.45;83.98;2035.55;86.51;10;0.58;stop
481;3346.49;898.03;3357.92;887.64;3336.01;863.53;3324.58;873.93;10;0.65;stop
483;3028.94;458.85;3064.04;455.5;3062.56;440.03;3027.46;443.38;10;0.58;stop
484;1086.2;1049.28;1107.78;1048.84;1107.55;1037.59;1085.96;1038.04;10;0.68;stop
485;3119.6;1057.15;3121.16;1045.08;3106.9;1043.23;3105.34;1055.3;10;0.56;stop
488;1419.34;1085.22;1446.57;1084.17;1446.03;1070.28;1418.81;1071.33;10;0.77;move
489;654.98;1689.45;656.41;1674.43;625.64;1671.49;624.21;1686.51;10;0.59;stop
490;1759.97;1697.44;1760.58;1683.19;1734.28;1682.06;1733.67;1696.31;10;0.66;stop
492;875.93;632.69;876.88;618.98;848.13;617.0;847.18;630.7;10;0.64;stop
494;425.2;1684.43;425.66;1669.84;399.33;1669.01;398.87;1683.6;10;0.66;stop
495;1949.01;1426.1;1966.92;1423.32;1959.71;1376.84;1941.8;1379.62;9;0.71;stop
497;2409.48;1275.72;2440.06;1272.95;2438.89;1260.03;2408.31;1262.8;10;0.68;stop
498;1761.35;96.04;1772.6;95.8;1772.04;69.34;1760.79;69.57;10;0.39;stop
499;905.13;1185.04;933.97;1183.99;933.4;1168.46;904.56;1169.51;10;0.62;stop
501;1460.03;1694.54;1460.3;1681.02;1432.34;1680.46;1432.07;1693.98;10;0.69;stop
502;728.04;2046.16;728.65;2017.55;719.22;2017.34;718.6;2045.95;10;0.62;stop
504;3404.14;1043.6;3419.75;1010.96;3403.05;1002.97;3387.43;1035.6;9;0.69;stop
505;1423.56;1692.37;1424.2;1680.56;1400.19;1679.26;1399.55;1691.06;10;0.6;stop
506;3119.16;1194.77;3120.19;1178.53;3109.59;1177.85;3108.56;1194.1;10;0.64;stop
507;3347.79;1262.05;3359.94;1225.76;3341.27;1219.52;3329.12;1255.8;9;0.36;stop
508;151.95;1674.88;152.68;1658.53;118.29;1657.0;117.56;1673.34;10;0.64;stop
509;1471.03;225.9;1484.51;224.74;1482.1;196.54;1468.61;197.7;10;0.67;stop
510;181.73;1072.88;182.16;1059.87;155.54;1058.99;155.11;1072.0;10;0.57;stop
512;1461.64;877.65;1462.59;863.7;1431.86;861.6;1430.91;875.55;10;0.68;stop
513;1214.97;1555.76;1218.23;1525.95;1204.9;1524.49;1201.64;1554.3;10;0.58;stop
514;2146.05;1287.26;2196.33;1283.69;2194.95;1264.24;2144.67;1267.81;9;0.69;stop
515;2378.37;1309.87;2409.31;1309.76;2409.25;1293.38;2378.32;1293.49;10;0.58;stop
516;1213.75;1593.13;1213.92;1564.83;1200.5;1564.75;1200.33;1593.05;10;0.6;stop
517;833.0;1479.02;833.29;1464.38;803.88;1463.79;803.59;1478.44;10;0.6;stop
518;3096.52;1450.09;3108.94;1442.58;3091.73;1414.16;3079.31;1421.67;10;0.56;stop
519;2970.39;1955.49;2997.99;1940.26;2990.61;1926.89;2963.01;1942.12;10;0.58;stop
520;1430.15;1174.48;1458.96;1174.27;1458.85;1159.89;1430.04;1160.1;10;0.7;stop
522;2900.83;1259.68;2900.83;1246.26;2876.04;1246.26;2876.04;1259.68;10;0.63;stop
523;689.87;1687.35;690.12;1673.11;663.88;1672.65;663.63;1686.89;10;0.56;stop
524;385.1;512.87;388.67;482.76;372.87;480.88;369.3;510.99;10;0.64;stop
526;3418.68;1001.19;3432.26;972.1;3418.51;965.68;3404.93;994.78;10;0.7;stop
527;3805.45;1126.68;3821.95;1124.88;3818.3;1091.44;3801.8;1093.25;10;0.43;stop
529;3206.82;95.3;3222.03;93.67;3218.8;63.61;3203.6;65.24;10;0.49;stop
530;1024.02;1186.28;1062.45;1183.45;1061.17;1166.09;1022.74;1168.93;10;0.62;stop
531;3582.84;753.58;3592.68;728.44;3578.72;722.98;3568.89;748.12;10;0.63;stop
533;512.87;1434.54;514.1;1417.94;480.88;1415.46;479.65;1432.06;10;0.62;stop
536;1422.06;875.24;1422.64;861.83;1394.94;860.64;1394.36;874.05;10;0.64;stop
537;743.4;2048.29;745.39;2019.5;732.16;2018.58;730.17;2047.38;10;0.55;stop
539;2539.88;46.46;2553.78;45.31;2551.49;17.67;2537.6;18.82;10;0.56;stop
540;2602.48;818.87;2615.92;817.91;2613.77;787.63;2600.33;788.59;10;0.37;stop
541;477.63;1264.14;477.87;1249.77;448.62;1249.3;448.38;1263.67;10;0.53;stop
542;1032.73;1006.44;1047.24;1005.96;1046.27;976.93;1031.76;977.42;10;0.6;stop
543;858.43;1689.99;859.01;1674.91;829.07;1673.76;828.49;1688.84;10;0.67;stop
546;3451.59;933.62;3461.79;908.94;3448.41;903.41;3438.21;928.09;10;0.61;stop
548;883.22;1188.0;883.6;1177.12;862.41;1176.37;862.02;1187.25;10;0.65;stop
549;374.46;1644.54;398.33;1644.02;398.04;1631.09;374.17;1631.61;10;0.6;stop
552;1168.32;1052.95;1192.7;1052.2;1192.31;1039.55;1167.93;1040.3;10;0.76;stop
553;2576.84;1499.8;2577.41;1475.58;2564.04;1475.26;2563.46;1499.48;10;0.54;stop
556;2042.67;1852.18;2048.52;1801.86;2028.9;1799.57;2023.04;1849.89;9;0.5;stop
558;528.54;1648.86;556.59;1647.95;556.15;1634.27;528.1;1635.17;10;0.49;stop
559;2557.92;302.45;2572.17;300.58;2568.33;271.3;2554.08;273.17;10;0.41;stop
560;2106.52;2098.22;2107.18;2081.41;2071.73;2080.03;2071.07;2096.84;10;0.43;stop
561;442.78;1249.3;470.09;1248.88;469.88;1235.08;442.56;1235.5;10;0.52;stop
562;2528.72;1534.62;2542.92;1534.36;2542.4;1506.26;2528.2;1506.52;10;0.59;stop
564;2545.5;122.26;2558.18;121.19;2556.0;95.42;2543.32;96.5;10;0.67;stop
566;1559.44;1784.14;1564.94;1771.22;1537.69;1759.61;1532.19;1772.53;10;0.63;stop
567;2290.26;1279.96;2290.83;1265.22;2257.74;1263.95;2257.17;1278.69;10;0.55;stop
568;2308.24;561.63;2339.11;558.41;2337.64;544.25;2306.76;547.47;10;0.56;stop
569;3654.2;900.86;3684.41;897.38;3682.67;882.26;3652.46;885.74;10;0.48;stop
570;1599.67;1651.33;1599.9;1640.89;1578.46;1640.42;1578.23;1650.86;10;0.46;stop
572;3529.79;1072.17;3547.44;1069.67;3540.83;1023.14;3523.18;1025.65;10;0.41;stop
573;862.51;1615.01;877.49;1613.58;874.49;1582.24;859.51;1583.67;10;0.46;stop
575;1060.25;1652.43;1060.56;1639.96;1035.07;1639.32;1034.75;1651.79;10;0.6;stop
578;92.48;878.04;94.98;849.82;78.49;848.36;76.0;876.58;10;0.49;stop
580;3608.4;904.38;3641.22;902.63;3640.35;886.25;3607.53;888.0;10;0.62;stop
583;3533.01;838.18;3543.01;803.9;3523.55;798.22;3513.55;832.51;10;0.36;stop
584;1502.29;969.16;1504.21;937.51;1489.09;936.59;1487.17;968.24;10;0.4;stop
588;3325.71;1004.95;3328.9;975.56;3315.54;974.11;3312.35;1003.5;10;0.47;stop
591;826.09;1690.47;826.52;1674.05;797.0;1673.28;796.57;1689.7;10;0.5;stop
592;1824.46;886.84;1840.09;885.81;1837.88;852.41;1822.26;853.44;10;0.49;stop
595;700.52;1688.1;728.3;1687.97;728.23;1672.84;700.45;1672.97;10;0.46;stop
598;851.76;1952.82;881.05;1951.1;880.18;1936.3;850.89;1938.02;10;0.44;stop
603;2550.9;87.3;2578.22;83.58;2576.47;70.76;2549.16;74.48;10;0.52;stop
607;2152.89;1158.52;2160.63;1158.38;2160.36;1143.23;2152.62;1143.37;10;0.52;stop
611;3708.07;245.87;3723.95;206.53;3707.55;199.91;3691.68;239.25;9;0.48;stop
613;3415.56;1288.2;3456.16;1280.31;3452.57;1261.8;3411.96;1269.69;9;0.48;stop
615;3719.37;321.35;3730.4;292.5;3715.0;286.62;3703.98;315.47;10;0.54;stop
617;737.92;1216.7;737.97;1202.16;709.58;1202.05;709.53;1216.59;10;0.5;stop
624;3513.59;170.45;3529.11;167.24;3522.35;134.55;3506.83;137.76;10;0.39;stop
625;614.72;1686.81;615.64;1672.95;590.9;1671.32;589.99;1685.17;10;0.49;stop
626;553.51;1686.09;579.34;1685.46;578.99;1671.09;553.16;1671.73;10;0.54;stop
627;458.8;1685.07;459.71;1671.99;434.64;1670.24;433.72;1683.32;10;0.41;stop
628;1687.68;1657.99;1688.4;1640.88;1679.73;1640.51;1679.01;1657.62;10;0.35;stop
631;162.48;1675.71;187.89;1675.3;187.68;1661.79;162.26;1662.2;10;0.47;stop
633;578.05;1226.69;579.25;1192.67;561.95;1192.06;560.75;1226.08;10;0.54;stop
634;304.42;1684.7;331.17;1680.44;328.86;1665.93;302.11;1670.18;10;0.47;stop
646;1964.62;1628.87;1985.05;1627.42;1981.5;1577.38;1961.07;1578.83;9;0.65;move
653;1498.45;1006.1;1500.77;974.99;1486.17;973.9;1483.85;1005.01;10;0.37;stop
658;2286.24;76.48;2318.13;73.63;2316.88;59.64;2285.0;62.49;10;0.37;stop
711;1943.82;947.64;1957.97;946.48;1955.43;915.36;1941.28;916.52;10;0.71;move
718;46.66;1631.75;71.1;1629.72;69.94;1615.75;45.5;1617.78;10;0.46;stop
853;1967.47;765.69;1980.82;764.4;1978.09;736.18;1964.74;737.47;10;0.79;stop
874;2092.78;1091.8;2120.4;1090.94;2119.97;1077.2;2092.35;1078.06;10;0.77;move
884;2095.28;1052.71;2161.08;1051.78;2160.79;1030.79;2094.98;1031.72;9;0.79;move
967;1897.15;1682.96;1897.58;1665.9;1863.63;1665.04;1863.2;1682.1;10;0.72;move
1070;3232.71;1368.99;3245.6;1336.69;3231.35;1331.01;3218.47;1363.31;10;0.8;stop
1104;1999.69;1735.88;2002.28;1707.79;1989.56;1706.62;1986.97;1734.71;10;0.8;move
1112;1609.23;1076.99;1609.25;1061.69;1576.77;1061.64;1576.75;1076.94;10;0.78;move
1222;1856.77;926.6;1871.93;925.41;1869.7;897.02;1854.54;898.22;10;0.78;move
1299;1924.13;2053.81;1935.16;2028.28;1923.37;2023.19;1912.34;2048.72;10;0.8;move
1331;1979.29;1889.14;1986.77;1859.18;1973.96;1855.98;1966.48;1885.95;10;0.79;move
1340;3519.44;1216.27;3520.8;1199.01;3481.81;1195.92;3480.45;1213.18;10;0.75;move
1363;2276.04;1066.95;2309.97;1064.88;2309.08;1050.3;2275.15;1052.37;10;0.76;move
1436;2146.85;1069.43;2173.78;1068.48;2173.33;1055.69;2146.4;1056.64;10;0.75;move
1461;2234.27;1048.38;2262.05;1047.04;2261.42;1033.99;2233.64;1035.34;10;0.79;move
1465;2545.28;155.83;2560.02;155.06;2558.47;125.42;2543.73;126.19;10;0.67;stop
1496;1850.99;888.97;1867.24;888.44;1866.01;851.4;1849.76;851.94;10;0.78;move
1516;1915.04;1001.83;1930.24;999.31;1925.61;971.42;1910.41;973.94;10;0.79;move
1557;1909.06;2095.73;1921.75;2065.24;1909.19;2060.02;1896.5;2090.51;10;0.77;move
1573;2201.12;1066.71;2228.1;1065.72;2227.63;1052.79;2200.65;1053.78;10;0.8;move
1625;3582.15;1039.84;3588.92;1024.91;3555.04;1009.54;3548.27;1024.47;10;0.68;stop
1643;1955.38;1979.16;1963.16;1951.77;1950.62;1948.21;1942.84;1975.6;10;0.77;move
1653;3584.29;1251.83;3587.62;1236.63;3560.4;1230.67;3557.07;1245.87;10;0.52;stop
1684;1895.72;1008.96;1909.9;1006.43;1905.0;978.92;1890.82;981.44;10;0.79;move
1738;2472.05;1060.23;2503.6;1059.92;2503.45;1043.52;2471.9;1043.83;10;0.76;move
1778;2382.15;1067.32;2418.98;1064.89;2417.85;1047.68;2381.02;1050.11;10;0.78;move
1783;2343.01;1042.57;2369.99;1041.1;2369.24;1027.43;2342.26;1028.9;10;0.77;move
1845;1966.4;1941.67;1974.18;1916.29;1962.1;1912.58;1954.32;1937.96;10;0.76;move
1880;2406.99;1043.94;2434.18;1042.56;2433.51;1029.43;2406.32;1030.81;10;0.76;move
1887;2026.48;1658.58;2027.67;1629.21;2014.52;1628.67;2013.33;1658.04;10;0.8;move
1981;2716.64;35.07;2744.1;32.31;2742.65;17.9;2715.19;20.66;10;0.4;stop
2017;2813.18;21.74;2841.45;18.82;2839.94;4.27;2811.68;7.19;10;0.68;stop
2034;1904.71;901.78;1920.13;900.59;1917.66;868.41;1902.24;869.6;10;0.77;move
2038;2848.41;16.49;2876.13;14.31;2875.03;0.38;2847.31;2.57;10;0.72;stop
2047;201.43;1638.98;202.56;1626.85;176.86;1624.45;175.73;1636.59;10;0.47;stop
2067;2903.27;12.29;2930.64;10.7;2929.86;-2.68;2902.48;-1.09;10;0.54;stop
2081;2766.97;28.91;2802.63;24.17;2800.37;7.18;2764.71;11.93;10;0.36;stop
2113;2030.64;1705.12;2033.19;1673.23;2019.36;1672.13;2016.81;1704.02;10;0.77;move
2129;1535.58;1114.25;1568.05;1112.49;1567.17;1096.37;1534.7;1098.13;10;0.79;move
2334;2025.91;1748.64;2029.06;1713.1;2015.09;1711.86;2011.94;1747.4;10;0.8;move
2363;1850.88;838.46;1867.91;837.28;1865.46;801.79;1848.43;802.97;10;0.74;move
2452;2024.64;1782.96;2027.55;1755.44;2014.29;1754.04;2011.39;1781.56;10;0.81;move
2483;2680.54;1041.01;2680.8;1026.65;2654.04;1026.18;2653.78;1040.53;10;0.81;move
2567;2022.05;1820.16;2025.64;1790.44;2012.39;1788.84;2008.79;1818.56;10;0.82;move
2600;123.26;79.67;155.64;76.07;154.01;61.42;121.63;65.03;10;0.69;stop
2688;80.97;1118.33;109.49;1117.6;109.11;1102.6;80.58;1103.34;10;0.69;move
2703;2012.94;1861.47;2018.44;1830.92;2005.18;1828.53;1999.69;1859.08;10;0.8;move
2718;1741.48;1105.79;1775.0;1103.83;1774.14;1089.08;1740.62;1091.04;10;0.66;move
2772;1950.14;131.7;1984.29;117.85;1977.98;102.3;1943.84;116.15;9;0.6;move
2839;1703.03;1109.32;1732.68;1106.96;1731.6;1093.43;1701.95;1095.79;10;0.8;move
2843;2004.28;1919.55;2011.82;1885.35;1995.84;1881.83;1988.3;1916.02;10;0.82;move
2964;1875.21;857.42;1894.58;855.68;1890.07;805.33;1870.7;807.07;9;0.71;move
3040;1743.15;1125.87;1778.8;1124.29;1778.1;1108.38;1742.45;1109.96;10;0.8;move
3089;1847.99;786.49;1864.32;785.19;1861.89;754.76;1845.56;756.06;10;0.81;move
3107;2051.08;1793.28;2051.5;1769.82;2039.04;1769.6;2038.63;1793.06;10;0.44;stop
3134;2601.42;1057.02;2630.6;1056.96;2630.58;1042.23;2601.4;1042.29;10;0.73;move
3149;1913.04;474.84;1926.53;472.27;1920.96;443.16;1907.47;445.73;10;0.72;move
3182;1978.96;567.81;1981.18;553.02;1950.85;548.47;1948.63;563.26;10;0.79;move
3187;1899.44;811.44;1915.52;809.91;1912.06;773.68;1895.98;775.22;10;0.8;move
3295;1848.25;729.9;1861.69;729.22;1860.22;699.98;1846.78;700.65;10;0.78;move
3316;1894.68;767.31;1909.85;766.63;1908.57;737.94;1893.4;738.62;10;0.76;move
3334;1910.21;297.53;1923.6;296.29;1921.17;270.03;1907.78;271.27;10;0.76;move
3383;1878.75;77.21;1892.85;76.93;1892.25;46.54;1878.15;46.82;10;0.6;move
3511;229.26;1094.97;261.08;1094.91;261.05;1080.03;229.23;1080.09;10;0.75;move
3549;3401.79;1114.09;3420.59;1082.53;3406.33;1074.03;3387.53;1105.6;10;0.79;move
3593;1893.14;730.78;1908.65;729.35;1905.33;693.47;1889.82;694.9;10;0.81;move
3619;1759.45;1169.63;1789.89;1167.47;1788.98;1154.62;1758.54;1156.78;10;0.42;move
3724;3052.99;1091.71;3055.13;1076.11;3022.76;1071.66;3020.62;1087.27;10;0.82;move
3729;-0.89;1081.71;22.96;1079.31;21.44;1064.23;-2.4;1066.62;10;0.71;stop
3927;1678.49;1128.93;1713.29;1126.66;1712.26;1110.95;1677.46;1113.22;10;0.79;move
4033;1150.95;1653.14;1151.25;1639.96;1125.3;1639.36;1125.0;1652.54;10;0.38;stop
4068;3415.76;1191.08;3417.94;1174.52;3380.18;1169.55;3378.0;1186.1;10;0.76;move
4074;1901.72;853.24;1916.73;852.0;1914.28;822.45;1899.27;823.69;10;0.69;move
4091;1883.28;900.72;1897.48;900.32;1896.63;870.03;1882.43;870.43;10;0.74;move
4109;2079.49;561.85;2114.91;557.59;2113.01;541.78;2077.59;546.03;10;0.7;move
4203;1890.03;689.8;1905.82;688.59;1903.47;657.95;1887.68;659.16;10;0.8;move
4242;1757.06;1070.08;1794.57;1067.71;1793.63;1052.8;1756.12;1055.16;10;0.69;move
4346;1874.9;795.26;1889.2;794.23;1887.1;765.11;1872.8;766.14;10;0.76;move
4355;3235.1;1175.55;3237.53;1157.43;3198.97;1152.26;3196.54;1170.38;10;0.78;move
4411;3159.96;1148.7;3161.96;1133.76;3129.73;1129.43;3127.73;1144.37;10;0.77;move
4423;2823.85;1067.89;2824.67;1052.29;2790.65;1050.49;2789.83;1066.08;10;0.73;move
4460;1765.66;1147.8;1796.14;1145.7;1795.15;1131.45;1764.68;1133.55;10;0.78;move
4573;1714.3;1145.9;1743.9;1144.73;1743.36;1131.1;1713.76;1132.27;10;0.8;move
4599;518.59;1686.72;538.98;1686.58;538.91;1676.09;518.52;1676.23;10;0.42;stop
4625;3740.91;148.35;3749.8;125.04;3738.46;120.72;3729.58;144.03;10;0.4;stop
4632;3141.05;1106.34;3143.84;1088.63;3106.45;1082.73;3103.66;1100.44;10;0.84;move
4701;1884.42;751.11;1884.42;719.26;1870.83;719.26;1870.83;751.11;10;0.8;move
4739;1844.22;688.31;1859.74;687.04;1857.03;653.82;1841.51;655.09;10;0.8;move
4779;2761.88;1046.08;2762.09;1031.15;2727.74;1030.67;2727.54;1045.6;10;0.79;move
4835;1869.03;704.89;1883.59;703.93;1881.72;675.48;1867.16;676.44;10;0.79;move
4869;67.74;1109.59;69.5;1096.97;44.94;1093.54;43.18;1106.16;10;0.71;stop
4914;1839.17;634.03;1858.3;632.81;1854.67;576.18;1835.55;577.41;9;0.79;move
4955;1887.12;650.39;1902.0;648.79;1898.97;620.58;1884.1;622.18;10;0.8;move
4961;2907.03;1053.74;2908.24;1038.61;2875.0;1035.95;2873.79;1051.08;10;0.83;move
5003;3319.18;1131.72;3321.62;1116.12;3287.38;1110.78;3284.94;1126.38;10;0.83;move
5035;2995.43;1065.77;2997.33;1047.47;2960.04;1043.6;2958.13;1061.9;10;0.82;move
5056;1879.59;610.47;1896.04;608.31;1891.41;573.03;1874.96;575.19;10;0.81;move
5060;3214.55;1114.65;3216.63;1097.3;3182.01;1093.16;3179.94;1110.51;10;0.7;move
5072;1866.42;658.06;1882.03;656.72;1879.17;623.32;1863.56;624.66;10;0.8;move
5154;1599.79;1147.79;1626.26;1146.39;1625.59;1133.71;1599.12;1135.11;10;0.78;move
5214;1143.51;1138.43;1178.31;1135.07;1176.8;1119.45;1142.0;1122.8;10;0.81;stop
5239;275.19;56.83;306.46;52.8;304.65;38.79;273.39;42.83;10;0.73;stop
5301;1833.72;558.73;1849.85;557.88;1848.41;530.27;1832.27;531.12;10;0.79;move
5312;2977.22;1171.98;2979.2;1149.56;2920.78;1144.4;2918.8;1166.81;9;0.8;stop
5328;1103.19;1142.78;1134.93;1140.16;1133.68;1125.03;1101.94;1127.66;10;0.78;move
5340;3270.29;1122.03;3272.57;1108.26;3244.39;1103.59;3242.11;1117.36;10;0.71;move
5341;3520.91;1169.46;3524.19;1154.85;3489.72;1147.11;3486.44;1161.71;10;0.76;move
5360;233.42;63.98;266.63;59.69;264.86;45.95;231.65;50.23;10;0.73;stop
5375;3099.85;1076.87;3102.13;1059.13;3061.4;1053.88;3059.12;1071.62;10;0.83;move
5382;1830.19;511.88;1844.82;510.6;1842.27;481.49;1827.64;482.78;10;0.77;move
5391;1462.28;1150.67;1497.03;1149.4;1496.47;1134.21;1461.72;1135.47;10;0.77;move
5448;1501.93;1174.91;1532.66;1171.49;1531.07;1157.22;1500.34;1160.64;10;0.51;stop
5451;1785.42;114.03;1785.65;95.38;1772.72;95.22;1772.49;113.87;10;0.57;stop
5465;1680.28;1113.71;1690.44;1096.3;1672.22;1085.66;1662.06;1103.08;10;0.67;move
5467;2952.17;1081.89;2954.22;1065.61;2919.39;1061.24;2917.35;1077.51;10;0.82;move
5469;3472.96;1143.06;3475.48;1127.53;3441.1;1121.94;3438.58;1137.47;10;0.8;move
5481;1826.61;461.99;1842.95;460.59;1839.76;423.39;1823.43;424.79;10;0.8;move
5496;1055.53;1142.85;1084.87;1140.68;1083.84;1126.84;1054.51;1129.0;10;0.79;move
5520;1354.13;1144.75;1386.1;1142.8;1385.25;1128.87;1353.28;1130.82;10;0.78;move
5559;3152.66;1085.89;3155.21;1070.33;3121.09;1064.74;3118.54;1080.29;10;0.83;move
5561;1861.2;618.36;1877.15;616.58;1873.8;586.52;1857.85;588.29;10;0.74;move
5580;1849.07;504.12;1865.14;502.62;1862.21;471.25;1846.14;472.76;10;0.72;move
5582;975.95;1651.31;994.86;1650.96;994.67;1641.19;975.77;1641.54;10;0.35;stop
5663;1858.66;583.95;1874.98;581.63;1870.34;548.93;1854.02;551.25;10;0.79;move
5682;3558.6;1178.14;3561.95;1161.94;3529.84;1155.3;3526.49;1171.5;10;0.8;move
5697;1822.61;403.89;1836.96;402.86;1834.76;372.36;1820.42;373.39;10;0.67;move
5741;3230.23;1095.67;3231.93;1079.82;3201.02;1076.52;3199.32;1092.36;10;0.74;move
5767;1008.94;1145.33;1038.49;1144.35;1038.0;1129.42;1008.45;1130.4;10;0.81;move
5834;1854.42;542.61;1868.86;541.07;1865.95;513.77;1851.52;515.3;10;0.75;move
5880;2287.09;542.65;2316.2;540.18;2314.91;524.98;2285.8;527.44;10;0.36;stop
5896;1496.26;1112.66;1526.11;1111.26;1525.49;1097.97;1495.64;1099.37;10;0.72;move
5900;3515.25;1151.42;3518.05;1135.49;3484.12;1129.52;3481.32;1145.45;10;0.78;move
5902;1497.83;1693.31;1498.39;1679.52;1468.8;1678.31;1468.23;1692.11;10;0.52;stop
5929;3323.85;1101.55;3325.27;1084.77;3291.15;1081.88;3289.73;1098.67;10;0.8;move
5966;1818.55;346.41;1834.99;344.97;1832.08;311.72;1815.63;313.16;10;0.8;move
6037;15.95;1187.0;16.5;1173.37;-0.57;1172.69;-1.11;1186.32;10;0.73;stop
6039;17.66;1187.57;46.0;1187.41;45.92;1173.05;17.57;1173.22;10;0.4;stop
6057;1690.93;1105.24;1691.08;1090.89;1679.07;1090.76;1678.91;1105.11;10;0.51;stop
6077;1941.17;2146.27;1952.62;2116.04;1940.08;2111.29;1928.63;2141.52;10;0.36;stop
6091;1450.96;1113.36;1478.1;1111.98;1477.41;1098.39;1450.27;1099.77;10;0.73;move
6121;1008.17;1162.48;1008.34;1146.39;974.08;1146.02;973.91;1162.11;10;0.81;move
6130;3736.77;850.7;3760.4;848.89;3759.48;836.8;3735.84;838.61;10;0.48;stop
6140;3318.0;1190.17;3319.95;1174.13;3282.0;1169.51;3280.05;1185.55;10;0.82;move
6158;2877.52;1299.98;2878.45;1282.74;2833.73;1280.32;2832.8;1297.56;9;0.39;stop
6170;1407.97;1114.82;1440.01;1113.47;1439.4;1099.18;1407.37;1100.53;10;0.77;move
6175;3710.75;1280.03;3713.27;1264.78;3682.38;1259.66;3679.85;1274.91;10;0.37;stop
6179;685.61;1146.98;715.53;1145.92;715.01;1131.15;685.09;1132.2;10;0.76;move
6202;1994.23;1958.56;2004.52;1924.83;1990.15;1920.44;1979.85;1954.17;10;0.82;move
6218;1571.03;553.62;1594.74;553.6;1594.72;539.88;1571.01;539.9;10;0.49;stop
6224;917.82;1157.05;918.53;1139.58;878.52;1137.95;877.81;1155.42;10;0.52;move
6258;1628.86;556.43;1629.04;543.39;1598.77;542.97;1598.59;556.02;10;0.53;stop
6313;1376.98;1114.17;1403.37;1113.23;1402.89;1099.83;1376.51;1100.77;10;0.79;move
6318;798.99;1157.19;832.7;1156.29;832.26;1139.68;798.55;1140.59;10;0.78;move
6329;59.78;1189.33;88.33;1188.43;87.82;1172.24;59.27;1173.13;10;0.38;stop
6333;1814.51;288.98;1829.92;287.77;1827.11;252.14;1811.71;253.36;10;0.8;move
6339;1942.54;1376.08;1958.23;1373.36;1952.21;1338.55;1936.52;1341.26;10;0.5;stop
6398;362.72;1023.22;380.11;1020.56;375.09;987.72;357.7;990.38;10;0.38;stop
6423;1978.49;1997.22;1989.08;1963.96;1974.76;1959.4;1964.17;1992.66;10;0.81;move
6505;3501.68;1127.44;3504.07;1112.71;3472.38;1107.56;3469.99;1122.29;10;0.78;move
6518;1652.69;1041.14;1676.85;1039.94;1676.19;1026.61;1652.03;1027.81;10;0.58;stop
6533;1875.87;569.52;1891.49;566.88;1885.76;532.98;1870.13;535.62;10;0.78;stop
6537;2650.19;1019.68;2653.99;1006.6;2630.18;999.69;2626.39;1012.78;10;0.73;stop
6570;1337.52;1120.82;1365.84;1118.6;1364.73;1104.43;1336.41;1106.65;10;0.79;move
6602;3034.48;1944.6;3046.83;1936.54;3030.02;1910.78;3017.67;1918.84;10;0.47;stop
6608;3553.31;1158.23;3556.27;1142.13;3522.0;1135.84;3519.05;1151.93;10;0.77;move
6626;1963.2;2036.54;1974.89;2003.8;1960.98;1998.83;1949.3;2031.58;10;0.81;stop
6627;681.49;1165.12;712.31;1163.76;711.64;1148.63;680.82;1149.99;10;0.76;move
6640;596.23;1148.91;630.6;1147.63;630.02;1132.03;595.65;1133.31;10;0.65;move
6648;1588.83;1693.48;1589.37;1679.17;1562.3;1678.15;1561.76;1692.46;10;0.41;stop
6692;3553.77;1138.64;3557.18;1122.4;3522.48;1115.11;3519.07;1131.35;10;0.81;move
6723;1946.72;2076.32;1957.73;2049.45;1945.78;2044.55;1934.77;2071.42;10;0.77;move
6752;2592.03;1022.75;2602.08;997.12;2589.34;992.13;2579.3;1017.76;10;0.79;move
6766;2536.29;479.08;2552.79;475.11;2550.58;465.92;2534.09;469.89;10;0.36;stop
6768;612.44;1167.09;644.52;1165.59;643.81;1150.4;611.73;1151.91;10;0.75;move
6791;3601.73;1185.59;3604.72;1169.7;3568.27;1162.85;3565.28;1178.74;10;0.78;move
6795;330.07;1395.62;330.78;1382.22;305.74;1380.88;305.03;1394.29;10;0.36;stop
6861;1279.18;1145.15;1307.21;1142.95;1306.07;1128.47;1278.04;1130.68;10;0.77;move
6864;727.2;1688.23;727.35;1672.22;719.6;1672.15;719.45;1688.16;10;0.47;stop
6886;1634.5;1133.48;1667.3;1131.12;1666.25;1116.52;1633.45;1118.88;10;0.75;move
6898;1940.91;60.32;1952.97;59.3;1950.94;35.3;1938.88;36.32;10;0.46;stop
6913;3597.21;1148.87;3601.43;1132.5;3563.42;1122.69;3559.19;1139.06;10;0.77;move
6952;1810.08;239.61;1825.1;238.34;1822.55;208.14;1807.52;209.41;10;0.8;move
6960;1931.83;2115.89;1944.7;2086.1;1931.42;2080.36;1918.55;2110.15;10;0.81;stop
6969;3648.42;1184.76;3652.58;1169.51;3620.96;1160.87;3616.79;1176.11;10;0.79;move
7050;3810.12;95.86;3826.03;52.83;3808.01;46.17;3792.09;89.2;9;0.65;stop
7066;2003.67;567.86;2032.33;564.16;2030.58;550.67;2001.92;554.37;10;0.76;move
7070;3645.4;1164.01;3648.86;1148.58;3616.48;1141.3;3613.01;1156.74;10;0.79;move
7182;324.13;1097.65;326.32;1083.02;294.62;1078.29;292.43;1092.92;10;0.8;move
7195;1098.77;1652.49;1099.34;1640.72;1069.1;1639.26;1068.54;1651.03;10;0.42;stop
7217;3687.1;1171.16;3691.06;1155.15;3655.4;1146.34;3651.44;1162.35;10;0.81;move
7242;2383.24;533.31;2410.21;530.6;2408.89;517.44;2381.92;520.15;10;0.74;stop
7247;1918.15;2148.18;1930.55;2121.32;1918.1;2115.57;1905.7;2142.43;10;0.77;stop
7263;1280.62;1124.48;1312.29;1121.37;1310.81;1106.39;1279.15;1109.51;10;0.74;move
7272;2171.12;1048.19;2200.03;1046.39;2199.13;1031.93;2170.22;1033.73;10;0.77;move
7280;3756.26;1212.36;3759.64;1195.19;3721.24;1187.64;3717.86;1204.81;10;0.74;move
7284;3657.9;364.22;3668.18;333.96;3654.6;329.35;3644.32;359.6;10;0.37;stop
7317;1007.96;653.72;1008.64;639.03;981.32;637.78;980.64;652.47;10;0.73;move
7329;1700.11;1149.08;1700.8;1135.76;1679.93;1134.67;1679.24;1147.99;10;0.79;move
7337;1150.28;1161.04;1179.4;1159.08;1178.47;1145.21;1149.35;1147.17;10;0.76;move
7354;3727.91;1181.87;3731.94;1166.09;3697.09;1157.19;3693.06;1172.97;10;0.75;move
7360;2510.8;41.78;2511.78;19.56;2498.45;18.97;2497.46;41.18;10;0.37;stop
7385;746.66;1143.09;777.31;1141.88;776.78;1128.47;746.13;1129.68;10;0.75;move
7389;3687.81;1196.82;3691.5;1182.72;3662.19;1175.05;3658.5;1189.15;10;0.78;stop
7390;3618.51;2085.17;3649.76;2069.97;3641.49;2052.95;3610.24;2068.15;10;0.68;stop
7391;1845.32;455.13;1864.87;453.78;1861.46;404.37;1841.91;405.72;9;0.7;move
7464;1239.87;1129.54;1270.07;1124.67;1267.76;1110.34;1237.56;1115.2;10;0.72;stop
7479;3811.35;1222.77;3814.54;1207.26;3782.4;1200.66;3779.21;1216.17;10;0.79;stop
7492;3774.76;1192.51;3778.77;1176.15;3742.11;1167.18;3738.11;1183.54;10;0.79;move
7499;2556.18;256.55;2568.16;255.41;2565.57;228.32;2553.59;229.47;10;0.36;stop
7507;845.37;631.91;846.0;618.92;822.44;617.78;821.81;630.77;10;0.48;stop
7509;3643.4;396.89;3654.67;373.9;3642.85;368.11;3631.58;391.1;10;0.4;stop
7514;1584.23;1117.82;1639.45;1116.38;1638.89;1095.05;1583.68;1096.49;9;0.73;stop
7534;2595.64;975.81;2609.39;974.69;2607.11;946.81;2593.36;947.94;10;0.72;move
7538;1931.72;23.94;1943.87;23.34;1942.69;-0.59;1930.54;0.01;10;0.53;stop
7562;237.48;1708.06;254.22;1694.72;228.69;1662.72;211.96;1676.06;10;0.43;stop
7568;33.32;79.16;37.55;69.74;18.57;61.23;14.34;70.65;10;0.37;stop
7572;3046.77;1341.71;3059.04;1328.17;3024.01;1296.42;3011.74;1309.95;9;0.45;stop
7610;3120.31;1390.24;3124.92;1377.73;3112.94;1373.32;3108.33;1385.83;10;0.38;stop
7616;3562.03;2111.98;3595.64;2096.52;3588.28;2080.52;3554.67;2095.98;10;0.62;stop
7618;3813.38;1199.12;3816.26;1184.23;3786.0;1178.38;3783.12;1193.27;10;0.79;stop
7639;160.18;72.31;184.75;67.74;182.48;55.54;157.9;60.12;10;0.4;stop
7641;24.41;1645.02;25.16;1631.03;-0.21;1629.67;-0.96;1643.65;10;0.58;move
7647;2815.79;2055.78;2830.51;2048.53;2815.77;2018.6;2801.05;2025.84;10;0.7;stop
7658;1193.04;1635.76;1195.35;1609.9;1182.39;1608.74;1180.09;1634.6;10;0.54;move
7659;88.35;84.0;118.18;80.8;116.61;66.23;86.78;69.44;10;0.41;stop
7670;190.12;69.62;220.32;66.31;218.86;52.96;188.66;56.26;10;0.36;stop
7673;264.71;1197.02;275.7;1164.06;260.29;1158.92;249.3;1191.88;10;0.72;stop
7689;1808.04;191.95;1823.07;191.08;1821.21;159.05;1806.18;159.92;10;0.77;move
7701;3127.34;1631.11;3137.29;1595.14;3119.22;1590.14;3109.27;1626.11;10;0.72;stop
7712;1023.32;1186.08;1062.85;1183.59;1061.68;1165.17;1022.15;1167.66;9;0.68;stop
7728;270.8;1157.9;299.89;1156.54;299.2;1141.79;270.11;1143.15;10;0.76;move
7742;451.46;32.05;483.72;28.94;482.29;14.12;450.03;17.23;10;0.65;stop
7744;1811.69;143.58;1826.91;140.11;1819.81;108.98;1804.59;112.45;10;0.79;move
7746;2031.71;1432.69;2048.04;1431.61;2045.29;1389.94;2028.96;1391.01;10;0.42;stop
7752;290.99;73.57;320.5;66.23;316.98;52.06;287.47;59.39;10;0.67;move
7754;375.77;40.68;398.42;24.84;390.63;13.7;367.98;29.54;10;0.53;stop
7763;3291.53;587.11;3304.07;585.57;3300.97;560.39;3288.43;561.93;10;0.49;stop
7764;2642.45;1303.91;2642.72;1294.17;2626.68;1293.72;2626.4;1303.45;10;0.35;stop
7768;939.42;1097.0;966.25;1095.71;965.58;1081.75;938.75;1083.04;10;0.78;move
7778;2459.62;528.63;2489.57;525.08;2487.76;509.75;2457.8;513.29;10;0.51;move
7781;442.93;1065.42;468.55;1063.02;467.38;1050.52;441.76;1052.92;10;0.52;stop
7788;231.42;1232.89;248.16;1230.24;243.66;1201.8;226.92;1204.44;10;0.4;stop
7793;1835.16;223.21;1849.72;221.86;1847.16;194.17;1832.59;195.52;10;0.7;move
7806;625.17;1253.52;655.33;1251.83;654.52;1237.41;624.36;1239.1;10;0.55;stop
7813;3197.15;461.63;3230.29;457.45;3228.47;443.05;3195.34;447.23;10;0.74;move
7814;1547.36;1173.42;1578.4;1169.93;1576.76;1155.33;1545.72;1158.82;10;0.36;stop
7816;2649.58;1019.61;2651.04;1004.67;2639.17;1003.51;2637.71;1018.45;10;0.47;stop
7830;487.01;26.65;517.19;24.42;516.12;9.91;485.94;12.14;10;0.59;stop
7852;2422.02;535.56;2452.29;531.73;2450.4;516.73;2420.13;520.56;10;0.39;stop
7858;1063.16;1093.6;1098.52;1092.24;1097.96;1077.65;1062.6;1079.01;10;0.41;move
7864;1063.66;1185.63;1095.24;1184.15;1094.46;1167.5;1062.88;1168.98;10;0.47;stop
7869;1796.57;235.46;1812.99;223.19;1798.93;204.33;1782.51;216.61;10;0.77;stop
7871;380.07;77.77;404.83;76.49;404.15;63.32;379.38;64.6;10;0.37;stop
7878;2540.17;1038.73;2571.72;1038.15;2571.45;1023.4;2539.9;1023.98;10;0.79;move
7882;1942.78;883.48;1963.86;880.9;1956.47;820.44;1935.39;823.03;9;0.43;move
7898;106.25;1670.94;113.16;1657.15;88.94;1653.22;82.02;1667.01;10;0.48;stop
7914;1526.08;1656.51;1526.58;1646.54;1503.55;1645.37;1503.04;1655.34;10;0.48;stop
7923;2033.08;1891.3;2038.3;1852.73;2021.42;1850.45;2016.2;1889.02;10;0.51;stop
7927;918.0;1157.0;918.92;1139.15;878.25;1137.06;877.33;1154.91;9;0.65;move
7929;3414.18;1287.98;3455.63;1280.48;3452.07;1260.84;3410.62;1268.35;10;0.36;stop
7932;3173.62;1097.3;3174.64;1087.36;3153.57;1085.2;3152.55;1095.14;10;0.36;move
7933;3119.67;1102.47;3120.99;1084.44;3106.83;1083.41;3105.51;1101.43;10;0.78;stop
7936;3347.12;1262.98;3360.29;1226.06;3341.94;1219.52;3328.77;1256.44;10;0.53;stop
7947;1824.92;887.07;1840.23;885.92;1837.7;852.18;1822.4;853.33;9;0.36;stop
7953;1950.74;1426.41;1968.13;1423.18;1959.76;1378.21;1942.37;1381.45;10;0.4;stop
7954;1063.9;1095.44;1102.2;1094.41;1101.73;1076.75;1063.42;1077.78;9;0.47;stop
7957;410.5;36.32;443.75;34.77;443.09;20.64;409.85;22.18;10;0.37;stop
7958;2330.0;1316.23;2330.32;1299.01;2290.0;1298.27;2289.68;1315.49;10;0.37;stop
7960;1943.14;1377.15;1957.48;1374.83;1951.61;1338.6;1937.27;1340.92;9;0.38;stop
