vehicle_id;veh_bb_x1;veh_bb_y1;veh_bb_x2;veh_bb_y2;veh_bb_x3;veh_bb_y3;veh_bb_x4;veh_bb_y4;det_class;conf_score;state
3;3145.69;1198.53;3147.75;1181.84;3109.31;1177.1;3107.25;1193.79;10;0.82;parked
15;2680.96;1152.36;2680.98;1138.18;2652.29;1138.14;2652.27;1152.32;10;0.81;parked
21;2825.35;1156.09;2825.98;1141.55;2791.4;1140.04;2790.77;1154.58;10;0.81;parked
27;2726.94;1154.33;2727.37;1136.87;2690.99;1135.98;2690.56;1153.44;10;0.81;parked
56;3356.53;1360.57;3361.71;1346.22;3332.53;1335.68;3327.35;1350.02;10;0.79;parked
66;3317.04;1346.58;3326.28;1313.66;3310.15;1309.13;3300.9;1342.04;10;0.79;parked
76;2496.79;1153.16;2529.64;1152.55;2529.33;1136.21;2496.49;1136.83;10;0.78;parked
130;2611.55;1150.33;2642.98;1150.27;2642.95;1135.67;2611.52;1135.73;10;0.79;parked
150;2346.96;1154.46;2347.05;1139.61;2315.79;1139.42;2315.7;1154.27;10;0.79;parked
179;3101.3;1191.62;3103.07;1175.49;3071.2;1172.01;3069.43;1188.13;10;0.8;parked
180;3017.41;1178.87;3020.02;1163.7;2988.69;1158.31;2986.08;1173.49;10;0.81;parked
185;2193.86;1158.02;2221.85;1157.13;2221.39;1142.61;2193.4;1143.5;10;0.79;parked
196;2353.83;1154.73;2384.78;1153.71;2384.3;1139.14;2353.34;1140.16;10;0.78;parked
197;2392.98;1154.0;2423.03;1153.52;2422.77;1137.62;2392.72;1138.11;10;0.78;parked
198;2538.77;1150.33;2569.62;1150.03;2569.48;1135.67;2538.63;1135.97;10;0.77;parked
210;2277.15;1156.05;2305.48;1154.44;2304.6;1138.95;2276.27;1140.56;10;0.78;parked
236;2226.9;1158.51;2262.02;1157.34;2261.47;1140.99;2226.35;1142.16;10;0.77;parked
256;2858.14;1158.37;2859.01;1143.98;2830.61;1142.26;2829.74;1156.65;10;0.8;parked
267;2457.93;1152.28;2489.0;1150.86;2488.32;1135.97;2457.25;1137.39;10;0.75;parked
276;2578.72;1149.78;2605.35;1148.94;2604.91;1135.09;2578.27;1135.94;10;0.76;parked
277;2978.03;1172.56;2980.18;1149.42;2919.97;1143.82;2917.82;1166.95;9;0.83;parked
285;2783.18;1157.57;2783.74;1137.57;2744.79;1136.49;2744.23;1156.49;9;0.81;parked
290;2152.88;1159.74;2184.94;1158.22;2184.18;1142.01;2152.12;1143.53;10;0.77;parked
309;3059.42;1185.12;3061.44;1170.35;3030.58;1166.13;3028.56;1180.9;10;0.79;parked
311;3293.33;1361.83;3305.35;1325.13;3287.92;1319.42;3275.9;1356.12;10;0.66;parked
380;3187.6;1204.3;3189.91;1187.4;3154.58;1182.58;3152.28;1199.47;10;0.75;parked
389;2099.23;1161.0;2134.71;1158.92;2133.77;1143.0;2098.29;1145.08;10;0.73;parked
440;3650.24;1269.24;3654.17;1256.38;3626.63;1247.95;3622.7;1260.81;10;0.72;parked
506;3119.46;1194.96;3120.8;1178.6;3109.29;1177.66;3107.95;1194.03;10;0.61;parked
507;3348.06;1262.74;3360.66;1225.47;3341.0;1218.82;3328.4;1256.1;9;0.44;parked
607;2152.79;1158.33;2160.63;1158.24;2160.46;1143.42;2152.62;1143.51;10;0.49;parked
613;3414.41;1288.14;3457.55;1279.76;3453.71;1259.99;3410.57;1268.37;9;0.47;parked
1653;3583.31;1251.06;3586.09;1236.26;3560.44;1231.44;3557.66;1246.24;10;0.57;parked
2082;3840.46;1306.65;3843.28;1292.45;3822.67;1288.35;3819.84;1302.55;10;0.61;parked
2237;3710.6;1279.57;3713.54;1264.17;3682.52;1258.25;3679.58;1273.64;10;0.76;parked
3279;3413.24;1288.34;3456.65;1280.83;3453.01;1259.78;3409.6;1267.3;10;0.5;parked
3301;3347.27;1263.19;3360.94;1225.27;3341.8;1218.37;3328.13;1256.29;10;0.38;parked
