vehicle_id; veh_bb_x1; veh_bb_y1; veh_bb_x2; veh_bb_y2; veh_bb_x3; veh_bb_y3; veh_bb_x4; veh_bb_y4; det_class; conf_score; state
     2;    1989.69;    1843.63;    1995.99;    1814.63;    1981.56;    1811.50;    1975.26;    1840.49;       10;    0.85;   stop
     7;    1982.47;    1879.04;    1990.51;    1847.57;    1974.91;    1843.58;    1966.87;    1875.06;       10;    0.84;   stop
   890;    1894.94;     815.23;    1911.10;     814.03;    1908.59;     780.02;    1892.43;     781.22;       10;    0.84;   stop
    43;    2877.22;    1159.31;    2877.94;    1143.86;    2843.64;    1142.25;    2842.92;    1157.70;       10;    0.84;   move
     1;    2954.94;    1200.83;    2957.32;    1177.37;    2895.06;    1171.04;    2892.68;    1194.51;        9;    0.83;   stop
     4;    3119.88;    1229.37;    3122.07;    1213.05;    3085.43;    1208.13;    3083.24;    1224.45;       10;    0.83;   stop
    55;    2888.00;    1328.90;    2889.04;    1311.73;    2857.00;    1309.78;    2855.96;    1326.96;       10;    0.83;   stop
    11;    2643.46;    1064.36;    2644.41;    1050.34;    2615.54;    1048.39;    2614.59;    1062.41;       10;    0.83;   stop
    17;    2004.66;    1759.03;    2008.80;    1728.16;    1994.34;    1726.22;    1990.20;    1757.09;       10;    0.83;   stop
    15;    1972.64;    1921.35;    1982.38;    1890.19;    1967.86;    1885.65;    1958.12;    1916.81;       10;    0.83;   stop
   326;    3063.72;    1155.46;    3065.39;    1141.14;    3032.28;    1137.29;    3030.61;    1151.61;       10;    0.83;   stop
    72;    2001.74;     907.50;    2002.22;     876.41;    1987.51;     876.18;    1987.03;     907.28;       10;    0.83;   stop
    37;     827.65;    1164.38;     827.75;    1148.80;     798.11;    1148.62;     798.02;    1164.20;       10;    0.83;   stop
    42;    3456.59;    1166.43;    3459.87;    1148.03;    3419.03;    1140.75;    3415.75;    1159.15;       10;    0.83;   move
   143;    3454.39;    1188.08;    3456.80;    1170.23;    3418.42;    1165.04;    3416.01;    1182.90;       10;    0.83;   move
     5;    3074.36;    1199.80;    3077.80;    1182.01;    3040.95;    1174.89;    3037.51;    1192.68;       10;    0.83;   stop
   380;     702.61;    1136.99;     703.12;    1121.64;     668.95;    1120.51;     668.44;    1135.86;       10;    0.83;   stop
   115;    2970.91;    1175.98;    2972.85;    1161.66;    2941.91;    1157.45;    2939.96;    1171.78;       10;    0.83;   move
   117;    3156.93;    1192.24;    3159.99;    1175.11;    3122.45;    1168.39;    3119.38;    1185.52;       10;    0.83;   stop
    51;    1985.69;    1970.06;    1995.35;    1933.85;    1977.87;    1929.19;    1968.21;    1965.40;       10;    0.83;   stop
    22;    1828.20;     523.47;    1829.44;     489.66;    1812.21;     489.03;    1810.96;     522.84;       10;    0.83;   stop
   150;    3376.12;    1146.76;    3378.25;    1130.14;    3343.88;    1125.74;    3341.75;    1142.36;       10;    0.83;   move
    48;    3115.87;    1165.15;    3118.82;    1148.50;    3082.42;    1142.04;    3079.46;    1158.69;       10;    0.83;   stop
    67;    2803.20;    1180.80;    2804.28;    1165.44;    2769.07;    1162.95;    2767.98;    1178.31;       10;    0.83;   stop
    69;    1861.90;    2075.02;    1874.46;    2045.46;    1859.51;    2039.11;    1846.94;    2068.66;       10;    0.83;   stop
    21;    1956.05;     294.46;    1974.75;     293.26;    1972.45;     257.35;    1953.75;     258.55;       10;    0.83;   stop
    36;    1718.13;     570.23;    1719.14;     553.44;    1684.99;     551.40;    1683.99;     568.18;       10;    0.83;   stop
  1622;    1891.45;     734.12;    1908.21;     732.74;    1905.61;     701.38;    1888.86;     702.76;       10;    0.83;   stop
    39;    2008.05;    1722.36;    2010.25;    1687.36;    1994.89;    1686.39;    1992.68;    1721.39;       10;    0.83;   stop
   106;    1690.89;    1147.44;    1725.77;    1147.36;    1725.73;    1130.68;    1690.86;    1130.76;       10;    0.83;   stop
    49;    3004.29;    1119.04;    3007.06;    1103.62;    2976.49;    1098.14;    2973.73;    1113.57;       10;    0.83;   move
    65;    3567.27;     729.41;    3580.45;     699.49;    3565.23;     692.78;    3552.05;     722.70;       10;    0.82;   stop
  1209;    2698.34;    1988.55;    2708.90;    1970.68;    2666.41;    1945.57;    2655.85;    1963.44;        9;    0.82;   stop
   235;     890.52;    1127.64;     920.54;    1127.47;     920.45;    1112.24;     890.43;    1112.41;       10;    0.82;   stop
    61;    2917.80;    2011.25;    2932.97;    1999.56;    2909.70;    1969.37;    2894.53;    1981.07;       10;    0.82;   stop
    97;    2027.34;    1388.02;    2028.43;    1356.98;    2012.73;    1356.42;    2011.63;    1387.46;       10;    0.82;   stop
    77;    1888.77;    2067.11;    1902.58;    2032.84;    1887.48;    2026.76;    1873.67;    2061.03;       10;    0.82;   move
  1697;    1865.27;     878.66;    1867.43;     847.04;    1851.63;     845.96;    1849.47;     877.58;       10;    0.82;   move
    73;     755.17;    1164.52;     786.39;    1163.59;     785.94;    1148.48;     754.72;    1149.41;       10;    0.82;   stop
    46;    1681.04;    1127.03;    1711.45;    1126.54;    1711.21;    1111.72;    1680.81;    1112.21;       10;    0.82;   stop
     9;    2964.95;    1070.46;    2966.47;    1054.61;    2930.05;    1051.10;    2928.53;    1066.95;       10;    0.82;   stop
    54;    2000.03;    1801.36;    2005.26;    1767.36;    1989.22;    1764.89;    1983.99;    1798.89;       10;    0.82;   stop
    28;    3081.39;    1709.29;    3103.05;    1654.38;    3077.61;    1644.34;    3055.95;    1699.25;        9;    0.82;   stop
  2030;    1847.33;     318.80;    1864.97;     317.78;    1862.82;     280.82;    1845.19;     281.85;       10;    0.82;   move
  1012;    2006.45;     582.03;    2007.40;     565.25;    1971.74;     563.22;    1970.79;     580.00;       10;    0.82;   move
    38;    3138.89;    1099.76;    3141.14;    1084.61;    3109.55;    1079.93;    3107.30;    1095.07;       10;    0.82;   stop
    24;    3178.43;    1107.30;    3180.84;    1090.72;    3145.00;    1085.51;    3142.60;    1102.10;       10;    0.82;   stop
    35;    1941.03;    2012.22;    1950.35;    1984.57;    1937.97;    1980.40;    1928.65;    2008.05;       10;    0.82;   stop
    45;    1978.79;     833.69;    1995.18;     831.08;    1990.21;     799.81;    1973.82;     802.42;       10;    0.82;   stop
    23;    2736.30;    1049.53;    2736.95;    1034.27;    2703.83;    1032.85;    2703.17;    1048.11;       10;    0.82;   stop
    81;    3386.34;    1007.15;    3404.22;     975.25;    3389.91;     967.23;    3372.03;     999.13;       10;    0.82;   stop
    33;    3307.01;    1157.42;    3308.67;    1142.18;    3275.18;    1138.52;    3273.52;    1153.75;       10;    0.82;   move
    50;    3820.19;    1258.08;    3824.34;    1241.21;    3790.44;    1232.86;    3786.28;    1249.73;       10;    0.82;   stop
   139;    1977.88;    1704.14;    1979.93;    1670.77;    1963.18;    1669.74;    1961.13;    1703.11;       10;    0.82;   move
    83;    1176.52;    1171.80;    1207.45;    1171.62;    1207.36;    1154.70;    1176.42;    1154.88;       10;    0.82;   stop
    60;    2706.89;    1176.70;    2707.39;    1159.63;    2672.66;    1158.61;    2672.16;    1175.69;       10;    0.82;   stop
    95;    2872.92;    1188.38;    2874.32;    1172.38;    2840.67;    1169.43;    2839.27;    1185.43;       10;    0.82;   stop
    68;    1882.12;    2027.15;    1897.18;    1996.36;    1882.32;    1989.10;    1867.26;    2019.89;       10;    0.82;   stop
    75;    2927.41;    1975.78;    2959.16;    1960.34;    2950.71;    1942.97;    2918.97;    1958.41;       10;    0.82;   stop
    70;    1080.43;     631.68;    1081.76;     617.38;    1054.26;     614.82;    1052.93;     629.12;       10;    0.82;   stop
    52;    1943.81;     231.75;    1959.57;     225.85;    1947.47;     193.50;    1931.71;     199.40;       10;    0.82;   stop
    29;    2812.92;    1142.69;    2813.68;    1126.76;    2779.27;    1125.12;    2778.51;    1141.05;       10;    0.82;   move
   316;    3131.64;    1203.17;    3134.10;    1187.69;    3103.20;    1182.77;    3100.74;    1198.25;       10;    0.82;   stop
    79;    2009.49;    1679.43;    2009.71;    1650.69;    1995.14;    1650.57;    1994.92;    1679.31;       10;    0.82;   stop
  2078;    1945.31;    1907.73;    1955.62;    1876.13;    1940.34;    1871.15;    1930.04;    1902.75;       10;    0.82;   move
    57;    3819.92;    1359.15;    3824.51;    1340.48;    3790.71;    1332.17;    3786.12;    1350.85;       10;    0.82;   stop
    78;    3168.89;     483.49;    3197.69;     479.35;    3195.79;     466.19;    3167.00;     470.34;       10;    0.82;   stop
   362;     659.87;    1134.87;     660.13;    1120.36;     629.19;    1119.81;     628.94;    1134.33;       10;    0.82;   stop
   112;    1988.98;     938.92;    2002.78;     938.78;    2002.52;     913.96;    1988.72;     914.10;       10;    0.82;   stop
    84;    2816.19;    1054.47;    2817.08;    1038.19;    2779.75;    1036.16;    2778.86;    1052.44;       10;    0.82;   stop
    53;    3247.61;    1159.55;    3250.25;    1143.99;    3216.45;    1138.26;    3213.81;    1153.82;       10;    0.82;   move
  1815;    1850.98;     676.49;    1869.64;     675.26;    1867.15;     637.51;    1848.49;     638.74;       10;    0.81;   move
    47;    3072.80;    1089.27;    3075.26;    1075.04;    3044.86;    1069.79;    3042.40;    1084.02;       10;    0.81;   stop
    85;    3188.00;    1129.87;    3190.29;    1113.71;    3156.06;    1108.88;    3153.77;    1125.04;       10;    0.81;   move
    62;    2732.76;    1143.10;    2732.97;    1127.02;    2699.23;    1126.58;    2699.02;    1142.67;       10;    0.81;   move
    34;    3403.42;    1264.42;    3404.56;    1248.54;    3371.89;    1246.20;    3370.75;    1262.09;       10;    0.81;   stop
   246;    2945.57;    1315.88;    2952.14;    1297.42;    2911.93;    1283.10;    2905.36;    1301.57;       10;    0.81;   stop
    87;    1462.53;     876.61;    1463.77;     863.08;    1434.34;     860.39;    1433.11;     873.92;       10;    0.81;   stop
    88;    1976.59;     681.96;    1991.69;     681.26;    1990.35;     652.29;    1975.25;     652.99;       10;    0.81;   stop
    82;    1847.53;     825.26;    1847.53;     787.99;    1828.88;     787.99;    1828.88;     825.26;       10;    0.81;   stop
   279;    1001.88;    1128.21;    1030.02;    1127.91;    1029.87;    1113.92;    1001.73;    1114.22;       10;    0.81;   stop
   224;    1952.34;    1978.21;    1961.76;    1937.16;    1945.41;    1933.41;    1935.99;    1974.46;       10;    0.81;   stop
   104;     525.99;    1044.93;     556.01;    1044.67;     555.89;    1029.76;     525.86;    1030.01;       10;    0.81;   stop
   110;    1986.77;    1275.12;    2002.87;    1274.94;    2002.48;    1241.50;    1986.38;    1241.69;       10;    0.81;   move
   210;    3005.02;    1079.15;    3007.31;    1063.53;    2972.01;    1058.35;    2969.72;    1073.97;       10;    0.81;   stop
    20;    3377.47;    1169.65;    3378.92;    1153.74;    3345.34;    1150.66;    3343.89;    1166.58;       10;    0.81;   move
   113;    2009.26;    1414.04;    2010.24;    1383.79;    1994.24;    1383.27;    1993.26;    1413.53;       10;    0.81;   move
    89;    1977.40;     714.80;    1991.99;     714.06;    1990.66;     688.07;    1976.07;     688.82;       10;    0.81;   stop
   111;    3287.70;     476.78;    3322.52;     472.87;    3320.74;     456.97;    3285.92;     460.88;       10;    0.81;   stop
    90;     519.78;    1045.00;     519.99;    1031.07;     488.97;    1030.62;     488.76;    1044.55;       10;    0.81;   stop
   188;    1713.42;    1067.20;    1746.25;    1063.45;    1744.59;    1048.92;    1711.76;    1052.67;       10;    0.81;   stop
   284;    2688.06;    1066.82;    2688.72;    1051.84;    2656.44;    1050.43;    2655.78;    1065.41;       10;    0.81;   stop
  1186;    1893.02;    2127.09;    1907.44;    2096.42;    1892.51;    2089.41;    1878.10;    2120.08;       10;    0.81;   stop
   172;    3552.26;    1212.15;    3556.25;    1194.58;    3518.36;    1185.98;    3514.38;    1203.55;       10;    0.81;   move
    66;    1999.62;    1326.18;    2000.97;    1300.28;    1987.38;    1299.57;    1986.03;    1325.47;       10;    0.81;   move
   151;    2551.73;    1565.49;    2552.49;    1532.06;    2534.02;    1531.64;    2533.26;    1565.06;       10;    0.81;   stop
   211;    2542.87;    1709.30;    2545.80;    1672.64;    2529.38;    1671.33;    2526.45;    1707.98;       10;    0.81;   stop
    98;    1750.19;    1108.59;    1781.54;    1107.89;    1781.19;    1091.91;    1749.83;    1092.61;       10;    0.81;   stop
    30;    1899.80;     904.58;    1915.90;     903.44;    1913.57;     870.67;    1897.48;     871.81;       10;    0.81;   stop
    76;    1754.43;    1063.60;    1786.41;    1050.60;    1780.79;    1036.77;    1748.81;    1049.78;       10;    0.81;   stop
   127;    2324.15;    1081.34;    2354.56;    1080.91;    2354.35;    1066.28;    2323.94;    1066.72;       10;    0.81;   stop
    93;    3036.85;    1082.61;    3039.32;    1068.83;    3011.90;    1063.89;    3009.43;    1077.67;       10;    0.81;   stop
    25;    3079.82;    1223.32;    3082.64;    1207.04;    3048.15;    1201.06;    3045.32;    1217.34;       10;    0.81;   stop
    96;    1942.90;    1833.64;    1947.95;    1800.34;    1931.60;    1797.86;    1926.55;    1831.16;       10;    0.81;   stop
   129;    2991.59;    1964.54;    3005.17;    1956.53;    2989.66;    1930.21;    2976.08;    1938.22;       10;    0.81;   stop
  1949;    2040.54;     581.15;    2072.62;     576.14;    2070.21;     560.73;    2038.13;     565.73;       10;    0.81;   move
   156;    1981.24;     754.32;    1996.92;     753.16;    1994.51;     720.56;    1978.83;     721.71;       10;    0.81;   stop
   114;    2462.26;      94.54;    2493.46;      91.32;    2491.86;      75.90;    2460.67;      79.12;       10;    0.81;   stop
   132;    3133.33;     487.63;    3162.12;     483.45;    3160.11;     469.56;    3131.32;     473.74;       10;    0.81;   stop
   642;     925.63;    1127.96;     956.21;    1127.36;     955.93;    1112.67;     925.35;    1113.27;       10;    0.81;   stop
   296;     940.72;    1162.63;     941.64;    1147.66;     912.44;    1145.87;     911.52;    1160.84;       10;    0.81;   stop
   136;    2876.16;    1059.14;    2877.33;    1044.04;    2848.45;    1041.80;    2847.28;    1056.90;       10;    0.81;   stop
    99;    3440.16;    1266.79;    3441.26;    1249.66;    3409.22;    1247.59;    3408.11;    1264.72;       10;    0.81;   stop
    86;     792.18;    1622.69;     792.68;    1607.96;     764.07;    1606.99;     763.57;    1621.73;       10;    0.81;   stop
  1812;    1871.66;     768.46;    1887.37;     767.69;    1885.84;     736.79;    1870.13;     737.56;       10;    0.81;   move
   134;    1970.64;     890.46;    1985.48;     890.17;    1984.86;     858.36;    1970.02;     858.65;       10;    0.81;   stop
   328;    1090.75;    1130.27;    1123.97;    1129.96;    1123.81;    1112.98;    1090.59;    1113.29;       10;    0.81;   stop
   146;    2512.15;    1170.78;    2512.42;    1155.16;    2480.23;    1154.59;    2479.95;    1170.22;       10;    0.81;   stop
   100;     154.49;    1633.77;     156.62;    1617.98;     125.12;    1613.73;     122.99;    1629.52;       10;    0.80;   stop
   102;    1927.47;    2045.05;    1940.36;    2015.54;    1926.41;    2009.45;    1913.52;    2038.96;       10;    0.80;   stop
   319;    1707.11;    1108.80;    1741.76;    1106.95;    1741.01;    1092.82;    1706.36;    1094.67;       10;    0.80;   stop
   419;     961.10;    1126.99;     992.93;    1125.94;     992.46;    1111.76;     960.63;    1112.81;       10;    0.80;   stop
   135;     722.94;    1162.41;     752.14;    1162.20;     752.02;    1146.09;     722.82;    1146.30;       10;    0.80;   stop
   142;    2222.93;    1064.55;    2257.80;    1064.03;    2257.57;    1048.20;    2222.70;    1048.72;       10;    0.80;   stop
   180;    2284.01;    1080.80;    2311.79;    1079.60;    2311.24;    1066.82;    2283.46;    1068.03;       10;    0.80;   stop
    12;    2642.01;    1150.13;    2642.27;    1133.03;    2606.87;    1132.49;    2606.61;    1149.59;       10;    0.80;   move
   109;    2661.75;    1172.95;    2661.76;    1159.20;    2633.25;    1159.18;    2633.24;    1172.92;       10;    0.80;   stop
  1524;    1877.10;    2163.67;    1890.68;    2130.97;    1875.90;    2124.83;    1862.32;    2157.53;       10;    0.80;   stop
   216;    2778.52;    1288.58;    2807.16;    1287.75;    2806.73;    1273.04;    2778.09;    1273.88;       10;    0.80;   stop
    26;    1837.65;     619.12;    1846.56;     605.20;    1819.73;     588.01;    1810.81;     601.92;       10;    0.80;   stop
  2044;    1822.03;     227.99;    1837.13;     226.93;    1834.97;     196.14;    1819.87;     197.19;       10;    0.80;   move
  1359;    1898.95;     862.45;    1915.34;     861.27;    1912.74;     825.05;    1896.34;     826.23;       10;    0.80;   stop
   371;    2192.67;    1081.98;    2222.07;    1080.67;    2221.45;    1066.77;    2192.05;    1068.08;       10;    0.80;   stop
   148;    2624.05;    1172.03;    2625.05;    1156.52;    2593.32;    1154.47;    2592.32;    1169.98;       10;    0.80;   stop
   202;    2835.57;    1184.01;    2836.74;    1169.45;    2809.35;    1167.24;    2808.18;    1181.80;       10;    0.80;   stop
   196;    1912.69;    1697.70;    1913.02;    1681.29;    1882.12;    1680.67;    1881.79;    1697.09;       10;    0.80;   stop
   144;    1935.18;     112.66;    1951.60;     112.13;    1950.57;      79.72;    1934.15;      80.24;       10;    0.80;   stop
   214;    2359.52;     538.33;    2388.11;     535.21;    2386.48;     520.29;    2357.89;     523.42;       10;    0.80;   stop
   258;     878.92;    1127.27;     879.03;    1112.66;     847.95;    1112.42;     847.84;    1127.03;       10;    0.80;   stop
   480;    1036.42;    1128.05;    1069.77;    1126.82;    1069.21;    1111.64;    1035.86;    1112.87;       10;    0.80;   stop
   107;    1927.72;    1289.42;    1943.49;    1288.07;    1940.78;    1256.46;    1925.01;    1257.81;       10;    0.80;   stop
   126;    2782.13;     512.12;    2815.09;     508.25;    2813.25;     492.51;    2780.28;     496.37;       10;    0.80;   stop
  1526;    1893.82;     771.04;    1909.16;     770.18;    1907.46;     739.84;    1892.12;     740.69;       10;    0.80;   stop
   481;    1307.46;    1113.22;    1338.22;    1108.91;    1336.29;    1095.16;    1305.53;    1099.47;       10;    0.80;   stop
   152;    2011.50;    1596.62;    2012.61;    1565.14;    1998.00;    1564.63;    1996.89;    1596.11;       10;    0.80;   stop
   147;    2586.32;    1169.46;    2586.68;    1155.51;    2559.06;    1154.79;    2558.69;    1168.74;       10;    0.80;   stop
   128;    2214.48;    1169.33;    2248.09;    1169.18;    2248.02;    1153.79;    2214.41;    1153.95;       10;    0.80;   stop
   179;    3406.98;     973.43;    3425.61;     944.21;    3412.39;     935.78;    3393.77;     965.01;       10;    0.80;   stop
   101;    1937.42;    1871.43;    1943.33;    1836.93;    1928.08;    1834.32;    1922.17;    1868.82;       10;    0.80;   stop
   201;    2741.82;     515.30;    2777.52;     511.33;    2775.84;     496.26;    2740.14;     500.23;       10;    0.80;   stop
  1109;     563.48;    1134.02;     563.52;    1117.01;     525.90;    1116.92;     525.86;    1133.93;       10;    0.80;   stop
  1349;     493.49;    1141.60;     524.66;    1141.54;     524.63;    1126.22;     493.46;    1126.27;       10;    0.80;   stop
   162;    2551.98;    1169.66;    2552.69;    1154.98;    2521.40;    1153.47;    2520.69;    1168.15;       10;    0.80;   stop
   197;    1906.19;    1971.10;    1911.81;    1942.27;    1897.06;    1939.40;    1891.44;    1968.23;       10;    0.80;   stop
   130;    2846.96;     508.02;    2881.27;     505.28;    2880.04;     489.86;    2845.73;     492.60;       10;    0.80;   stop
   103;    1987.19;     862.54;    2000.52;     861.72;    1998.87;     835.08;    1985.55;     835.91;       10;    0.80;   stop
   227;    1147.80;    1042.78;    1148.29;    1029.14;    1120.95;    1028.15;    1120.46;    1041.80;       10;    0.80;   stop
    80;    2113.45;    1100.87;    2146.48;    1099.85;    2145.99;    1083.88;    2112.96;    1084.90;       10;    0.80;   stop
   108;    3150.97;    1171.13;    3153.50;    1155.11;    3121.84;    1150.12;    3119.31;    1166.14;       10;    0.80;   stop
   193;    3778.61;    1246.94;    3781.85;    1230.82;    3749.52;    1224.31;    3746.27;    1240.43;       10;    0.80;   stop
   185;    1767.04;    1654.38;    1767.13;    1637.54;    1736.40;    1637.37;    1736.31;    1654.21;       10;    0.80;   stop
   168;    1846.10;    2107.61;    1860.32;    2079.92;    1846.62;    2072.89;    1832.40;    2100.58;       10;    0.80;   stop
   122;    1787.12;     282.28;    1804.02;     281.09;    1801.63;     247.04;    1784.73;     248.22;       10;    0.80;   stop
   123;    2101.83;     553.76;    2132.23;     550.05;    2130.42;     535.24;    2100.02;     538.95;       10;    0.80;   stop
   125;    2584.05;     502.46;    2585.01;     473.40;    2570.32;     472.92;    2569.36;     501.97;       10;    0.80;   stop
    71;    2939.51;      49.49;    2968.39;      47.02;    2967.21;      33.24;    2938.33;      35.72;       10;    0.80;   stop
  2005;    3692.03;     470.85;    3734.52;     467.05;    3732.97;     449.77;    3690.48;     453.58;       10;    0.80;   move
   119;    2655.36;    1085.39;    2656.09;    1070.52;    2625.01;    1068.99;    2624.28;    1083.86;       10;    0.80;   stop
   192;    3163.14;     982.39;    3201.90;     979.34;    3200.61;     962.92;    3161.85;     965.98;       10;    0.80;   stop
   167;    2174.19;    1328.85;    2204.28;    1324.96;    2202.25;    1309.27;    2172.16;    1313.16;       10;    0.80;   stop
   186;    1788.03;     130.23;    1805.23;     129.66;    1804.10;      95.33;    1786.90;      95.90;       10;    0.79;   stop
   171;    2682.91;     518.74;    2714.73;     515.86;    2713.34;     500.51;    2681.52;     503.39;       10;    0.79;   stop
   174;    3778.96;     207.79;    3793.26;     175.87;    3779.16;     169.55;    3764.86;     201.47;       10;    0.79;   stop
   166;    1666.96;    1109.64;    1696.16;    1108.64;    1695.66;    1094.23;    1666.47;    1095.24;       10;    0.79;   stop
   183;    1434.72;    1150.16;    1472.48;    1149.71;    1472.28;    1132.47;    1434.52;    1132.92;       10;    0.79;   stop
   229;     991.00;    1167.21;    1019.58;    1166.19;    1019.09;    1152.54;     990.51;    1153.56;       10;    0.79;   stop
    74;    3620.80;    1233.71;    3625.91;    1215.05;    3584.83;    1203.79;    3579.71;    1222.45;       10;    0.79;   move
   217;    2446.83;    1321.45;    2447.00;    1305.17;    2416.17;    1304.86;    2416.00;    1321.15;       10;    0.79;   stop
   255;    1653.68;     567.54;    1681.09;     567.06;    1680.82;     551.83;    1653.41;     552.31;       10;    0.79;   stop
   165;    2647.18;     522.86;    2679.71;     519.66;    2678.20;     504.26;    2645.66;     507.47;       10;    0.79;   stop
   175;    1221.97;    1047.57;    1255.15;    1046.70;    1254.72;    1030.31;    1221.54;    1031.17;       10;    0.79;   stop
     6;    2142.32;    1139.32;    2233.09;    1138.90;    2232.99;    1116.31;    2142.22;    1116.73;        9;    0.79;   move
  2112;    2783.81;    2130.97;    2799.22;    2123.10;    2781.19;    2087.78;    2765.78;    2095.65;       10;    0.79;   move
   271;    1829.14;    2147.18;    1844.55;    2115.78;    1830.11;    2108.69;    1814.70;    2140.09;       10;    0.79;   stop
   213;    1784.49;     204.42;    1800.42;     203.41;    1798.63;     175.27;    1782.70;     176.28;       10;    0.79;   stop
   893;     594.33;    1144.04;     622.18;    1142.85;     621.60;    1129.40;     593.75;    1130.59;       10;    0.79;   stop
   159;     905.60;    1158.05;     905.79;    1143.93;     875.65;    1143.51;     875.46;    1157.63;       10;    0.79;   stop
   285;    1862.22;    1696.75;    1863.80;    1680.06;    1832.75;    1677.13;    1831.17;    1693.81;       10;    0.79;   stop
   238;    1424.97;     873.48;    1425.77;     859.43;    1398.78;     857.89;    1397.98;     871.95;       10;    0.79;   stop
   206;    2352.27;     582.45;    2385.76;     580.33;    2384.73;     563.93;    2351.24;     566.04;       10;    0.79;   stop
   205;    2390.81;     537.45;    2421.32;     535.74;    2420.44;     520.05;    2389.93;     521.76;       10;    0.79;   stop
   208;    1276.36;    1173.59;    1322.62;    1173.06;    1322.39;    1152.91;    1276.13;    1153.44;        9;    0.79;   stop
    59;    2514.17;    1058.00;    2514.17;    1043.50;    2482.71;    1043.50;    2482.71;    1058.00;       10;    0.79;   stop
     3;    2756.14;    1091.24;    2756.80;    1073.91;    2720.27;    1072.51;    2719.60;    1089.84;       10;    0.79;   stop
   289;    2568.27;    2002.35;    2601.81;    1988.33;    2595.10;    1972.27;    2561.56;    1986.30;       10;    0.79;   stop
   198;    3618.66;    1312.38;    3623.09;    1297.96;    3590.72;    1288.01;    3586.28;    1302.43;       10;    0.79;   stop
   204;    1807.99;     381.15;    1825.73;     379.92;    1823.51;     347.85;    1805.77;     349.08;       10;    0.79;   stop
   199;    2427.79;     535.96;    2458.08;     532.89;    2456.59;     518.16;    2426.30;     521.24;       10;    0.79;   stop
   256;    2288.68;     542.93;    2318.82;     540.94;    2317.82;     525.82;    2287.68;     527.81;       10;    0.79;   stop
   190;    2905.36;      55.32;    2937.13;      51.56;    2935.27;      35.85;    2903.50;      39.61;       10;    0.79;   stop
   898;    2851.39;     527.93;    2883.63;     525.27;    2882.36;     509.88;    2850.12;     512.55;       10;    0.79;   move
   207;    2733.26;     556.63;    2768.86;     555.23;    2768.23;     539.30;    2732.63;     540.71;       10;    0.79;   stop
   281;    1388.65;    1170.34;    1417.34;    1169.88;    1417.10;    1155.03;    1388.41;    1155.49;       10;    0.79;   stop
   161;    2147.72;    1082.00;    2184.06;    1081.25;    2183.72;    1064.50;    2147.37;    1065.25;       10;    0.79;   stop
   420;     471.64;    1612.40;     472.22;    1598.76;     445.24;    1597.60;     444.65;    1611.24;       10;    0.79;   stop
   200;    3825.17;      99.80;    3836.19;      73.58;    3822.96;      68.01;    3811.93;      94.24;       10;    0.79;   stop
   176;    1329.04;    1046.12;    1362.79;    1044.38;    1361.96;    1028.38;    1328.21;    1030.12;       10;    0.79;   stop
   442;    1342.42;    1110.60;    1371.03;    1108.41;    1369.95;    1094.40;    1341.35;    1096.59;       10;    0.79;   stop
   304;     829.69;    1163.65;     863.83;    1162.22;     863.15;    1145.98;     829.01;    1147.41;       10;    0.79;   stop
   137;    2176.45;    1168.31;    2211.03;    1167.55;    2210.68;    1151.44;    2176.09;    1152.20;       10;    0.79;   stop
   424;    3104.60;    1180.56;    3107.50;    1166.34;    3079.15;    1160.56;    3076.25;    1174.79;       10;    0.79;   stop
   299;    3676.42;    1222.73;    3681.76;    1206.23;    3647.33;    1195.09;    3641.99;    1211.59;       10;    0.79;   stop
   131;    2462.52;     532.64;    2490.67;     530.04;    2489.35;     515.86;    2461.21;     518.46;       10;    0.79;   stop
  1976;     203.66;    1136.01;     240.37;    1135.74;     240.24;    1118.68;     203.54;    1118.94;       10;    0.79;   move
    27;    2312.63;    1062.46;    2348.03;    1062.10;    2347.87;    1045.79;    2312.47;    1046.15;       10;    0.79;   stop
   262;    3483.56;    1278.06;    3487.45;    1262.02;    3454.88;    1254.12;    3450.99;    1270.17;       10;    0.79;   stop
   203;    3324.83;    1394.82;    3329.79;    1380.91;    3301.42;    1370.81;    3296.46;    1384.72;       10;    0.79;   stop
   270;    1727.03;    1652.94;    1727.33;    1635.98;    1696.36;    1635.44;    1696.06;    1652.39;       10;    0.79;   stop
  1204;    1898.31;     220.78;    1916.31;     219.36;    1913.19;     179.72;    1895.19;     181.14;        9;    0.79;   move
   157;    1812.25;     759.63;    1827.83;     758.89;    1826.33;     727.62;    1810.75;     728.36;       10;    0.79;   stop
   226;    2891.21;     506.27;    2921.91;     502.00;    2919.89;     487.48;    2889.19;     491.75;       10;    0.79;   stop
   243;    3754.39;    1264.22;    3757.85;    1247.64;    3724.98;    1240.78;    3721.53;    1257.36;       10;    0.79;   stop
   273;    1135.10;    1128.03;    1165.78;    1123.61;    1163.65;    1108.85;    1132.97;    1113.27;       10;    0.78;   stop
   346;    2524.83;    1041.34;    2525.02;    1026.79;    2495.67;    1026.41;    2495.48;    1040.96;       10;    0.78;   stop
   241;    3708.63;     944.87;    3745.77;     941.90;    3744.50;     925.91;    3707.35;     928.88;       10;    0.78;   stop
   315;    3475.44;    1108.78;    3480.05;    1091.97;    3444.25;    1082.16;    3439.64;    1098.97;       10;    0.78;   stop
  1386;    1953.98;    1323.96;    1968.15;    1322.60;    1965.52;    1295.04;    1951.35;    1296.40;       10;    0.78;   move
   278;     720.05;    1162.86;     720.18;    1147.42;     686.20;    1147.14;     686.07;    1162.58;       10;    0.78;   stop
   260;    1507.36;    1153.25;    1539.53;    1152.49;    1539.14;    1136.12;    1506.97;    1136.89;       10;    0.78;   stop
    92;    2080.80;    1101.29;    2109.13;    1100.79;    2108.89;    1086.84;    2080.55;    1087.34;       10;    0.78;   stop
   218;    1915.08;    1658.03;    1915.27;    1641.95;    1884.51;    1641.59;    1884.32;    1657.68;       10;    0.78;   stop
   124;    1801.91;     250.45;    1817.75;     248.76;    1814.31;     216.43;    1798.47;     218.11;       10;    0.78;   stop
   374;    3550.22;     659.01;    3562.87;     631.55;    3549.47;     625.37;    3536.81;     652.83;       10;    0.78;   stop
   221;    1060.66;    1043.61;    1087.66;    1043.36;    1087.53;    1029.76;    1060.53;    1030.02;       10;    0.78;   stop
    40;    2264.96;    1063.02;    2297.25;    1061.51;    2296.54;    1046.35;    2264.25;    1047.87;       10;    0.78;   stop
   254;    2231.21;    1081.44;    2262.89;    1080.04;    2262.23;    1065.06;    2230.55;    1066.46;       10;    0.78;   stop
   242;    3366.20;    1040.33;    3380.40;    1013.91;    3367.86;    1007.17;    3353.66;    1033.59;       10;    0.78;   stop
   194;    3173.58;    1358.16;    3186.28;    1332.28;    3173.30;    1325.91;    3160.60;    1351.79;       10;    0.78;   stop
   153;     437.69;    1611.03;     438.50;    1597.79;     411.68;    1596.16;     410.88;    1609.40;       10;    0.78;   stop
  1557;     477.86;    1141.98;     477.87;    1125.86;     443.24;    1125.83;     443.23;    1141.96;       10;    0.78;   stop
   230;    1417.57;    1110.98;    1450.96;    1108.96;    1450.05;    1094.02;    1416.66;    1096.04;       10;    0.78;   stop
    13;    1487.54;    1135.83;    1524.77;    1134.32;    1524.09;    1117.54;    1486.85;    1119.06;       10;    0.78;   stop
   251;    2086.98;    1169.85;    2121.27;    1168.57;    2120.70;    1153.27;    2086.41;    1154.55;       10;    0.78;   stop
  1323;    1962.60;    1409.84;    1979.21;    1408.80;    1977.15;    1376.22;    1960.54;    1377.27;       10;    0.78;   move
   265;    2008.88;    1641.81;    2009.50;    1610.88;    1994.06;    1610.57;    1993.44;    1641.50;       10;    0.78;   stop
   220;    1961.37;     337.88;    1977.92;     336.93;    1976.13;     305.62;    1959.58;     306.57;       10;    0.78;   stop
   257;    2608.12;     524.07;    2641.18;     520.75;    2639.63;     505.30;    2606.57;     508.62;       10;    0.78;   stop
   233;    3744.34;     291.95;    3756.45;     260.99;    3742.54;     255.55;    3730.43;     286.51;       10;    0.78;   stop
  1833;     369.55;    1137.43;     369.61;    1122.07;     336.39;    1121.94;     336.33;    1137.31;       10;    0.78;   move
   215;    3758.86;     940.64;    3791.22;     937.71;    3789.89;     923.11;    3757.53;     926.04;       10;    0.78;   stop
   392;     505.46;    1613.79;     506.59;    1600.22;     480.79;    1598.08;     479.66;    1611.65;       10;    0.78;   stop
   237;     364.40;    1646.36;     365.01;    1631.44;     334.51;    1630.20;     333.90;    1645.12;       10;    0.78;   stop
   309;    3642.24;     543.24;    3652.62;     511.40;    3638.38;     506.76;    3628.00;     538.60;       10;    0.78;   stop
   338;    3627.87;     575.83;    3638.63;     546.88;    3624.63;     541.67;    3613.87;     570.62;       10;    0.78;   stop
   266;     869.76;    1047.82;     899.65;    1046.49;     899.02;    1032.30;     869.13;    1033.63;       10;    0.78;   stop
   239;    1352.88;    1151.50;    1381.27;    1150.69;    1380.87;    1136.75;    1352.48;    1137.56;       10;    0.78;   stop
   191;    2762.57;    1181.52;    2763.31;    1163.43;    2724.81;    1161.86;    2724.07;    1179.95;        9;    0.78;   stop
   222;    3391.59;     919.00;    3416.09;     894.73;    3404.34;     882.88;    3379.85;     907.15;       10;    0.78;   stop
   300;    1442.80;    1680.17;    1443.29;    1665.36;    1415.83;    1664.45;    1415.34;    1679.26;       10;    0.78;   stop
   170;    2976.58;      48.78;    3006.71;      44.56;    3004.67;      29.97;    2974.54;      34.19;       10;    0.78;   stop
   259;     772.60;    1045.02;     800.34;    1043.90;     799.80;    1030.60;     772.06;    1031.73;       10;    0.78;   stop
   275;    2085.89;    1291.75;    2115.58;    1289.42;    2114.49;    1275.50;    2084.80;    1277.83;       10;    0.78;   stop
   277;    1781.55;     161.06;    1796.25;     160.32;    1794.82;     132.00;    1780.13;     132.74;       10;    0.77;   stop
   294;    1797.36;     481.61;    1813.92;     479.98;    1810.52;     445.39;    1793.95;     447.02;       10;    0.77;   stop
   169;     802.79;     617.74;     803.11;     602.36;     774.32;     601.76;     774.00;     617.14;       10;    0.77;   stop
   476;    1264.64;    1117.32;    1300.39;    1112.03;    1298.11;    1096.68;    1262.36;    1101.97;       10;    0.77;   stop
   267;    2340.14;    1168.74;    2368.95;    1168.31;    2368.74;    1154.39;    2339.93;    1154.82;       10;    0.77;   stop
   312;    1479.97;    1643.81;    1480.00;    1630.01;    1449.53;    1629.94;    1449.50;    1643.74;       10;    0.77;   stop
   295;    1961.47;     627.23;    1976.02;     626.03;    1973.78;     599.02;    1959.23;     600.22;       10;    0.77;   stop
  2126;    3268.40;     499.79;    3301.60;     495.90;    3299.72;     479.90;    3266.52;     483.79;       10;    0.77;   move
  1229;    1946.98;    1262.56;    1961.66;    1260.03;    1956.77;    1231.57;    1942.09;    1234.09;       10;    0.77;   move
  1935;    1831.99;     414.30;    1850.14;     412.48;    1846.76;     378.83;    1828.61;     380.65;       10;    0.77;   move
   292;    3729.82;     327.54;    3738.60;     300.20;    3725.18;     295.90;    3716.40;     323.23;       10;    0.77;   stop
   353;    1496.66;    1003.84;    1500.69;     973.66;    1485.71;     971.66;    1481.69;    1001.84;       10;    0.77;   stop
   264;     769.70;    2010.60;     769.73;    1982.04;     754.25;    1982.02;     754.23;    2010.59;       10;    0.77;   stop
   454;    1984.06;     792.50;    1998.68;     791.19;    1996.19;     763.37;    1981.57;     764.68;       10;    0.77;   stop
   141;    1393.91;    1149.97;    1424.72;    1148.87;    1424.22;    1134.90;    1393.41;    1136.00;       10;    0.77;   stop
   232;     522.06;    1382.29;     522.54;    1367.00;     490.44;    1365.99;     489.96;    1381.28;       10;    0.77;   stop
   173;    1148.89;    1905.44;    1165.15;    1905.29;    1164.86;    1873.62;    1148.60;    1873.77;       10;    0.77;   stop
   272;    2644.94;      76.85;    2675.36;      73.37;    2673.69;      58.71;    2643.26;      62.19;       10;    0.77;   stop
   350;    2391.31;      95.97;    2419.12;      93.18;    2417.69;      78.96;    2389.88;      81.76;       10;    0.77;   stop
   252;    1591.83;    1151.39;    1622.23;    1149.17;    1621.17;    1134.61;    1590.77;    1136.83;       10;    0.77;   stop
   164;    1903.18;     946.84;    1918.68;     946.03;    1916.94;     912.78;    1901.45;     913.59;       10;    0.77;   stop
    10;    2356.33;    1060.95;    2389.96;    1060.36;    2389.67;    1043.92;    2356.04;    1044.52;       10;    0.77;   stop
  1590;    2710.51;    1089.04;    2711.05;    1073.89;    2681.82;    1072.83;    2681.27;    1087.99;       10;    0.77;   stop
   247;    1815.05;     567.67;    1832.22;     567.65;    1832.20;     535.96;    1815.03;     535.97;       10;    0.77;   stop
   343;    1775.07;    1127.00;    1775.38;    1111.27;    1743.27;    1110.63;    1742.96;    1126.36;       10;    0.77;   stop
   361;     352.30;    1045.23;     382.00;    1044.74;     381.76;    1030.40;     352.06;    1030.89;       10;    0.77;   stop
   249;    1292.72;    1038.53;    1320.71;    1038.41;    1320.65;    1025.84;    1292.67;    1025.96;       10;    0.77;   stop
   184;    1373.61;    1115.19;    1408.65;    1112.40;    1407.39;    1096.56;    1372.35;    1099.35;       10;    0.77;   stop
   250;    2405.71;    1041.19;    2405.85;    1028.02;    2375.16;    1027.69;    2375.02;    1040.86;       10;    0.77;   stop
   387;    2606.90;    1060.48;    2607.12;    1046.00;    2575.60;    1045.52;    2575.38;    1060.00;       10;    0.77;   stop
   283;    1749.99;    1150.20;    1781.53;    1149.38;    1781.15;    1134.67;    1749.61;    1135.49;       10;    0.77;   stop
   244;    1163.89;    1872.60;    1164.06;    1845.61;    1149.86;    1845.53;    1149.69;    1872.51;       10;    0.77;   stop
   331;    1263.14;    1638.02;    1263.36;    1622.70;    1230.99;    1622.23;    1230.76;    1637.55;       10;    0.77;   stop
   308;    2928.13;     502.91;    2957.87;     498.51;    2955.62;     483.34;    2925.88;     487.74;       10;    0.76;   stop
   325;    1261.35;    1043.86;    1288.37;    1043.00;    1287.90;    1028.39;    1260.88;    1029.25;       10;    0.76;   stop
   306;    1984.48;    1150.34;    2000.93;    1147.69;    1994.83;    1109.79;    1978.38;    1112.44;       10;    0.76;   move
   248;    1048.16;     629.81;    1049.23;     615.25;    1022.97;     613.31;    1021.90;     627.88;       10;    0.76;   stop
   302;    2076.88;     119.81;    2110.66;     117.12;    2109.44;     101.81;    2075.65;     104.51;       10;    0.76;   stop
  2010;     153.05;    1119.01;     185.12;    1118.61;     184.92;    1102.86;     152.85;    1103.27;       10;    0.76;   move
   293;    2342.01;    1041.86;    2370.68;    1040.95;    2370.24;    1027.01;    2341.57;    1027.93;       10;    0.76;   stop
   349;    1933.09;    1428.09;    1951.97;    1425.52;    1945.91;    1381.04;    1927.03;    1383.60;        9;    0.76;   stop
   395;    2969.49;    1849.80;    3004.50;    1821.25;    2991.51;    1805.33;    2956.50;    1833.87;        9;    0.76;   stop
   347;    3351.83;    1068.73;    3366.04;    1041.81;    3353.17;    1035.02;    3338.96;    1061.94;       10;    0.76;   stop
   393;    3530.35;    1180.91;    3533.82;    1165.20;    3501.83;    1158.15;    3498.37;    1173.86;       10;    0.76;   stop
   360;    2553.12;    1515.50;    2554.68;    1485.16;    2538.25;    1484.32;    2536.69;    1514.65;       10;    0.76;   stop
    18;    1965.96;    1605.97;    1983.25;    1605.58;    1982.42;    1568.78;    1965.12;    1569.17;       10;    0.76;   move
   365;     394.58;     544.68;     398.39;     528.30;     368.08;     521.26;     364.27;     537.63;       10;    0.76;   stop
   280;     805.55;    1045.21;     835.53;    1044.69;     835.27;    1029.29;     805.28;    1029.81;       10;    0.76;   stop
   298;    2331.96;    1167.67;    2332.08;    1153.47;    2301.54;    1153.21;    2301.42;    1167.41;       10;    0.76;   stop
   225;    1794.41;     305.02;    1812.50;     286.84;    1802.22;     276.61;    1784.12;     294.78;       10;    0.76;   stop
   364;    3596.25;     657.56;    3609.22;     621.91;    3594.37;     616.50;    3581.40;     652.16;       10;    0.76;   stop
   209;    2679.70;    1047.57;    2680.30;    1032.75;    2647.93;    1031.43;    2647.33;    1046.25;       10;    0.76;   stop
   288;     648.56;    1656.36;     649.04;    1639.86;     618.00;    1638.95;     617.52;    1655.45;       10;    0.76;   stop
   348;    1591.45;    1649.02;    1621.79;    1648.53;    1621.55;    1633.73;    1591.21;    1634.22;       10;    0.76;   stop
   313;    2569.38;     467.50;    2583.00;     467.37;    2582.74;     439.25;    2569.12;     439.38;       10;    0.76;   stop
   329;    1341.61;    1170.77;    1373.14;    1170.51;    1373.02;    1155.73;    1341.48;    1155.99;       10;    0.76;   stop
   182;    1935.61;      74.09;    1951.06;      72.76;    1948.64;      44.60;    1933.19;      45.93;       10;    0.75;   stop
  1645;     457.63;    1118.68;     488.92;    1118.36;     488.77;    1104.13;     457.49;    1104.46;       10;    0.75;   stop
   333;     530.42;    1160.67;     560.80;    1158.70;     559.89;    1144.64;     529.51;    1146.61;       10;    0.75;   stop
    14;    2406.88;    1059.20;    2437.33;    1058.47;    2437.00;    1044.55;    2406.54;    1045.28;       10;    0.75;   stop
   363;    2376.37;    1168.03;    2406.85;    1167.81;    2406.75;    1153.97;    2376.27;    1154.19;       10;    0.75;   stop
   286;    3269.95;     560.75;    3286.97;     560.73;    3286.93;     527.69;    3269.91;     527.71;       10;    0.75;   stop
   397;     947.12;    1168.69;     980.80;    1167.81;     980.38;    1151.63;     946.70;    1152.50;       10;    0.75;   stop
   321;    2995.06;    1207.73;    2997.38;    1193.17;    2968.19;    1188.52;    2965.87;    1203.08;       10;    0.75;   stop
   366;    1807.12;     686.25;    1824.15;     685.07;    1822.13;     655.88;    1805.10;     657.05;       10;    0.75;   stop
   158;     405.54;    1043.68;     422.90;    1043.36;     422.27;    1009.44;     404.92;    1009.76;       10;    0.75;   stop
   274;     686.62;    1619.64;     687.34;    1606.81;     661.51;    1605.36;     660.79;    1618.19;       10;    0.75;   stop
   323;     592.65;    1045.51;     622.09;    1044.09;     621.41;    1030.11;     591.97;    1031.53;       10;    0.75;   stop
   269;    1340.44;    1677.75;    1340.74;    1663.04;    1308.94;    1662.38;    1308.63;    1677.09;       10;    0.75;   stop
   377;    2504.40;    1833.62;    2507.97;    1801.87;    2492.48;    1800.13;    2488.90;    1831.88;       10;    0.75;   stop
   369;    2069.06;     555.33;    2099.08;     553.02;    2097.94;     538.17;    2067.92;     540.48;       10;    0.75;   stop
   378;    2984.33;     498.95;    3014.76;     494.87;    3012.86;     480.73;    2982.43;     484.81;       10;    0.75;   stop
    44;    1671.80;    1079.68;    1700.49;    1078.40;    1699.83;    1063.44;    1671.13;    1064.72;       10;    0.75;   stop
   354;    2183.13;    1059.98;    2217.29;    1059.18;    2216.93;    1043.77;    2182.77;    1044.57;       10;    0.75;   stop
   223;     658.31;    1619.68;     658.52;    1603.83;     628.87;    1603.45;     628.67;    1619.29;       10;    0.75;   stop
   596;     310.92;    1045.84;     341.13;    1043.61;     340.18;    1030.72;     309.97;    1032.95;       10;    0.75;   stop
   508;    1160.35;    1171.49;    1160.69;    1154.54;    1127.90;    1153.89;    1127.56;    1170.83;       10;    0.75;   stop
   372;    1266.00;    1676.10;    1267.07;    1661.76;    1237.13;    1659.53;    1236.06;    1673.87;       10;    0.75;   stop
   301;    2458.20;    1321.06;    2485.24;    1320.07;    2484.67;    1304.69;    2457.64;    1305.68;       10;    0.75;   stop
   290;    1938.61;     260.87;    1955.41;     260.56;    1954.92;     234.69;    1938.12;     235.00;       10;    0.74;   stop
   341;    2209.33;     549.28;    2242.03;     545.61;    2240.23;     529.60;    2207.53;     533.27;       10;    0.74;   stop
   317;    2818.88;      61.28;    2850.92;      58.48;    2849.48;      42.07;    2817.44;      44.88;       10;    0.74;   stop
   892;     579.96;    1127.58;     608.52;    1126.23;     607.85;    1112.11;     579.29;    1113.46;       10;    0.74;   stop
     8;    2523.28;    1080.89;    2523.45;    1066.00;    2489.35;    1065.61;    2489.18;    1080.50;       10;    0.74;   stop
   386;    3668.03;     903.86;    3700.95;     903.36;    3700.72;     888.18;    3667.80;     888.67;       10;    0.74;   stop
   324;     291.28;    1157.68;     323.37;    1155.47;     322.31;    1140.13;     290.22;    1142.34;       10;    0.74;   stop
   340;    1328.25;    1638.78;    1328.85;    1624.88;    1302.00;    1623.72;    1301.40;    1637.62;       10;    0.74;   stop
   228;    1611.29;    1043.57;    1641.17;    1043.40;    1641.08;    1027.56;    1611.20;    1027.73;       10;    0.74;   stop
   231;    1469.81;    1115.66;    1526.60;    1114.17;    1526.07;    1093.84;    1469.28;    1095.33;        9;    0.74;   stop
   322;     515.65;    1403.33;     517.18;    1390.10;     487.48;    1386.67;     485.95;    1399.90;       10;    0.74;   stop
   401;     614.48;    1654.78;     614.95;    1639.55;     586.46;    1638.66;     585.98;    1653.88;       10;    0.74;   stop
   181;    1923.26;    1321.96;    1938.64;    1321.48;    1937.74;    1292.54;    1922.36;    1293.02;       10;    0.74;   stop
  1770;     404.60;    1140.51;     434.88;    1139.66;     434.46;    1124.49;     404.18;    1125.34;       10;    0.74;   stop
   355;    3198.83;     481.69;    3230.57;     477.44;    3228.67;     463.31;    3196.93;     467.56;       10;    0.74;   stop
   311;    3381.65;    1073.08;    3394.03;    1044.92;    3378.66;    1038.17;    3366.28;    1066.33;       10;    0.74;   stop
   403;     749.30;    2013.34;     751.22;    1981.30;     736.47;    1980.41;     734.55;    2012.45;       10;    0.74;   stop
   245;    1957.35;    1023.85;    1975.23;    1022.12;    1971.15;     979.78;    1953.27;     981.50;        9;    0.74;   move
    94;    2612.34;    1082.65;    2612.81;    1067.16;    2578.04;    1066.10;    2577.56;    1081.59;       10;    0.74;   stop
   384;    1907.80;    1220.26;    1920.86;    1216.19;    1912.88;    1190.61;    1899.83;    1194.69;       10;    0.74;   stop
   385;    3563.55;     910.70;    3595.43;     908.06;    3594.27;     893.99;    3562.38;     896.63;       10;    0.74;   stop
   465;    2702.17;    1382.68;    2718.45;    1381.78;    2716.58;    1347.70;    2700.30;    1348.59;       10;    0.74;   stop
   356;     432.99;    1046.54;     458.29;    1045.20;     457.64;    1032.84;     432.33;    1034.18;       10;    0.73;   stop
   765;    2414.68;    1082.17;    2445.73;    1080.57;    2444.95;    1065.45;    2413.89;    1067.06;       10;    0.73;   stop
   282;    2155.25;    1103.69;    2185.83;    1102.45;    2185.19;    1086.69;    2154.61;    1087.92;       10;    0.73;   stop
   334;    3104.99;    1092.70;    3107.23;    1079.79;    3083.92;    1075.74;    3081.68;    1088.65;       10;    0.73;   stop
   149;    2527.41;    1059.90;    2561.79;    1059.75;    2561.72;    1043.85;    2527.33;    1044.00;       10;    0.73;   stop
   320;    2263.29;    1168.08;    2290.84;    1167.11;    2290.33;    1152.79;    2262.79;    1153.76;       10;    0.73;   stop
   473;    2546.24;    1658.05;    2547.93;    1627.86;    2531.64;    1626.95;    2529.94;    1657.14;       10;    0.73;   stop
   423;    3718.66;     246.84;    3732.33;     213.98;    3717.59;     207.84;    3703.92;     240.71;       10;    0.73;   stop
   389;    2033.34;    1605.05;    2034.44;    1570.16;    2019.66;    1569.70;    2018.56;    1604.59;       10;    0.73;   stop
   339;    3034.10;    1215.24;    3036.43;    1200.28;    3002.93;    1195.07;    3000.61;    1210.04;       10;    0.73;   stop
   330;     852.21;    1663.12;     853.14;    1649.12;     824.04;    1647.19;     823.11;    1661.20;       10;    0.73;   stop
   367;    2722.03;      70.19;    2751.13;      67.15;    2749.59;      52.43;    2720.50;      55.47;       10;    0.73;   stop
   413;     584.78;    1045.21;     585.09;    1032.86;     562.72;    1032.29;     562.41;    1044.64;       10;    0.73;   stop
  1195;    3152.00;    1537.03;    3166.08;    1450.40;    3139.56;    1446.09;    3125.49;    1532.73;        9;    0.73;   stop
   307;     892.47;     622.69;     894.33;     607.31;     863.37;     603.56;     861.51;     618.94;       10;    0.73;   stop
    31;    2453.74;    1078.11;    2480.56;    1077.26;    2480.14;    1063.89;    2453.31;    1064.74;       10;    0.73;   stop
   335;     116.46;    1629.89;     118.00;    1614.11;      86.63;    1611.05;      85.09;    1626.82;       10;    0.73;   stop
   383;    2496.31;     531.22;    2530.94;     528.77;    2529.81;     512.78;    2495.18;     515.23;       10;    0.72;   stop
   352;     169.62;    1153.71;     197.13;    1153.35;     196.94;    1139.41;     169.44;    1139.77;       10;    0.72;   stop
   373;    1942.12;    1574.32;    1960.92;    1573.95;    1960.13;    1533.49;    1941.33;    1533.86;       10;    0.72;   stop
   120;    3160.90;    1236.37;    3163.63;    1219.87;    3129.73;    1214.25;    3126.99;    1230.76;       10;    0.72;   stop
   303;     199.80;    1154.11;     230.77;    1154.07;     230.75;    1139.02;     199.78;    1139.05;       10;    0.72;   stop
   405;    1732.60;    1169.29;    1732.69;    1152.89;    1700.24;    1152.71;    1700.15;    1169.11;       10;    0.72;   stop
   425;    1232.60;    1675.21;    1233.86;    1660.53;    1206.40;    1658.17;    1205.14;    1672.84;       10;    0.72;   stop
   407;    2131.95;    1296.97;    2179.32;    1294.08;    2178.11;    1274.22;    2130.74;    1277.11;        9;    0.72;   stop
   332;    1955.10;      79.73;    1968.76;      78.58;    1966.65;      53.58;    1952.99;      54.74;       10;    0.72;   stop
   287;    1653.62;    1150.83;    1685.27;    1148.81;    1684.25;    1132.92;    1652.61;    1134.94;       10;    0.72;   stop
  2038;     304.88;      58.65;     338.86;      56.14;     337.77;      41.43;     303.79;      43.93;       10;    0.71;   move
   368;    2590.75;      81.95;    2617.67;      79.93;    2616.50;      64.30;    2589.58;      66.32;       10;    0.71;   stop
   455;    1916.67;    1251.95;    1931.62;    1249.17;    1926.33;    1220.80;    1911.38;    1223.58;       10;    0.71;   stop
   471;    1605.37;    1685.21;    1605.87;    1670.55;    1576.13;    1669.54;    1575.63;    1684.20;       10;    0.71;   stop
   657;    1695.28;    1168.52;    1695.88;    1152.95;    1680.20;    1152.35;    1679.61;    1167.92;       10;    0.71;   stop
    58;    1550.67;    1152.38;    1583.04;    1151.15;    1582.46;    1135.87;    1550.09;    1137.10;       10;    0.71;   stop
   411;    1458.39;    1168.55;    1489.63;    1167.47;    1489.11;    1152.33;    1457.87;    1153.41;       10;    0.71;   stop
  2090;    3684.65;    1250.98;    3688.95;    1230.97;    3652.23;    1223.08;    3647.93;    1243.09;       10;    0.71;   move
   489;    1774.52;    1655.32;    1803.54;    1655.15;    1803.45;    1639.80;    1774.43;    1639.98;       10;    0.71;   stop
   438;    2346.87;      99.66;    2378.92;      97.29;    2377.75;      81.46;    2345.71;      83.83;       10;    0.71;   stop
  1219;    1655.68;    1074.59;    1656.52;    1050.81;    1521.32;    1046.03;    1520.48;    1069.82;        9;    0.71;   stop
   391;    2894.74;    1876.85;    2933.45;    1861.24;    2926.76;    1844.65;    2888.05;    1860.26;       10;    0.71;   stop
  1936;    3508.97;     459.91;    3537.56;     455.31;    3535.41;     441.96;    3506.82;     446.57;       10;    0.70;   stop
   748;    1741.94;    1084.46;    1774.87;    1076.78;    1771.44;    1062.04;    1738.50;    1069.72;       10;    0.70;   stop
  1282;    2846.36;    1097.42;    2847.59;    1081.27;    2811.45;    1078.52;    2810.22;    1094.67;       10;    0.70;   stop
   560;    1910.60;    2090.95;    1927.75;    2053.95;    1912.34;    2046.80;    1895.19;    2083.80;       10;    0.70;   stop
  1869;    3837.95;      64.38;    3845.98;      42.47;    3834.55;      38.28;    3826.52;      60.19;       10;    0.70;   stop
  1643;    1895.22;    1042.91;    1908.60;    1039.90;    1902.68;    1013.59;    1889.31;    1016.60;       10;    0.70;   move
   178;    2087.40;    1083.99;    2139.21;    1083.04;    2138.85;    1063.63;    2087.04;    1064.59;        9;    0.70;   stop
   460;    3566.47;    2117.50;    3598.80;    2103.69;    3591.34;    2086.25;    3559.02;    2100.06;       10;    0.70;   stop
   427;     968.26;     625.49;     969.98;     610.97;     940.87;     607.51;     939.14;     622.03;       10;    0.70;   stop
   390;    1448.57;    1042.46;    1474.58;    1041.66;    1474.18;    1028.67;    1448.17;    1029.47;       10;    0.70;   stop
   429;    3260.43;      60.47;    3286.24;      58.33;    3285.20;      45.70;    3259.39;      47.84;       10;    0.70;   stop
   443;    1741.91;    1172.46;    1776.25;    1171.91;    1776.02;    1157.41;    1741.67;    1157.96;       10;    0.70;   stop
   457;    2546.81;      79.32;    2563.53;      77.32;    2560.32;      50.61;    2543.60;      52.62;       10;    0.70;   stop
   351;    3709.36;     447.32;    3743.12;     444.62;    3741.89;     429.25;    3708.13;     431.94;       10;    0.70;   stop
  1581;     565.37;    1160.28;     591.35;    1158.93;     590.57;    1144.09;     564.59;    1145.45;       10;    0.70;   stop
   370;    1622.90;    1108.00;    1658.36;    1106.19;    1657.60;    1091.38;    1622.14;    1093.19;       10;    0.70;   stop
   474;    1680.01;    1044.14;    1709.53;    1043.20;    1709.01;    1026.99;    1679.49;    1027.93;       10;    0.70;   stop
   412;    2446.84;    1058.83;    2472.71;    1058.26;    2472.41;    1044.92;    2446.54;    1045.49;       10;    0.70;   stop
   537;    2681.28;    1385.13;    2696.13;    1359.26;    2683.47;    1352.00;    2668.62;    1377.87;       10;    0.70;   stop
   475;    3805.41;     154.78;    3824.24;     111.85;    3805.22;     103.51;    3786.39;     146.43;        9;    0.69;   stop
   432;    2471.23;    1169.29;    2471.24;    1154.99;    2441.27;    1154.96;    2441.26;    1169.26;       10;    0.69;   stop
   466;    1970.05;    2008.31;    1979.58;    1978.99;    1964.83;    1974.19;    1955.29;    2003.51;       10;    0.69;   stop
  1155;    2568.77;    1081.05;    2568.97;    1065.88;    2536.10;    1065.45;    2535.90;    1080.62;       10;    0.69;   stop
   437;    3613.34;     611.41;    3626.23;     582.29;    3612.91;     576.40;    3600.02;     605.52;       10;    0.69;   stop
   376;    2132.76;    1165.82;    2168.90;    1165.74;    2168.86;    1148.30;    2132.72;    1148.39;       10;    0.69;   stop
   410;     762.04;    1659.36;     762.27;    1643.90;     731.39;    1643.45;     731.17;    1658.91;       10;    0.69;   stop
   409;     229.97;    1040.91;     230.50;    1027.31;     203.62;    1026.28;     203.10;    1039.87;       10;    0.69;   stop
  1724;    1366.85;    1135.03;    1390.13;    1133.73;    1389.40;    1120.60;    1366.12;    1121.89;       10;    0.69;   stop
   468;    2504.77;    1879.79;    2507.38;    1837.23;    2488.73;    1836.08;    2486.12;    1878.65;       10;    0.69;   stop
   444;    3342.69;    1370.14;    3343.65;    1356.10;    3316.37;    1354.23;    3315.41;    1368.28;       10;    0.69;   stop
   463;    3750.73;     173.70;    3762.28;     143.46;    3749.27;     138.49;    3737.72;     168.73;       10;    0.68;   stop
  1885;     264.32;    1117.26;     292.11;    1115.27;     291.15;    1101.80;     263.36;    1103.79;       10;    0.68;   move
   435;    2601.65;     975.14;    2617.71;     973.30;    2613.48;     936.24;    2597.41;     938.08;       10;    0.68;   stop
   421;    1164.87;    1835.75;    1165.58;    1808.53;    1150.38;    1808.13;    1149.67;    1835.35;       10;    0.68;   stop
   504;     362.85;     537.43;     365.59;     522.22;     332.77;     516.32;     330.04;     531.53;       10;    0.68;   stop
   498;    2303.62;     585.63;    2337.95;     583.09;    2336.63;     565.25;    2302.30;     567.78;       10;    0.68;   stop
   513;    1089.77;    1037.38;    1114.31;    1036.93;    1114.10;    1025.87;    1089.57;    1026.32;       10;    0.68;   stop
   631;    2373.48;    1083.64;    2406.07;    1081.85;    2405.15;    1065.11;    2372.56;    1066.90;       10;    0.68;   stop
   436;    1264.56;    1637.51;    1292.60;    1637.45;    1292.56;    1622.74;    1264.53;    1622.80;       10;    0.68;   stop
   511;    2774.07;    2070.05;    2790.07;    2062.81;    2775.46;    2030.57;    2759.47;    2037.82;       10;    0.68;   stop
   404;    3555.44;     761.17;    3565.33;     732.22;    3551.74;     727.58;    3541.86;     756.53;       10;    0.68;   stop
   344;    2016.35;    1851.47;    2021.08;    1804.53;    2001.21;    1802.53;    1996.48;    1849.47;        9;    0.68;   stop
   431;    2593.97;     930.86;    2610.82;     929.94;    2608.78;     892.21;    2591.93;     893.12;       10;    0.68;   stop
   450;     268.82;      44.67;     301.29;      41.38;     299.77;      26.34;     267.30;      29.63;       10;    0.68;   stop
   523;    2508.61;    1735.91;    2511.76;    1704.68;    2497.26;    1703.21;    2494.11;    1734.45;       10;    0.68;   stop
   521;    2588.67;    2067.82;    2632.48;    2053.40;    2625.33;    2031.68;    2581.52;    2046.10;        9;    0.68;   stop
  1861;    2646.21;    1063.25;    2646.63;    1048.19;    2639.74;    1048.00;    2639.32;    1063.06;       10;    0.68;   stop
   416;    1006.15;     627.15;    1007.05;     613.26;     979.76;     611.48;     978.85;     625.37;       10;    0.67;   stop
   447;    3759.47;     253.89;    3770.84;     226.54;    3757.41;     220.95;    3746.03;     248.30;       10;    0.67;   stop
   434;     675.77;    1040.44;     703.12;    1036.39;     701.41;    1024.87;     674.07;    1028.92;       10;    0.67;   stop
   461;     660.92;    1194.83;     661.03;    1181.02;     633.77;    1180.79;     633.66;    1194.60;       10;    0.67;   stop
   516;    3562.51;     800.03;    3572.24;     777.61;    3559.68;     772.15;    3549.94;     794.58;       10;    0.67;   stop
   441;     376.66;    1609.51;     405.92;    1609.02;     405.69;    1594.87;     376.42;    1595.35;       10;    0.67;   stop
  1830;    2611.65;    2006.55;    2648.02;    1990.38;    2640.60;    1973.70;    2604.23;    1989.87;       10;    0.67;   stop
  1248;    1789.09;      54.74;    1806.43;      54.23;    1805.33;      16.70;    1787.99;      17.21;       10;    0.67;   stop
   547;    3474.40;     464.53;    3504.55;     460.19;    3502.48;     445.78;    3472.32;     450.13;       10;    0.67;   stop
   453;     141.46;    1045.18;     166.54;    1044.19;     166.04;    1031.39;     140.96;    1032.37;       10;    0.67;   stop
   472;    3627.02;     907.20;    3662.15;     904.88;    3661.11;     889.05;    3625.97;     891.37;       10;    0.67;   stop
   541;    3555.34;    1294.06;    3559.37;    1278.44;    3530.29;    1270.94;    3526.26;    1286.56;       10;    0.67;   stop
   506;    3411.71;    1009.17;    3424.16;     983.61;    3411.42;     977.40;    3398.96;    1002.96;       10;    0.67;   stop
   478;    2049.67;     119.79;    2075.10;     118.11;    2074.21;     104.64;    2048.78;     106.32;       10;    0.67;   stop
   490;    1500.51;     968.73;    1502.82;     938.18;    1487.49;     937.02;    1485.18;     967.57;       10;    0.67;   stop
   496;    2158.92;    1061.28;    2158.97;    1043.72;    2120.58;    1043.60;    2120.53;    1061.16;        9;    0.67;   stop
   543;    2000.25;    1004.22;    2014.40;    1000.66;    2007.00;     971.28;    1992.85;     974.84;       10;    0.66;   stop
   446;     410.23;     492.58;     414.55;     462.36;     397.42;     459.92;     393.11;     490.14;       10;    0.66;   stop
   482;    2176.85;     554.50;    2207.63;     550.04;    2205.21;     533.37;    2174.44;     537.84;       10;    0.66;   stop
   483;    1415.15;    1641.61;    1440.50;    1640.83;    1440.10;    1627.64;    1414.75;    1628.42;       10;    0.66;   stop
   358;    1577.02;    1110.82;    1612.98;    1109.46;    1612.35;    1093.05;    1576.40;    1094.42;       10;    0.66;   stop
   515;    3669.82;     946.07;    3705.50;     944.02;    3704.56;     927.53;    3668.87;     929.57;       10;    0.66;   stop
  2075;     402.62;    1118.07;     402.95;    1104.46;     375.98;    1103.80;     375.64;    1117.41;       10;    0.66;   stop
   375;    1213.15;    1498.76;    1217.32;    1468.92;    1201.66;    1466.74;    1197.49;    1496.58;       10;    0.66;   stop
   528;    2635.17;    1042.08;    2638.74;    1029.30;    2613.71;    1022.29;    2610.13;    1035.07;       10;    0.66;   stop
   502;     309.85;      38.82;     340.41;      36.62;     339.37;      22.12;     308.80;      24.31;       10;    0.65;   stop
   402;    1301.53;    1677.59;    1302.44;    1663.25;    1273.60;    1661.41;    1272.69;    1675.75;       10;    0.65;   stop
   500;    2313.90;    1329.25;    2314.81;    1310.42;    2271.23;    1308.32;    2270.32;    1327.14;        9;    0.65;   stop
   539;    2854.10;      59.50;    2883.66;      56.21;    2881.99;      41.28;    2852.44;      44.57;       10;    0.65;   stop
   430;     196.66;    1040.19;     197.09;    1026.94;     170.37;    1026.06;     169.94;    1039.31;       10;    0.65;   stop
   507;     681.52;    1218.49;     681.99;    1192.07;     667.54;    1191.82;     667.07;    1218.24;       10;    0.65;   stop
   464;    1196.57;    1635.05;    1222.75;    1635.03;    1222.74;    1621.83;    1196.56;    1621.85;       10;    0.65;   stop
   509;    1633.71;     563.20;    1634.02;     547.77;    1604.04;     547.17;    1603.73;     562.60;       10;    0.65;   stop
   422;     686.86;    1656.80;     686.88;    1641.36;     659.39;    1641.32;     659.37;    1656.76;       10;    0.65;   stop
   491;    1390.12;     858.75;    1391.89;     844.62;    1363.88;     841.12;    1362.11;     855.25;       10;    0.65;   stop
   503;       3.00;    1149.93;      33.60;    1148.84;      33.06;    1133.82;       2.47;    1134.91;       10;    0.65;   stop
   456;    3490.51;    1037.58;    3507.23;    1031.56;    3495.74;     999.61;    3479.02;    1005.62;       10;    0.65;   stop
   398;    3801.69;    1277.98;    3806.28;    1259.65;    3769.56;    1250.45;    3764.97;    1268.78;       10;    0.65;   stop
   510;    2016.49;    2158.00;    2018.16;    2124.54;    2002.20;    2123.75;    2000.53;    2157.21;       10;    0.65;   stop
   517;     730.89;    2013.16;     732.91;    1984.85;     720.48;    1983.96;     718.46;    2012.28;       10;    0.65;   stop
   522;    3118.81;    1097.29;    3120.75;    1082.09;    3109.94;    1080.71;    3108.00;    1095.91;       10;    0.64;   stop
   414;    3745.24;    1237.94;    3749.24;    1219.86;    3704.13;    1209.88;    3700.13;    1227.95;       10;    0.64;   stop
   497;    3273.53;    1377.87;    3286.20;    1352.65;    3273.97;    1346.50;    3261.30;    1371.73;       10;    0.64;   stop
   467;     831.74;    1455.22;     832.49;    1441.35;     803.26;    1439.78;     802.51;    1453.65;       10;    0.64;   stop
  1151;    3304.89;    1037.59;    3304.89;    1009.91;    3290.42;    1009.91;    3290.42;    1037.59;       10;    0.64;   stop
  1751;    3535.88;     483.18;    3571.54;     480.76;    3570.37;     463.69;    3534.71;     466.11;       10;    0.64;   move
   495;     820.01;    1662.07;     821.08;    1646.38;     790.71;    1644.30;     789.64;    1660.00;       10;    0.64;   stop
   484;     106.52;    1154.22;     140.94;    1153.81;     140.74;    1137.03;     106.32;    1137.44;       10;    0.63;   stop
  1515;    1672.39;    1042.29;    1672.48;    1027.86;    1647.48;    1027.71;    1647.40;    1042.14;       10;    0.63;   stop
   556;    3616.49;    1205.10;    3621.41;    1185.94;    3576.01;    1174.27;    3571.09;    1193.44;       10;    0.63;   stop
   448;    3273.55;     593.72;    3289.25;     593.56;    3288.95;     564.09;    3273.25;     564.25;       10;    0.63;   stop
    32;    1118.19;    1658.22;    1149.49;    1656.51;    1148.69;    1641.78;    1117.39;    1643.49;       10;    0.63;   stop
   486;    3293.74;    1000.25;    3310.45;     994.93;    3298.76;     958.19;    3282.05;     963.51;       10;    0.63;   stop
   449;    1372.94;    1679.33;    1373.71;    1665.59;    1348.44;    1664.17;    1347.67;    1677.91;       10;    0.63;   stop
   477;     724.79;    1656.69;     724.81;    1641.47;     697.40;    1641.43;     697.38;    1656.65;       10;    0.63;   stop
   452;    3325.40;     955.98;    3359.17;     942.36;    3353.35;     927.93;    3319.58;     941.55;       10;    0.62;   stop
   155;    1946.80;      44.54;    1961.30;      43.34;    1959.20;      17.90;    1944.70;      19.10;       10;    0.62;   stop
  2077;    1537.17;    1134.87;    1590.93;    1133.20;    1590.33;    1114.00;    1536.57;    1115.67;        9;    0.62;   stop
   399;    2771.16;      65.79;    2808.94;      62.59;    2807.43;      44.84;    2769.66;      48.04;       10;    0.61;   stop
   575;    1386.99;     870.84;    1387.99;     858.23;    1360.26;     856.03;    1359.26;     868.65;       10;    0.61;   stop
   534;    1433.60;    2160.21;    1436.56;    2129.73;    1421.65;    2128.29;    1418.69;    2158.77;       10;    0.61;   stop
   568;    3712.99;     373.33;    3721.25;     346.58;    3706.39;     341.99;    3698.12;     368.73;       10;    0.61;   stop
  1511;    2141.53;     554.58;    2172.80;     551.78;    2171.35;     535.55;    2140.08;     538.35;       10;    0.60;   stop
   381;    1544.91;    1110.90;    1575.41;    1109.62;    1574.72;    1092.97;    1544.21;    1094.25;       10;    0.60;   stop
   342;    2559.58;      48.66;    2560.02;      21.33;    2545.29;      21.09;    2544.85;      48.42;       10;    0.59;   stop
  1346;    1810.21;     717.05;    1825.52;     715.97;    1823.54;     688.07;    1808.23;     689.16;       10;    0.59;   stop
   576;    1821.74;     894.79;    1838.18;     894.14;    1836.76;     857.96;    1820.32;     858.61;       10;    0.59;   stop
   527;    2581.86;     696.17;    2595.38;     695.98;    2595.01;     669.58;    2581.50;     669.77;       10;    0.59;   stop
   646;    3736.26;     204.11;    3744.97;     181.27;    3733.74;     176.98;    3725.03;     199.83;       10;    0.59;   stop
   479;     555.48;    1615.46;     555.68;    1602.49;     526.39;    1602.04;     526.19;    1615.01;       10;    0.59;   stop
   562;    2042.58;    2156.94;    2054.49;    2155.93;    2052.42;    2131.56;    2040.51;    2132.57;       10;    0.59;   stop
   554;    3130.21;    1683.95;    3137.64;    1643.20;    3117.29;    1639.49;    3109.86;    1680.24;       10;    0.58;   stop
   505;    2551.10;     153.64;    2564.47;     152.82;    2562.77;     125.36;    2549.40;     126.18;       10;    0.58;   stop
   572;    3749.37;     445.72;    3778.66;     442.29;    3776.88;     427.09;    3747.59;     430.52;       10;    0.58;   stop
   133;    1174.76;    1127.38;    1199.68;    1122.95;    1197.12;    1108.55;    1172.20;    1112.99;       10;    0.58;   stop
   494;    2020.57;    1517.12;    2032.99;    1516.84;    2032.43;    1492.25;    2020.01;    1492.54;       10;    0.58;   stop
   529;    2255.99;    1368.56;    2256.72;    1330.07;    2239.70;    1329.75;    2238.96;    1368.24;       10;    0.58;   stop
  1954;    1927.77;    1381.89;    1944.47;    1379.55;    1939.33;    1342.86;    1922.63;    1345.20;        9;    0.58;   stop
   535;    2095.86;    1530.80;    2127.46;    1529.94;    2127.01;    1513.45;    2095.42;    1514.31;       10;    0.58;   stop
   514;    3585.03;     950.45;    3619.07;     949.74;    3618.72;     932.98;    3584.68;     933.70;       10;    0.58;   stop
   520;    1712.27;    1691.06;    1713.21;    1675.53;    1684.60;    1673.81;    1683.67;    1689.35;       10;    0.57;   stop
  1950;    2556.89;    1389.23;    2561.61;    1353.68;    2543.49;    1351.27;    2538.77;    1386.82;       10;    0.57;   stop
   553;    3023.40;    1799.56;    3049.06;    1758.05;    3032.10;    1747.57;    3006.44;    1789.07;        9;    0.57;   stop
   536;     890.13;    1170.12;     890.47;    1158.35;     867.69;    1157.69;     867.34;    1169.46;       10;    0.57;   stop
   544;    2590.49;     846.68;    2606.26;     846.33;    2605.51;     812.69;    2589.74;     813.04;       10;    0.56;   stop
   540;    3286.96;    1079.20;    3304.34;    1050.03;    3291.48;    1042.36;    3274.09;    1071.53;       10;    0.56;   stop
   538;    3325.82;     937.38;    3337.98;     926.89;    3317.30;     902.93;    3305.15;     913.42;       10;    0.56;   stop
  2154;    3788.43;     462.91;    3829.62;     458.78;    3827.82;     440.84;    3786.63;     444.97;       10;    0.56;   stop
   532;    3512.60;     883.38;    3523.34;     847.18;    3504.59;     841.62;    3493.85;     877.82;       10;    0.56;   stop
   501;    2388.13;    1291.00;    2421.24;    1290.25;    2420.87;    1274.00;    2387.76;    1274.75;       10;    0.55;   stop
   545;     204.56;    1598.15;     205.49;    1586.54;     182.16;    1584.66;     181.22;    1596.27;       10;    0.55;   stop
   488;    3681.65;     494.38;    3710.48;     490.42;    3707.73;     470.31;    3678.89;     474.26;       10;    0.55;   stop
  2138;    2158.99;    1139.63;    2159.02;    1117.15;    2140.76;    1117.12;    2140.73;    1139.60;        9;    0.55;   stop
   970;    2159.33;    1082.90;    2159.46;    1065.95;    2147.17;    1065.85;    2147.04;    1082.80;       10;    0.54;   stop
   673;    1141.95;    1635.02;    1142.25;    1621.31;    1115.36;    1620.73;    1115.06;    1634.44;       10;    0.54;   stop
   590;    1496.65;    1168.47;    1526.24;    1168.44;    1526.22;    1154.65;    1496.64;    1154.68;       10;    0.54;   stop
   552;     699.86;    2012.15;     716.12;    2011.95;     715.76;    1981.60;     699.50;    1981.80;       10;    0.53;   stop
   531;    3025.32;     496.69;    3057.89;     494.28;    3056.71;     478.31;    3024.14;     480.72;       10;    0.52;   stop
   615;    3775.00;    1173.11;    3790.64;    1172.20;    3788.75;    1139.70;    3773.11;    1140.61;       10;    0.52;   stop
   459;    1928.25;    1383.24;    1946.85;    1380.39;    1940.81;    1340.95;    1922.22;    1343.79;       10;    0.52;   stop
   525;     552.06;    1653.42;     578.65;    1653.27;     578.56;    1638.14;     551.98;    1638.29;       10;    0.52;   stop
   542;    3297.60;    1347.94;    3312.25;    1310.92;    3293.03;    1303.31;    3278.38;    1340.33;        9;    0.52;   stop
   579;    3215.91;    1346.50;    3234.21;    1298.61;    3213.47;    1290.68;    3195.17;    1338.58;        9;    0.51;   stop
   550;     223.67;      49.74;     255.95;      46.27;     254.45;      32.30;     222.17;      35.76;       10;    0.51;   stop
   524;    1426.11;    1168.99;    1456.51;    1168.27;    1456.14;    1153.01;    1425.74;    1153.73;       10;    0.51;   stop
   546;     247.22;    1736.83;     262.44;    1736.26;     261.37;    1707.54;     246.15;    1708.11;       10;    0.51;   stop
   551;     485.81;    1235.22;     485.89;    1221.18;     461.07;    1221.03;     460.98;    1235.07;       10;    0.51;   stop
  1951;    3297.98;    1347.49;    3311.68;    1310.02;    3292.64;    1303.05;    3278.94;    1340.53;       10;    0.51;   stop
  2011;    3435.76;     981.99;    3450.26;     940.17;    3430.49;     933.32;    3415.99;     975.14;       10;    0.50;   stop
   469;     426.07;    1647.68;     426.70;    1632.93;     397.99;    1631.69;     397.36;    1646.45;       10;    0.50;   stop
   512;    2372.69;    2122.07;    2438.02;    2091.32;    2427.31;    2068.56;    2361.98;    2099.31;        9;    0.50;   stop
  2073;    3382.38;    1325.64;    3425.45;    1318.19;    3421.99;    1298.18;    3378.92;    1305.64;       10;    0.50;   stop
  1745;    2540.09;    2091.14;    2543.01;    2073.50;    2502.91;    2066.86;    2499.99;    2084.50;        9;    0.50;   stop
   549;    3701.03;     301.39;    3717.91;     261.51;    3701.47;     254.55;    3684.59;     294.43;        9;    0.50;   stop
   584;     839.58;    1922.75;     873.33;    1922.55;     873.23;    1906.00;     839.48;    1906.20;       10;    0.49;   stop
   458;    2574.63;     434.61;    2584.08;     410.15;    2564.00;     402.39;    2554.54;     426.85;       10;    0.49;   stop
  2125;    3618.29;    1205.09;    3623.16;    1186.14;    3577.02;    1174.28;    3572.15;    1193.24;        9;    0.49;   stop
   709;    2519.81;      74.12;    2520.40;      56.32;    2505.19;      55.82;    2504.60;      73.62;       10;    0.49;   stop
   569;     478.56;    1220.38;     478.65;    1206.99;     453.31;    1206.81;     453.22;    1220.20;       10;    0.48;   stop
   600;    2558.91;     286.18;    2573.01;     285.58;    2571.84;     257.76;    2557.74;     258.36;       10;    0.48;   stop
   822;    1038.82;     993.67;    1053.46;     992.84;    1051.81;     963.83;    1037.17;     964.66;       10;    0.48;   stop
   557;    3631.84;     947.93;    3663.43;     944.66;    3661.91;     929.88;    3630.32;     933.15;       10;    0.48;   stop
   570;     337.65;    1361.08;     338.31;    1348.21;     312.51;    1346.89;     311.84;    1359.75;       10;    0.48;   stop
   611;    2500.65;    1551.31;    2516.69;    1551.20;    2516.47;    1519.38;    2500.43;    1519.49;       10;    0.48;   stop
  2076;    2801.71;    1094.93;    2803.12;    1079.45;    2768.92;    1076.32;    2767.50;    1091.80;       10;    0.47;   stop
   559;     610.62;    2159.26;     611.92;    2146.20;     588.44;    2143.87;     587.14;    2156.93;       10;    0.46;   stop
   565;    3144.35;    1740.82;    3153.36;    1697.44;    3133.15;    1693.25;    3124.14;    1736.62;        9;    0.46;   stop
   567;    1408.71;    1679.42;    1409.74;    1667.48;    1383.54;    1665.21;    1382.51;    1677.14;       10;    0.46;   stop
  1986;    2621.60;    1324.40;    2622.20;    1312.60;    2600.28;    1311.48;    2599.67;    1323.27;       10;    0.45;   stop
  2160;    2256.45;    1369.58;    2256.76;    1330.00;    2238.67;    1329.86;    2238.37;    1369.44;        9;    0.45;   stop
  1299;    1593.11;    1136.20;    1671.25;    1133.42;    1670.51;    1112.67;    1592.37;    1115.46;        9;    0.45;   stop
   577;     188.38;    1634.27;     188.99;    1622.85;     166.70;    1621.67;     166.09;    1633.09;       10;    0.45;   stop
   581;    1540.15;    1771.24;    1545.33;    1759.04;    1518.72;    1747.76;    1513.55;    1759.96;       10;    0.45;   stop
   587;    2565.60;     185.98;    2565.66;     158.31;    2550.53;     158.27;    2550.46;     185.94;       10;    0.45;   stop
   571;    3435.92;     980.64;    3449.67;     939.21;    3430.33;     932.79;    3416.58;     974.22;        9;    0.45;   stop
   219;    3030.64;      41.51;    3058.35;      37.49;    3056.36;      23.74;    3028.65;      27.76;       10;    0.44;   stop
   627;    3384.34;    1325.17;    3426.55;    1316.93;    3422.85;    1297.95;    3380.64;    1306.20;        9;    0.44;   stop
  2097;    1821.09;     894.46;    1838.17;     894.04;    1837.32;     859.42;    1820.24;     859.84;        9;    0.44;   stop
  2119;    1671.04;    1651.68;    1671.54;    1635.42;    1639.83;    1634.45;    1639.33;    1650.70;       10;    0.43;   stop
   602;    1602.71;     559.96;    1603.42;     546.17;    1576.54;     544.79;    1575.83;     558.58;       10;    0.42;   stop
  1728;    1064.08;    1171.01;    1096.10;    1170.68;    1095.92;    1153.99;    1063.90;    1154.32;       10;    0.42;   stop
  2083;    2072.11;    2095.06;    2072.86;    2076.67;    2039.39;    2075.31;    2038.64;    2093.70;       10;    0.42;   stop
   654;     570.97;     606.95;     572.52;     597.02;     553.09;     593.99;     551.55;     603.91;       10;    0.42;   stop
  1886;    1870.09;     539.73;    1887.12;     536.42;    1880.66;     503.15;    1863.63;     506.46;       10;    0.42;   move
   591;     495.48;     561.72;     498.49;     548.27;     469.21;     541.72;     466.20;     555.17;       10;    0.42;   stop
   589;     808.62;    2086.86;     818.82;    2086.42;     817.94;    2066.27;     807.74;    2066.71;       10;    0.42;   stop
  2108;    2034.42;    1645.94;    2035.04;    1621.39;    2022.33;    1621.06;    2021.71;    1645.61;       10;    0.42;   stop
  2056;    2595.62;    1326.60;    2597.02;    1312.39;    2571.13;    1309.84;    2569.73;    1324.05;       10;    0.42;   stop
   617;    1997.35;    2159.48;    1999.96;    2125.87;    1982.52;    2124.52;    1979.91;    2158.13;       10;    0.41;   stop
   610;    2559.85;     364.51;    2576.21;     364.08;    2575.40;     332.99;    2559.04;     333.42;       10;    0.41;   stop
   626;     286.80;    2104.61;     287.05;    2073.02;     270.07;    2072.89;     269.83;    2104.48;       10;    0.41;   stop
   585;    2551.36;     121.00;    2578.95;     117.24;    2577.14;     104.00;    2549.55;     107.76;       10;    0.41;   stop
   608;    3394.35;    1041.25;    3409.04;    1011.85;    3394.09;    1004.37;    3379.40;    1033.78;       10;    0.41;   stop
   616;    1571.78;    1684.82;    1572.92;    1670.96;    1546.72;    1668.81;    1545.58;    1682.66;       10;    0.40;   stop
  2155;    1088.94;    1632.10;    1089.19;    1620.95;    1059.81;    1620.28;    1059.56;    1631.42;       10;    0.40;   stop
   663;     132.65;    1593.48;     134.01;    1583.85;     112.97;    1580.89;     111.62;    1590.53;       10;    0.40;   stop
  1784;    2007.17;    1521.70;    2007.50;    1500.24;    1995.20;    1500.05;    1994.88;    1521.51;       10;    0.40;   move
   613;    1738.96;    1690.57;    1740.14;    1676.38;    1715.12;    1674.30;    1713.94;    1688.49;       10;    0.39;   stop
  2061;    2026.32;    1792.81;    2029.17;    1767.15;    2014.86;    1765.56;    2012.02;    1791.23;       10;    0.39;   stop
  2114;    2825.16;    2169.95;    2840.02;    2160.26;    2822.34;    2133.17;    2807.48;    2142.87;       10;    0.39;   stop
   648;    3525.75;    1102.16;    3560.26;    1099.34;    3558.94;    1083.15;    3524.43;    1085.97;       10;    0.38;   stop
  2162;    3167.37;    1667.96;    3178.95;    1634.21;    3161.69;    1628.29;    3150.11;    1662.04;       10;    0.38;   stop
   592;     870.95;    1587.96;     870.95;    1555.29;     854.94;    1555.29;     854.94;    1587.96;       10;    0.37;   stop
   622;    1940.60;    1627.99;    1962.57;    1627.83;    1962.21;    1576.01;    1940.24;    1576.17;        9;    0.37;   stop
  2100;     459.74;    1647.27;     460.16;    1634.81;     435.58;    1633.98;     435.16;    1646.44;       10;    0.37;   stop
   917;     256.79;    1877.37;     271.70;    1876.77;     270.56;    1848.26;     255.64;    1848.86;       10;    0.36;   stop
   583;     340.51;     564.48;     344.06;     550.51;     309.64;     541.77;     306.10;     555.74;       10;    0.36;   stop
  1878;    3798.58;    1168.43;    3814.18;    1167.37;    3812.04;    1135.95;    3796.45;    1137.01;       10;    0.36;   stop
  1904;     271.72;    1043.60;     293.69;    1043.41;     293.59;    1031.09;     271.62;    1031.28;       10;    0.36;   stop
  2151;    3511.90;    2142.43;    3546.59;    2126.02;    3539.04;    2110.07;    3504.35;    2126.48;       10;    0.35;   stop