vehicle_id; veh_bb_x1; veh_bb_y1; veh_bb_x2; veh_bb_y2; veh_bb_x3; veh_bb_y3; veh_bb_x4; veh_bb_y4; det_class; conf_score; state
     1;    2954.05;    1200.72;    2956.53;    1177.05;    2896.70;    1170.78;    2894.22;    1194.45;        9;    0.85;   stop
  2365;    3126.77;    1116.81;    3129.15;    1100.01;    3092.14;    1094.76;    3089.75;    1111.55;       10;    0.85;   stop
   193;    3039.66;    1101.84;    3042.16;    1086.96;    3011.34;    1081.78;    3008.84;    1096.67;       10;    0.84;   stop
    74;    3128.85;    1141.46;    3131.95;    1122.50;    3092.40;    1116.04;    3089.30;    1135.00;       10;    0.84;   stop
  2623;    3418.16;    1174.97;    3419.77;    1160.95;    3389.96;    1157.53;    3388.36;    1171.55;       10;    0.84;   stop
   890;    1894.69;     814.93;    1910.80;     813.99;    1908.85;     780.32;    1892.73;     781.26;       10;    0.84;   stop
    11;    2643.86;    1064.09;    2644.80;    1049.43;    2615.14;    1047.53;    2614.20;    1062.20;       10;    0.84;   stop
     4;    3119.07;    1229.82;    3121.30;    1213.53;    3085.30;    1208.62;    3083.08;    1224.90;       10;    0.84;   stop
  1524;    1964.31;    1947.98;    1975.05;    1912.30;    1958.75;    1907.39;    1948.02;    1943.08;       10;    0.84;   move
  2101;    3295.70;    1160.18;    3297.22;    1144.75;    3263.05;    1141.39;    3261.53;    1156.81;       10;    0.83;   stop
  1248;    1822.36;     291.17;    1840.59;     290.11;    1838.39;     252.20;    1820.16;     253.27;       10;    0.83;   move
   898;    1983.17;     578.73;    1987.44;     562.04;    1956.58;     554.14;    1952.31;     570.83;       10;    0.83;   stop
   172;    3078.12;    1130.40;    3080.62;    1113.71;    3044.88;    1108.35;    3042.38;    1125.04;       10;    0.83;   stop
   326;    3064.26;    1155.36;    3066.03;    1140.28;    3031.74;    1136.26;    3029.97;    1151.35;       10;    0.83;   stop
    35;    2013.78;    1663.76;    2015.46;    1633.36;    1999.84;    1632.49;    1998.16;    1662.89;       10;    0.83;   stop
    21;    1956.01;     294.65;    1975.09;     293.28;    1972.49;     257.16;    1953.41;     258.53;       10;    0.83;   stop
  1935;    1864.90;     853.13;    1865.92;     821.39;    1849.85;     820.87;    1848.83;     852.61;       10;    0.83;   stop
    55;    2888.24;    1328.88;    2889.16;    1311.52;    2856.76;    1309.81;    2855.84;    1327.17;       10;    0.83;   stop
  1186;    1984.75;    1868.22;    1991.54;    1833.97;    1975.43;    1830.78;    1968.65;    1865.03;       10;    0.83;   move
    85;    2726.58;    1069.77;    2727.54;    1053.75;    2694.87;    1051.79;    2693.91;    1067.82;       10;    0.83;   stop
    22;    1828.04;     523.84;    1829.22;     490.38;    1812.37;     489.78;    1811.18;     523.25;       10;    0.83;   stop
  1622;    1891.85;     734.65;    1908.10;     733.15;    1905.21;     701.97;    1888.97;     703.48;       10;    0.83;   stop
  2044;    1863.80;     811.93;    1864.00;     783.42;    1849.45;     783.32;    1849.25;     811.83;       10;    0.83;   stop
   113;    2019.89;    1230.82;    2021.21;    1202.06;    2007.61;    1201.43;    2006.29;    1230.19;       10;    0.83;   stop
    50;    3079.61;    1109.27;    3081.92;    1093.72;    3050.14;    1088.98;    3047.83;    1104.53;       10;    0.83;   stop
   283;    3397.33;    1235.71;    3399.42;    1219.48;    3363.92;    1214.91;    3361.83;    1231.14;       10;    0.83;   move
    52;    1943.95;     231.64;    1960.71;     225.47;    1948.55;     192.48;    1931.79;     198.66;       10;    0.83;   stop
    20;    2978.94;    1113.49;    2980.79;    1097.51;    2948.31;    1093.76;    2946.46;    1109.74;       10;    0.83;   stop
    48;    3115.62;    1165.55;    3118.29;    1148.79;    3081.63;    1142.95;    3078.96;    1159.71;       10;    0.83;   stop
    13;    1964.19;     791.53;    1965.56;     756.00;    1948.56;     755.34;    1947.19;     790.88;       10;    0.83;   move
    42;    2865.66;    1078.64;    2867.32;    1061.67;    2828.95;    1057.92;    2827.29;    1074.89;       10;    0.83;   stop
    36;    1718.52;     569.92;    1719.71;     552.96;    1685.73;     550.58;    1684.54;     567.54;       10;    0.82;   stop
    88;    1977.01;     682.80;    1992.33;     681.63;    1989.93;     650.32;    1974.60;     651.50;       10;    0.82;   stop
    23;    2736.31;    1049.48;    2737.35;    1034.03;    2703.82;    1031.77;    2702.77;    1047.22;       10;    0.82;   stop
    15;    2007.38;    1576.05;    2008.84;    1545.41;    1993.87;    1544.70;    1992.41;    1575.34;       10;    0.82;   stop
  2976;    3435.40;     885.86;    3458.12;     860.58;    3446.78;     850.39;    3424.07;     875.67;       10;    0.82;   stop
    37;     798.20;    1164.36;     827.62;    1164.26;     827.57;    1148.64;     798.14;    1148.74;       10;    0.82;   stop
   252;    2895.90;    1162.53;    2896.98;    1147.28;    2862.60;    1144.84;    2861.52;    1160.10;       10;    0.82;   move
    24;    3177.91;    1107.66;    3180.29;    1091.27;    3144.59;    1086.09;    3142.21;    1102.48;       10;    0.82;   stop
  3229;    1929.06;    2040.33;    1943.03;    2005.78;    1927.63;    1999.55;    1913.66;    2034.10;       10;    0.82;   move
    75;    2926.80;    1975.39;    2959.20;    1960.02;    2950.85;    1942.42;    2918.45;    1957.79;       10;    0.82;   stop
  2679;    1866.63;     750.26;    1881.53;     750.10;    1881.21;     718.99;    1866.31;     719.15;       10;    0.82;   stop
  2933;    3379.65;    1150.32;    3381.15;    1134.76;    3347.85;    1131.56;    3346.35;    1147.11;       10;    0.82;   move
    69;    1860.70;    2074.56;    1873.54;    2045.75;    1859.67;    2039.57;    1846.83;    2068.37;       10;    0.82;   stop
    61;    2917.43;    2011.01;    2932.90;    1999.21;    2909.60;    1968.68;    2894.13;    1980.48;       10;    0.82;   stop
  1815;    1857.13;     900.02;    1862.20;     865.16;    1846.37;     862.86;    1841.30;     897.72;       10;    0.82;   stop
    82;    1829.54;     825.27;    1846.80;     825.17;    1846.59;     787.98;    1829.32;     788.08;       10;    0.82;   stop
    71;    2939.13;      49.85;    2969.03;      46.76;    2967.59;      32.89;    2937.69;      35.98;       10;    0.82;   stop
    49;    2897.23;    1103.12;    2898.58;    1087.68;    2868.02;    1085.00;    2866.67;    1100.45;       10;    0.82;   stop
   143;    3032.71;    1121.22;    3035.23;    1103.98;    2999.63;    1098.78;    2997.11;    1116.02;       10;    0.82;   stop
    97;    2026.65;    1389.29;    2028.16;    1357.02;    2012.29;    1356.27;    2010.78;    1388.55;       10;    0.82;   stop
    51;    1984.88;    1970.19;    1995.88;    1934.33;    1978.68;    1929.06;    1967.68;    1964.92;       10;    0.82;   stop
    68;    1881.86;    2027.13;    1897.20;    1996.60;    1882.30;    1989.12;    1866.96;    2019.65;       10;    0.82;   stop
    78;    3169.00;     483.74;    3197.76;     479.26;    3195.68;     465.94;    3166.93;     470.43;       10;    0.82;   stop
    83;    1176.78;    1171.42;    1207.72;    1171.32;    1207.66;    1153.95;    1176.72;    1154.06;       10;    0.82;   stop
   152;    2018.01;    1269.12;    2018.96;    1238.94;    2004.99;    1238.50;    2004.04;    1268.69;       10;    0.82;   stop
    47;    3072.49;    1089.39;    3075.09;    1075.12;    3045.17;    1069.67;    3042.57;    1083.94;       10;    0.82;   stop
    67;    2802.54;    1180.91;    2803.52;    1166.03;    2769.02;    1163.78;    2768.05;    1178.66;       10;    0.82;   stop
  2836;    3511.08;    1196.63;    3515.12;    1181.18;    3481.74;    1172.44;    3477.69;    1187.88;       10;    0.82;   stop
    65;    3566.85;     729.40;    3580.56;     699.66;    3565.65;     692.78;    3551.94;     722.53;       10;    0.82;   stop
  2510;    1881.58;     610.71;    1899.21;     607.87;    1893.92;     575.04;    1876.29;     577.88;       10;    0.82;   stop
   102;    2006.01;    1711.90;    2008.58;    1677.81;    1992.43;    1676.60;    1989.86;    1710.69;       10;    0.82;   move
   231;    1926.96;     837.34;    1947.48;     835.76;    1943.23;     780.41;    1922.71;     781.99;        9;    0.82;   move
    72;    2003.01;     908.06;    2003.57;     876.46;    1988.49;     876.19;    1987.93;     907.79;       10;    0.82;   stop
    17;    2003.89;    1394.70;    2004.70;    1364.20;    1989.86;    1363.80;    1989.05;    1394.30;       10;    0.82;   stop
    38;    3138.34;    1099.96;    3140.85;    1084.83;    3110.10;    1079.73;    3107.59;    1094.86;       10;    0.82;   stop
    45;    1979.94;     834.42;    1996.22;     831.90;    1991.31;     800.20;    1975.03;     802.72;       10;    0.82;   stop
   130;    2846.61;     507.71;    2881.81;     504.46;    2880.39;     489.04;    2845.19;     492.29;       10;    0.82;   stop
   112;    2002.79;     939.23;    2002.79;     914.21;    1988.71;     914.21;    1988.71;     939.23;       10;    0.82;   stop
    33;    2939.29;    1106.63;    2941.33;    1090.36;    2907.89;    1086.19;    2905.86;    1102.45;       10;    0.82;   stop
    34;    3403.01;    1264.78;    3404.26;    1248.35;    3371.37;    1245.85;    3370.12;    1262.28;       10;    0.82;   stop
  2620;    1840.94;     620.40;    1859.26;     619.75;    1858.06;     585.60;    1839.74;     586.25;       10;    0.81;   stop
   481;    1707.12;    1108.34;    1737.30;    1108.25;    1737.26;    1094.41;    1707.08;    1094.50;       10;    0.81;   stop
    73;     755.05;    1164.34;     786.12;    1163.47;     785.70;    1148.66;     754.64;    1149.53;       10;    0.81;   stop
    53;    2768.73;    1072.18;    2769.15;    1057.16;    2738.89;    1056.32;    2738.48;    1071.34;       10;    0.81;   stop
   299;    3174.34;    1144.18;    3176.92;    1128.25;    3142.53;    1122.69;    3139.96;    1138.63;       10;    0.81;   stop
    96;    1943.38;    1834.92;    1948.31;    1800.16;    1931.03;    1797.71;    1926.09;    1832.46;       10;    0.81;   stop
    87;    1462.52;     876.55;    1463.73;     863.09;    1434.35;     860.45;    1433.14;     873.91;       10;    0.81;   stop
  1697;    1857.54;     938.64;    1861.20;     907.60;    1845.96;     905.80;    1842.30;     936.84;       10;    0.81;   stop
     7;    2010.67;    1524.81;    2010.67;    1493.57;    1996.58;    1493.57;    1996.58;    1524.81;       10;    0.81;   stop
   184;    1947.27;    1019.29;    1957.50;     986.57;    1943.17;     982.09;    1932.94;    1014.81;       10;    0.81;   move
    81;    3386.20;    1007.08;    3404.20;     975.32;    3390.05;     967.30;    3372.05;     999.06;       10;    0.81;   stop
   246;    2945.33;    1315.88;    2951.98;    1297.25;    2911.70;    1282.87;    2905.05;    1301.50;       10;    0.81;   stop
   381;    1932.26;     581.99;    1932.97;     547.88;    1915.24;     547.51;    1914.53;     581.62;       10;    0.81;   move
    70;    1080.36;     631.89;    1081.82;     617.39;    1054.33;     614.61;    1052.87;     629.11;       10;    0.81;   stop
     2;    2003.96;    1487.02;    2004.22;    1459.49;    1989.79;    1459.36;    1989.53;    1486.88;       10;    0.81;   stop
   146;    2512.62;    1170.75;    2512.86;    1155.11;    2480.88;    1154.62;    2480.64;    1170.26;       10;    0.81;   stop
   107;    1927.15;    1290.15;    1943.19;    1288.95;    1940.79;    1256.85;    1924.75;    1258.05;       10;    0.81;   stop
    60;    2706.37;    1176.55;    2706.92;    1159.91;    2672.25;    1158.76;    2671.70;    1175.41;       10;    0.81;   stop
   100;     154.56;    1633.91;     156.75;    1617.94;     125.05;    1613.59;     122.86;    1629.56;       10;    0.81;   stop
   144;    1934.80;     112.91;    1951.60;     112.58;    1950.95;      79.47;    1934.15;      79.80;       10;    0.81;   stop
   103;    1986.98;     862.00;    2000.22;     861.42;    1999.08;     835.62;    1985.85;     836.21;       10;    0.81;   stop
  2527;    3377.36;    1171.70;    3377.81;    1155.27;    3340.77;    1154.24;    3340.31;    1170.67;       10;    0.81;   stop
  2735;    2780.88;    1309.18;    2821.62;    1305.69;    2819.98;    1286.52;    2779.23;    1290.02;       10;    0.81;   stop
    89;    1978.18;     715.92;    1992.51;     715.03;    1990.82;     688.08;    1976.49;     688.97;       10;    0.81;   stop
   104;     525.37;    1044.98;     555.67;    1044.77;     555.56;    1029.71;     525.27;    1029.92;       10;    0.81;   stop
    92;    2080.25;    1101.65;    2107.26;    1101.12;    2107.00;    1087.60;    2079.99;    1088.13;       10;    0.81;   stop
   642;    1265.76;    1142.09;    1297.68;    1138.44;    1295.87;    1122.53;    1263.94;    1126.18;       10;    0.81;   move
    79;    1997.78;    1316.50;    1998.60;    1288.29;    1984.35;    1287.87;    1983.53;    1316.09;       10;    0.81;   stop
   243;    3181.95;    1129.46;    3185.75;    1112.90;    3153.68;    1105.54;    3149.88;    1122.10;       10;    0.81;   stop
    58;    2742.63;    1153.38;    2742.99;    1137.76;    2707.05;    1136.93;    2706.70;    1152.56;       10;    0.81;   move
  2744;    3469.01;    1187.77;    3473.51;    1170.03;    3436.62;    1160.67;    3432.12;    1178.40;       10;    0.81;   stop
   151;    2551.78;    1565.20;    2552.58;    1532.39;    2533.97;    1531.93;    2533.17;    1564.74;       10;    0.81;   stop
    28;    3081.08;    1709.08;    3103.91;    1652.85;    3077.92;    1642.30;    3055.09;    1698.52;        9;    0.81;   stop
  2568;    1842.74;     664.54;    1860.70;     663.99;    1859.64;     629.21;    1841.67;     629.76;       10;    0.81;   stop
  2617;    1887.11;     790.24;    1887.23;     758.94;    1872.64;     758.88;    1872.52;     790.19;       10;    0.81;   stop
   296;     941.09;    1163.83;     941.88;    1148.45;     912.07;    1146.92;     911.28;    1162.30;       10;    0.81;   stop
    95;    2872.53;    1188.09;    2873.92;    1172.67;    2841.06;    1169.72;    2839.68;    1185.14;       10;    0.81;   stop
    25;    3079.65;    1222.97;    3082.23;    1207.04;    3047.38;    1201.40;    3044.80;    1217.34;       10;    0.81;   stop
   168;    1845.96;    2107.83;    1860.47;    2079.75;    1846.76;    2072.67;    1832.25;    2100.75;       10;    0.81;   stop
   204;    1842.87;     565.88;    1859.90;     564.44;    1857.26;     533.24;    1840.22;     534.69;       10;    0.81;   stop
   111;    3287.49;     476.71;    3321.91;     472.47;    3320.01;     457.04;    3285.59;     461.28;       10;    0.81;   stop
   132;    3132.94;     487.46;    3162.16;     484.09;    3160.50;     469.73;    3131.28;     473.10;       10;    0.81;   stop
    90;     519.74;    1045.00;     519.91;    1031.00;     489.01;    1030.63;     488.84;    1044.62;       10;    0.81;   stop
   178;    2049.62;    1085.37;    2049.74;    1064.82;    1998.13;    1064.51;    1998.01;    1085.05;        9;    0.81;   move
   180;    2283.94;    1080.56;    2311.70;    1079.71;    2311.31;    1067.06;    2283.55;    1067.91;       10;    0.81;   stop
   127;    2323.64;    1081.43;    2354.04;    1080.80;    2353.74;    1066.20;    2323.33;    1066.83;       10;    0.81;   stop
    93;    3037.44;    1082.62;    3039.80;    1068.71;    3011.31;    1063.88;    3008.95;    1077.79;       10;    0.81;   stop
   129;    2991.57;    1964.16;    3005.24;    1955.59;    2988.75;    1929.28;    2975.07;    1937.85;       10;    0.81;   stop
  2180;    1887.43;     654.94;    1904.89;     653.08;    1901.57;     621.93;    1884.11;     623.79;       10;    0.80;   stop
   135;     752.01;    1162.13;     752.01;    1146.37;     722.62;    1146.37;     722.62;    1162.13;       10;    0.80;   stop
   284;    2688.95;    1067.38;    2689.40;    1051.95;    2656.68;    1051.00;    2656.23;    1066.42;       10;    0.80;   stop
   122;    1787.40;     282.24;    1804.50;     281.22;    1802.47;     247.07;    1785.37;     248.09;       10;    0.80;   stop
    26;    1876.50;     858.67;    1892.92;     858.43;    1892.43;     824.33;    1876.02;     824.57;       10;    0.80;   stop
   148;    2624.20;    1172.29;    2624.87;    1156.70;    2593.17;    1155.33;    2592.50;    1170.93;       10;    0.80;   stop
   150;    2821.59;    1072.45;    2822.06;    1056.65;    2789.58;    1055.68;    2789.11;    1071.48;       10;    0.80;   stop
     9;    2963.69;    1071.44;    2965.61;    1055.16;    2930.84;    1051.06;    2928.92;    1067.34;       10;    0.80;   stop
   156;    1981.59;     753.14;    1996.72;     751.90;    1994.16;     720.61;    1979.03;     721.85;       10;    0.80;   stop
   165;    2647.33;     522.33;    2679.70;     518.79;    2678.04;     503.67;    2645.68;     507.21;       10;    0.80;   stop
  2847;    3423.81;    1066.08;    3436.56;    1038.41;    3422.75;    1032.04;    3410.00;    1059.72;       10;    0.80;   move
     6;    3630.20;    1288.45;    3636.03;    1263.91;    3531.36;    1239.05;    3525.53;    1263.59;        9;    0.80;   move
  3450;    1895.65;    2120.93;    1909.93;    2089.50;    1896.07;    2083.20;    1881.79;    2114.63;       10;    0.80;   move
  2030;    1876.66;     906.11;    1892.59;     905.58;    1891.43;     870.83;    1875.50;     871.36;       10;    0.80;   stop
   371;    2189.10;    1081.78;    2217.36;    1080.29;    2216.59;    1065.84;    2188.33;    1067.34;       10;    0.80;   stop
   109;    2661.73;    1173.32;    2661.88;    1159.11;    2633.27;    1158.80;    2633.12;    1173.01;       10;    0.80;   stop
  2993;    3591.54;    1226.86;    3596.70;    1206.41;    3542.83;    1192.83;    3537.68;    1213.28;        9;    0.80;   stop
  3214;    3686.26;    1226.86;    3691.88;    1206.44;    3635.61;    1190.95;    3629.99;    1211.37;        9;    0.80;   move
    99;    3440.21;    1267.00;    3441.27;    1250.36;    3409.17;    1248.31;    3408.11;    1264.95;       10;    0.80;   stop
   170;    2976.80;      49.06;    3006.65;      44.43;    3004.45;      30.25;    2974.60;      34.88;       10;    0.80;   stop
   126;    2782.25;     512.00;    2814.95;     508.16;    2813.13;     492.63;    2780.43;     496.46;       10;    0.80;   stop
   171;    2683.71;     518.79;    2715.16;     515.70;    2713.66;     500.46;    2682.21;     503.55;       10;    0.80;   stop
  2449;    1845.43;     710.80;    1862.34;     709.96;    1860.51;     672.95;    1843.60;     673.79;       10;    0.80;   stop
   174;    3779.20;     207.39;    3792.56;     176.28;    3778.93;     170.42;    3765.56;     201.54;       10;    0.80;   stop
  1349;     488.69;    1141.51;     521.15;    1141.21;     521.00;    1125.36;     488.54;    1125.66;       10;    0.80;   stop
    30;    1899.73;     904.32;    1915.66;     903.47;    1913.93;     870.93;    1897.99;     871.78;       10;    0.80;   stop
   119;    2653.86;    1085.96;    2654.50;    1070.86;    2623.14;    1069.54;    2622.50;    1084.64;       10;    0.80;   stop
    80;    2113.02;    1101.08;    2146.20;    1100.34;    2145.85;    1084.79;    2112.67;    1085.53;       10;    0.80;   stop
   162;    2552.16;    1169.90;    2552.89;    1154.76;    2521.22;    1153.23;    2520.48;    1168.37;       10;    0.80;   stop
   560;    1997.56;    1806.79;    2003.41;    1769.91;    1987.19;    1767.34;    1981.34;    1804.21;       10;    0.80;   move
   196;    1913.07;    1697.61;    1913.17;    1680.96;    1882.02;    1680.77;    1881.92;    1697.42;       10;    0.80;   stop
   125;    2584.72;     501.59;    2585.22;     472.91;    2570.78;     472.66;    2570.28;     501.34;       10;    0.80;   stop
  2408;     243.47;    1134.91;     243.53;    1120.83;     212.62;    1120.71;     212.57;    1134.79;       10;    0.80;   stop
   228;    1641.52;    1044.05;    1641.56;    1028.27;    1610.85;    1028.20;    1610.81;    1043.98;       10;    0.80;   stop
   147;    2587.65;    1169.58;    2587.88;    1155.12;    2559.97;    1154.67;    2559.74;    1169.13;       10;    0.80;   stop
  2660;    3474.57;     906.03;    3482.69;     873.33;    3467.61;     869.59;    3459.50;     902.29;       10;    0.80;   move
  3092;    3534.03;    1180.01;    3538.69;    1164.70;    3504.72;    1154.37;    3500.06;    1169.67;       10;    0.80;   move
   271;    1829.17;    2145.45;    1844.65;    2115.39;    1830.64;    2108.17;    1815.16;    2138.24;       10;    0.80;   stop
    57;    3819.37;    1359.08;    3823.92;    1340.00;    3789.38;    1331.77;    3784.83;    1350.86;       10;    0.80;   stop
   114;    2462.96;      93.97;    2493.61;      91.34;    2492.29;      75.91;    2461.64;      78.53;       10;    0.80;   stop
   214;    2359.67;     538.22;    2387.89;     535.28;    2386.33;     520.40;    2358.11;     523.35;       10;    0.80;   stop
  2341;    1844.92;     760.29;    1862.52;     759.27;    1860.45;     723.58;    1842.85;     724.60;       10;    0.80;   stop
   226;    2892.26;     506.70;    2922.44;     501.93;    2920.24;     487.98;    2890.06;     492.75;       10;    0.80;   stop
   376;    2168.99;    1165.85;    2169.03;    1148.36;    2133.20;    1148.28;    2133.16;    1165.77;       10;    0.80;   stop
    84;    2815.88;    1054.32;    2816.39;    1038.42;    2780.06;    1037.25;    2779.54;    1053.15;       10;    0.80;   stop
   414;    3004.85;    1096.69;    3007.16;    1079.35;    2964.21;    1073.62;    2961.90;    1090.96;       10;    0.80;   stop
   203;    3325.11;    1394.60;    3329.80;    1380.67;    3301.14;    1371.03;    3296.45;    1384.96;       10;    0.80;   stop
   197;    1905.98;    1971.00;    1912.42;    1941.71;    1897.27;    1938.38;    1890.83;    1967.67;       10;    0.80;   stop
   155;    1946.44;      43.65;    1961.50;      42.33;    1958.90;      12.60;    1943.84;      13.92;       10;    0.80;   stop
   199;    2428.60;     535.26;    2458.37;     532.24;    2456.90;     517.74;    2427.13;     520.76;       10;    0.80;   stop
   200;    3824.69;      99.59;    3836.15;      73.59;    3823.44;      67.99;    3811.98;      93.99;       10;    0.80;   stop
   167;    2174.06;    1328.67;    2204.39;    1324.84;    2202.38;    1308.89;    2172.05;    1312.72;       10;    0.80;   stop
   166;    1909.67;      97.23;    1925.58;      96.97;    1925.08;      65.90;    1909.17;      66.15;       10;    0.79;   move
  3398;    1845.85;     268.46;    1863.16;     267.59;    1861.49;     234.41;    1844.18;     235.28;       10;    0.79;   move
   201;    2742.09;     515.29;    2777.40;     511.26;    2775.68;     496.27;    2740.38;     500.30;       10;    0.79;   stop
   137;    2176.64;    1167.80;    2210.07;    1167.48;    2209.92;    1151.95;    2176.49;    1152.27;       10;    0.79;   stop
   179;    3406.36;     973.49;    3425.40;     944.47;    3412.08;     935.72;    3393.03;     964.75;       10;    0.79;   stop
    86;     792.31;    1622.77;     792.78;    1607.83;     763.94;    1606.92;     763.47;    1621.86;       10;    0.79;   stop
   622;    1962.85;    1630.41;    1962.89;    1578.10;    1940.53;    1578.09;    1940.49;    1630.40;        9;    0.79;   stop
  2112;    2423.80;    2131.89;    2461.20;    2125.75;    2458.32;    2108.24;    2420.93;    2114.37;       10;    0.79;   stop
   213;    1784.34;     204.60;    1799.53;     203.64;    1797.66;     173.96;    1782.47;     174.92;       10;    0.79;   stop
   256;    2288.86;     543.52;    2318.67;     541.49;    2317.64;     526.36;    2287.83;     528.38;       10;    0.79;   stop
   205;    2390.78;     537.35;    2421.29;     535.73;    2420.47;     520.15;    2389.96;     521.77;       10;    0.79;   stop
   233;    3744.32;     292.12;    3756.45;     260.75;    3742.56;     255.38;    3730.43;     286.75;       10;    0.79;   stop
   159;     904.68;    1158.56;     905.12;    1144.90;     875.63;    1143.94;     875.19;    1157.60;       10;    0.79;   stop
   175;    1221.98;    1047.78;    1255.30;    1046.59;    1254.71;    1030.10;    1221.39;    1031.28;       10;    0.79;   stop
   304;     830.00;    1163.95;     862.62;    1162.68;     862.00;    1146.80;     829.38;    1148.07;       10;    0.79;   stop
    39;    1987.20;    1357.22;    2002.72;    1356.91;    2002.05;    1323.66;    1986.53;    1323.97;       10;    0.79;   stop
   142;    2220.12;    1063.75;    2254.43;    1063.22;    2254.19;    1047.88;    2219.88;    1048.40;       10;    0.79;   stop
   275;    2085.15;    1291.62;    2115.80;    1289.03;    2114.67;    1275.63;    2084.01;    1278.22;       10;    0.79;   stop
   192;    3162.58;     982.37;    3201.54;     979.27;    3200.23;     962.94;    3161.28;     966.05;       10;    0.79;   stop
   287;    3084.81;    1184.66;    3086.11;    1168.45;    3051.12;    1165.65;    3049.83;    1181.86;       10;    0.79;   move
   106;    3144.66;    1210.14;    3148.02;    1192.55;    3109.40;    1185.18;    3106.04;    1202.76;       10;    0.79;   move
   217;    2446.43;    1321.65;    2446.69;    1305.71;    2416.57;    1305.22;    2416.31;    1321.17;       10;    0.79;   stop
   211;    2542.03;    1709.26;    2545.29;    1672.81;    2529.09;    1671.36;    2525.84;    1707.82;       10;    0.79;   stop
   131;    2463.16;     533.21;    2491.19;     530.53;    2489.84;     516.41;    2461.81;     519.09;       10;    0.79;   stop
   970;    2106.18;    1083.15;    2144.20;    1081.98;    2143.70;    1065.60;    2105.68;    1066.77;       10;    0.79;   move
  1526;    1894.09;     770.19;    1908.53;     769.41;    1906.91;     739.56;    1892.47;     740.34;       10;    0.79;   stop
   308;    2928.06;     502.86;    2957.91;     498.44;    2955.69;     483.39;    2925.84;     487.81;       10;    0.79;   stop
   380;     769.03;    1139.69;     802.49;    1139.15;     802.25;    1123.81;     768.78;    1124.35;       10;    0.79;   move
   101;    1937.35;    1871.84;    1943.14;    1837.56;    1928.15;    1835.03;    1922.36;    1869.31;       10;    0.79;   stop
  1359;    1897.86;     862.93;    1915.41;     862.04;    1913.64;     826.82;    1896.09;     827.71;       10;    0.79;   stop
  1109;     574.51;    1134.66;     574.55;    1117.31;     534.56;    1117.22;     534.52;    1134.56;       10;    0.79;   stop
   227;    1146.90;    1042.91;    1147.59;    1029.62;    1120.54;    1028.21;    1119.85;    1041.50;       10;    0.79;   stop
   229;     991.23;    1167.77;    1019.10;    1166.71;    1018.59;    1153.10;     990.71;    1154.16;       10;    0.79;   stop
   183;    2263.13;    1142.27;    2263.29;    1124.96;    2225.25;    1124.61;    2225.09;    1141.92;       10;    0.79;   move
   128;    2248.04;    1169.24;    2248.05;    1153.92;    2214.46;    1153.89;    2214.45;    1169.21;       10;    0.79;   stop
   108;    3150.17;    1170.81;    3152.61;    1155.29;    3121.70;    1150.44;    3119.26;    1165.96;       10;    0.79;   stop
  3321;    3759.93;    1243.18;    3763.74;    1226.85;    3728.82;    1218.69;    3725.01;    1235.03;       10;    0.79;   move
   289;    2567.97;    2002.03;    2600.85;    1988.06;    2594.28;    1972.59;    2561.40;    1986.56;       10;    0.79;   stop
   277;    1783.38;     160.69;    1796.89;     159.34;    1794.12;     131.81;    1780.61;     133.16;       10;    0.79;   stop
   124;    1801.34;     250.39;    1817.00;     249.24;    1814.41;     214.23;    1798.75;     215.39;       10;    0.79;   stop
   221;    1060.82;    1043.55;    1088.54;    1043.47;    1088.50;    1029.82;    1060.78;    1029.91;       10;    0.79;   stop
   279;    1810.03;    1119.52;    1837.13;    1110.42;    1832.91;    1097.86;    1805.81;    1106.95;       10;    0.79;   move
   169;     802.81;     617.83;     803.27;     602.53;     774.44;     601.67;     773.98;     616.97;       10;    0.79;   stop
  3086;     168.30;    1134.83;     198.28;    1134.30;     198.03;    1119.86;     168.05;    1120.39;       10;    0.79;   stop
   176;    1331.18;    1046.32;    1363.39;    1043.79;    1362.07;    1027.05;    1329.86;    1029.59;       10;    0.79;   stop
   208;    1275.96;    1173.99;    1323.06;    1173.37;    1322.79;    1152.51;    1275.69;    1153.13;        9;    0.79;   stop
     3;    2730.97;    1089.81;    2731.80;    1072.89;    2695.87;    1071.12;    2695.04;    1088.05;       10;    0.79;   stop
  3114;     642.21;    1156.65;     667.39;    1141.97;     660.91;    1130.85;     635.73;    1145.53;       10;    0.79;   stop
   266;     869.23;    1048.01;     900.72;    1046.71;     900.11;    1032.11;     868.62;    1033.42;       10;    0.79;   stop
   230;    1930.22;     918.14;    1945.21;     917.40;    1943.62;     885.23;    1928.63;     885.98;       10;    0.79;   move
    59;    2482.36;    1058.64;    2513.44;    1058.54;    2513.39;    1043.98;    2482.31;    1044.09;       10;    0.79;   stop
   202;    2836.37;    1183.93;    2837.65;    1169.87;    2809.49;    1167.32;    2808.21;    1181.38;       10;    0.79;   stop
   218;    1914.75;    1658.01;    1915.03;    1642.14;    1884.84;    1641.61;    1884.56;    1657.48;       10;    0.79;   stop
   309;    3642.18;     543.54;    3652.49;     511.99;    3638.44;     507.40;    3628.13;     538.95;       10;    0.78;   stop
   207;    2733.76;     556.64;    2768.93;     554.98;    2768.19;     539.30;    2733.02;     540.96;       10;    0.78;   stop
    54;    1995.02;    1438.85;    2010.58;    1438.58;    2009.98;    1404.03;    1994.42;    1404.29;       10;    0.78;   stop
    40;    2264.87;    1063.40;    2297.25;    1062.06;    2296.63;    1047.10;    2264.25;    1048.44;       10;    0.78;   stop
    27;    2312.77;    1062.52;    2347.87;    1062.22;    2347.73;    1045.73;    2312.63;    1046.03;       10;    0.78;   stop
   476;    1703.61;    1108.23;    1703.65;    1094.60;    1679.82;    1094.52;    1679.78;    1108.15;       10;    0.78;   stop
   186;    1789.38;     130.35;    1806.37;     129.10;    1803.87;      95.21;    1786.88;      96.46;       10;    0.78;   stop
  1886;    1888.61;     697.89;    1905.78;     697.42;    1904.89;     664.49;    1887.72;     664.96;       10;    0.78;   stop
   219;    3030.60;      41.66;    3058.12;      38.14;    3056.40;      24.71;    3028.88;      28.24;       10;    0.78;   stop
   257;    2608.23;     524.33;    2641.36;     520.35;    2639.52;     505.04;    2606.39;     509.03;       10;    0.78;   stop
   249;    1320.66;    1038.66;    1320.67;    1025.74;    1293.84;    1025.72;    1293.83;    1038.64;       10;    0.78;   stop
   346;    2524.98;    1041.42;    2525.19;    1026.74;    2495.52;    1026.33;    2495.31;    1041.01;       10;    0.78;   stop
   265;    1983.56;    1283.04;    1998.66;    1282.19;    1996.88;    1250.46;    1981.78;    1251.31;       10;    0.78;   stop
   241;    3708.88;     944.94;    3745.60;     941.83;    3744.25;     925.84;    3707.52;     928.95;       10;    0.78;   stop
   215;    3759.30;     940.49;    3790.65;     937.84;    3789.45;     923.73;    3758.10;     926.38;       10;    0.78;   stop
   311;    3381.31;    1073.43;    3393.77;    1044.60;    3378.06;    1037.82;    3365.60;    1066.65;       10;    0.78;   stop
   198;    3617.82;    1312.61;    3622.31;    1298.10;    3589.67;    1288.01;    3585.19;    1302.52;       10;    0.78;   stop
   123;    2103.33;     553.88;    2133.14;     549.88;    2131.17;     535.12;    2101.36;     539.12;       10;    0.78;   stop
   238;    1425.96;     873.44;    1426.72;     859.45;    1398.92;     857.94;    1398.16;     871.92;       10;    0.78;   stop
  3236;    2525.09;      93.74;    2541.74;      93.11;    2540.41;      58.14;    2523.76;      58.77;       10;    0.78;   stop
   190;    2906.35;      54.77;    2936.82;      51.53;    2935.21;      36.40;    2904.74;      39.64;       10;    0.78;   stop
  3397;    1354.71;    1112.67;    1388.78;    1111.17;    1388.04;    1094.58;    1353.97;    1096.08;       10;    0.78;   move
   281;    1387.89;    1170.94;    1417.16;    1170.16;    1416.74;    1154.43;    1387.46;    1155.22;       10;    0.78;   stop
   251;    2087.28;    1169.73;    2121.45;    1168.64;    2120.97;    1153.39;    2086.80;    1154.48;       10;    0.78;   stop
   194;    3172.73;    1359.06;    3186.07;    1332.37;    3173.20;    1325.94;    3159.87;    1352.63;       10;    0.78;   stop
   269;    1339.77;    1678.12;    1340.15;    1662.81;    1307.35;    1662.00;    1306.98;    1677.32;       10;    0.78;   stop
   285;    1862.09;    1697.51;    1863.84;    1680.74;    1832.59;    1677.49;    1830.85;    1694.26;       10;    0.78;   stop
   216;    2776.09;    1288.96;    2808.43;    1286.89;    2807.42;    1271.12;    2775.08;    1273.19;       10;    0.78;   stop
  2451;    2619.10;     542.60;    2648.96;     538.09;    2646.65;     522.78;    2616.79;     527.29;       10;    0.78;   move
   292;    3729.74;     327.63;    3738.64;     300.14;    3725.26;     295.81;    3716.36;     323.30;       10;    0.78;   stop
  3165;     161.73;    1133.62;     162.05;    1119.02;     127.96;    1118.26;     127.63;    1132.86;       10;    0.78;   stop
   278;     720.45;    1163.23;     720.77;    1147.45;     686.73;    1146.77;     686.42;    1162.55;       10;    0.78;   stop
   235;    1186.79;    1143.35;    1219.71;    1142.06;    1219.02;    1124.65;    1186.11;    1125.94;       10;    0.78;   move
   136;    2875.58;    1059.18;    2877.34;    1044.58;    2849.17;    1041.19;    2847.41;    1055.80;       10;    0.78;   stop
   244;    1163.64;    1872.19;    1163.98;    1845.17;    1150.11;    1845.00;    1149.77;    1872.02;       10;    0.78;   stop
   255;    1654.02;     567.76;    1681.10;     566.62;    1680.48;     551.62;    1653.40;     552.75;       10;    0.78;   stop
    76;     874.23;    1067.86;     905.64;    1066.74;     905.15;    1052.76;     873.73;    1053.88;       10;    0.78;   move
   259;     773.06;    1044.75;     800.96;    1043.99;     800.61;    1030.87;     772.70;    1031.63;       10;    0.78;   stop
  3080;    1609.14;    1109.84;    1643.71;    1108.80;    1643.24;    1092.91;    1608.66;    1093.95;       10;    0.78;   move
   181;    1920.78;    1322.46;    1937.78;    1322.20;    1937.31;    1292.04;    1920.32;    1292.30;       10;    0.78;   stop
   206;    2351.90;     582.37;    2385.05;     580.18;    2383.98;     564.00;    2350.83;     566.19;       10;    0.78;   stop
   362;     687.18;    1137.27;     719.20;    1136.97;     719.07;    1122.11;     687.05;    1122.40;       10;    0.78;   move
   325;    1261.67;    1044.05;    1288.09;    1043.14;    1287.58;    1028.20;    1261.16;    1029.11;       10;    0.78;   stop
   242;    3366.37;    1040.70;    3380.42;    1014.59;    3367.69;    1007.74;    3353.64;    1033.84;       10;    0.78;   stop
   312;    1479.21;    1643.85;    1479.29;    1630.08;    1449.17;    1629.90;    1449.08;    1643.67;       10;    0.78;   stop
  2575;    2308.90;     561.50;    2344.54;     559.74;    2343.73;     543.25;    2308.09;     545.01;       10;    0.78;   move
   893;     596.45;    1144.72;     625.83;    1143.16;     625.11;    1129.66;     595.74;    1131.21;       10;    0.78;   stop
   556;    2956.98;    1091.97;    2959.59;    1073.02;    2916.45;    1067.09;    2913.85;    1086.05;       10;    0.78;   stop
  1195;    3148.96;    1538.07;    3167.92;    1448.54;    3142.60;    1443.18;    3123.64;    1532.71;        9;    0.78;   stop
   173;    1149.03;    1905.38;    1165.17;    1905.14;    1164.72;    1874.62;    1148.58;    1874.86;       10;    0.78;   stop
   220;    1961.28;     338.03;    1978.09;     337.02;    1976.22;     305.47;    1959.41;     306.48;       10;    0.77;   stop
   378;    2984.55;     499.61;    3014.62;     495.49;    3012.64;     481.02;    2982.57;     485.14;       10;    0.77;   stop
   338;    3627.45;     575.79;    3639.05;     547.43;    3625.05;     541.71;    3613.45;     570.07;       10;    0.77;   stop
  3269;      50.94;    1114.56;      85.05;    1114.44;      84.99;    1098.88;      50.89;    1099.00;       10;    0.77;   stop
   480;    2024.12;    1129.70;    2053.36;    1128.71;    2052.88;    1114.67;    2023.64;    1115.67;       10;    0.77;   move
   315;    3474.67;    1108.55;    3478.94;    1092.68;    3444.07;    1083.32;    3439.81;    1099.20;       10;    0.77;   stop
   185;    1767.09;    1655.15;    1767.47;    1638.44;    1736.56;    1637.73;    1736.18;    1654.44;       10;    0.77;   stop
   332;    1955.18;      79.91;    1968.94;      78.70;    1966.57;      51.72;    1952.81;      52.92;       10;    0.77;   stop
   370;    1901.82;     187.97;    1917.73;     186.57;    1914.93;     154.60;    1899.02;     155.99;       10;    0.77;   move
    14;    2396.03;    1059.07;    2424.50;    1058.48;    2424.22;    1044.68;    2395.75;    1045.27;       10;    0.77;   stop
  2650;    3331.09;    1073.18;    3341.01;    1045.98;    3327.04;    1040.89;    3317.12;    1068.08;       10;    0.77;   stop
   317;    2819.19;      61.46;    2851.49;      58.28;    2849.88;      41.90;    2817.57;      45.08;       10;    0.77;   stop
   258;    1064.38;    1131.90;    1094.19;    1131.00;    1093.75;    1116.23;    1063.94;    1117.12;       10;    0.77;   move
   209;    2679.72;    1047.26;    2680.45;    1032.19;    2647.90;    1030.62;    2647.17;    1045.68;       10;    0.77;   stop
   254;    2230.69;    1081.45;    2263.31;    1080.24;    2262.75;    1065.05;    2230.13;    1066.26;       10;    0.77;   stop
  1590;    2687.02;    1087.00;    2687.68;    1072.10;    2657.48;    1070.75;    2656.82;    1085.65;       10;    0.77;   stop
   420;     470.35;    1612.33;     470.95;    1598.82;     445.12;    1597.67;     444.52;    1611.18;       10;    0.77;   stop
   267;    2340.91;    1168.69;    2369.25;    1168.36;    2369.09;    1154.43;    2340.75;    1154.76;       10;    0.77;   stop
   237;     363.95;    1646.58;     364.58;    1631.21;     334.49;    1629.99;     333.86;    1645.35;       10;    0.77;   stop
   264;     754.46;    2010.66;     770.11;    2010.60;     769.99;    1981.96;     754.34;    1982.03;       10;    0.77;   stop
   344;    2016.03;    1851.03;    2020.75;    1804.94;    2001.53;    1802.97;    1996.81;    1849.06;        9;    0.77;   stop
   134;    1971.03;     890.43;    1985.68;     889.89;    1984.47;     857.26;    1969.82;     857.79;       10;    0.77;   stop
   301;    2457.82;    1321.73;    2485.58;    1320.82;    2485.06;    1305.14;    2457.30;    1306.06;       10;    0.77;   stop
   272;    2644.73;      76.77;    2675.49;      73.41;    2673.89;      58.79;    2643.14;      62.15;       10;    0.77;   stop
   393;    2905.00;    1081.89;    2906.78;    1067.23;    2876.00;    1063.48;    2874.22;    1078.15;       10;    0.77;   stop
   387;    2606.33;    1060.69;    2606.61;    1045.91;    2575.05;    1045.31;    2574.76;    1060.09;       10;    0.77;   stop
  2148;     279.73;    1137.12;     310.94;    1136.04;     310.43;    1121.32;     279.22;    1122.39;       10;    0.77;   stop
   353;    1497.00;    1003.92;    1500.86;     973.55;    1485.38;     971.58;    1481.51;    1001.95;       10;    0.77;   stop
   280;     805.99;    1045.08;     835.28;    1044.75;     835.10;    1029.42;     805.82;    1029.75;       10;    0.77;   stop
   329;    1341.44;    1171.83;    1373.41;    1171.35;    1373.18;    1155.80;    1341.21;    1156.27;       10;    0.77;   stop
   250;    2375.80;    1041.27;    2406.30;    1041.06;    2406.20;    1027.61;    2375.70;    1027.82;       10;    0.77;   stop
   222;    3391.60;     918.90;    3415.99;     894.73;    3404.34;     882.97;    3379.95;     907.14;       10;    0.77;   stop
   348;    1591.56;    1649.07;    1621.75;    1648.43;    1621.44;    1633.68;    1591.25;    1634.32;       10;    0.77;   stop
   302;    2076.55;     120.42;    2112.18;     117.08;    2110.70;     101.21;    2075.07;     104.54;       10;    0.76;   stop
   350;    2391.12;      96.12;    2419.20;      93.50;    2417.88;      79.38;    2389.80;      82.00;       10;    0.76;   stop
   374;    3549.69;     658.73;    3561.96;     631.45;    3549.06;     625.65;    3536.79;     652.93;       10;    0.76;   stop
   508;    1161.50;    1171.33;    1162.00;    1153.89;    1127.87;    1152.92;    1127.38;    1170.36;       10;    0.76;   stop
   300;    1442.82;    1680.66;    1443.30;    1665.99;    1415.81;    1665.09;    1415.32;    1679.76;       10;    0.76;   stop
   247;    1815.94;     569.04;    1833.13;     568.68;    1832.44;     535.71;    1815.24;     536.07;       10;    0.76;   stop
   157;    1812.37;     759.65;    1828.04;     759.02;    1826.78;     727.60;    1811.10;     728.23;       10;    0.76;   stop
  3354;     109.12;    1135.79;     109.31;    1120.25;      74.75;    1119.83;      74.55;    1135.37;       10;    0.76;   move
  3294;    1476.22;    1109.98;    1507.84;    1108.81;    1507.28;    1093.89;    1475.66;    1095.07;       10;    0.76;   move
   282;    2155.06;    1102.35;    2184.60;    1101.66;    2184.25;    1086.90;    2154.71;    1087.59;       10;    0.76;   stop
  1885;     369.57;    1120.51;     399.89;    1119.08;     399.18;    1104.18;     368.86;    1105.61;       10;    0.76;   stop
  1770;     407.29;    1140.43;     438.14;    1139.89;     437.87;    1124.57;     407.02;    1125.11;       10;    0.76;   stop
   442;    1748.93;    1108.66;    1777.08;    1108.14;    1776.82;    1094.09;    1748.67;    1094.61;       10;    0.76;   stop
    31;    2449.40;    1078.36;    2475.98;    1077.38;    2475.47;    1063.64;    2448.90;    1064.62;       10;    0.76;   stop
   288;     648.67;    1656.06;     649.17;    1639.25;     617.90;    1638.32;     617.39;    1655.12;       10;    0.76;   stop
   331;    1262.55;    1638.03;    1262.92;    1623.00;    1231.01;    1622.22;    1230.64;    1637.25;       10;    0.76;   stop
   413;     584.82;    1045.64;     585.28;    1032.69;     561.74;    1031.86;     561.28;    1044.81;       10;    0.76;   stop
   411;    1458.85;    1168.25;    1490.33;    1167.04;    1489.77;    1152.62;    1458.30;    1153.83;       10;    0.76;   stop
   232;     522.04;    1382.45;     522.66;    1367.11;     490.46;    1365.83;     489.84;    1381.17;       10;    0.76;   stop
   373;    1941.53;    1574.66;    1960.72;    1574.39;    1960.16;    1533.72;    1940.97;    1533.98;       10;    0.76;   stop
   313;    2569.26;     467.57;    2583.16;     467.43;    2582.87;     439.18;    2568.96;     439.32;       10;    0.76;   stop
   341;    2209.45;     549.12;    2242.38;     545.59;    2240.68;     529.75;    2207.75;     533.29;       10;    0.76;   stop
   351;    3708.44;     448.56;    3742.82;     444.36;    3740.93;     428.94;    3706.56;     433.14;       10;    0.76;   stop
  2948;    2951.36;     520.02;    2984.86;     516.19;    2983.01;     499.98;    2949.51;     503.81;       10;    0.76;   move
   405;    1701.07;    1168.79;    1732.57;    1168.49;    1732.43;    1153.21;    1700.93;    1153.51;       10;    0.76;   stop
   293;    2341.17;    1041.87;    2371.45;    1041.08;    2371.08;    1027.01;    2340.80;    1027.79;       10;    0.76;   stop
   347;    3352.34;    1068.35;    3366.65;    1041.38;    3353.60;    1034.46;    3339.29;    1061.43;       10;    0.76;   stop
   248;    1048.56;     629.70;    1049.58;     615.29;    1023.12;     613.42;    1022.10;     627.83;       10;    0.76;   stop
   182;    1935.72;      74.08;    1950.64;      73.26;    1949.09;      45.17;    1934.18;      45.99;       10;    0.76;   stop
  1557;     443.33;    1142.47;     477.78;    1142.43;     477.76;    1126.28;     443.31;    1126.32;       10;    0.76;   stop
  3000;    1994.50;     583.37;    2025.67;     580.11;    2024.00;     564.13;    1992.83;     567.39;       10;    0.76;   stop
   364;    3595.77;     657.67;    3608.85;     621.84;    3593.92;     616.39;    3580.84;     652.22;       10;    0.76;   stop
   286;    3269.78;     560.27;    3286.71;     559.98;    3286.15;     528.16;    3269.22;     528.46;       10;    0.75;   stop
   260;    2386.57;    1142.67;    2420.29;    1142.44;    2420.18;    1126.45;    2386.46;    1126.69;       10;    0.75;   move
   298;    2332.22;    1167.63;    2332.32;    1153.46;    2301.28;    1153.24;    2301.18;    1167.42;       10;    0.75;   stop
   372;    1265.58;    1676.02;    1266.64;    1661.82;    1236.98;    1659.61;    1235.92;    1673.81;       10;    0.75;   stop
   323;     592.37;    1045.67;     622.39;    1044.19;     621.69;    1029.96;     591.67;    1031.43;       10;    0.75;   stop
   392;     506.15;    1613.48;     507.13;    1600.34;     481.04;    1598.40;     480.06;    1611.53;       10;    0.75;   stop
   303;     200.29;    1154.52;     230.64;    1154.22;     230.50;    1139.55;     200.15;    1139.84;       10;    0.75;   stop
  3187;    1530.13;    1112.81;    1555.89;    1112.53;    1555.75;    1098.94;    1529.98;    1099.22;       10;    0.75;   move
   455;    1916.53;    1252.00;    1931.63;    1249.26;    1926.47;    1220.75;    1911.37;    1223.49;       10;    0.75;   stop
   360;    2553.04;    1515.46;    2554.76;    1487.04;    2538.34;    1486.04;    2536.61;    1514.46;       10;    0.75;   stop
  3511;    3822.88;    1259.79;    3826.46;    1244.52;    3793.37;    1236.77;    3789.79;    1252.04;       10;    0.75;   stop
   340;    1327.49;    1638.76;    1328.26;    1625.25;    1301.63;    1623.74;    1300.87;    1637.25;       10;    0.75;   stop
   321;    2995.22;    1208.19;    2997.84;    1193.31;    2968.03;    1188.06;    2965.41;    1202.94;       10;    0.75;   stop
    10;    2350.49;    1060.52;    2385.72;    1059.75;    2385.39;    1044.35;    2350.15;    1045.13;       10;    0.75;   stop
   335;     116.15;    1629.80;     117.58;    1613.93;      86.59;    1611.14;      85.16;    1627.01;       10;    0.75;   stop
   395;    2968.61;    1850.06;    3005.31;    1821.89;    2992.39;    1805.06;    2955.69;    1833.24;        9;    0.75;   stop
   391;    2895.36;    1877.57;    2933.31;    1861.78;    2926.05;    1844.31;    2888.09;    1860.09;       10;    0.75;   stop
   352;     196.90;    1153.71;     196.91;    1139.43;     168.73;    1139.41;     168.72;    1153.69;       10;    0.75;   stop
   354;    2171.13;    1059.60;    2204.32;    1058.06;    2203.62;    1043.03;    2170.43;    1044.57;       10;    0.75;   stop
   274;     687.85;    1620.14;     688.59;    1607.32;     662.15;    1605.79;     661.41;    1618.62;       10;    0.75;   stop
   389;    2034.10;    1605.95;    2035.05;    1570.35;    2019.47;    1569.93;    2018.51;    1605.53;       10;    0.75;   stop
   270;    1726.60;    1653.09;    1727.21;    1636.44;    1695.80;    1635.28;    1695.19;    1651.94;       10;    0.75;   stop
   377;    2505.01;    1834.40;    2507.79;    1801.84;    2491.87;    1800.48;    2489.09;    1833.04;       10;    0.75;   stop
   365;     394.83;     545.42;     398.70;     528.69;     367.35;     521.45;     363.49;     538.18;       10;    0.75;   stop
   333;     530.70;    1160.11;     560.34;    1158.61;     559.61;    1144.26;     529.97;    1145.76;       10;    0.75;   stop
   320;    2263.11;    1167.96;    2290.80;    1167.42;    2290.52;    1152.92;    2262.82;    1153.46;       10;    0.75;   stop
  3352;    3757.56;    1269.67;    3761.63;    1252.15;    3725.57;    1243.76;    3721.49;    1261.28;       10;    0.75;   move
   402;    1301.16;    1677.93;    1302.22;    1663.19;    1272.84;    1661.07;    1271.78;    1675.81;       10;    0.75;   stop
   657;    1696.16;    1168.14;    1697.09;    1153.84;    1679.98;    1152.74;    1679.06;    1167.03;       10;    0.74;   stop
     8;    2483.89;    1080.45;    2517.71;    1079.94;    2517.48;    1064.93;    2483.67;    1065.43;       10;    0.74;   stop
   436;    1262.99;    1637.58;    1291.94;    1637.46;    1291.88;    1622.67;    1262.93;    1622.79;       10;    0.74;   stop
   368;    2590.45;      81.71;    2618.06;      79.37;    2616.80;      64.54;    2589.19;      66.88;       10;    0.74;   stop
    94;    2609.15;    1082.68;    2609.62;    1067.13;    2574.47;    1066.07;    2574.01;    1081.62;       10;    0.74;   stop
   339;    3033.21;    1215.13;    3035.49;    1200.24;    3002.42;    1195.18;    3000.14;    1210.07;       10;    0.74;   stop
  2719;    3138.72;      33.32;    3172.45;      29.73;    3170.66;      12.85;    3136.92;      16.44;       10;    0.74;   stop
  1976;     365.09;    1139.95;     365.39;    1122.89;     328.19;    1122.23;     327.89;    1139.30;       10;    0.74;   stop
   149;    2560.96;    1060.53;    2561.06;    1044.56;    2527.04;    1044.35;    2526.94;    1060.32;       10;    0.74;   stop
   363;    2376.06;    1169.35;    2408.35;    1169.00;    2408.19;    1153.78;    2375.90;    1154.12;       10;    0.74;   stop
   223;     659.16;    1619.69;     659.45;    1603.99;     628.96;    1603.43;     628.67;    1619.13;       10;    0.74;   stop
   457;    2548.71;      79.58;    2564.28;      77.51;    2560.67;      50.36;    2545.09;      52.43;       10;    0.74;   stop
   383;    2496.16;     531.50;    2529.87;     529.27;    2528.84;     513.63;    2495.13;     515.85;       10;    0.74;   stop
   141;    2086.97;    1141.68;    2116.73;    1139.44;    2115.66;    1125.19;    2085.89;    1127.43;       10;    0.74;   move
   358;    1901.14;     329.50;    1919.23;     328.81;    1917.86;     292.63;    1899.77;     293.31;       10;    0.74;   move
  2490;     264.58;    1118.65;     264.98;    1104.09;     233.70;    1103.22;     233.30;    1117.79;       10;    0.74;   stop
  1645;     457.33;    1118.69;     488.73;    1118.42;     488.61;    1104.13;     457.21;    1104.39;       10;    0.74;   stop
   416;    1007.26;     627.65;    1008.49;     613.40;     980.33;     610.97;     979.10;     625.23;       10;    0.74;   stop
   262;    3483.01;    1278.11;    3486.46;    1262.11;    3453.55;    1255.02;    3450.10;    1271.01;       10;    0.74;   stop
   407;    2130.89;    1296.32;    2178.41;    1294.09;    2177.48;    1274.31;    2129.97;    1276.53;        9;    0.74;   stop
   294;    1797.19;     481.42;    1813.63;     480.01;    1810.69;     445.58;    1794.24;     446.99;       10;    0.74;   stop
   524;    1425.82;    1169.35;    1456.02;    1167.93;    1455.31;    1152.65;    1425.10;    1154.07;       10;    0.74;   stop
   239;    1982.06;    1149.92;    2010.95;    1148.41;    2010.19;    1133.83;    1981.30;    1135.34;       10;    0.74;   move
  3434;    3663.80;    1246.35;    3667.64;    1228.97;    3628.08;    1220.22;    3624.23;    1237.59;       10;    0.74;   move
   454;    1983.78;     792.18;    1998.15;     791.30;    1996.47;     763.70;    1982.10;     764.58;       10;    0.73;   stop
   438;    2346.90;      99.98;    2379.01;      97.35;    2377.73;      81.71;    2345.62;      84.33;       10;    0.73;   stop
   153;     437.01;    1611.11;     437.67;    1598.34;     411.89;    1597.02;     411.24;    1609.78;       10;    0.73;   stop
   423;    3718.59;     247.22;    3732.36;     214.62;    3717.66;     208.41;    3703.89;     241.01;       10;    0.73;   stop
   386;    3667.93;     903.92;    3700.92;     903.69;    3700.82;     888.58;    3667.83;     888.81;       10;    0.73;   stop
   447;    3760.21;     253.65;    3771.64;     226.18;    3758.54;     220.73;    3747.11;     248.20;       10;    0.73;   stop
   361;     352.12;    1045.30;     382.18;    1044.80;     381.94;    1030.33;     351.88;    1030.82;       10;    0.73;   stop
   356;     432.20;    1047.18;     457.17;    1045.97;     456.55;    1033.13;     431.58;    1034.34;       10;    0.73;   stop
  1515;    1673.70;    1041.15;    1673.74;    1027.81;    1648.43;    1027.73;    1648.39;    1041.07;       10;    0.73;   stop
   403;     749.68;    2012.83;     751.22;    1981.65;     736.20;    1980.92;     734.66;    2012.10;       10;    0.73;   stop
   349;    1932.51;    1427.82;    1950.24;    1425.41;    1944.24;    1381.31;    1926.51;    1383.72;        9;    0.73;   stop
  3531;    3554.77;     707.12;    3566.70;     675.46;    3552.42;     670.07;    3540.48;     701.73;       10;    0.72;   move
   384;    1908.27;    1220.86;    1921.38;    1217.43;    1914.48;    1191.14;    1901.37;    1194.57;       10;    0.72;   stop
   322;     515.44;    1403.35;     517.02;    1390.16;     487.68;    1386.65;     486.11;    1399.84;       10;    0.72;   stop
    32;    1107.37;    1668.31;    1107.89;    1653.41;    1077.01;    1652.32;    1076.48;    1667.22;       10;    0.72;   stop
  2986;     101.14;    1115.08;     128.78;    1114.14;     128.31;    1100.23;     100.67;    1101.17;       10;    0.72;   stop
  2619;     141.68;    1115.70;     170.65;    1115.40;     170.51;    1101.49;     141.54;    1101.79;       10;    0.72;   stop
   475;    3805.59;     154.90;    3824.10;     112.09;    3805.03;     103.85;    3786.53;     146.66;        9;    0.72;   stop
   596;     311.30;    1046.12;     340.97;    1043.44;     339.79;    1030.44;     310.12;    1033.13;       10;    0.72;   stop
   429;    3259.75;      60.58;    3285.92;      58.57;    3284.94;      45.83;    3258.77;      47.84;       10;    0.72;   stop
  2561;     187.56;    1117.07;     218.13;    1116.13;     217.67;    1101.05;     187.10;    1101.99;       10;    0.72;   stop
   631;    2367.46;    1084.30;    2402.89;    1082.81;    2402.16;    1065.57;    2366.74;    1067.07;       10;    0.72;   stop
  1833;     376.45;    1140.48;     405.49;    1139.44;     404.96;    1124.52;     375.91;    1125.56;       10;    0.72;   stop
   425;    1231.87;    1674.82;    1233.32;    1660.19;    1205.44;    1657.43;    1203.99;    1672.06;       10;    0.72;   stop
   385;    3563.46;     910.50;    3595.39;     908.11;    3594.35;     894.18;    3562.42;     896.57;       10;    0.72;   stop
   444;    3342.60;    1369.97;    3343.46;    1356.09;    3316.46;    1354.41;    3315.60;    1368.29;       10;    0.72;   stop
   210;    3005.54;    1079.27;    3007.89;    1063.52;    2972.43;    1058.23;    2970.08;    1073.98;       10;    0.72;   stop
   330;     851.36;    1663.09;     852.42;    1649.43;     823.95;    1647.22;     822.89;    1660.88;       10;    0.71;   stop
   290;    1938.57;     260.48;    1955.66;     260.20;    1955.24;     234.52;    1938.16;     234.80;       10;    0.71;   stop
   369;    2069.05;     555.75;    2098.97;     553.69;    2097.95;     538.87;    2068.03;     540.93;       10;    0.71;   stop
   474;    1676.67;    1043.32;    1707.74;    1042.51;    1707.33;    1026.68;    1676.26;    1027.49;       10;    0.71;   stop
   375;    1213.20;    1499.31;    1217.24;    1469.43;    1201.61;    1467.32;    1197.58;    1497.19;       10;    0.71;   stop
   432;    2471.21;    1169.62;    2471.42;    1155.07;    2441.29;    1154.63;    2441.08;    1169.18;       10;    0.71;   stop
   410;     761.98;    1659.34;     762.13;    1643.78;     731.46;    1643.48;     731.30;    1659.03;       10;    0.71;   stop
  1581;     565.48;    1161.41;     593.27;    1157.93;     591.40;    1142.96;     563.61;    1146.44;       10;    0.71;   stop
  2737;    3251.69;    1135.75;    3253.89;    1119.73;    3220.81;    1115.19;    3218.61;    1131.21;       10;    0.70;   stop
   367;    2722.86;      69.89;    2750.61;      67.40;    2749.33;      53.16;    2721.58;      55.64;       10;    0.70;   stop
   421;    1163.82;    1835.97;    1164.53;    1810.37;    1149.93;    1809.97;    1149.22;    1835.56;       10;    0.70;   stop
   449;    1372.49;    1679.01;    1373.10;    1665.66;    1347.76;    1664.49;    1347.15;    1677.84;       10;    0.70;   stop
   468;    2504.58;    1876.78;    2507.06;    1836.85;    2488.92;    1835.72;    2486.44;    1875.65;       10;    0.70;   stop
   539;    2854.68;      59.50;    2882.99;      56.46;    2881.41;      41.75;    2853.10;      44.79;       10;    0.70;   stop
  1812;    1881.33;     944.49;    1896.29;     943.43;    1894.17;     913.45;    1879.21;     914.51;       10;    0.70;   stop
   765;    2412.34;    1083.78;    2442.46;    1079.89;    2440.54;    1064.97;    2410.41;    1068.86;       10;    0.70;   stop
  1155;    2564.10;    1081.65;    2564.79;    1066.34;    2531.78;    1064.85;    2531.08;    1080.16;       10;    0.70;   stop
   164;    1903.18;     946.34;    1919.98;     945.00;    1917.32;     911.60;    1900.52;     912.94;       10;    0.69;   stop
   547;    3474.66;     463.96;    3504.00;     460.17;    3502.22;     446.36;    3472.87;     450.15;       10;    0.69;   stop
   497;    3273.01;    1377.57;    3285.81;    1352.00;    3273.55;    1345.87;    3260.75;    1371.44;       10;    0.69;   stop
   465;    2702.04;    1382.15;    2718.60;    1381.18;    2716.71;    1348.79;    2700.15;    1349.76;       10;    0.69;   stop
   431;    2594.14;     931.17;    2611.33;     929.94;    2608.61;     891.89;    2591.42;     893.12;       10;    0.69;   stop
   459;    1926.57;    1379.90;    1943.67;    1377.66;    1938.93;    1341.48;    1921.83;    1343.72;       10;    0.69;   stop
   224;    1769.77;    1675.50;    1770.83;    1656.76;    1731.14;    1654.50;    1730.07;    1673.24;       10;    0.69;   move
   488;    3678.14;     491.42;    3713.99;     489.33;    3713.11;     474.21;    3677.26;     476.29;       10;    0.69;   stop
   434;     676.14;    1040.46;     704.43;    1036.92;     702.92;    1024.85;     674.63;    1028.39;       10;    0.69;   stop
   435;    2601.37;     975.85;    2617.64;     974.17;    2613.76;     936.65;    2597.49;     938.33;       10;    0.69;   stop
   460;    3565.41;    2117.66;    3598.07;    2103.59;    3590.53;    2086.09;    3557.87;    2100.16;       10;    0.69;   stop
   437;    3613.23;     611.51;    3626.47;     582.42;    3613.02;     576.30;    3599.78;     605.39;       10;    0.69;   stop
   511;    2773.05;    2068.66;    2789.37;    2061.31;    2775.31;    2030.09;    2758.98;    2037.44;       10;    0.69;   stop
   342;    2544.51;      48.36;    2559.77;      48.06;    2559.24;      20.82;    2543.98;      21.12;       10;    0.69;   stop
  2075;     406.73;    1119.66;     440.39;    1118.43;     439.84;    1103.15;     406.17;    1104.38;       10;    0.69;   stop
   324;     291.62;    1157.34;     323.42;    1155.25;     322.45;    1140.47;     290.64;    1142.57;       10;    0.69;   stop
  1869;    3838.77;      64.53;    3847.12;      40.49;    3835.61;      36.49;    3827.25;      60.52;       10;    0.68;   stop
   191;    2762.87;    1181.17;    2763.41;    1162.19;    2724.51;    1161.08;    2723.97;    1180.06;        9;    0.68;   stop
   307;     892.41;     622.51;     894.28;     607.56;     863.72;     603.74;     861.85;     618.69;       10;    0.68;   stop
   531;    3023.54;     496.88;    3057.90;     494.31;    3056.71;     478.50;    3022.35;     481.07;       10;    0.68;   stop
   355;    3198.56;     481.41;    3230.64;     477.49;    3228.94;     463.59;    3196.86;     467.51;       10;    0.68;   stop
   486;    3293.22;     999.99;    3309.93;     994.63;    3298.34;     958.45;    3281.63;     963.80;       10;    0.68;   stop
   471;    1605.72;    1685.35;    1606.42;    1670.82;    1576.91;    1669.40;    1576.20;    1683.93;       10;    0.68;   stop
   412;    2443.09;    1059.07;    2467.69;    1058.10;    2467.16;    1044.68;    2442.56;    1045.65;       10;    0.68;   stop
   578;    2295.81;     104.69;    2328.95;     101.88;    2327.56;      85.44;    2294.42;      88.24;       10;    0.68;   stop
   458;    2564.03;     435.45;    2580.43;     434.74;    2579.10;     403.80;    2562.70;     404.51;       10;    0.68;   stop
   543;    2000.67;    1004.37;    2014.77;    1000.42;    2006.58;     971.13;    1992.48;     975.08;       10;    0.68;   stop
  2898;    1744.04;    1172.17;    1779.85;    1171.20;    1779.46;    1156.58;    1743.65;    1157.55;       10;    0.68;   stop
   537;    2681.12;    1384.64;    2696.00;    1359.13;    2683.63;    1351.92;    2668.75;    1377.43;       10;    0.68;   stop
   473;    2545.96;    1658.54;    2548.08;    1627.57;    2531.91;    1626.46;    2529.79;    1657.43;       10;    0.68;   stop
   536;     888.23;    1170.42;     888.75;    1159.30;     867.70;    1158.33;     867.19;    1169.45;       10;    0.68;   stop
   390;    1447.46;    1042.52;    1474.49;    1041.86;    1474.16;    1028.61;    1447.14;    1029.27;       10;    0.68;   stop
  1724;    1954.93;     901.29;    1968.87;     900.58;    1967.57;     875.09;    1953.63;     875.80;       10;    0.68;   move
   520;    1713.13;    1691.06;    1714.14;    1675.75;    1684.87;    1673.81;    1683.86;    1689.13;       10;    0.68;   stop
   541;    3554.27;    1293.99;    3558.59;    1277.89;    3529.48;    1270.07;    3525.16;    1286.17;       10;    0.68;   stop
  1282;    2822.91;    1095.08;    2824.03;    1078.76;    2786.15;    1076.17;    2785.03;    1092.49;       10;    0.67;   stop
   529;    2256.37;    1368.55;    2256.96;    1330.03;    2239.32;    1329.76;    2238.73;    1368.28;       10;    0.67;   stop
   489;    1775.39;    1655.28;    1803.41;    1654.93;    1803.23;    1640.97;    1775.22;    1641.32;       10;    0.67;   stop
   516;    3562.45;     799.73;    3572.01;     777.81;    3559.74;     772.45;    3550.18;     794.38;       10;    0.67;   stop
   427;     968.54;     625.50;     970.32;     611.10;     941.15;     607.50;     939.37;     621.90;       10;    0.67;   stop
   463;    3752.41;     170.81;    3762.23;     142.53;    3749.47;     138.09;    3739.64;     166.38;       10;    0.67;   stop
   397;     947.43;    1167.93;     980.88;    1167.81;     980.82;    1151.82;     947.37;    1151.94;       10;    0.67;   stop
  2914;    2781.79;    1950.16;    2823.87;    1936.31;    2818.08;    1918.72;    2776.00;    1932.56;       10;    0.67;   stop
   450;     268.29;      44.41;     301.29;      41.16;     299.84;      26.37;     266.83;      29.62;       10;    0.67;   stop
   464;    1223.01;    1635.64;    1223.11;    1622.56;    1196.30;    1622.36;    1196.20;    1635.44;       10;    0.67;   stop
   399;    2771.75;      65.05;    2809.17;      62.58;    2808.02;      45.10;    2770.60;      47.57;       10;    0.66;   stop
   404;    3555.51;     761.57;    3566.15;     732.05;    3552.62;     727.18;    3541.98;     756.70;       10;    0.66;   stop
  1861;    2646.13;    1063.16;    2646.66;    1048.33;    2639.81;    1048.09;    2639.29;    1062.92;       10;    0.66;   stop
   448;    3272.98;     594.38;    3289.01;     594.16;    3288.58;     563.43;    3272.56;     563.65;       10;    0.66;   stop
   490;    1500.77;     969.07;    1502.70;     938.79;    1487.23;     937.81;    1485.30;     968.08;       10;    0.66;   stop
   523;    2508.95;    1735.76;    2511.60;    1704.62;    2496.93;    1703.37;    2494.27;    1734.51;       10;    0.66;   stop
  2251;    2388.96;    1290.90;    2421.60;    1290.02;    2421.17;    1274.10;    2388.52;    1274.98;       10;    0.66;   stop
   482;    2176.50;     551.82;    2207.48;     547.91;    2205.56;     532.68;    2174.58;     536.59;       10;    0.66;   stop
   225;    1795.79;     305.22;    1810.32;     284.07;    1798.35;     275.84;    1783.82;     297.00;       10;    0.66;   stop
   467;     831.76;    1455.73;     832.70;    1441.70;     803.24;    1439.73;     802.30;    1453.77;       10;    0.66;   stop
  3562;    2639.51;     539.61;    2649.40;     539.12;    2648.63;     523.51;    2638.74;     524.00;       10;    0.65;   stop
   401;     614.51;    1655.56;     615.17;    1640.05;     586.43;    1638.81;     585.76;    1654.33;       10;    0.65;   stop
   366;    1808.05;     686.28;    1824.70;     684.91;    1822.33;     655.85;    1805.67;     657.21;       10;    0.65;   stop
   507;     681.51;    1218.63;     682.00;    1191.95;     667.56;    1191.68;     667.07;    1218.37;       10;    0.65;   stop
   452;    3325.06;     955.71;    3359.38;     942.29;    3353.69;     927.73;    3319.37;     941.15;       10;    0.65;   stop
   456;    3489.99;    1037.96;    3506.41;    1032.29;    3495.32;    1000.17;    3478.90;    1005.84;       10;    0.65;   stop
  2875;    2546.24;     550.71;    2582.93;     546.99;    2581.14;     529.29;    2544.44;     533.01;       10;    0.65;   move
  2514;     274.49;    1174.84;     280.78;    1145.15;     264.57;    1141.72;     258.28;    1171.41;       10;    0.65;   stop
   472;    3626.06;     907.21;    3661.20;     904.99;    3660.19;     889.04;    3625.05;     891.26;       10;    0.65;   stop
   502;     309.93;      38.64;     339.18;      35.99;     337.88;      21.60;     308.63;      24.25;       10;    0.65;   stop
   528;    2635.36;    1043.33;    2639.40;    1030.05;    2613.52;    1022.17;    2609.48;    1035.45;       10;    0.65;   stop
   648;    3499.49;    1134.65;    3522.89;    1109.44;    3512.07;    1099.41;    3488.68;    1124.62;       10;    0.65;   stop
   422;     657.31;    1657.06;     687.08;    1657.03;     687.06;    1641.07;     657.30;    1641.09;       10;    0.65;   stop
  2607;    1933.32;    1428.66;    1953.29;    1425.76;    1946.72;    1380.46;    1926.75;    1383.36;       10;    0.65;   stop
   503;       3.19;    1149.70;      32.92;    1148.90;      32.52;    1134.05;       2.79;    1134.85;       10;    0.65;   stop
   540;    3285.99;    1080.07;    3304.25;    1050.23;    3291.51;    1042.43;    3273.25;    1072.27;       10;    0.64;   stop
  2956;    1940.30;     722.12;    1963.96;     720.51;    1954.45;     580.63;    1930.79;     582.24;        9;    0.64;   move
  2316;     279.55;    1117.32;     304.74;    1116.87;     304.51;    1103.62;     279.32;    1104.06;       10;    0.64;   stop
   334;    3105.09;    1092.82;    3107.21;    1079.36;    3083.34;    1075.61;    3081.23;    1089.08;       10;    0.64;   stop
   483;    1414.76;    1641.80;    1439.78;    1641.03;    1439.36;    1627.45;    1414.34;    1628.22;       10;    0.64;   stop
   491;    1390.22;     858.71;    1391.92;     844.55;    1363.78;     841.17;    1362.08;     855.33;       10;    0.64;   stop
   461;     633.42;    1195.02;     661.37;    1194.82;     661.27;    1180.61;     633.32;    1180.80;       10;    0.64;   stop
   477;     724.10;    1656.86;     724.22;    1641.47;     697.15;    1641.26;     697.03;    1656.66;       10;    0.64;   stop
   517;     730.96;    2013.31;     733.26;    1984.82;     720.84;    1983.82;     718.54;    2012.31;       10;    0.63;   stop
   484;     139.35;    1153.72;     139.47;    1137.80;     104.40;    1137.53;     104.28;    1153.45;       10;    0.63;   stop
   515;    3669.24;     945.77;    3704.19;     943.74;    3703.26;     927.83;    3668.31;     929.86;       10;    0.63;   stop
   590;    1497.75;    1169.75;    1526.67;    1168.96;    1526.25;    1153.38;    1497.33;    1154.16;       10;    0.63;   stop
   627;    3383.86;    1325.74;    3426.06;    1317.75;    3422.39;    1298.32;    3380.19;    1306.31;        9;    0.63;   stop
   441;     376.68;    1609.50;     404.62;    1608.78;     404.26;    1594.87;     376.32;    1595.60;       10;    0.62;   stop
   498;    2304.76;     584.78;    2337.98;     582.13;    2336.61;     564.97;    2303.39;     567.62;       10;    0.62;   stop
   576;    1837.71;     893.20;    1837.91;     859.65;    1821.26;     859.55;    1821.05;     893.10;       10;    0.62;   stop
  3414;    2623.56;    1324.78;    2624.16;    1312.29;    2599.44;    1311.09;    2598.84;    1323.59;       10;    0.62;   stop
   504;     361.09;     537.37;     364.11;     521.96;     330.78;     515.44;     327.77;     530.85;       10;    0.62;   stop
   478;    2050.71;     119.83;    2075.38;     117.79;    2074.29;     104.61;    2049.62;     106.65;       10;    0.62;   stop
  1936;    3508.70;     459.56;    3537.59;     455.28;    3535.67;     442.31;    3506.78;     446.59;       10;    0.62;   stop
   453;     141.91;    1044.71;     166.46;    1044.39;     166.29;    1031.85;     141.75;    1032.17;       10;    0.61;   stop
  3565;    2130.96;    1061.94;    2131.18;    1043.45;    2086.29;    1042.93;    2086.07;    1061.42;        9;    0.61;   stop
  2541;     482.53;      16.81;     515.71;      15.07;     514.97;       1.01;     481.79;       2.74;       10;    0.61;   stop
   446;     409.97;     492.59;     414.59;     462.59;     397.21;     459.91;     392.60;     489.91;       10;    0.61;   stop
   510;    2017.22;    2154.10;    2018.95;    2122.96;    2002.03;    2122.03;    2000.30;    2153.16;       10;    0.61;   stop
   466;    1969.89;    2008.99;    1980.39;    1978.77;    1965.27;    1973.51;    1954.76;    2003.73;       10;    0.60;   stop
  2210;    1067.62;    1667.57;    1068.15;    1654.95;    1045.51;    1654.00;    1044.98;    1666.61;       10;    0.60;   stop
   495;     820.76;    1661.91;     821.66;    1646.17;     791.65;    1644.46;     790.75;    1660.21;       10;    0.60;   stop
  3194;    2596.11;    1326.00;    2597.00;    1310.87;    2570.64;    1309.31;    2569.75;    1324.44;       10;    0.60;   stop
  2090;    3468.79;    1202.89;    3472.13;    1187.47;    3438.71;    1180.23;    3435.37;    1195.65;       10;    0.60;   stop
  2526;     409.19;      26.07;     432.28;       9.50;     424.25;      -1.69;     401.16;      14.88;       10;    0.59;   stop
   513;    1090.35;    1037.47;    1115.38;    1037.10;    1115.21;    1025.78;    1090.18;    1026.15;       10;    0.59;   stop
   575;    1387.08;     870.82;    1388.04;     858.18;    1360.17;     856.06;    1359.21;     868.70;       10;    0.59;   stop
   571;    3436.07;     979.82;    3449.26;     939.37;    3430.18;     933.15;    3416.99;     973.60;        9;    0.58;   stop
   120;    3161.48;    1236.83;    3164.06;    1220.14;    3129.14;    1214.74;    3126.56;    1231.43;       10;    0.58;   stop
   554;    3130.28;    1682.06;    3137.23;    1643.07;    3117.22;    1639.50;    3110.27;    1678.49;       10;    0.58;   stop
   572;    3748.45;     445.95;    3777.50;     442.92;    3775.92;     427.80;    3746.87;     430.83;       10;    0.58;   stop
  3507;    3828.58;    1286.11;    3832.65;    1267.32;    3795.17;    1259.21;    3791.10;    1277.99;       10;    0.58;   move
   892;     639.36;    1129.85;     642.50;    1113.45;     618.77;    1108.90;     615.62;    1125.30;       10;    0.57;   move
   506;    3411.37;    1009.64;    3424.96;     984.49;    3412.69;     977.86;    3399.10;    1003.01;       10;    0.57;   stop
  2700;    2025.97;    1792.43;    2028.59;    1767.40;    2014.66;    1765.94;    2012.04;    1790.98;       10;    0.57;   stop
   538;    3325.47;     937.63;    3337.83;     927.29;    3317.65;     903.15;    3305.29;     913.49;       10;    0.57;   stop
  2447;    3297.52;    1347.70;    3311.24;    1310.60;    3292.17;    1303.55;    3278.45;    1340.65;        9;    0.56;   stop
   549;    3700.95;     301.28;    3718.00;     261.76;    3701.55;     254.66;    3684.50;     294.18;        9;    0.56;   stop
   514;    3584.11;     950.32;    3618.14;     949.55;    3617.77;     933.12;    3583.73;     933.89;       10;    0.56;   stop
  3279;    1777.51;      81.21;    1794.30;      79.25;    1790.20;      44.22;    1773.40;      46.19;       10;    0.55;   stop
  3557;    3119.87;    1203.87;    3121.45;    1188.00;    3108.88;    1186.76;    3107.30;    1202.62;       10;    0.55;   stop
   409;     230.10;    1040.57;     230.44;    1027.35;     202.33;    1026.62;     201.98;    1039.84;       10;    0.55;   stop
   646;    3737.24;     203.95;    3746.00;     181.02;    3734.63;     176.67;    3725.87;     199.61;       10;    0.55;   stop
   430;     197.49;    1040.47;     198.16;    1027.18;     170.01;    1025.78;     169.34;    1039.07;       10;    0.54;   stop
   917;     269.57;    1874.67;     269.94;    1849.28;     256.36;    1849.08;     255.99;    1874.47;       10;    0.54;   stop
   544;    2590.53;     846.63;    2606.38;     846.20;    2605.47;     812.74;    2589.62;     813.18;       10;    0.54;   stop
  2475;    3239.32;    1153.19;    3241.12;    1138.19;    3208.81;    1134.31;    3207.00;    1149.30;       10;    0.54;   stop
   610;    2561.26;     363.74;    2576.46;     363.01;    2575.12;     334.88;    2559.91;     335.61;       10;    0.54;   stop
   522;    3119.33;    1096.38;    3121.40;    1082.25;    3109.42;    1080.49;    3107.35;    1094.62;       10;    0.54;   stop
   535;    2095.82;    1530.18;    2127.81;    1529.80;    2127.62;    1513.51;    2095.63;    1513.89;       10;    0.54;   stop
  2127;     494.04;    1120.57;     522.70;    1119.55;     522.21;    1105.99;     493.55;    1107.01;       10;    0.53;   stop
   479;     555.17;    1616.58;     555.48;    1603.48;     526.71;    1602.80;     526.39;    1615.89;       10;    0.53;   stop
   500;    2313.68;    1328.95;    2314.57;    1310.59;    2273.69;    1308.61;    2272.81;    1326.98;        9;    0.53;   stop
   532;    3512.99;     882.44;    3523.32;     848.01;    3505.14;     842.56;    3494.81;     876.99;       10;    0.53;   stop
   496;    2128.15;    1062.17;    2128.59;    1043.72;    2086.10;    1042.71;    2085.66;    1061.16;       10;    0.53;   move
   568;    3714.19;     371.13;    3721.53;     346.63;    3707.06;     342.30;    3699.72;     366.81;       10;    0.53;   stop
   494;    2019.24;    1518.65;    2032.79;    1518.57;    2032.64;    1492.97;    2019.08;    1493.06;       10;    0.53;   stop
   552;     700.15;    2012.71;     716.17;    2012.35;     715.48;    1981.98;     699.46;    1982.34;       10;    0.53;   stop
   527;    2581.86;     696.25;    2595.56;     695.97;    2595.01;     669.50;    2581.31;     669.78;       10;    0.52;   stop
   545;     205.51;    1598.48;     206.30;    1586.80;     183.56;    1585.27;     182.77;    1596.94;       10;    0.51;   stop
   525;     551.47;    1653.44;     578.30;    1653.28;     578.22;    1638.12;     551.38;    1638.28;       10;    0.51;   stop
  2010;     356.38;    1120.75;     356.58;    1105.29;     324.71;    1104.87;     324.51;    1120.34;       10;    0.51;   stop
   579;    3215.45;    1346.02;    3234.68;    1297.52;    3213.93;    1289.29;    3194.70;    1337.79;        9;    0.50;   stop
  3271;    2388.60;    1323.08;    2389.07;    1306.96;    2357.40;    1306.04;    2356.93;    1322.16;       10;    0.50;   stop
   616;    1572.37;    1685.35;    1573.17;    1670.89;    1546.13;    1669.40;    1545.33;    1683.86;       10;    0.49;   stop
   663;     132.55;    1593.28;     133.79;    1583.78;     113.31;    1581.10;     112.07;    1590.59;       10;    0.49;   stop
  3180;    1185.90;    1605.72;    1186.75;    1575.06;    1172.10;    1574.65;    1171.25;    1605.32;       10;    0.49;   stop
  1346;    1812.36;     718.40;    1826.37;     717.33;    1824.10;     687.85;    1810.10;     688.92;       10;    0.48;   stop
  3267;    2780.55;    1090.32;    2780.96;    1076.05;    2755.20;    1075.30;    2754.79;    1089.57;       10;    0.48;   stop
  3266;    2372.29;    2121.98;    2434.09;    2092.89;    2423.21;    2069.77;    2361.41;    2098.86;        9;    0.48;   stop
   553;    3023.86;    1799.38;    3049.04;    1758.44;    3031.64;    1747.74;    3006.46;    1788.68;        9;    0.48;   stop
   565;    3144.51;    1739.76;    3153.12;    1696.43;    3132.99;    1692.43;    3124.38;    1735.76;        9;    0.48;   stop
  2546;     445.82;      21.70;     476.12;      19.85;     475.27;       5.96;     444.98;       7.81;       10;    0.48;   stop
  3533;     946.67;    1168.75;     981.26;    1167.85;     980.83;    1151.56;     946.24;    1152.47;        9;    0.47;   stop
   509;    1633.53;     562.58;    1633.83;     547.26;    1604.22;     546.67;    1603.92;     561.99;       10;    0.47;   stop
   615;    3773.92;    1173.87;    3789.56;    1173.12;    3787.95;    1139.88;    3772.31;    1140.63;       10;    0.47;   stop
   673;    1141.22;    1634.65;    1141.41;    1620.73;    1114.40;    1620.35;    1114.21;    1634.27;       10;    0.47;   stop
   295;    1960.31;     627.88;    1974.95;     626.72;    1972.69;     598.37;    1958.05;     599.53;       10;    0.47;   stop
   570;     337.32;    1360.93;     337.77;    1347.93;     311.90;    1347.03;     311.45;    1360.04;       10;    0.46;   stop
   542;    3297.77;    1347.22;    3310.70;    1309.54;    3291.92;    1303.09;    3278.98;    1340.78;       10;    0.45;   stop
   505;    2551.78;     154.72;    2565.48;     153.65;    2563.22;     124.84;    2549.52;     125.91;       10;    0.45;   stop
   469;     426.55;    1648.30;     427.01;    1632.90;     397.52;    1632.01;     397.06;    1647.42;       10;    0.45;   stop
   584;     873.60;    1922.82;     873.66;    1906.06;     839.21;    1905.93;     839.15;    1922.69;       10;    0.45;   stop
   577;     189.84;    1634.76;     190.57;    1622.61;     166.65;    1621.18;     165.92;    1633.33;       10;    0.44;   stop
  3456;     307.23;    1646.52;     333.37;    1642.60;     331.20;    1628.17;     305.07;    1632.09;       10;    0.44;   stop
   587;    2565.76;     185.33;    2565.92;     158.45;    2551.49;     158.36;    2551.33;     185.24;       10;    0.44;   stop
   592;     854.91;    1588.71;     871.43;    1588.55;     871.12;    1555.66;     854.60;    1555.82;       10;    0.43;   stop
  3525;    2310.90;    2163.84;    2350.47;    2152.64;    2345.10;    2133.66;    2305.53;    2144.86;       10;    0.43;   stop
   567;    1408.41;    1679.56;    1409.47;    1667.39;    1382.71;    1665.06;    1381.65;    1677.24;       10;    0.43;   stop
  2711;    2565.36;     397.52;    2580.01;     396.94;    2578.89;     368.61;    2564.24;     369.19;       10;    0.42;   stop
  3025;    3357.89;     494.82;    3394.39;     491.84;    3393.05;     475.49;    3356.55;     478.47;       10;    0.42;   move
  3424;     218.58;    1601.90;     246.46;    1598.16;     244.77;    1585.60;     216.90;    1589.34;       10;    0.42;   stop
  3416;      18.88;    1625.62;      48.59;    1620.68;      46.45;    1607.82;      16.74;    1612.75;       10;    0.42;   stop
  3530;    2515.85;    1551.74;    2516.25;    1519.15;    2500.15;    1518.95;    2499.75;    1551.54;       10;    0.41;   stop
  1151;    3303.83;    1039.69;    3305.53;    1010.50;    3291.48;    1009.68;    3289.78;    1038.87;       10;    0.41;   stop
  3463;    3382.43;    1326.00;    3425.62;    1318.22;    3421.95;    1297.82;    3378.75;    1305.60;       10;    0.41;   stop
  1789;    1218.17;    1466.64;    1224.00;    1434.37;    1207.33;    1431.36;    1201.50;    1463.63;       10;    0.41;   stop
   546;     246.35;    1737.09;     263.70;    1736.22;     262.24;    1707.28;     244.89;    1708.15;       10;    0.41;   stop
   557;    3631.94;     947.96;    3663.40;     944.59;    3661.81;     929.85;    3630.35;     933.22;       10;    0.40;   stop
  3566;    2588.42;    2067.66;    2632.13;    2054.18;    2625.58;    2032.96;    2581.87;    2046.45;       10;    0.40;   stop
   521;    2588.10;    2067.17;    2632.04;    2054.08;    2625.90;    2033.46;    2581.96;    2046.55;        9;    0.39;   stop
  3508;    2072.96;    2095.36;    2073.90;    2076.81;    2038.54;    2075.01;    2037.60;    2093.57;       10;    0.39;   stop
  3564;    3512.65;     883.22;    3523.80;     847.29;    3504.53;     841.31;    3493.39;     877.24;        9;    0.39;   stop
  3260;     495.29;     561.52;     498.33;     548.16;     469.40;     541.57;     466.35;     554.92;       10;    0.39;   stop
   581;    1541.16;    1771.74;    1546.15;    1759.62;    1518.84;    1748.38;    1513.85;    1760.51;       10;    0.38;   stop
  3157;     533.98;    1076.29;     566.96;    1075.59;     566.64;    1060.27;     533.66;    1060.97;       10;    0.38;   move
   530;     158.54;      58.34;     192.82;      55.17;     191.38;      39.63;     157.10;      42.80;       10;    0.37;   stop
  3322;    2035.60;    1646.24;    2036.10;    1621.02;    2023.40;    1620.76;    2022.90;    1645.98;       10;    0.37;   stop
  2216;    2791.14;    2104.88;    2807.21;    2096.46;    2789.79;    2063.25;    2773.73;    2071.67;       10;    0.37;   stop
  3107;    3797.81;    1168.53;    3813.92;    1167.97;    3812.81;    1135.85;    3796.71;    1136.41;       10;    0.37;   stop
  3403;     890.85;     785.40;     892.94;     771.91;     867.90;     768.04;     865.81;     781.52;       10;    0.36;   stop
   626;     269.78;    2105.06;     286.55;    2104.31;     285.22;    2074.31;     268.45;    2075.06;       10;    0.36;   stop
  2736;    3207.13;     140.75;    3221.36;     140.28;    3220.37;     110.03;    3206.14;     110.50;       10;    0.36;   stop
  3471;    1186.49;    1549.78;    1192.42;    1524.54;    1179.38;    1521.47;    1173.45;    1546.71;       10;    0.36;   stop
  3559;    2968.28;    1850.87;    3004.39;    1822.52;    2990.94;    1805.38;    2954.82;    1833.73;       10;    0.35;   stop
  3500;    2557.43;    1388.31;    2559.96;    1354.68;    2541.82;    1353.31;    2539.29;    1386.95;       10;    0.35;   stop
  1511;    2142.05;     555.36;    2172.37;     552.56;    2170.82;     535.89;    2140.51;     538.69;       10;    0.35;   stop