vehicle_id; veh_bb_x1; veh_bb_y1; veh_bb_x2; veh_bb_y2; veh_bb_x3; veh_bb_y3; veh_bb_x4; veh_bb_y4; det_class; conf_score; state
  4080;    1999.09;    1789.27;    2002.95;    1756.52;    1985.66;    1754.48;    1981.80;    1787.23;       10;    0.85;   stop
  7477;    1965.21;    1946.77;    1975.11;    1913.29;    1959.26;    1908.61;    1949.36;    1942.08;       10;    0.84;   stop
  4321;    1985.31;    1871.31;    1993.09;    1837.21;    1976.00;    1833.31;    1968.23;    1867.42;       10;    0.84;   stop
    23;    2736.50;    1049.44;    2737.57;    1034.18;    2703.62;    1031.81;    2702.55;    1047.07;       10;    0.84;   stop
  6630;    2791.82;    1156.21;    2792.27;    1140.92;    2758.56;    1139.91;    2758.10;    1155.21;       10;    0.83;   move
  5904;    3159.84;    1192.00;    3162.42;    1175.56;    3124.22;    1169.56;    3121.64;    1186.00;       10;    0.83;   stop
     1;    2954.07;    1200.42;    2956.37;    1176.91;    2896.68;    1171.08;    2894.38;    1194.59;        9;    0.83;   stop
  9236;    1888.58;     686.66;    1904.89;     685.41;    1902.67;     656.59;    1886.36;     657.84;       10;    0.83;   stop
  7838;    3022.20;    1122.13;    3024.26;    1107.13;    2995.05;    1103.12;    2992.99;    1118.12;       10;    0.83;   move
  7967;    2931.08;    1085.53;    2932.74;    1071.03;    2903.92;    1067.72;    2902.26;    1082.22;       10;    0.83;   move
    97;    2026.86;    1388.53;    2028.09;    1356.53;    2011.89;    1355.91;    2010.66;    1387.91;       10;    0.83;   stop
  4568;    1974.19;    1910.48;    1983.26;    1882.08;    1968.56;    1877.39;    1959.49;    1905.79;       10;    0.83;   stop
    51;    1984.67;    1969.64;    1994.29;    1934.25;    1977.21;    1929.61;    1967.59;    1965.00;       10;    0.83;   stop
    28;    3079.83;    1710.91;    3102.70;    1654.11;    3076.26;    1643.46;    3053.39;    1700.26;        9;    0.83;   stop
    21;    1955.83;     294.65;    1975.17;     293.32;    1972.67;     257.16;    1953.33;     258.49;       10;    0.83;   stop
  5757;    1975.24;     381.55;    1976.68;     351.63;    1960.01;     350.83;    1958.57;     380.74;       10;    0.83;   stop
    22;    1828.19;     523.10;    1828.63;     489.63;    1810.95;     489.40;    1810.51;     522.87;       10;    0.83;   stop
  6281;    3056.54;    1173.60;    3058.60;    1158.46;    3025.96;    1154.03;    3023.90;    1169.16;       10;    0.83;   stop
  4207;    1991.79;    1834.40;    1997.52;    1800.93;    1981.71;    1798.22;    1975.98;    1831.70;       10;    0.83;   stop
    52;    1943.77;     232.14;    1960.50;     225.60;    1947.80;     193.11;    1931.06;     199.65;       10;    0.83;   stop
  9131;    1890.86;     734.63;    1908.15;     732.98;    1905.08;     700.87;    1887.79;     702.52;       10;    0.83;   stop
  6250;    2939.78;    1155.58;    2941.53;    1139.66;    2908.72;    1136.05;    2906.97;    1151.96;       10;    0.83;   move
    82;    3080.84;    1199.54;    3084.12;    1181.25;    3044.78;    1174.21;    3041.51;    1192.50;       10;    0.83;   move
  3785;    2005.90;    1661.44;    2007.02;    1624.08;    1989.72;    1623.56;    1988.60;    1660.92;       10;    0.83;   move
  8036;    1321.25;    1111.27;    1352.98;    1108.64;    1351.75;    1093.73;    1320.02;    1096.36;       10;    0.83;   stop
    37;     827.85;    1164.27;     827.90;    1148.82;     798.33;    1148.73;     798.29;    1164.18;       10;    0.83;   stop
     4;    3117.75;    1229.02;    3119.81;    1213.67;    3084.00;    1208.86;    3081.94;    1224.21;       10;    0.83;   stop
  2510;    3100.23;    1183.94;    3103.14;    1167.74;    3069.46;    1161.68;    3066.55;    1177.89;       10;    0.83;   stop
  7620;    1954.53;    1978.98;    1964.04;    1950.91;    1949.97;    1946.14;    1940.46;    1974.21;       10;    0.83;   stop
    61;    2917.00;    2011.52;    2932.61;    1999.80;    2909.57;    1969.10;    2893.95;    1980.83;       10;    0.83;   stop
    45;    1978.65;     833.76;    1995.03;     831.34;    1990.35;     799.74;    1973.97;     802.16;       10;    0.83;   stop
    88;    1977.12;     682.85;    1991.85;     681.63;    1989.26;     650.27;    1974.52;     651.49;       10;    0.83;   stop
   176;    1329.47;    1046.66;    1363.96;    1043.84;    1362.66;    1027.84;    1328.16;    1030.66;       10;    0.83;   stop
  6464;    3134.26;    1209.99;    3136.37;    1193.39;    3102.46;    1189.08;    3100.35;    1205.67;       10;    0.83;   stop
    75;    2926.59;    1975.36;    2958.93;    1959.87;    2950.59;    1942.45;    2918.25;    1957.95;       10;    0.83;   stop
  7651;    1898.69;     894.45;    1915.30;     893.30;    1912.81;     857.18;    1896.20;     858.32;       10;    0.82;   stop
  2744;    2076.77;    1082.90;    2110.69;    1082.46;    2110.48;    1065.85;    2076.56;    1066.29;       10;    0.82;   stop
     9;    2964.77;    1070.54;    2966.42;    1054.81;    2930.23;    1051.02;    2928.58;    1066.75;       10;    0.82;   stop
  8156;    3076.05;    1107.19;    3078.27;    1092.36;    3045.82;    1087.49;    3043.60;    1102.33;       10;    0.82;   move
    96;    1942.28;    1834.05;    1947.90;    1800.31;    1930.72;    1797.45;    1925.10;    1831.19;       10;    0.82;   stop
  7618;    2961.19;    1111.37;    2963.01;    1096.17;    2932.31;    1092.50;    2930.49;    1107.70;       10;    0.82;   move
    55;    2888.01;    1328.82;    2888.80;    1311.92;    2856.99;    1310.43;    2856.20;    1327.33;       10;    0.82;   stop
    89;    1977.12;     714.99;    1991.98;     714.41;    1990.94;     687.89;    1976.08;     688.47;       10;    0.82;   stop
   255;    1848.93;     734.10;    1864.72;     732.59;    1862.07;     704.77;    1846.28;     706.28;       10;    0.82;   move
    65;    3567.18;     729.54;    3580.58;     699.43;    3565.32;     692.64;    3551.92;     722.75;       10;    0.82;   stop
    81;    3386.31;    1006.85;    3404.02;     975.47;    3389.94;     967.52;    3372.23;     998.91;       10;    0.82;   stop
    68;    1881.00;    2027.58;    1896.78;    1996.06;    1882.03;    1988.67;    1866.25;    2020.19;       10;    0.82;   stop
   184;    1976.41;     782.29;    1977.17;     746.93;    1961.09;     746.59;    1960.33;     781.94;       10;    0.82;   stop
  6381;    2644.74;    1136.24;    2644.83;    1121.81;    2615.39;    1121.63;    2615.30;    1136.06;       10;    0.82;   move
  3229;    2004.36;    1404.34;    2005.72;    1367.17;    1988.46;    1366.53;    1987.09;    1403.70;       10;    0.82;   move
    47;    3072.27;    1089.08;    3074.59;    1074.75;    3043.98;    1069.80;    3041.66;    1084.13;       10;    0.82;   stop
    34;    3403.66;    1264.62;    3404.84;    1248.42;    3371.65;    1246.00;    3370.47;    1262.20;       10;    0.82;   stop
  8869;    1445.13;    1072.75;    1478.85;    1072.52;    1478.74;    1056.87;    1445.03;    1057.11;       10;    0.82;   move
  8060;    1584.25;    1129.52;    1611.99;    1129.28;    1611.87;    1114.86;    1584.13;    1115.09;       10;    0.82;   stop
  9860;    2721.29;    1067.90;    2722.10;    1053.07;    2695.21;    1051.60;    2694.40;    1066.43;       10;    0.82;   move
    60;    2706.50;    1175.96;    2707.02;    1159.50;    2672.70;    1158.42;    2672.18;    1174.88;       10;    0.82;   stop
    69;    1860.67;    2074.61;    1873.49;    2045.62;    1859.70;    2039.52;    1846.88;    2068.50;       10;    0.82;   stop
    71;    2939.93;      49.41;    2968.10;      46.70;    2966.79;      33.09;    2938.62;      35.80;       10;    0.82;   stop
  3269;    1814.65;    1121.09;    1848.69;    1112.45;    1844.88;    1097.41;    1810.84;    1106.05;       10;    0.82;   stop
    36;    1718.34;     569.74;    1719.60;     553.36;    1685.78;     550.76;    1684.52;     567.14;       10;    0.82;   stop
  9041;    3363.04;    1169.10;    3365.34;    1154.28;    3333.53;    1149.34;    3331.22;    1164.16;       10;    0.82;   move
    86;     792.05;    1622.67;     792.45;    1607.80;     763.26;    1607.02;     762.86;    1621.88;       10;    0.82;   stop
  3961;    2002.44;    1751.52;    2007.15;    1717.96;    1991.31;    1715.73;    1986.60;    1749.29;       10;    0.82;   stop
    87;    1462.69;     876.75;    1463.99;     863.07;    1434.18;     860.25;    1432.89;     873.93;       10;    0.81;   stop
   130;    2845.00;     507.71;    2881.11;     504.55;    2879.75;     489.04;    2843.64;     492.20;       10;    0.81;   stop
    78;    3169.23;     483.24;    3198.34;     479.04;    3196.40;     465.51;    3167.28;     469.71;       10;    0.81;   stop
  8576;    3550.04;    1193.19;    3553.84;    1177.13;    3516.84;    1168.37;    3513.03;    1184.43;       10;    0.81;   move
    70;    1080.02;     632.01;    1081.61;     617.52;    1054.11;     614.49;    1052.51;     628.98;       10;    0.81;   stop
    15;    1924.40;     805.17;    1939.77;     804.72;    1938.85;     773.20;    1923.48;     773.65;       10;    0.81;   move
    72;    2003.10;     907.78;    2003.19;     875.95;    1988.40;     875.90;    1988.31;     907.74;       10;    0.81;   stop
   175;    1221.75;    1047.70;    1254.75;    1046.96;    1254.38;    1030.18;    1221.37;    1030.91;       10;    0.81;   stop
    83;    1175.07;    1171.63;    1207.75;    1171.50;    1207.68;    1153.74;    1175.00;    1153.88;       10;    0.81;   stop
  3584;    1997.80;    1564.76;    2011.80;    1564.71;    2011.70;    1535.74;    1997.70;    1535.79;       10;    0.81;   move
   148;    2624.28;    1172.00;    2625.08;    1156.13;    2593.10;    1154.50;    2592.29;    1170.37;       10;    0.81;   stop
    67;    2801.88;    1180.93;    2802.86;    1165.70;    2769.87;    1163.57;    2768.89;    1178.80;       10;    0.81;   stop
    38;    3138.95;    1098.88;    3140.81;    1083.70;    3109.49;    1079.87;    3107.63;    1095.05;       10;    0.81;   stop
 10876;    3780.51;    1248.66;    3784.88;    1231.78;    3745.74;    1221.65;    3741.37;    1238.53;       10;    0.81;   move
   151;    2551.88;    1565.16;    2552.77;    1531.91;    2533.87;    1531.40;    2532.98;    1564.65;       10;    0.81;   stop
   294;    1797.10;     481.15;    1813.90;     479.60;    1810.77;     445.85;    1793.98;     447.40;       10;    0.81;   stop
   126;    2782.34;     512.11;    2814.92;     508.19;    2813.04;     492.52;    2780.45;     496.43;       10;    0.81;   stop
  3693;    2325.06;    1080.23;    2354.63;    1080.10;    2354.56;    1066.27;    2325.00;    1066.40;       10;    0.81;   stop
  9208;    3641.86;    1233.34;    3644.97;    1217.44;    3610.64;    1210.72;    3607.53;    1226.62;       10;    0.81;   move
  7711;    3487.41;    1257.90;    3490.02;    1243.39;    3458.53;    1237.73;    3455.92;    1252.23;       10;    0.81;   move
 10681;    2549.63;    1343.79;    2555.57;    1311.57;    2538.37;    1308.40;    2532.43;    1340.62;       10;    0.81;   stop
  2836;    2125.26;    1082.87;    2158.92;    1081.68;    2158.36;    1065.88;    2124.70;    1067.07;       10;    0.81;   stop
  7705;    2713.71;    1086.26;    2714.39;    1069.62;    2677.33;    1068.11;    2676.65;    1084.75;       10;    0.81;   stop
  7770;    1936.75;    2026.99;    1949.05;    1995.90;    1935.12;    1990.39;    1922.82;    2021.48;       10;    0.81;   stop
   156;    1980.26;     753.41;    1995.83;     752.09;    1993.24;     721.47;    1977.67;     722.79;       10;    0.81;   stop
   132;    3133.02;     487.37;    3162.09;     483.93;    3160.42;     469.82;    3131.35;     473.26;       10;    0.81;   stop
  9142;     696.17;    1140.82;     723.21;    1140.80;     723.20;    1127.00;     696.16;    1127.02;       10;    0.81;   stop
    84;    2816.07;    1054.43;    2816.99;    1038.31;    2779.87;    1036.20;    2778.95;    1052.32;       10;    0.81;   stop
 10690;    3516.11;    1203.79;    3519.57;    1188.68;    3487.02;    1181.21;    3483.55;    1196.32;       10;    0.81;   move
   103;    1986.64;     861.80;    1999.83;     861.03;    1998.30;     834.70;    1985.10;     835.47;       10;    0.81;   stop
    90;     519.91;    1045.27;     520.07;    1030.71;     488.84;    1030.35;     488.68;    1044.91;       10;    0.81;   stop
  9768;     647.15;    1141.30;     676.65;    1141.21;     676.60;    1126.51;     647.10;    1126.61;       10;    0.81;   stop
   149;    1985.12;     936.70;    1985.22;     903.28;    1970.38;     903.24;    1970.28;     936.65;       10;    0.81;   stop
  7518;    2614.96;    1063.18;    2615.93;    1047.02;    2583.29;    1045.07;    2582.32;    1061.23;       10;    0.81;   stop
  3352;    2251.06;    1104.29;    2282.59;    1103.78;    2282.32;    1087.21;    2250.79;    1087.72;       10;    0.81;   stop
   146;    2512.31;    1170.96;    2512.58;    1154.98;    2478.94;    1154.42;    2478.67;    1170.39;       10;    0.81;   stop
  3450;    2007.86;    1483.03;    2008.38;    1451.22;    1992.82;    1450.97;    1992.31;    1482.78;       10;    0.81;   move
    24;    3177.94;    1107.44;    3180.56;    1090.96;    3145.50;    1085.38;    3142.87;    1101.85;       10;    0.81;   stop
    99;    3440.20;    1267.06;    3441.20;    1250.14;    3409.18;    1248.25;    3408.18;    1265.17;       10;    0.81;   stop
   153;     438.52;    1610.56;     439.19;    1597.06;     411.79;    1595.69;     411.12;    1609.19;       10;    0.81;   stop
 10917;    1840.66;     192.59;    1857.69;     191.79;    1856.09;     157.85;    1839.06;     158.65;       10;    0.81;   move
   104;     525.57;    1045.59;     555.63;    1045.06;     555.36;    1030.03;     525.31;    1030.56;       10;    0.81;   stop
   296;     941.16;    1163.35;     942.07;    1148.05;     912.28;    1146.27;     911.36;    1161.57;       10;    0.81;   stop
   128;    2247.96;    1169.22;    2247.98;    1153.95;    2214.54;    1153.90;    2214.52;    1169.17;       10;    0.81;   stop
  9646;    1842.27;     655.80;    1860.10;     655.27;    1858.98;     617.70;    1841.15;     618.23;       10;    0.81;   move
  7335;    1579.77;    1110.05;    1606.55;    1109.43;    1606.23;    1096.07;    1579.45;    1096.70;       10;    0.81;   stop
   137;    2176.34;    1167.27;    2210.30;    1167.12;    2210.23;    1151.35;    2176.26;    1151.51;       10;    0.81;   stop
  8077;    1903.82;    2105.94;    1916.30;    2078.21;    1903.18;    2072.31;    1890.70;    2100.04;       10;    0.81;   stop
   170;    2977.21;      48.51;    3006.08;      44.32;    3004.04;      30.24;    2975.17;      34.43;       10;    0.80;   stop
   114;    2462.29;      94.09;    2493.37;      90.94;    2491.83;      75.78;    2460.76;      78.93;       10;    0.80;   stop
   171;    2683.25;     518.80;    2714.53;     515.66;    2713.00;     500.45;    2681.72;     503.59;       10;    0.80;   stop
   190;    2905.09;      55.59;    2937.01;      51.60;    2935.06;      36.05;    2903.15;      40.04;       10;    0.80;   stop
   174;    3779.26;     207.54;    3792.98;     175.94;    3778.86;     169.80;    3765.14;     201.41;       10;    0.80;   stop
   134;    1969.36;     892.29;    1984.55;     891.99;    1983.89;     858.21;    1968.70;     858.51;       10;    0.80;   stop
   101;    1937.44;    1871.35;    1943.54;    1837.16;    1928.06;    1834.40;    1921.96;    1868.59;       10;    0.80;   stop
   277;    1783.28;     160.87;    1797.25;     159.34;    1794.22;     131.63;    1780.25;     133.16;       10;    0.80;   stop
     2;    1919.33;     619.08;    1933.64;     618.96;    1933.42;     591.42;    1919.11;     591.54;       10;    0.80;   move
  7118;    2415.81;    1057.77;    2449.63;    1057.38;    2449.44;    1041.48;    2415.62;    1041.87;       10;    0.80;   stop
   136;    2875.93;    1058.82;    2877.31;    1044.28;    2848.82;    1041.56;    2847.44;    1056.10;       10;    0.80;   stop
  6709;    2541.19;    1137.35;    2541.46;    1123.38;    2510.81;    1122.77;    2510.54;    1136.74;       10;    0.80;   move
   147;    2586.41;    1169.57;    2586.66;    1155.17;    2558.97;    1154.68;    2558.71;    1169.08;       10;    0.80;   stop
   109;    2661.61;    1173.22;    2661.65;    1159.00;    2633.39;    1158.91;    2633.35;    1173.13;       10;    0.80;   stop
   210;    3004.57;    1078.83;    3007.06;    1063.24;    2972.46;    1057.73;    2969.97;    1073.32;       10;    0.80;   stop
   155;    1946.31;      44.02;    1962.02;      42.38;    1958.75;      11.10;    1943.04;      12.74;       10;    0.80;   stop
   159;     905.21;    1158.15;     905.53;    1144.12;     875.10;    1143.42;     874.78;    1157.45;       10;    0.80;   stop
    73;     754.05;    1164.38;     786.10;    1163.00;     785.44;    1147.50;     753.39;    1148.87;       10;    0.80;   stop
  7235;    1883.56;     950.61;    1900.27;     948.83;    1896.63;     914.64;    1879.92;     916.42;       10;    0.80;   stop
  6635;    2266.60;    1081.63;    2301.86;    1081.13;    2301.65;    1066.00;    2266.39;    1066.50;       10;    0.80;   stop
  8211;    3160.19;    1137.40;    3164.60;    1119.72;    3124.81;    1109.79;    3120.40;    1127.47;       10;    0.80;   move
  6317;    2746.28;    1141.83;    2746.30;    1126.01;    2715.24;    1125.98;    2715.23;    1141.80;       10;    0.80;   move
    95;    2872.76;    1187.94;    2873.96;    1172.50;    2840.13;    1169.88;    2838.93;    1185.31;       10;    0.80;   stop
   179;    3406.07;     973.24;    3425.62;     943.85;    3412.37;     935.04;    3392.82;     964.43;       10;    0.80;   stop
  8459;    1968.85;    1579.15;    1985.47;    1578.62;    1984.40;    1545.53;    1967.78;    1546.07;       10;    0.80;   move
   129;    2991.24;    1964.09;    3004.93;    1955.56;    2988.60;    1929.35;    2974.91;    1937.88;       10;    0.80;   stop
   123;    2102.81;     553.36;    2131.58;     549.21;    2129.63;     535.64;    2100.85;     539.79;       10;    0.80;   stop
   221;    1060.58;    1043.57;    1087.62;    1043.54;    1087.60;    1029.80;    1060.57;    1029.83;       10;    0.80;   stop
  8212;    1280.91;    1115.28;    1315.82;    1112.53;    1314.46;    1095.34;    1279.56;    1098.09;       10;    0.80;   stop
  1186;    1984.88;    1230.84;    2000.98;    1229.16;    1997.62;    1196.91;    1981.52;    1198.59;       10;    0.80;   stop
   211;    2542.29;    1709.60;    2545.52;    1672.47;    2528.83;    1671.02;    2525.60;    1708.15;       10;    0.80;   stop
   144;    1934.54;     112.41;    1950.35;     111.75;    1948.96;      78.84;    1933.15;      79.50;       10;    0.80;   stop
   162;    2551.39;    1170.45;    2552.07;    1155.19;    2520.86;    1153.80;    2520.18;    1169.06;       10;    0.80;   stop
    93;    3036.70;    1082.97;    3039.49;    1068.39;    3011.11;    1062.97;    3008.33;    1077.55;       10;    0.80;   stop
  8743;    3605.94;    1206.76;    3609.16;    1190.95;    3574.37;    1183.86;    3571.15;    1199.68;       10;    0.80;   move
   100;     154.73;    1633.02;     156.55;    1617.17;     124.88;    1613.54;     123.06;    1629.39;       10;    0.80;   stop
   196;    1911.75;    1697.54;    1912.22;    1680.55;    1881.75;    1679.71;    1881.28;    1696.70;       10;    0.80;   stop
   270;    1726.17;    1652.69;    1726.50;    1636.30;    1695.53;    1635.68;    1695.20;    1652.08;       10;    0.80;   stop
   186;    1788.17;     130.51;    1804.99;     130.02;    1803.95;      95.05;    1787.14;      95.55;       10;    0.80;   stop
     7;    1919.08;     705.82;    1936.38;     705.22;    1935.17;     670.05;    1917.87;     670.65;       10;    0.80;   move
   201;    2741.65;     514.82;    2776.99;     510.85;    2775.30;     495.80;    2739.96;     499.77;       10;    0.80;   stop
  9833;    2136.87;    1104.06;    2160.65;    1104.03;    2160.63;    1087.44;    2136.85;    1087.47;       10;    0.80;   stop
  7634;    1447.73;    1108.71;    1475.40;    1107.96;    1475.02;    1094.04;    1447.35;    1094.79;       10;    0.80;   stop
  3434;    2200.71;    1102.88;    2233.40;    1102.28;    2233.10;    1086.37;    2200.42;    1086.97;       10;    0.80;   stop
   202;    2835.17;    1183.88;    2836.26;    1170.68;    2809.70;    1168.49;    2808.61;    1181.70;       10;    0.80;   stop
   182;    1934.12;      74.51;    1949.63;      74.38;    1949.38;      44.74;    1933.87;      44.87;       10;    0.80;   stop
  7410;    2538.84;    1062.84;    2575.09;    1062.72;    2575.03;    1046.53;    2538.79;    1046.66;       10;    0.80;   stop
  4216;    2226.20;    1081.86;    2255.98;    1080.66;    2255.43;    1066.89;    2225.64;    1068.09;       10;    0.80;   stop
   165;    2647.23;     522.43;    2679.78;     518.97;    2678.14;     503.57;    2645.60;     507.03;       10;    0.80;   stop
   111;    3287.44;     476.88;    3321.99;     472.66;    3320.06;     456.87;    3285.51;     461.09;       10;    0.80;   stop
  7737;    1401.15;    1110.26;    1432.36;    1108.68;    1431.60;    1093.61;    1400.39;    1095.19;       10;    0.80;   stop
  7170;    1616.41;    1112.33;    1647.47;    1111.79;    1647.21;    1097.17;    1616.16;    1097.71;       10;    0.80;   stop
   208;    1275.25;    1173.37;    1324.96;    1172.57;    1324.62;    1152.01;    1274.92;    1152.81;        9;    0.80;   stop
   192;    3162.30;     982.25;    3201.69;     979.41;    3200.51;     963.07;    3161.12;     965.90;       10;    0.80;   stop
   402;    1301.26;    1677.44;    1302.08;    1663.21;    1273.30;    1661.56;    1272.48;    1675.79;       10;    0.80;   stop
 10769;    1855.02;     444.23;    1872.53;     442.92;    1870.05;     409.65;    1852.54;     410.95;       10;    0.79;   move
   214;    2357.37;     537.83;    2388.50;     535.93;    2387.50;     519.67;    2356.38;     521.57;       10;    0.79;   stop
   227;    1146.98;    1043.10;    1147.36;    1029.55;    1119.90;    1028.77;    1119.51;    1042.32;       10;    0.79;   stop
  1524;    1982.97;    1280.66;    1999.88;    1280.03;    1998.59;    1244.97;    1981.68;    1245.59;       10;    0.79;   stop
   420;     471.15;    1612.02;     471.77;    1598.24;     444.78;    1597.04;     444.17;    1610.82;       10;    0.79;   stop
   275;    2084.98;    1291.67;    2116.59;    1289.09;    2115.39;    1274.46;    2083.79;    1277.04;       10;    0.79;   stop
   217;    2446.59;    1321.18;    2446.89;    1305.13;    2416.41;    1304.57;    2416.11;    1320.62;       10;    0.79;   stop
  9812;     733.08;    1123.75;     733.56;    1108.48;     702.23;    1107.50;     701.75;    1122.77;       10;    0.79;   stop
  8664;     809.58;    1142.03;     809.60;    1128.64;     782.30;    1128.59;     782.27;    1141.99;       10;    0.79;   stop
  7830;    1364.15;    1111.15;    1392.93;    1109.50;    1392.10;    1094.98;    1363.32;    1096.62;       10;    0.79;   stop
  8748;    2544.15;    1042.98;    2544.20;    1028.24;    2512.35;    1028.14;    2512.30;    1042.88;       10;    0.79;   stop
   218;    1914.82;    1658.21;    1915.09;    1641.91;    1884.49;    1641.42;    1884.23;    1657.72;       10;    0.79;   stop
   197;    1905.79;    1971.25;    1912.42;    1941.52;    1897.18;    1938.12;    1890.55;    1967.86;       10;    0.79;   stop
  6573;    1840.88;     953.85;    1841.56;     926.40;    1826.62;     926.03;    1825.94;     953.48;       10;    0.79;   stop
   228;    1610.42;    1043.91;    1640.88;    1043.81;    1640.83;    1028.34;    1610.37;    1028.44;       10;    0.79;   stop
  6821;    1900.32;     936.92;    1916.51;     935.33;    1913.05;     900.20;    1896.86;     901.80;       10;    0.79;   stop
  7180;    2457.66;    1057.87;    2489.97;    1057.35;    2489.71;    1041.38;    2457.41;    1041.90;       10;    0.79;   stop
  5989;    1735.50;    1134.72;    1735.56;    1117.67;    1699.67;    1117.53;    1699.60;    1134.58;       10;    0.79;   stop
  8407;    3442.49;    1163.54;    3444.66;    1147.40;    3409.70;    1142.71;    3407.53;    1158.85;       10;    0.79;   move
   185;    1766.45;    1654.48;    1766.50;    1637.37;    1735.86;    1637.27;    1735.81;    1654.38;       10;    0.79;   stop
   198;    3617.81;    1312.57;    3622.26;    1297.99;    3589.69;    1288.05;    3585.24;    1302.64;       10;    0.79;   stop
  9985;    1820.82;     249.99;    1839.13;     249.16;    1837.68;     217.44;    1819.37;     218.28;       10;    0.79;   move
  9966;    1894.30;     802.62;    1909.94;     801.43;    1907.54;     770.13;    1891.91;     771.32;       10;    0.79;   stop
  8472;     821.18;    1142.05;     856.39;    1141.23;     856.00;    1124.82;     820.80;    1125.65;       10;    0.79;   stop
   375;    1213.44;    1498.78;    1217.04;    1468.66;    1200.81;    1466.72;    1197.21;    1496.84;       10;    0.79;   stop
  7294;    2573.84;    1080.94;    2574.11;    1066.12;    2543.41;    1065.56;    2543.14;    1080.38;       10;    0.79;   stop
  6855;    1695.15;    1152.16;    1730.23;    1151.70;    1730.03;    1136.09;    1694.95;    1136.55;       10;    0.79;   stop
   222;    3391.00;     918.50;    3415.69;     894.42;    3404.00;     882.44;    3379.31;     906.51;       10;    0.79;   stop
   194;    3172.92;    1358.29;    3185.76;    1331.99;    3173.02;    1325.77;    3160.18;    1352.07;       10;    0.79;   stop
   216;    2778.02;    1288.49;    2807.68;    1287.60;    2807.23;    1272.58;    2777.57;    1273.46;       10;    0.79;   stop
  8572;    1909.78;     219.92;    1927.70;     219.33;    1926.47;     182.26;    1908.55;     182.85;       10;    0.79;   move
   220;    1961.01;     338.31;    1978.40;     337.27;    1976.49;     305.19;    1959.10;     306.23;       10;    0.79;   stop
   308;    2927.99;     503.04;    2958.06;     498.49;    2955.76;     483.21;    2925.69;     487.76;       10;    0.79;   stop
  9319;    1874.73;     909.77;    1891.89;     909.41;    1891.11;     872.23;    1873.95;     872.59;       10;    0.79;   stop
   207;    2732.57;     557.53;    2769.49;     554.91;    2768.31;     538.22;    2731.38;     540.84;       10;    0.79;   stop
   278;     719.52;    1162.13;     719.83;    1146.67;     685.79;    1145.99;     685.48;    1161.46;       10;    0.79;   stop
  7462;    1535.23;    1109.79;    1567.96;    1108.82;    1567.52;    1094.08;    1534.79;    1095.05;       10;    0.79;   stop
   281;    1388.84;    1170.92;    1417.34;    1170.16;    1416.91;    1154.45;    1388.41;    1155.22;       10;    0.79;   stop
   203;    3324.90;    1394.71;    3329.72;    1380.68;    3301.35;    1370.92;    3296.53;    1384.95;       10;    0.79;   stop
 10823;     188.65;    1120.67;     219.44;    1120.56;     219.39;    1105.89;     188.60;    1106.00;       10;    0.79;   move
 10994;    1624.03;    1073.36;    1654.53;    1072.69;    1654.22;    1058.51;    1623.72;    1059.18;       10;    0.79;   move
   508;    1160.67;    1171.38;    1161.21;    1153.92;    1127.02;    1152.87;    1126.48;    1170.33;       10;    0.79;   stop
   392;     505.57;    1613.15;     506.54;    1599.65;     480.68;    1597.79;     479.71;    1611.29;       10;    0.79;   stop
 10882;    1816.06;     139.57;    1832.22;     138.59;    1830.07;     103.43;    1813.91;     104.41;       10;    0.79;   move
   416;    1006.73;     627.53;    1007.70;     612.94;     979.74;     611.09;     978.77;     625.69;       10;    0.79;   stop
    35;    1929.97;     859.00;    1944.27;     857.96;    1942.28;     830.75;    1927.98;     831.79;       10;    0.79;   move
   213;    1784.41;     205.19;    1799.67;     204.14;    1797.59;     173.94;    1782.33;     174.99;       10;    0.79;   stop
   200;    3823.78;     100.08;    3835.41;      73.96;    3822.47;      68.20;    3810.84;      94.32;       10;    0.79;   stop
   233;    3744.33;     291.85;    3756.61;     260.73;    3742.54;     255.18;    3730.27;     286.30;       10;    0.79;   stop
   112;    1988.65;     939.12;    2002.94;     939.07;    2002.85;     912.63;    1988.56;     912.68;       10;    0.79;   stop
   229;     990.58;    1167.34;    1019.33;    1166.56;    1018.95;    1152.41;     990.20;    1153.19;       10;    0.79;   stop
   167;    2174.26;    1328.41;    2204.09;    1324.73;    2202.18;    1309.15;    2172.34;    1312.83;       10;    0.79;   stop
   238;    1425.69;     873.39;    1426.42;     859.40;    1399.18;     857.98;    1398.45;     871.97;       10;    0.78;   stop
   272;    2644.67;      76.80;    2674.57;      73.21;    2672.83;      58.76;    2642.93;      62.36;       10;    0.78;   stop
   125;    2569.88;     502.27;    2584.59;     502.22;    2584.49;     473.11;    2569.78;     473.16;       10;    0.78;   stop
   219;    3030.08;      42.46;    3058.15;      38.25;    3056.17;      25.04;    3028.10;      29.25;       10;    0.78;   stop
   241;    3708.75;     945.02;    3745.71;     941.96;    3744.37;     925.76;    3707.41;     928.82;       10;    0.78;   stop
  8910;    3278.28;    1161.03;    3280.32;    1145.86;    3247.65;    1141.47;    3245.62;    1156.64;       10;    0.78;   move
   372;    1265.42;    1676.18;    1266.50;    1661.67;    1236.58;    1659.44;    1235.50;    1673.95;       10;    0.78;   stop
   168;    1845.85;    2107.83;    1860.39;    2079.85;    1846.59;    2072.67;    1832.05;    2100.65;       10;    0.78;   stop
   122;    1787.15;     281.64;    1804.69;     280.59;    1802.72;     247.67;    1785.18;     248.72;       10;    0.78;   stop
   199;    2428.60;     535.30;    2457.39;     532.06;    2455.78;     517.70;    2426.99;     520.94;       10;    0.78;   stop
   341;    2208.44;     548.71;    2242.34;     544.90;    2240.56;     529.04;    2206.66;     532.85;       10;    0.78;   stop
   338;    3627.35;     575.88;    3638.95;     547.20;    3625.15;     541.62;    3613.55;     570.30;       10;    0.78;   stop
 10113;     657.55;    1121.57;     688.13;    1120.77;     687.76;    1106.87;     657.19;    1107.67;       10;    0.78;   stop
 10530;     507.62;    1141.06;     541.63;    1140.67;     541.44;    1123.94;     507.43;    1124.33;       10;    0.78;   move
  6451;    1764.05;    1152.97;    1793.17;    1151.67;    1792.54;    1137.53;    1763.42;    1138.83;       10;    0.78;   move
   251;    2086.99;    1169.72;    2121.73;    1168.64;    2121.26;    1153.40;    2086.52;    1154.48;       10;    0.78;   stop
   242;    3366.39;    1040.76;    3380.44;    1014.52;    3367.67;    1007.68;    3353.62;    1033.92;       10;    0.78;   stop
  6494;    2970.15;    1175.75;    2972.70;    1162.91;    2946.41;    1157.68;    2943.86;    1170.53;       10;    0.78;   move
   262;    3482.75;    1277.72;    3486.37;    1261.91;    3453.81;    1254.47;    3450.20;    1270.28;       10;    0.78;   stop
   285;    1862.18;    1697.26;    1863.73;    1680.67;    1832.51;    1677.74;    1830.95;    1694.33;       10;    0.78;   stop
  9356;    1857.64;     861.13;    1872.87;     859.99;    1870.52;     828.62;    1855.29;     829.76;       10;    0.78;   stop
   205;    2390.03;     537.50;    2422.23;     535.38;    2421.22;     520.00;    2389.02;     522.12;       10;    0.78;   stop
   304;     829.75;    1163.62;     862.94;    1162.20;     862.25;    1146.00;     829.06;    1147.43;       10;    0.78;   stop
   215;    3758.68;     940.30;    3791.27;     937.64;    3790.07;     922.98;    3757.48;     925.64;       10;    0.78;   stop
   257;    2607.51;     523.90;    2640.55;     520.81;    2639.12;     505.47;    2606.07;     508.56;       10;    0.78;   stop
 10035;    1873.42;     807.90;    1889.70;     806.99;    1887.92;     774.98;    1871.64;     775.88;       10;    0.78;   stop
   226;    2890.86;     505.75;    2921.34;     501.42;    2919.30;     487.06;    2888.82;     491.39;       10;    0.78;   stop
  2976;    3426.79;     880.84;    3447.56;     854.09;    3434.77;     844.16;    3414.00;     870.91;       10;    0.78;   stop
 10740;     272.14;    1135.03;     300.35;    1134.70;     300.20;    1121.53;     271.99;    1121.86;       10;    0.78;   move
   329;    1341.22;    1171.15;    1372.50;    1170.71;    1372.28;    1155.35;    1341.00;    1155.79;       10;    0.78;   stop
  3321;    2140.52;    1058.17;    2172.51;    1057.86;    2172.36;    1042.20;    2140.37;    1042.51;       10;    0.78;   stop
   223;     658.13;    1619.25;     658.37;    1603.39;     629.06;    1602.94;     628.82;    1618.80;       10;    0.78;   stop
   269;    1339.89;    1678.08;    1340.27;    1662.85;    1307.23;    1662.04;    1306.86;    1677.27;       10;    0.78;   stop
   622;    1939.99;    1631.02;    1962.70;    1630.95;    1962.54;    1578.60;    1939.83;    1578.67;        9;    0.78;   stop
   292;    3730.04;     327.25;    3738.70;     299.55;    3724.96;     295.25;    3716.30;     322.95;       10;    0.78;   stop
  7846;     835.44;    1070.68;     835.65;    1056.02;     805.19;    1055.57;     804.97;    1070.23;       10;    0.78;   move
 10012;     638.95;    1137.83;     639.21;    1123.06;     606.99;    1122.49;     606.73;    1137.26;       10;    0.78;   stop
  7010;    1608.96;    1149.07;    1639.68;    1147.51;    1638.92;    1132.43;    1608.19;    1133.99;       10;    0.78;   stop
  5420;    1748.70;    1134.34;    1780.36;    1133.72;    1780.05;    1117.91;    1748.39;    1118.53;       10;    0.78;   stop
   331;    1263.22;    1638.12;    1263.46;    1622.63;    1230.91;    1622.13;    1230.67;    1637.62;       10;    0.78;   stop
   468;    2504.14;    1876.33;    2506.80;    1837.44;    2488.23;    1836.17;    2485.57;    1875.06;       10;    0.78;   stop
   317;    2818.96;      60.94;    2850.88;      57.99;    2849.39;      41.95;    2817.48;      44.90;       10;    0.78;   stop
   173;    1148.99;    1905.51;    1165.04;    1905.36;    1164.76;    1874.49;    1148.71;    1874.64;       10;    0.78;   stop
   312;    1479.54;    1643.22;    1479.56;    1629.45;    1448.83;    1629.41;    1448.81;    1643.17;       10;    0.78;   stop
  7414;    1912.38;     350.03;    1930.29;     347.84;    1926.12;     313.72;    1908.21;     315.91;       10;    0.77;   move
   206;    2351.80;     581.85;    2385.12;     579.72;    2384.07;     563.40;    2350.76;     565.53;       10;    0.77;   stop
   259;     772.95;    1044.60;     801.13;    1043.29;     800.51;    1029.90;     772.32;    1031.21;       10;    0.77;   stop
   266;     869.40;    1047.17;     899.92;    1046.01;     899.38;    1031.83;     868.87;    1032.99;       10;    0.77;   stop
  4886;    2323.70;    1059.99;    2360.54;    1059.73;    2360.43;    1043.76;    2323.58;    1044.02;       10;    0.77;   stop
  6730;    2458.58;    1082.05;    2492.21;    1081.97;    2492.17;    1065.57;    2458.54;    1065.65;       10;    0.77;   stop
   191;    2761.84;    1181.12;    2762.47;    1162.01;    2724.29;    1160.75;    2723.66;    1179.86;        9;    0.77;   stop
 10982;    1812.95;      68.01;    1831.37;      66.76;    1828.67;      27.05;    1810.26;      28.30;        9;    0.77;   move
  9237;    1858.95;     906.75;    1872.96;     906.10;    1871.55;     875.81;    1857.54;     876.46;       10;    0.77;   stop
   267;    2340.10;    1169.02;    2369.03;    1168.52;    2368.78;    1154.11;    2339.85;    1154.61;       10;    0.77;   stop
   274;     686.43;    1619.64;     687.14;    1606.82;     660.76;    1605.36;     660.05;    1618.18;       10;    0.77;   stop
   246;    2945.38;    1315.71;    2951.74;    1297.23;    2911.18;    1283.28;    2904.82;    1301.76;       10;    0.77;   stop
   247;    1814.95;     568.95;    1832.40;     568.28;    1831.17;     535.80;    1813.72;     536.47;       10;    0.77;   stop
   313;    2569.05;     467.45;    2582.51;     467.18;    2581.95;     439.30;    2568.49;     439.57;       10;    0.77;   stop
   309;    3641.22;     543.81;    3651.76;     511.81;    3637.53;     507.12;    3626.99;     539.12;       10;    0.77;   stop
   193;     520.70;    1069.83;     548.66;    1068.51;     548.05;    1055.48;     520.09;    1056.80;       10;    0.77;   move
  6531;    1382.58;    1045.03;    1415.57;    1044.42;    1415.29;    1029.47;    1382.31;    1030.08;       10;    0.77;   stop
  9171;    1861.50;     946.04;    1875.88;     944.98;    1873.68;     915.27;    1859.31;     916.33;       10;    0.77;   stop
 10574;    2601.32;    1036.46;    2601.90;    1000.05;    2585.68;     999.79;    2585.10;    1036.20;       10;    0.77;   stop
   250;    2405.16;    1041.33;    2405.26;    1027.76;    2373.46;    1027.54;    2373.37;    1041.11;       10;    0.77;   stop
  9724;    2502.59;     551.51;    2535.11;     548.47;    2533.66;     532.99;    2501.14;     536.03;       10;    0.77;   move
   102;    1947.96;     913.84;    1962.10;     912.88;    1959.92;     880.54;    1945.77;     881.50;       10;    0.77;   move
  4413;    2282.57;    1060.22;    2313.08;    1059.40;    2312.68;    1044.66;    2282.17;    1045.48;       10;    0.77;   stop
   131;    2462.19;     531.90;    2490.85;     529.53;    2489.69;     515.47;    2461.03;     517.84;       10;    0.77;   stop
   237;     364.28;    1645.98;     364.89;    1630.89;     334.16;    1629.64;     333.54;    1644.73;       10;    0.77;   stop
   348;    1590.11;    1648.58;    1621.89;    1648.32;    1621.76;    1633.04;    1589.98;    1633.31;       10;    0.77;   stop
   302;    2076.49;     120.24;    2112.11;     117.19;    2110.76;     101.39;    2075.14;     104.44;       10;    0.77;   stop
   124;    1800.74;     249.71;    1817.23;     249.02;    1815.90;     217.16;    1799.41;     217.85;       10;    0.77;   stop
   374;    3549.82;     658.59;    3562.19;     630.74;    3548.93;     624.85;    3536.56;     652.70;       10;    0.77;   stop
   360;    2553.33;    1516.02;    2555.61;    1484.50;    2538.04;    1483.23;    2535.77;    1514.75;       10;    0.77;   stop
   395;    2967.84;    1850.30;    3004.16;    1821.58;    2990.91;    1804.83;    2954.59;    1833.54;        9;    0.77;   stop
    57;    3819.55;    1358.23;    3823.43;    1339.08;    3789.20;    1332.16;    3785.32;    1351.31;       10;    0.77;   stop
   427;     968.36;     625.60;     970.10;     610.86;     940.77;     607.40;     939.03;     622.14;       10;    0.77;   stop
   157;    1812.83;     759.76;    1828.10;     759.00;    1826.54;     727.49;    1811.27;     728.25;       10;    0.77;   stop
   383;    2494.81;     531.43;    2529.64;     527.82;    2527.94;     511.45;    2493.11;     515.05;       10;    0.77;   stop
  7466;    1688.46;    1134.32;    1688.85;    1117.66;    1651.66;    1116.80;    1651.28;    1133.47;       10;    0.77;   stop
  7213;    2758.38;    1091.93;    2759.39;    1076.85;    2728.99;    1074.82;    2727.99;    1089.90;       10;    0.77;   stop
   288;     648.29;    1656.61;     649.00;    1640.03;     618.27;    1638.71;     617.56;    1655.29;       10;    0.77;   stop
   378;    2984.79;     498.80;    3014.93;     494.51;    3012.86;     479.95;    2982.73;     484.24;       10;    0.76;   stop
   248;    1049.14;     629.41;    1050.02;     615.16;    1022.73;     613.48;    1021.86;     627.73;       10;    0.76;   stop
 10913;     102.16;    1131.60;     130.80;    1130.41;     130.22;    1116.52;     101.58;    1117.71;       10;    0.76;   move
  7534;    1497.91;    1113.21;    1527.94;    1111.69;    1527.22;    1097.42;    1497.18;    1098.94;       10;    0.76;   stop
  6863;    2535.24;    1079.60;    2535.58;    1064.29;    2501.01;    1063.52;    2500.67;    1078.84;       10;    0.76;   stop
  7312;    2530.97;    1060.15;    2531.22;    1045.26;    2499.66;    1044.72;    2499.40;    1059.62;       10;    0.76;   stop
   264;     769.93;    2010.74;     770.02;    1981.93;     754.23;    1981.88;     754.15;    2010.69;       10;    0.76;   stop
   554;    3131.38;    1681.77;    3138.27;    1643.63;    3117.05;    1639.79;    3110.16;    1677.94;       10;    0.76;   stop
   364;    3595.69;     657.73;    3608.79;     621.72;    3593.99;     616.33;    3580.89;     652.35;       10;    0.76;   stop
   349;    1933.36;    1428.02;    1951.60;    1425.57;    1945.64;    1381.11;    1927.40;    1383.55;        9;    0.76;   stop
  6844;    2374.28;    1061.59;    2411.12;    1061.52;    2411.09;    1045.54;    2374.25;    1045.61;       10;    0.76;   stop
   298;    2331.64;    1167.74;    2331.75;    1153.38;    2300.73;    1153.14;    2300.62;    1167.50;       10;    0.76;   stop
   454;    1982.87;     791.54;    1997.05;     791.23;    1996.44;     763.21;    1982.26;     763.52;       10;    0.76;   stop
   347;    3351.44;    1069.31;    3366.37;    1042.51;    3353.56;    1035.38;    3338.63;    1062.17;       10;    0.76;   stop
   482;    2175.57;     555.57;    2205.65;     549.21;    2202.55;     534.55;    2172.47;     540.91;       10;    0.76;   stop
  6920;    2362.41;    1079.97;    2396.50;    1078.81;    2395.97;    1063.15;    2361.87;    1064.32;       10;    0.76;   stop
   376;    2131.56;    1165.39;    2169.04;    1165.18;    2168.94;    1147.61;    2131.46;    1147.82;       10;    0.76;   stop
   377;    2504.30;    1833.59;    2507.14;    1801.55;    2491.45;    1800.16;    2488.61;    1832.20;       10;    0.76;   stop
   169;     802.43;     617.21;     803.28;     603.32;     774.45;     601.54;     773.59;     615.43;       10;    0.76;   stop
   295;    1960.76;     627.59;    1974.90;     626.23;    1972.24;     598.66;    1958.10;     600.02;       10;    0.76;   stop
   290;    1938.28;     260.60;    1955.44;     260.47;    1955.25;     234.40;    1938.09;     234.53;       10;    0.76;   stop
  6861;     154.62;    1066.58;     183.18;    1065.98;     182.88;    1051.24;     154.32;    1051.83;       10;    0.76;   move
   648;    2096.51;    1104.82;    2129.34;    1103.29;    2128.62;    1087.80;    2095.78;    1089.34;       10;    0.76;   stop
   301;    2458.07;    1321.51;    2485.40;    1320.47;    2484.80;    1304.80;    2457.47;    1305.85;       10;    0.76;   stop
   473;    2545.59;    1659.01;    2547.88;    1628.36;    2531.16;    1627.12;    2528.87;    1657.76;       10;    0.76;   stop
   286;    3269.82;     560.41;    3286.59;     560.16;    3286.11;     528.03;    3269.34;     528.28;       10;    0.76;   stop
   321;    2995.71;    1208.22;    2998.24;    1193.21;    2967.54;    1188.03;    2965.01;    1203.04;       10;    0.76;   stop
   232;     521.88;    1381.61;     522.23;    1367.35;     494.37;    1366.67;     494.02;    1380.93;       10;    0.76;   stop
   322;     515.98;    1402.77;     517.31;    1389.75;     488.08;    1386.76;     486.75;    1399.78;       10;    0.76;   stop
   289;    2567.55;    2001.88;    2601.03;    1987.89;    2594.70;    1972.74;    2561.22;    1986.74;       10;    0.76;   stop
   323;     592.27;    1045.75;     622.47;    1044.33;     621.79;    1029.88;     591.59;    1031.29;       10;    0.75;   stop
   353;    1497.10;    1003.40;    1500.95;     972.95;    1485.27;     970.97;    1481.42;    1001.42;       10;    0.75;   stop
   892;    1931.42;    1335.72;    1947.01;    1311.18;    1934.08;    1302.97;    1918.49;    1327.51;       10;    0.75;   stop
   300;    1442.23;    1680.22;    1442.86;    1665.59;    1415.27;    1664.41;    1414.64;    1679.03;       10;    0.75;   stop
   366;    1807.31;     687.51;    1824.09;     686.33;    1821.94;     655.74;    1805.16;     656.92;       10;    0.75;   stop
   350;    2391.29;      95.75;    2419.01;      93.19;    2417.71;      79.18;    2389.99;      81.75;       10;    0.75;   stop
   249;    1319.32;    1038.33;    1319.33;    1026.07;    1294.05;    1026.05;    1294.04;    1038.31;       10;    0.75;   stop
   363;    2376.19;    1168.40;    2407.15;    1167.94;    2406.94;    1153.60;    2375.97;    1154.06;       10;    0.75;   stop
   244;    1163.67;    1872.05;    1163.73;    1846.11;    1150.08;    1846.08;    1150.02;    1872.02;       10;    0.75;   stop
   411;    1459.18;    1168.20;    1490.04;    1166.90;    1489.44;    1152.67;    1458.58;    1153.98;       10;    0.75;   stop
   320;    2262.85;    1167.83;    2290.93;    1167.52;    2290.77;    1153.05;    2262.70;    1153.35;       10;    0.75;   stop
   311;    3381.57;    1073.21;    3394.06;    1044.78;    3378.75;    1038.04;    3366.25;    1066.47;       10;    0.75;   stop
    25;    3078.54;    1223.33;    3081.42;    1207.06;    3047.56;    1201.05;    3044.67;    1217.32;       10;    0.75;   stop
 10075;    2863.78;    1097.85;    2865.36;    1083.43;    2833.64;    1079.96;    2832.07;    1094.38;       10;    0.75;   stop
   324;     292.39;    1157.39;     324.10;    1155.21;     323.08;    1140.42;     291.37;    1142.60;       10;    0.75;   stop
   352;     169.32;    1154.06;     199.31;    1153.67;     199.12;    1139.07;     169.12;    1139.46;       10;    0.75;   stop
  4426;    1484.96;    1683.57;    1486.34;    1668.58;    1453.54;    1665.55;    1452.16;    1680.54;       10;    0.75;   stop
   407;    2130.37;    1296.56;    2181.05;    1293.06;    2179.70;    1273.51;    2129.02;    1277.00;        9;    0.75;   stop
   333;     531.46;    1160.04;     559.76;    1158.21;     558.86;    1144.33;     530.56;    1146.17;       10;    0.75;   stop
  6939;    1649.98;    1149.60;    1677.82;    1149.51;    1677.77;    1136.40;    1649.93;    1136.49;       10;    0.75;   stop
   293;    2341.67;    1041.43;    2370.73;    1041.11;    2370.58;    1027.45;    2341.52;    1027.76;       10;    0.75;   stop
   315;    3475.01;    1108.38;    3479.37;    1092.12;    3443.74;    1082.56;    3439.38;    1098.82;       10;    0.75;   stop
   332;    1953.66;      79.34;    1968.03;      78.12;    1965.84;      52.29;    1951.47;      53.50;       10;    0.75;   stop
   361;     352.24;    1044.98;     382.53;    1044.48;     382.29;    1029.70;     352.00;    1030.20;       10;    0.75;   stop
  8659;    3171.69;    1591.03;    3195.24;    1553.51;    3177.06;    1542.10;    3153.51;    1579.62;        9;    0.75;   stop
  9764;    1832.24;     559.28;    1852.82;     558.96;    1852.13;     513.97;    1831.55;     514.29;        9;    0.74;   move
   367;    2722.89;      69.48;    2750.42;      66.23;    2748.74;      52.02;    2721.21;      55.27;       10;    0.74;   stop
   280;     805.68;    1044.47;     835.65;    1043.99;     835.41;    1028.91;     805.44;    1029.39;       10;    0.74;   stop
  3511;    2182.21;    1059.83;    2211.71;    1059.73;    2211.66;    1045.05;    2182.16;    1045.15;       10;    0.74;   stop
   413;     584.50;    1046.21;     584.83;    1031.86;     560.19;    1031.29;     559.86;    1045.64;       10;    0.74;   stop
   385;    3563.46;     910.48;    3596.48;     907.78;    3595.29;     893.27;    3562.27;     895.97;       10;    0.74;   stop
   423;    3718.53;     246.90;    3732.63;     214.22;    3717.72;     207.79;    3703.62;     240.47;       10;    0.74;   stop
   596;     311.41;    1046.35;     341.51;    1043.21;     340.15;    1030.21;     310.05;    1033.35;       10;    0.74;   stop
   356;     431.73;    1046.91;     458.19;    1045.47;     457.49;    1032.47;     431.03;    1033.90;       10;    0.74;   stop
 10457;     570.92;    1141.10;     600.61;    1139.93;     600.02;    1124.84;     570.33;    1126.00;       10;    0.74;   stop
   389;    2034.50;    1605.95;    2035.35;    1570.31;    2019.06;    1569.92;    2018.22;    1605.56;       10;    0.74;   stop
   256;    2288.00;     542.91;    2318.44;     540.75;    2317.38;     525.84;    2286.94;     528.00;       10;    0.74;   stop
   369;    2069.17;     555.73;    2098.84;     553.71;    2097.83;     538.89;    2068.16;     540.91;       10;    0.74;   stop
   539;    2854.12;      59.74;    2882.94;      56.53;    2881.27;      41.51;    2852.45;      44.72;       10;    0.74;   stop
 10552;     471.61;    1122.46;     471.71;    1108.06;     441.99;    1107.85;     441.89;    1122.25;       10;    0.74;   move
   334;    3105.00;    1092.58;    3106.89;    1079.26;    3082.97;    1075.86;    3081.07;    1089.18;       10;    0.74;   stop
   351;    3708.27;     447.69;    3742.64;     444.24;    3741.10;     428.87;    3706.73;     432.33;       10;    0.74;   stop
   391;    2894.25;    1878.20;    2932.97;    1862.99;    2925.75;    1844.61;    2887.03;    1859.83;       10;    0.74;   stop
   386;    3668.12;     904.08;    3700.87;     903.58;    3700.63;     888.42;    3667.88;     888.92;       10;    0.73;   stop
   410;     762.60;    1659.05;     762.71;    1643.05;     730.84;    1642.83;     730.73;    1658.83;       10;    0.73;   stop
   541;    3553.85;    1294.36;    3558.39;    1278.62;    3529.90;    1270.41;    3525.36;    1286.14;       10;    0.73;   stop
 10978;      32.31;    1125.47;      63.36;    1124.73;      63.02;    1110.47;      31.97;    1111.21;       10;    0.73;   move
  7952;    1151.36;    1078.91;    1181.69;    1078.24;    1181.33;    1061.97;    1151.00;    1062.63;       10;    0.73;   move
   373;    1941.85;    1574.78;    1960.16;    1574.51;    1959.56;    1534.15;    1941.24;    1534.43;       10;    0.73;   stop
   444;    3342.65;    1370.55;    3343.61;    1356.65;    3316.41;    1354.77;    3315.45;    1368.66;       10;    0.73;   stop
 10870;    3746.78;    1263.22;    3751.04;    1246.65;    3713.84;    1237.09;    3709.58;    1253.66;       10;    0.73;   move
   335;     116.38;    1629.41;     117.91;    1613.58;      87.06;    1610.59;      85.53;    1626.42;       10;    0.73;   stop
   447;    3759.51;     254.23;    3770.80;     226.56;    3757.37;     221.08;    3746.08;     248.75;       10;    0.73;   stop
    32;    1107.91;    1667.33;    1108.19;    1652.00;    1076.84;    1651.42;    1076.56;    1666.75;       10;    0.73;   stop
   368;    2590.31;      81.49;    2617.18;      79.00;    2615.81;      64.20;    2588.94;      66.69;       10;    0.73;   stop
   397;     980.91;    1167.91;     980.92;    1151.86;     947.34;    1151.84;     947.33;    1167.89;       10;    0.73;   stop
   330;     851.78;    1662.91;     852.60;    1649.12;     823.53;    1647.40;     822.71;    1661.19;       10;    0.73;   stop
   340;    1327.23;    1638.16;    1327.82;    1624.32;    1301.90;    1623.21;    1301.30;    1637.05;       10;    0.73;   stop
   466;    1968.18;    2009.72;    1979.34;    1979.39;    1964.45;    1973.90;    1953.28;    2004.24;       10;    0.73;   stop
  8494;    3138.50;      33.45;    3172.60;      29.99;    3170.87;      12.96;    3136.77;      16.41;       10;    0.73;   stop
   355;    3198.85;     481.60;    3230.55;     477.26;    3228.65;     463.40;    3196.95;     467.74;       10;    0.73;   stop
   403;     749.03;    2012.50;     750.78;    1980.94;     735.93;    1980.12;     734.19;    2011.68;       10;    0.73;   stop
   209;    2679.07;    1047.60;    2680.12;    1032.56;    2647.43;    1030.27;    2646.38;    1045.32;       10;    0.72;   stop
  7909;    1919.26;    2068.19;    1933.04;    2036.12;    1919.24;    2030.18;    1905.46;    2062.26;       10;    0.72;   stop
 10893;    2185.54;     119.49;    2188.23;     104.56;    2162.21;      99.88;    2159.52;     114.81;       10;    0.72;   stop
  9651;    2813.72;    1097.06;    2815.42;    1078.83;    2775.66;    1075.13;    2773.96;    1093.36;        9;    0.72;   stop
   225;    1793.59;     304.60;    1812.99;     286.64;    1803.04;     275.90;    1783.64;     293.86;       10;    0.72;   stop
   429;    3259.87;      60.92;    3286.06;      58.39;    3284.81;      45.49;    3258.63;      48.01;       10;    0.72;   stop
   524;    1425.80;    1169.29;    1456.12;    1167.68;    1455.32;    1152.71;    1425.01;    1154.32;       10;    0.72;   stop
  3837;    2404.84;    1081.05;    2435.83;    1080.70;    2435.66;    1065.45;    2404.67;    1065.80;       10;    0.72;   stop
   450;     269.49;      43.99;     301.42;      40.91;     300.04;      26.55;     268.11;      29.63;       10;    0.72;   stop
   409;     230.47;    1040.40;     231.08;    1027.11;     203.83;    1025.85;     203.22;    1039.14;       10;    0.72;   stop
  4491;    2243.21;    1060.71;    2275.07;    1059.34;    2274.42;    1044.17;    2242.56;    1045.54;       10;    0.72;   stop
   471;    1605.33;    1685.44;    1606.08;    1670.85;    1576.17;    1669.31;    1575.42;    1683.90;       10;    0.72;   stop
   460;    3565.60;    2117.88;    3598.13;    2103.57;    3590.34;    2085.87;    3557.81;    2100.18;       10;    0.72;   stop
  6928;    1483.46;    1042.54;    1512.77;    1041.80;    1512.41;    1027.46;    1483.10;    1028.20;       10;    0.71;   stop
   486;    3293.18;    1000.16;    3310.25;     994.59;    3298.38;     958.27;    3281.31;     963.85;       10;    0.71;   stop
   339;    3033.48;    1214.65;    3035.79;    1199.83;    3003.08;    1194.72;    3000.77;    1209.54;       10;    0.71;   stop
   401;     614.19;    1654.30;     614.76;    1639.29;     585.81;    1638.20;     585.24;    1653.21;       10;    0.71;   stop
   425;    1232.20;    1674.84;    1233.43;    1659.72;    1205.12;    1657.41;    1203.88;    1672.53;       10;    0.71;   stop
   465;    2701.68;    1382.53;    2718.20;    1381.42;    2715.94;    1347.85;    2699.42;    1348.96;       10;    0.71;   stop
   537;    2680.43;    1386.39;    2696.74;    1359.21;    2683.24;    1351.11;    2666.93;    1378.29;       10;    0.71;   stop
   307;     892.32;     622.50;     894.08;     607.38;     862.96;     603.75;     861.20;     618.88;       10;    0.71;   stop
 10093;    2139.42;     552.76;    2171.22;     550.42;    2170.08;     535.11;    2138.28;     537.46;       10;    0.71;   stop
   303;     260.03;    1177.95;     275.75;    1173.10;     266.84;    1144.24;     251.12;    1149.09;       10;    0.71;   stop
   540;    3286.47;    1080.92;    3304.50;    1050.50;    3291.03;    1042.52;    3273.00;    1072.93;       10;    0.71;   stop
   520;    1711.84;    1690.96;    1712.92;    1675.96;    1684.59;    1673.91;    1683.50;    1688.92;       10;    0.71;   stop
   457;    2545.66;      78.65;    2561.88;      77.70;    2560.34;      51.29;    2544.12;      52.24;       10;    0.71;   stop
  8294;    3306.85;    1144.08;    3309.46;    1124.18;    3263.15;    1118.11;    3260.54;    1138.01;        9;    0.71;   move
  1346;    1810.26;     716.07;    1826.11;     714.63;    1823.49;     685.68;    1807.64;     687.12;       10;    0.71;   stop
   435;    2599.97;     975.58;    2616.66;     974.45;    2614.03;     935.79;    2597.34;     936.93;       10;    0.71;   stop
   459;    1926.26;    1381.20;    1944.27;    1378.79;    1939.24;    1341.30;    1921.23;    1343.71;       10;    0.71;   stop
  2210;    1067.61;    1667.51;    1068.17;    1655.06;    1045.51;    1654.05;    1044.96;    1666.50;       10;    0.71;   stop
  1515;    1649.35;    1041.20;    1672.90;    1040.98;    1672.78;    1027.68;    1649.22;    1027.89;       10;    0.70;   stop
   432;    2441.35;    1169.37;    2471.20;    1169.27;    2471.15;    1154.88;    2441.30;    1154.98;       10;    0.70;   stop
   404;    3555.51;     760.91;    3565.17;     731.67;    3550.74;     726.90;    3541.08;     756.14;       10;    0.70;   stop
   393;    2220.19;    1042.04;    2220.23;    1029.17;    2194.50;    1029.09;    2194.46;    1041.96;       10;    0.70;   stop
  1869;    3838.57;      65.14;    3847.37;      40.47;    3835.81;      36.35;    3827.01;      61.01;       10;    0.70;   stop
   437;    3613.76;     611.69;    3626.12;     581.74;    3612.49;     576.12;    3600.13;     606.07;       10;    0.70;   stop
   422;     658.57;    1657.21;     686.90;    1656.92;     686.74;    1640.91;     658.41;    1641.20;       10;    0.70;   stop
   421;    1162.58;    1835.79;    1163.67;    1809.81;    1149.30;    1809.21;    1148.20;    1835.19;       10;    0.70;   stop
   498;    2305.02;     584.34;    2337.57;     581.93;    2336.35;     565.41;    2303.80;     567.82;       10;    0.70;   stop
   488;    3677.83;     491.49;    3714.37;     489.19;    3713.42;     474.13;    3676.88;     476.44;       10;    0.70;   stop
  9839;    1898.27;     852.58;    1913.92;     851.09;    1910.98;     820.29;    1895.33;     821.79;       10;    0.69;   stop
   490;    1500.82;     968.53;    1502.91;     938.31;    1487.18;     937.22;    1485.09;     967.44;       10;    0.69;   stop
   495;     820.64;    1662.11;     821.56;    1646.00;     791.06;    1644.27;     790.14;    1660.38;       10;    0.69;   stop
   405;    1698.76;    1169.26;    1732.23;    1169.22;    1732.22;    1153.87;    1698.75;    1153.90;       10;    0.69;   stop
  9205;    3685.83;    1223.27;    3689.41;    1208.61;    3654.79;    1200.17;    3651.22;    1214.83;       10;    0.69;   move
   384;    1906.64;    1219.40;    1920.16;    1216.25;    1913.86;    1189.22;    1900.34;    1192.37;       10;    0.69;   stop
  2541;     483.01;      17.98;     515.63;      15.38;     514.49;       1.00;     481.87;       3.60;       10;    0.69;   stop
   463;    3750.96;     171.54;    3761.93;     142.18;    3749.04;     137.36;    3738.07;     166.73;       10;    0.68;   stop
  9242;     744.74;    1124.21;     774.43;    1123.34;     774.01;    1108.92;     744.32;    1109.78;       10;    0.68;   stop
   536;     887.98;    1170.10;     888.47;    1158.64;     867.02;    1157.72;     866.53;    1169.17;       10;    0.68;   stop
   484;     104.05;    1154.22;     141.55;    1152.69;     140.87;    1136.09;     103.37;    1137.62;       10;    0.68;   stop
  8243;    3069.87;    1126.21;    3071.65;    1111.95;    3046.38;    1108.79;    3044.60;    1123.05;       10;    0.68;   move
 10901;    3298.32;      15.25;    3329.00;      14.94;    3328.86;       2.09;    3298.19;       2.41;       10;    0.68;   stop
 10378;    2664.99;    1084.50;    2665.92;    1069.51;    2641.67;    1068.00;    2640.74;    1082.99;       10;    0.68;   stop
   365;     393.23;     545.55;     397.81;     529.90;     368.49;     521.32;     363.91;     536.97;       10;    0.68;   stop
   472;    3625.89;     907.19;    3661.33;     905.03;    3660.36;     889.06;    3624.92;     891.22;       10;    0.68;   stop
   434;     676.21;    1040.36;     704.70;    1035.95;     702.85;    1024.01;     674.36;    1028.43;       10;    0.68;   stop
   477;     696.03;    1656.71;     724.33;    1656.62;     724.28;    1640.48;     695.98;    1640.57;       10;    0.68;   stop
   449;    1372.53;    1678.41;    1373.22;    1665.32;    1347.72;    1663.96;    1347.03;    1677.06;       10;    0.68;   stop
   500;    2313.69;    1329.23;    2314.62;    1310.48;    2271.44;    1308.33;    2270.50;    1327.08;        9;    0.68;   stop
   390;    1447.59;    1042.57;    1474.44;    1041.73;    1474.03;    1028.56;    1447.18;    1029.39;       10;    0.68;   stop
   565;    3145.00;    1739.86;    3153.32;    1698.38;    3132.50;    1694.20;    3124.18;    1735.68;        9;    0.68;   stop
 10157;    2625.80;    1082.83;    2626.49;    1067.25;    2596.07;    1065.92;    2595.39;    1081.50;       10;    0.67;   stop
   516;    3562.34;     799.85;    3572.53;     777.07;    3559.85;     771.40;    3549.66;     794.18;       10;    0.67;   stop
   464;    1222.33;    1635.05;    1222.39;    1621.94;    1196.42;    1621.82;    1196.36;    1634.93;       10;    0.67;   stop
 10962;    2544.74;    1390.85;    2544.91;    1358.75;    2527.51;    1358.65;    2527.34;    1390.75;       10;    0.67;   stop
   342;    2544.50;      48.34;    2559.57;      48.16;    2559.25;      20.85;    2544.18;      21.02;       10;    0.67;   stop
  8054;    3272.93;     594.27;    3289.02;     594.07;    3288.63;     563.54;    3272.55;     563.75;       10;    0.67;   stop
   489;    1774.37;    1654.78;    1803.21;    1654.62;    1803.13;    1640.35;    1774.29;    1640.50;       10;    0.67;   stop
  8456;    1252.61;    1116.15;    1279.04;    1113.34;    1277.51;    1098.97;    1251.08;    1101.78;       10;    0.67;   stop
   657;    1694.89;    1168.21;    1695.65;    1153.47;    1680.06;    1152.67;    1679.31;    1167.41;       10;    0.67;   move
   467;     830.99;    1455.03;     831.92;    1440.94;     803.07;    1439.03;     802.14;    1453.12;       10;    0.66;   stop
   441;     378.20;    1609.22;     406.56;    1609.09;     406.49;    1595.15;     378.13;    1595.28;       10;    0.66;   stop
   461;     633.58;    1194.57;     661.21;    1194.37;     661.10;    1180.11;     633.48;    1180.31;       10;    0.66;   stop
  3747;    2170.24;    1081.72;    2213.06;    1081.46;    2212.95;    1063.65;    2170.13;    1063.92;        9;    0.66;   stop
   576;    1820.92;     893.54;    1837.67;     893.17;    1836.92;     859.77;    1820.18;     860.15;       10;    0.66;   stop
   513;    1090.61;    1037.44;    1116.15;    1037.29;    1116.08;    1025.81;    1090.54;    1025.96;       10;    0.66;   stop
   529;    2255.82;    1368.59;    2256.50;    1330.03;    2239.31;    1329.72;    2238.63;    1368.28;       10;    0.66;   stop
   446;     409.78;     492.75;     414.49;     462.41;     397.41;     459.75;     392.70;     490.09;       10;    0.65;   stop
   438;    2357.49;     107.49;    2377.86;      93.01;    2364.88;      74.76;    2344.51;      89.24;       10;    0.65;   stop
 10198;    2049.90;     119.52;    2074.97;     117.64;    2073.97;     104.36;    2048.91;     106.23;       10;    0.65;   stop
   453;     142.65;    1045.57;     168.80;    1043.33;     167.66;    1030.06;     141.51;    1032.30;       10;    0.65;   stop
   452;    3325.30;     955.85;    3359.31;     942.17;    3353.45;     927.59;    3319.44;     941.26;       10;    0.65;   stop
   515;    3669.23;     946.08;    3704.31;     943.84;    3703.27;     927.51;    3668.18;     929.76;       10;    0.65;   stop
  7448;       3.31;    1149.84;      33.35;    1148.87;      32.87;    1133.91;       2.83;    1134.88;       10;    0.65;   stop
   455;    1916.47;    1252.10;    1931.65;    1249.40;    1926.53;    1220.65;    1911.35;    1223.35;       10;    0.65;   stop
   430;     197.43;    1039.50;     197.59;    1026.14;     169.83;    1025.82;     169.68;    1039.18;       10;    0.65;   stop
   553;    3022.16;    1799.86;    3048.33;    1758.05;    3031.09;    1747.26;    3004.92;    1789.08;        9;    0.65;   stop
  1195;    3151.49;    1538.02;    3163.65;    1466.63;    3136.33;    1461.98;    3124.17;    1533.37;        9;    0.65;   stop
   527;    2581.66;     696.75;    2595.41;     696.65;    2595.21;     670.13;    2581.47;     670.23;       10;    0.64;   stop
   474;    1676.47;    1043.08;    1707.87;    1042.40;    1707.53;    1026.92;    1676.13;    1027.60;       10;    0.64;   stop
  2898;    1742.78;    1172.42;    1777.14;    1172.01;    1776.97;    1157.45;    1742.61;    1157.86;       10;    0.64;   stop
 10854;    1933.06;    1428.71;    1953.08;    1425.77;    1946.41;    1380.41;    1926.39;    1383.36;       10;    0.64;   stop
   505;    2551.37;     154.87;    2564.96;     153.69;    2562.50;     125.25;    2548.91;     126.43;       10;    0.64;   stop
   535;    2095.71;    1530.19;    2127.55;    1530.16;    2127.54;    1512.94;    2095.70;    1512.96;       10;    0.64;   stop
   436;    1264.61;    1637.03;    1292.66;    1636.76;    1292.52;    1622.10;    1264.47;    1622.37;       10;    0.64;   stop
 10799;    2388.75;    1291.14;    2422.56;    1288.72;    2421.37;    1272.18;    2387.57;    1274.59;       10;    0.64;   stop
   531;    3023.75;     496.85;    3058.31;     493.88;    3056.88;     477.22;    3022.32;     480.18;       10;    0.64;   stop
  4683;    1908.66;     467.46;    1926.32;     466.98;    1925.34;     430.29;    1907.68;     430.77;       10;    0.64;   move
   458;    2564.22;     436.86;    2580.52;     435.51;    2577.78;     402.39;    2561.48;     403.74;       10;    0.64;   stop
  3887;    2553.38;     120.40;    2580.57;     116.10;    2578.49;     102.91;    2551.30;     107.21;       10;    0.63;   stop
   506;    3410.82;    1010.06;    3424.34;     984.82;    3412.31;     978.37;    3398.78;    1003.62;       10;    0.63;   stop
   483;    1414.25;    1641.23;    1440.19;    1640.64;    1439.88;    1626.90;    1413.94;    1627.48;       10;    0.63;   stop
  3996;     256.27;    1874.80;     270.41;    1874.65;     270.13;    1848.95;     256.00;    1849.10;       10;    0.62;   stop
 10479;    3264.20;     531.99;    3281.55;     501.24;    3266.42;     492.70;    3249.07;     523.45;        9;    0.62;   stop
   494;    2032.12;    1517.37;    2032.49;    1493.33;    2019.76;    1493.13;    2019.39;    1517.17;       10;    0.62;   stop
   502;     310.20;      38.86;     339.38;      36.24;     338.09;      21.85;     308.91;      24.46;       10;    0.62;   stop
 10707;    3234.76;     235.17;    3249.47;     232.75;    3244.30;     201.24;    3229.59;     203.65;       10;    0.62;   move
   431;    2591.74;     929.09;    2612.98;     927.95;    2611.01;     891.16;    2589.77;     892.30;       10;    0.62;   stop
   491;    1389.64;     858.54;    1391.18;     844.37;    1363.23;     841.34;    1361.70;     855.50;       10;    0.62;   stop
   344;    2015.64;    1850.40;    2020.70;    1803.49;    2000.79;    1801.35;    1995.74;    1848.26;        9;    0.61;   stop
  8619;    2810.18;    1940.98;    2857.74;    1923.03;    2850.44;    1903.71;    2802.89;    1921.65;        9;    0.61;   stop
   610;    2561.11;     363.53;    2575.93;     362.56;    2574.14;     335.09;    2559.32;     336.06;       10;    0.61;   stop
  8940;     726.17;    1145.05;     771.22;    1144.48;     771.02;    1128.38;     725.96;    1128.96;        9;    0.61;   stop
   507;     681.33;    1217.94;     682.09;    1191.85;     667.73;    1191.43;     666.97;    1217.52;       10;    0.61;   stop
  9909;    1831.30;     780.36;    1846.37;     779.52;    1844.82;     751.89;    1829.75;     752.73;       10;    0.60;   stop
   517;     731.50;    2014.02;     733.24;    1983.36;     718.81;    1982.54;     717.07;    2013.20;       10;    0.60;   stop
 10837;     274.01;    1630.64;     276.62;    1601.35;     261.30;    1599.98;     258.69;    1629.28;       10;    0.60;   move
   590;    1496.54;    1168.55;    1527.82;    1167.74;    1527.46;    1153.45;    1496.18;    1154.26;       10;    0.59;   stop
  9190;    1690.10;    1134.32;    1690.12;    1117.95;    1679.17;    1117.93;    1679.15;    1134.30;       10;    0.59;   stop
   532;    3512.71;     883.56;    3523.63;     847.19;    3504.47;     841.44;    3493.56;     877.81;       10;    0.59;   stop
   543;    2000.09;    1004.29;    2014.57;    1000.65;    2007.16;     971.21;    1992.68;     974.85;       10;    0.59;   stop
   479;     555.42;    1616.60;     555.92;    1602.89;     527.39;    1601.84;     526.89;    1615.55;       10;    0.59;   stop
   547;    3474.63;     463.97;    3503.99;     460.30;    3502.24;     446.34;    3472.88;     450.02;       10;    0.59;   stop
 10431;     526.81;    1119.74;     556.34;    1119.04;     556.00;    1104.95;     526.48;    1105.65;       10;    0.59;   move
   514;    3584.20;     950.16;    3617.86;     949.77;    3617.67;     933.28;    3584.01;     933.67;       10;    0.59;   stop
   120;    3161.80;    1236.88;    3164.99;    1220.38;    3130.70;    1213.75;    3127.51;    1230.24;       10;    0.59;   stop
  9963;    2508.65;    1736.47;    2511.32;    1705.08;    2496.10;    1703.78;    2493.43;    1735.17;       10;    0.59;   stop
   587;    2550.69;     186.00;    2565.70;     185.85;    2565.44;     158.25;    2550.42;     158.40;       10;    0.58;   stop
   399;    2771.27;      65.50;    2808.29;      62.44;    2806.86;      45.12;    2769.84;      48.19;       10;    0.58;   stop
   549;    3699.97;     301.33;    3717.04;     261.66;    3700.66;     254.61;    3683.58;     294.27;        9;    0.58;   stop
  7550;    1065.22;    1171.68;    1096.62;    1170.42;    1095.91;    1152.57;    1064.50;    1153.83;       10;    0.58;   stop
  1789;    1219.37;    1464.28;    1221.52;    1434.93;    1205.00;    1433.72;    1202.86;    1463.07;       10;    0.58;   stop
  9911;    3382.26;    1326.30;    3425.97;    1318.43;    3422.12;    1297.06;    3378.41;    1304.93;       10;    0.58;   stop
  9522;    1875.25;     860.54;    1893.85;     858.31;    1889.00;     817.96;    1870.40;     820.19;        9;    0.58;   stop
 10842;     327.15;      53.22;     354.82;      47.31;     352.07;      34.43;     324.40;      40.34;       10;    0.58;   move
   544;    2589.93;     846.38;    2605.12;     845.80;    2603.82;     811.87;    2588.63;     812.45;       10;    0.57;   stop
   578;    2295.27;     104.95;    2328.63;     101.60;    2326.98;      85.17;    2293.62;      88.52;       10;    0.57;   stop
   579;    3216.26;    1345.91;    3234.46;    1298.54;    3213.11;    1290.34;    3194.92;    1337.71;        9;    0.57;   stop
 10912;    3111.08;    1656.31;    3135.64;    1620.90;    3117.67;    1608.44;    3093.11;    1643.85;        9;    0.57;   stop
   271;    1831.32;    2138.05;    1843.77;    2113.93;    1831.68;    2107.70;    1819.23;    2131.82;       10;    0.56;   stop
   538;    3325.16;     937.52;    3337.57;     926.98;    3317.03;     902.79;    3304.62;     913.34;       10;    0.56;   stop
   511;    2773.77;    2067.26;    2788.72;    2059.42;    2772.11;    2027.74;    2757.16;    2035.58;       10;    0.56;   stop
  8776;    2635.62;    1042.47;    2639.32;    1029.14;    2613.25;    1021.90;    2609.55;    1035.23;       10;    0.56;   stop
   627;    3384.47;    1325.22;    3426.50;    1316.80;    3422.71;    1297.91;    3380.69;    1306.33;        9;    0.56;   stop
  9886;    3111.62;    1657.66;    3138.39;    1620.25;    3119.47;    1606.72;    3092.71;    1644.12;       10;    0.55;   stop
   521;    2588.12;    2067.81;    2631.89;    2053.51;    2624.76;    2031.69;    2580.98;    2045.99;        9;    0.55;   stop
  5256;    1786.35;     242.49;    1801.15;     241.83;    1799.78;     210.89;    1784.97;     211.55;       10;    0.55;   stop
 10949;    1876.28;     860.84;    1894.60;     858.84;    1890.22;     818.79;    1871.90;     820.79;       10;    0.55;   stop
  2526;     409.71;      26.53;     432.71;       9.75;     424.20;      -1.92;     401.19;      14.86;       10;    0.53;   stop
   581;    1541.47;    1771.67;    1546.71;    1758.80;    1518.53;    1747.33;    1513.29;    1760.20;       10;    0.53;   stop
   545;     204.78;    1598.71;     205.97;    1587.27;     184.52;    1585.04;     183.33;    1596.48;       10;    0.53;   stop
   600;    2558.16;     285.79;    2571.61;     285.72;    2571.46;     258.71;    2558.02;     258.78;       10;    0.53;   stop
   522;    3118.87;    1097.09;    3120.81;    1082.34;    3109.88;    1080.91;    3107.94;    1095.66;       10;    0.53;   stop
   568;    3712.23;     375.35;    3720.90;     346.54;    3705.27;     341.84;    3696.60;     370.65;       10;    0.53;   stop
   552;     716.06;    2011.78;     716.27;    1981.14;     700.50;    1981.03;     700.29;    2011.67;       10;    0.53;   stop
   504;     361.12;     536.23;     363.70;     521.23;     331.22;     515.64;     328.64;     530.64;       10;    0.52;   stop
  6482;    3748.62;     445.69;    3779.36;     442.14;    3777.63;     427.13;    3746.89;     430.67;       10;    0.52;   stop
   525;     550.89;    1653.00;     577.89;    1652.95;     577.86;    1637.63;     550.86;    1637.68;       10;    0.52;   stop
   575;    1386.96;     870.61;    1387.85;     858.25;    1360.29;     856.26;    1359.40;     868.62;       10;    0.52;   stop
 10061;    3304.83;    1038.31;    3305.95;    1009.76;    3291.42;    1009.19;    3290.30;    1037.74;       10;    0.51;   stop
   654;     571.78;     607.07;     573.29;     596.83;     553.22;     593.87;     551.71;     604.11;       10;    0.51;   stop
   616;    1572.30;    1684.46;    1573.36;    1669.94;    1547.33;    1668.04;    1546.27;    1682.56;       10;    0.50;   stop
   673;    1141.09;    1634.42;    1141.32;    1621.05;    1114.54;    1620.58;    1114.30;    1633.95;       10;    0.49;   stop
   469;     427.04;    1647.61;     427.55;    1632.77;     398.43;    1631.76;     397.92;    1646.61;       10;    0.49;   stop
  9991;    3104.51;    1567.53;    3123.58;    1563.86;    3115.81;    1523.41;    3096.73;    1527.08;       10;    0.49;   stop
 11006;     665.85;    1083.25;     698.07;    1079.54;     696.34;    1064.56;     664.12;    1068.28;       10;    0.49;   move
   570;     337.69;    1360.45;     338.12;    1347.44;     312.00;    1346.58;     311.57;    1359.59;       10;    0.48;   stop
  6407;     247.61;    1736.63;     267.75;    1731.28;     260.52;    1704.00;     240.37;    1709.34;       10;    0.48;   stop
   567;    1408.46;    1679.85;    1409.72;    1667.53;    1382.66;    1664.78;    1381.41;    1677.10;       10;    0.48;   stop
 10998;    2565.14;     398.26;    2580.15;     397.71;    2579.11;     368.99;    2564.10;     369.54;       10;    0.48;   stop
  9023;     818.61;    1125.55;     818.70;    1111.52;     786.39;    1111.32;     786.30;    1125.35;       10;    0.48;   stop
  8647;    2389.98;    1323.84;    2390.36;    1306.56;    2357.14;    1305.85;    2356.77;    1323.12;       10;    0.47;   stop
  9345;     160.32;      58.07;     193.67;      54.72;     192.18;      39.90;     158.83;      43.25;       10;    0.47;   stop
  2546;     445.63;      21.88;     476.23;      20.25;     475.47;       6.01;     444.87;       7.65;       10;    0.46;   stop
  3633;    2519.26;      74.88;    2521.01;      52.20;    2506.86;      51.12;    2505.12;      73.80;       10;    0.46;   stop
 10896;     891.13;     785.44;     893.35;     772.14;     868.56;     767.99;     866.34;     781.30;       10;    0.46;   stop
  7425;     286.85;    2103.08;     287.06;    2072.67;     270.02;    2072.55;     269.81;    2102.96;       10;    0.46;   stop
 10816;    3798.85;    1168.30;    3814.60;    1167.84;    3813.65;    1135.13;    3797.90;    1135.59;       10;    0.45;   stop
   615;    3773.81;    1173.86;    3790.34;    1172.74;    3788.06;    1138.95;    3771.53;    1140.07;       10;    0.45;   stop
  9374;     221.90;      50.14;     255.59;      46.66;     254.11;      32.36;     220.43;      35.84;       10;    0.45;   stop
  9838;    3508.51;     459.65;    3537.77;     455.44;    3535.86;     442.22;    3506.61;     446.44;       10;    0.45;   stop
  9327;     924.71;     623.43;     925.51;     610.97;     900.60;     609.38;     899.80;     621.84;       10;    0.44;   stop
   551;     486.16;    1235.36;     486.33;    1221.21;     460.72;    1220.89;     460.54;    1235.04;       10;    0.44;   stop
  3279;    1777.84;      80.64;    1794.48;      78.64;    1790.28;      43.67;    1773.64;      45.67;       10;    0.43;   stop
   584;     838.49;    1922.74;     872.76;    1922.11;     872.45;    1905.07;     838.18;    1905.70;       10;    0.43;   stop
   592;     870.92;    1587.71;     870.99;    1555.58;     854.69;    1555.54;     854.62;    1587.67;       10;    0.43;   stop
 11040;    1909.01;     467.26;    1926.50;     466.90;    1925.74;     430.49;    1908.25;     430.85;        9;    0.43;   stop
 10407;    2414.27;    2142.11;    2461.87;    2123.56;    2453.23;    2101.39;    2405.63;    2119.94;        9;    0.42;   stop
 10857;     546.54;     603.38;     549.13;     591.38;     521.27;     585.37;     518.68;     597.37;       10;    0.42;   stop
 11031;    2813.63;    1096.76;    2815.03;    1078.72;    2775.00;    1075.62;    2773.60;    1093.65;       10;    0.41;   stop
  8071;    1289.60;    1077.55;    1336.59;    1076.58;    1336.15;    1055.45;    1289.16;    1056.42;        9;    0.41;   move
 10760;    1187.07;    1550.02;    1192.39;    1524.01;    1178.80;    1521.23;    1173.49;    1547.24;       10;    0.41;   stop
 10880;     458.62;    1647.30;     459.12;    1634.91;     435.29;    1633.95;     434.79;    1646.34;       10;    0.41;   stop
   577;     188.61;    1634.24;     189.39;    1622.27;     166.24;    1620.76;     165.45;    1632.73;       10;    0.40;   stop
 10945;    1671.77;    1652.13;    1672.46;    1635.35;    1639.10;    1633.99;    1638.42;    1650.78;       10;    0.40;   stop
  3214;    2123.40;    1057.19;    2125.73;    1038.97;    2079.60;    1033.06;    2077.27;    1051.28;        9;    0.40;   stop
  8641;    1044.27;     994.85;    1061.24;     981.31;    1046.35;     962.65;    1029.38;     976.19;       10;    0.39;   stop
 10056;     271.63;    1043.13;     293.82;    1042.89;     293.69;    1030.62;     271.49;    1030.86;       10;    0.39;   stop
 10904;     520.23;      12.67;     548.26;      11.17;     547.58;      -1.42;     519.56;       0.08;       10;    0.39;   stop
 10040;     808.18;    2085.78;     818.28;    2085.35;     817.44;    2065.47;     807.34;    2065.90;       10;    0.39;   stop
 10861;    1074.87;     288.96;    1104.48;     287.61;    1103.88;     274.48;    1074.27;     275.83;       10;    0.39;   stop
 10957;    1088.05;    1632.33;    1088.41;    1621.01;    1058.45;    1620.05;    1058.09;    1631.36;       10;    0.38;   stop
 11008;    2559.05;     332.04;    2574.79;     330.49;    2571.70;     299.09;    2555.96;     300.64;       10;    0.38;   stop
   569;     453.56;    1220.13;     479.38;    1219.88;     479.25;    1206.12;     453.43;    1206.37;       10;    0.37;   stop
 10833;    2623.25;    1324.25;    2624.03;    1313.07;    2603.12;    1311.62;    2602.35;    1322.81;       10;    0.37;   stop
 10124;     641.86;    1121.61;     642.45;    1109.10;     614.39;    1107.76;     613.80;    1120.28;       10;    0.37;   move
 10992;     518.41;    1653.06;     538.27;    1652.87;     538.16;    1641.31;     518.29;    1641.50;       10;    0.36;   stop
 10730;    2530.01;    1623.95;    2530.17;    1598.15;    2514.11;    1598.05;    2513.95;    1623.85;       10;    0.36;   move
  9821;     564.70;    1159.68;     590.19;    1158.22;     589.36;    1143.76;     563.87;    1145.22;       10;    0.36;   stop
   557;    3631.76;     947.44;    3663.52;     944.12;    3661.99;     929.44;    3630.23;     932.75;       10;    0.35;   stop