vehicle_id; veh_bb_x1; veh_bb_y1; veh_bb_x2; veh_bb_y2; veh_bb_x3; veh_bb_y3; veh_bb_x4; veh_bb_y4; det_class; conf_score; state
     1;    2954.41;    1200.55;    2956.71;    1176.80;    2896.34;    1170.95;    2894.04;    1194.70;        9;    0.85;   stop
 11836;    2981.50;    1092.95;    2983.69;    1076.97;    2952.41;    1072.68;    2950.21;    1088.65;       10;    0.85;   move
    28;    3080.44;    1708.86;    3102.20;    1653.88;    3076.31;    1643.64;    3054.55;    1698.62;        9;    0.84;   stop
 11053;    2910.52;    1102.57;    2912.87;    1083.81;    2874.32;    1078.99;    2871.98;    1097.76;       10;    0.84;   move
    24;    3178.24;    1107.78;    3180.66;    1089.98;    3144.26;    1085.04;    3141.84;    1102.83;       10;    0.84;   stop
     4;    3119.40;    1229.83;    3121.76;    1212.94;    3084.04;    1207.67;    3081.68;    1224.56;       10;    0.84;   stop
 12160;    1987.99;    1876.79;    1994.78;    1841.08;    1978.39;    1837.96;    1971.60;    1873.67;       10;    0.84;   stop
 12054;    1999.60;     583.12;    2001.20;     566.64;    1966.21;     563.25;    1964.61;     579.73;       10;    0.83;   stop
 11179;    2997.71;    1121.27;    3000.85;    1101.41;    2960.10;    1094.98;    2956.97;    1114.84;       10;    0.83;   move
 11329;    3068.07;    1130.11;    3070.96;    1111.92;    3032.71;    1105.83;    3029.82;    1124.01;       10;    0.83;   move
  8077;    2004.82;    1729.33;    2009.21;    1698.43;    1994.18;    1696.29;    1989.79;    1727.20;       10;    0.83;   stop
     9;    2964.87;    1070.81;    2966.39;    1054.08;    2929.66;    1050.75;    2928.14;    1067.48;       10;    0.83;   stop
 12045;    3655.76;    1243.01;    3659.82;    1223.61;    3619.24;    1215.12;    3615.18;    1234.52;       10;    0.83;   stop
 12003;    3100.24;    1112.26;    3102.48;    1097.22;    3072.26;    1092.74;    3070.02;    1107.78;       10;    0.83;   move
    38;    3138.84;    1099.59;    3141.05;    1083.63;    3108.66;    1079.16;    3106.45;    1095.12;       10;    0.83;   stop
  3352;    1948.56;    1308.72;    1965.03;    1306.48;    1960.72;    1274.85;    1944.25;    1277.09;       10;    0.83;   move
    51;    1984.46;    1969.46;    1995.05;    1933.73;    1977.98;    1928.67;    1967.38;    1964.39;       10;    0.83;   stop
    55;    2888.15;    1328.67;    2888.98;    1311.60;    2856.85;    1310.02;    2856.02;    1327.09;       10;    0.83;   stop
    34;    3403.93;    1264.90;    3405.06;    1247.97;    3371.38;    1245.72;    3370.25;    1262.65;       10;    0.83;   stop
 11368;    1886.65;     681.43;    1903.11;     679.86;    1900.10;     648.32;    1883.64;     649.89;       10;    0.83;   move
    52;    1944.12;     231.43;    1959.53;     225.36;    1946.88;     193.26;    1931.47;     199.33;       10;    0.83;   stop
 10552;    1267.82;    1148.39;    1297.85;    1145.93;    1296.62;    1130.86;    1266.59;    1133.32;       10;    0.83;   move
    37;     827.49;    1164.11;     827.56;    1149.03;     798.28;    1148.89;     798.21;    1163.97;       10;    0.83;   stop
    23;    2736.36;    1049.23;    2737.16;    1033.73;    2703.77;    1032.02;    2702.97;    1047.52;       10;    0.83;   stop
 11245;    2850.11;    1076.89;    2851.84;    1059.69;    2814.26;    1055.93;    2812.54;    1073.13;       10;    0.83;   move
 12608;    1929.00;    2044.54;    1941.77;    2013.79;    1927.12;    2007.71;    1914.36;    2038.46;       10;    0.83;   stop
 12247;    1976.52;    1915.61;    1986.13;    1884.43;    1972.23;    1880.14;    1962.62;    1911.32;       10;    0.83;   stop
 12440;    1948.33;    2001.11;    1962.85;    1966.33;    1947.74;    1960.02;    1933.21;    1994.79;       10;    0.83;   stop
    61;    2917.43;    2011.13;    2933.04;    1999.18;    2909.60;    1968.56;    2893.99;    1980.51;       10;    0.83;   stop
  5757;    1974.57;     376.51;    1975.81;     346.37;    1960.68;     345.74;    1959.44;     375.88;       10;    0.82;   stop
   176;    1329.52;    1046.97;    1362.99;    1043.58;    1361.48;    1028.65;    1328.01;    1032.05;       10;    0.82;   stop
    47;    3072.77;    1089.99;    3075.60;    1074.96;    3044.42;    1069.08;    3041.59;    1084.11;       10;    0.82;   stop
    57;    3820.60;    1358.99;    3824.92;    1340.08;    3790.02;    1332.10;    3785.70;    1351.01;       10;    0.82;   stop
    22;    1827.69;     523.63;    1828.41;     490.35;    1811.87;     489.99;    1811.16;     523.28;       10;    0.82;   stop
    78;    3168.95;     483.67;    3197.75;     479.32;    3195.74;     466.02;    3166.94;     470.37;       10;    0.82;   stop
 13455;    2921.57;    1082.81;    2923.64;    1067.21;    2888.68;    1062.57;    2886.61;    1078.17;       10;    0.82;   move
    81;    3386.09;    1007.07;    3403.70;     975.33;    3389.22;     967.30;    3371.62;     999.05;       10;    0.82;   stop
    67;    2802.67;    1180.84;    2803.65;    1165.11;    2768.42;    1162.91;    2767.44;    1178.64;       10;    0.82;   stop
  7477;    2007.45;    1559.93;    2008.05;    1526.22;    1992.11;    1525.94;    1991.51;    1559.65;       10;    0.82;   stop
    75;    2927.31;    1974.98;    2958.58;    1959.89;    2950.34;    1942.83;    2919.08;    1957.92;       10;    0.82;   stop
    45;    1979.00;     833.25;    1994.60;     830.91;    1990.00;     800.25;    1974.40;     802.59;       10;    0.82;   stop
    71;    2939.77;      49.69;    2968.38;      46.71;    2966.95;      33.04;    2938.34;      36.03;       10;    0.82;   stop
 12688;    3645.93;    1215.71;    3650.28;    1197.79;    3614.07;    1188.98;    3609.72;    1206.90;       10;    0.82;   stop
    21;    1956.40;     294.24;    1973.71;     292.99;    1971.16;     257.58;    1953.86;     258.82;       10;    0.82;   stop
    65;    3567.25;     729.48;    3580.58;     699.53;    3565.25;     692.71;    3551.92;     722.66;       10;    0.82;   stop
 12121;    3193.92;    1129.36;    3195.65;    1111.11;    3157.64;    1107.51;    3155.92;    1125.77;       10;    0.82;   move
    60;    2706.74;    1176.60;    2707.22;    1159.73;    2671.64;    1158.72;    2671.16;    1175.59;       10;    0.82;   stop
 12305;    3499.33;    1177.97;    3503.28;    1160.50;    3464.42;    1151.71;    3460.47;    1169.19;       10;    0.82;   stop
  9516;    2000.00;    1785.68;    2004.81;    1750.04;    1989.25;    1747.94;    1984.44;    1783.58;       10;    0.82;   stop
 13380;    1833.32;     471.62;    1850.78;     470.12;    1847.68;     434.01;    1830.22;     435.50;       10;    0.82;   stop
 12869;    1857.33;     546.26;    1876.09;     545.02;    1873.64;     507.87;    1854.87;     509.11;       10;    0.82;   stop
  1524;    1983.42;    1275.48;    2000.14;    1275.05;    1999.27;    1241.14;    1982.54;    1241.57;       10;    0.82;   stop
    93;    3036.66;    1083.24;    3039.52;    1068.18;    3010.68;    1062.70;    3007.82;    1077.75;       10;    0.82;   stop
    68;    1881.62;    2027.05;    1897.52;    1995.66;    1882.54;    1988.07;    1866.64;    2019.47;       10;    0.82;   stop
    25;    3077.63;    1223.21;    3080.38;    1206.74;    3047.06;    1201.17;    3044.31;    1217.64;       10;    0.82;   stop
    69;    1860.70;    2074.28;    1873.27;    2045.86;    1859.67;    2039.84;    1847.10;    2068.26;       10;    0.82;   stop
 10882;    1840.97;     641.23;    1857.42;     639.82;    1854.66;     607.52;    1838.20;     608.93;       10;    0.82;   stop
   112;    1987.87;     939.17;    2001.64;     939.02;    2001.38;     914.27;    1987.61;     914.42;       10;    0.82;   stop
    99;    3440.29;    1266.97;    3441.26;    1249.21;    3408.15;    1247.41;    3407.18;    1265.16;       10;    0.82;   stop
    86;     792.40;    1622.77;     792.95;    1608.01;     763.85;    1606.92;     763.30;    1621.67;       10;    0.82;   stop
  7651;    1929.59;    1059.18;    1943.75;    1052.66;    1929.16;    1020.95;    1915.00;    1027.46;       10;    0.82;   move
  3450;    2003.99;    1274.11;    2019.38;    1273.94;    2019.01;    1242.51;    2003.62;    1242.69;       10;    0.82;   stop
  8036;    1770.47;    1108.06;    1799.79;    1107.72;    1799.62;    1093.57;    1770.31;    1093.91;       10;    0.82;   stop
   100;     154.56;    1633.57;     156.46;    1617.71;     124.81;    1613.93;     122.91;    1629.79;       10;    0.82;   stop
   184;    1976.29;     781.75;    1976.69;     747.30;    1961.21;     747.12;    1960.81;     781.57;       10;    0.81;   stop
  9131;    1893.87;     802.10;    1910.14;     801.33;    1908.63;     769.53;    1892.36;     770.30;       10;    0.81;   move
 10913;     990.21;    1145.00;     990.23;    1130.92;     962.51;    1130.88;     962.49;    1144.96;       10;    0.81;   move
   296;     941.34;    1163.00;     941.96;    1147.82;     912.66;    1146.63;     912.04;    1161.80;       10;    0.81;   stop
    83;    1176.64;    1171.97;    1207.93;    1171.72;    1207.79;    1154.53;    1176.51;    1154.78;       10;    0.81;   stop
   202;    2835.64;    1184.18;    2836.92;    1169.51;    2808.81;    1167.07;    2807.54;    1181.74;       10;    0.81;   stop
 12576;    3601.71;    1199.73;    3605.01;    1184.50;    3573.91;    1177.77;    3570.62;    1193.00;       10;    0.81;   stop
   151;    2551.94;    1565.50;    2552.68;    1532.04;    2533.81;    1531.62;    2533.07;    1565.08;       10;    0.81;   stop
 12964;    1912.47;    2083.01;    1926.87;    2050.98;    1912.72;    2044.62;    1898.32;    2076.65;       10;    0.81;   stop
   175;    1222.03;    1047.34;    1254.40;    1046.74;    1254.10;    1030.53;    1221.72;    1031.14;       10;    0.81;   stop
  9768;    1660.32;    1130.66;    1688.02;    1130.03;    1687.68;    1114.84;    1659.98;    1115.47;       10;    0.81;   move
  3584;    2018.99;    1312.70;    2020.04;    1284.31;    2006.26;    1283.80;    2005.21;    1312.19;       10;    0.81;   stop
    84;    2816.27;    1054.53;    2816.96;    1037.66;    2779.20;    1036.10;    2778.50;    1052.96;       10;    0.81;   stop
 11534;    3513.77;    1202.85;    3518.08;    1186.94;    3486.55;    1178.40;    3482.24;    1194.31;       10;    0.81;   stop
  7620;    2011.61;    1595.10;    2012.16;    1566.42;    1997.89;    1566.15;    1997.34;    1594.83;       10;    0.81;   stop
  3229;    2003.59;    1235.30;    2019.56;    1234.29;    2017.34;    1199.20;    2001.38;    1200.21;       10;    0.81;   stop
 10870;    2706.15;    1068.87;    2706.33;    1052.14;    2670.41;    1051.76;    2670.23;    1068.48;       10;    0.81;   move
 11762;    3562.76;    1216.04;    3566.22;    1199.51;    3532.24;    1192.40;    3528.78;    1208.93;       10;    0.81;   stop
  3785;    1982.79;    1320.89;    1999.72;    1320.71;    1999.33;    1284.61;    1982.41;    1284.79;       10;    0.81;   stop
   130;    2846.38;     507.45;    2881.90;     504.44;    2880.62;     489.30;    2845.10;     492.31;       10;    0.81;   stop
   104;     525.53;    1045.55;     555.59;    1045.19;     555.41;    1030.08;     525.35;    1030.43;       10;    0.81;   stop
  9236;    1893.39;     748.33;    1907.19;     747.53;    1905.64;     720.92;    1891.85;     721.72;       10;    0.81;   move
   136;    2875.47;    1058.98;    2877.09;    1044.50;    2849.28;    1041.39;    2847.66;    1055.88;       10;    0.81;   stop
   148;    2624.19;    1171.78;    2624.87;    1156.11;    2593.19;    1154.72;    2592.50;    1170.39;       10;    0.81;   stop
    70;    1079.92;     631.47;    1081.25;     617.63;    1054.20;     615.03;    1052.87;     628.87;       10;    0.81;   stop
 10917;    1870.54;     782.70;    1887.15;     781.47;    1884.71;     748.43;    1868.10;     749.65;       10;    0.81;   move
   134;    1971.44;     891.91;    1986.33;     890.89;    1984.06;     857.47;    1969.17;     858.48;       10;    0.81;   stop
 11947;     620.78;    1141.64;     620.82;    1126.26;     590.47;    1126.17;     590.43;    1141.55;       10;    0.81;   move
 11065;    2600.35;    1064.81;    2600.40;    1050.29;    2568.65;    1050.19;    2568.60;    1064.71;       10;    0.81;   move
  7838;    2334.16;    1080.80;    2334.28;    1067.07;    2306.09;    1066.83;    2305.97;    1080.56;       10;    0.81;   move
   109;    2661.68;    1173.30;    2661.86;    1159.21;    2632.19;    1158.82;    2632.01;    1172.92;       10;    0.81;   stop
 10681;    3070.41;    1450.20;    3086.89;    1439.54;    3067.87;    1410.11;    3051.39;    1420.77;       10;    0.81;   stop
   156;    1979.67;     752.64;    1995.21;     751.91;    1993.83;     722.24;    1978.29;     722.96;       10;    0.81;   stop
 10823;     823.45;    1140.66;     823.87;    1126.13;     794.68;    1125.28;     794.25;    1139.81;       10;    0.81;   move
  7967;    2125.10;    1054.59;    2125.17;    1041.43;    2098.15;    1041.28;    2098.08;    1054.45;       10;    0.81;   stop
   146;    2512.23;    1170.85;    2512.45;    1154.97;    2480.14;    1154.53;    2479.93;    1170.40;       10;    0.81;   stop
  4568;    2005.61;    1515.07;    2006.56;    1488.02;    1993.39;    1487.55;    1992.44;    1514.61;       10;    0.81;   stop
 11410;    3472.77;    1196.56;    3475.86;    1179.85;    3441.30;    1173.44;    3438.20;    1190.15;       10;    0.81;   stop
   103;    1986.25;     862.51;    1999.74;     861.99;    1998.69;     835.11;    1985.20;     835.64;       10;    0.81;   stop
    90;     519.36;    1045.21;     519.48;    1030.68;     488.46;    1030.42;     488.33;    1044.95;       10;    0.81;   stop
   255;    1864.71;     913.00;    1866.19;     887.17;    1853.42;     886.43;    1851.93;     912.27;       10;    0.81;   move
  9237;    1910.59;    1165.94;    1924.60;    1160.94;    1914.41;    1132.43;    1900.40;    1137.44;       10;    0.81;   move
  8156;    2134.67;    1056.50;    2165.44;    1056.14;    2165.27;    1041.62;    2134.49;    1041.99;       10;    0.81;   stop
  9319;    1924.60;    1146.80;    1939.76;    1141.67;    1927.87;    1106.57;    1912.71;    1111.71;       10;    0.81;   move
  7770;    2008.87;    1646.24;    2009.27;    1613.08;    1993.51;    1612.88;    1993.10;    1646.05;       10;    0.81;   stop
    87;    1462.43;     876.44;    1463.61;     863.14;    1434.44;     860.56;    1433.26;     873.86;       10;    0.81;   stop
   132;    3133.25;     487.58;    3162.11;     483.62;    3160.19;     469.61;    3131.33;     473.57;       10;    0.81;   stop
 10978;     759.83;    1127.82;     760.21;    1113.60;     730.79;    1112.81;     730.41;    1127.03;       10;    0.81;   move
 10663;    1004.93;    1127.12;    1036.65;    1126.56;    1036.39;    1111.63;    1004.66;    1112.19;       10;    0.81;   stop
    95;    2872.05;    1188.08;    2873.71;    1172.19;    2841.31;    1168.79;    2839.65;    1184.69;       10;    0.81;   stop
   211;    2542.33;    1708.87;    2545.34;    1671.98;    2528.79;    1670.63;    2525.79;    1707.52;       10;    0.81;   stop
 13192;    3686.39;    1219.91;    3689.16;    1203.48;    3656.11;    1197.91;    3653.34;    1214.33;       10;    0.80;   stop
  4080;    1989.98;    1397.21;    2006.38;    1397.13;    2006.21;    1364.66;    1989.81;    1364.75;       10;    0.80;   stop
 12781;    1835.12;     517.32;    1853.22;     516.48;    1851.50;     479.43;    1833.40;     480.27;       10;    0.80;   stop
 11252;    1870.48;     710.51;    1885.70;     710.00;    1884.77;     682.24;    1869.55;     682.75;       10;    0.80;   move
  9646;    1851.17;     822.24;    1867.25;     821.59;    1865.83;     786.51;    1849.75;     787.16;       10;    0.80;   move
 13415;     723.29;    1064.42;     752.96;    1064.00;     752.75;    1049.45;     723.08;    1049.88;       10;    0.80;   move
   191;    2762.74;    1180.88;    2763.33;    1162.62;    2724.64;    1161.37;    2724.05;    1179.63;        9;    0.80;   stop
    97;    2025.48;    1388.31;    2026.38;    1358.25;    2011.77;    1357.81;    2010.87;    1387.88;       10;    0.80;   stop
   137;    2176.43;    1167.28;    2210.25;    1167.03;    2210.13;    1151.35;    2176.31;    1151.59;       10;    0.80;   stop
   129;    2991.79;    1964.31;    3005.53;    1955.79;    2988.99;    1929.12;    2975.25;    1937.65;       10;    0.80;   stop
 13690;    1850.30;     396.67;    1867.48;     396.38;    1866.88;     360.46;    1849.71;     360.74;       10;    0.80;   stop
    72;    1987.99;     906.57;    2002.07;     906.21;    2001.26;     874.86;    1987.18;     875.23;       10;    0.80;   stop
   128;    2214.77;    1169.02;    2247.74;    1168.99;    2247.73;    1154.11;    2214.76;    1154.13;       10;    0.80;   stop
   210;    3004.99;    1079.03;    3007.84;    1062.67;    2972.98;    1056.59;    2970.13;    1072.96;       10;    0.80;   stop
   122;    1787.29;     281.89;    1803.72;     280.78;    1801.46;     247.42;    1785.03;     248.53;       10;    0.80;   stop
   126;    2783.26;     511.92;    2815.12;     507.99;    2813.24;     492.71;    2781.38;     496.63;       10;    0.80;   stop
   190;    2905.55;      55.46;    2937.50;      51.43;    2935.54;      35.94;    2903.60;      39.97;       10;    0.80;   stop
   201;    2741.57;     515.00;    2777.06;     510.80;    2775.27;     495.63;    2739.77;     499.82;       10;    0.80;   stop
 10769;    1877.31;     871.75;    1892.38;     871.21;    1891.35;     842.19;    1876.27;     842.73;       10;    0.80;   move
 11567;    3330.01;    1052.94;    3334.32;    1010.79;    3313.12;    1008.62;    3308.80;    1050.77;       10;    0.80;   stop
   216;    2778.02;    1288.41;    2807.61;    1287.65;    2807.23;    1272.66;    2777.64;    1273.42;       10;    0.80;   stop
   277;    1783.36;     160.46;    1796.96;     159.04;    1794.14;     132.04;    1780.54;     133.46;       10;    0.80;   stop
   170;    2977.13;      48.54;    3006.20;      44.24;    3004.12;      30.21;    2975.05;      34.51;       10;    0.80;   stop
   171;    2683.31;     518.81;    2714.50;     515.58;    2712.94;     500.44;    2681.75;     503.67;       10;    0.80;   stop
  6844;     221.39;    1064.46;     221.91;    1048.81;     189.23;    1047.73;     188.72;    1063.38;       10;    0.80;   move
   159;     904.72;    1157.72;     905.14;    1144.76;     876.53;    1143.84;     876.11;    1156.80;       10;    0.80;   stop
 12787;    1093.87;    1129.54;    1123.49;    1128.43;    1122.94;    1113.71;    1093.32;    1114.82;       10;    0.80;   stop
 12845;    3799.03;    1277.94;    3804.12;    1258.46;    3762.84;    1247.69;    3757.76;    1267.16;       10;    0.80;   stop
   114;    2463.12;      93.98;    2493.60;      91.04;    2492.13;      75.89;    2461.65;      78.83;       10;    0.80;   stop
 10457;    1515.82;    1148.06;    1546.57;    1147.78;    1546.43;    1132.32;    1515.68;    1132.60;       10;    0.80;   move
    36;    1718.55;     569.92;    1719.68;     553.46;    1685.78;     551.14;    1684.65;     567.61;       10;    0.80;   stop
   147;    2586.37;    1169.61;    2586.60;    1155.06;    2559.00;    1154.64;    2558.78;    1169.19;       10;    0.80;   stop
   270;    1726.47;    1652.47;    1726.84;    1635.46;    1695.36;    1634.78;    1695.00;    1651.79;       10;    0.80;   stop
    96;    1942.84;    1834.13;    1948.07;    1799.94;    1931.29;    1797.37;    1926.05;    1831.56;       10;    0.80;   stop
   221;    1060.68;    1043.52;    1087.52;    1043.49;    1087.51;    1029.85;    1060.67;    1029.88;       10;    0.80;   stop
 13323;    1253.82;    1119.84;    1286.77;    1115.62;    1284.74;    1099.79;    1251.79;    1104.01;       10;    0.80;   stop
  6821;    2009.19;    1133.85;    2015.88;    1119.51;    1984.56;    1104.90;    1977.87;    1119.24;       10;    0.80;   move
 10530;    1378.60;    1150.44;    1415.05;    1149.83;    1414.78;    1133.31;    1378.33;    1133.92;       10;    0.80;   move
   209;    2679.13;    1047.26;    2679.97;    1032.47;    2647.37;    1030.61;    2646.53;    1045.41;       10;    0.80;   stop
  8211;    2214.53;    1062.41;    2214.67;    1046.15;    2177.09;    1045.84;    2176.95;    1062.10;       10;    0.80;   stop
   162;    2551.40;    1169.90;    2552.07;    1154.59;    2520.85;    1153.22;    2520.18;    1168.54;       10;    0.80;   stop
 11510;    3465.06;     937.12;    3473.22;     903.22;    3455.56;     898.97;    3447.40;     932.87;       10;    0.80;   move
   228;    1640.86;    1043.05;    1640.87;    1028.10;    1610.39;    1028.08;    1610.38;    1043.03;       10;    0.80;   stop
  1186;    1984.11;    1227.24;    2000.02;    1225.97;    1997.45;    1193.76;    1981.54;    1195.03;       10;    0.80;   stop
 14024;    3825.54;    1259.19;    3829.46;    1242.05;    3792.59;    1233.62;    3788.67;    1250.76;       10;    0.80;   stop
   217;    2445.88;    1321.35;    2446.09;    1305.35;    2416.00;    1304.96;    2415.79;    1320.96;       10;    0.80;   stop
  3434;    1953.64;    1368.82;    1971.38;    1367.51;    1968.86;    1333.43;    1951.12;    1334.74;       10;    0.80;   move
 13226;    1894.60;    2117.83;    1908.91;    2088.33;    1895.43;    2081.80;    1881.12;    2111.29;       10;    0.80;   stop
   174;    3779.13;     207.50;    3793.13;     175.57;    3778.99;     169.37;    3764.99;     201.30;       10;    0.79;   stop
   207;    2732.00;     556.57;    2768.78;     554.72;    2767.96;     538.43;    2731.18;     540.28;       10;    0.79;   stop
 13799;     296.65;    1137.77;     326.97;    1133.13;     324.92;    1119.73;     294.59;    1124.37;       10;    0.79;   stop
  3961;    1986.08;    1357.97;    2001.02;    1357.92;    2000.92;    1327.41;    1985.98;    1327.45;       10;    0.79;   stop
   194;    3173.09;    1358.83;    3187.77;    1332.50;    3174.72;    1325.23;    3160.05;    1351.56;       10;    0.79;   stop
   179;    3405.43;     973.64;    3425.51;     943.64;    3412.07;     934.65;    3391.99;     964.64;       10;    0.79;   stop
   185;    1765.95;    1654.89;    1766.19;    1638.42;    1736.36;    1637.99;    1736.12;    1654.45;       10;    0.79;   stop
   198;    3617.90;    1312.29;    3622.30;    1297.76;    3589.60;    1287.87;    3585.20;    1302.40;       10;    0.79;   stop
   144;    1934.67;     112.29;    1949.82;     111.83;    1948.83;      79.52;    1933.68;      79.98;       10;    0.79;   stop
   213;    1783.82;     204.83;    1799.89;     203.15;    1796.82;     173.73;    1780.75;     175.41;       10;    0.79;   stop
 13904;    1847.66;     284.18;    1863.74;     283.18;    1861.66;     249.63;    1845.57;     250.63;       10;    0.79;   move
   165;    2647.36;     522.31;    2679.61;     518.94;    2678.02;     503.69;    2645.76;     507.06;       10;    0.79;   stop
   226;    2891.39;     506.26;    2921.86;     501.60;    2919.70;     487.49;    2889.23;     492.15;       10;    0.79;   stop
   227;    1146.33;    1043.00;    1146.86;    1029.92;    1120.54;    1028.87;    1120.02;    1041.95;       10;    0.79;   stop
 11871;     685.44;    1142.64;     715.69;    1141.59;     715.18;    1127.05;     684.94;    1128.09;       10;    0.79;   move
  7518;    1150.29;    1069.00;    1181.30;    1068.94;    1181.27;    1052.75;    1150.26;    1052.81;       10;    0.79;   move
    73;     754.43;    1164.13;     785.66;    1162.74;     784.99;    1147.75;     753.77;    1149.14;       10;    0.79;   stop
   281;    1388.20;    1170.71;    1416.86;    1169.91;    1416.43;    1154.66;    1387.77;    1155.47;       10;    0.79;   stop
 10962;    2050.06;    1301.63;    2053.97;    1289.06;    2029.19;    1281.37;    2025.28;    1293.94;       10;    0.79;   stop
  4207;    1986.69;    1438.47;    2002.42;    1437.39;    2000.31;    1406.65;    1984.58;    1407.73;       10;    0.79;   stop
  9208;    2751.77;    1088.40;    2752.57;    1071.39;    2717.01;    1069.73;    2716.22;    1086.73;       10;    0.79;   move
  8472;    1757.68;    1151.19;    1757.75;    1134.95;    1723.07;    1134.81;    1723.00;    1151.05;       10;    0.79;   stop
   648;    1962.58;    1528.46;    1966.51;    1497.33;    1952.42;    1495.54;    1948.49;    1526.67;       10;    0.79;   stop
   203;    3324.55;    1394.72;    3329.36;    1380.72;    3300.76;    1370.91;    3295.96;    1384.90;       10;    0.79;   stop
   153;     437.99;    1611.11;     438.82;    1597.76;     411.86;    1596.08;     411.03;    1609.43;       10;    0.79;   stop
  7909;    2007.32;    1688.62;    2007.99;    1654.07;    1991.68;    1653.75;    1991.01;    1688.31;       10;    0.79;   stop
 11491;    1862.86;     587.27;    1880.24;     585.15;    1876.64;     555.73;    1859.26;     557.85;       10;    0.79;   stop
   124;    1800.96;     250.14;    1816.94;     248.79;    1814.13;     215.61;    1798.15;     216.96;       10;    0.79;   stop
   111;    3287.08;     476.64;    3322.08;     472.99;    3320.42;     457.11;    3285.42;     460.76;       10;    0.79;   stop
   192;    3162.04;     982.45;    3202.01;     979.46;    3200.77;     962.86;    3160.80;     965.85;       10;    0.79;   stop
   242;    3366.08;    1040.04;    3380.16;    1013.48;    3367.05;    1006.53;    3352.96;    1033.08;       10;    0.79;   stop
 13420;    3735.11;    1235.21;    3739.23;    1216.89;    3699.26;    1207.91;    3695.15;    1226.24;       10;    0.79;   stop
   167;    2173.84;    1328.34;    2203.79;    1325.01;    2202.03;    1309.22;    2172.09;    1312.55;       10;    0.79;   stop
 13519;    2035.61;     580.73;    2066.25;     575.79;    2063.89;     561.15;    2033.25;     566.08;       10;    0.79;   stop
   123;    2102.96;     553.74;    2131.27;     550.03;    2129.48;     536.38;    2101.17;     540.09;       10;    0.79;   stop
  9985;    1847.48;     711.06;    1863.65;     709.95;    1861.56;     679.44;    1845.38;     680.55;       10;    0.79;   stop
   233;    3744.31;     291.59;    3756.51;     260.44;    3742.57;     254.97;    3730.36;     286.12;       10;    0.79;   stop
  9860;    1590.36;    1061.82;    1615.07;    1061.28;    1614.76;    1047.55;    1590.06;    1048.10;       10;    0.79;   move
   218;    1914.41;    1657.98;    1914.71;    1642.20;    1884.62;    1641.64;    1884.33;    1657.43;       10;    0.79;   stop
   482;    1917.62;     262.34;    1934.03;     260.40;    1929.88;     225.35;    1913.47;     227.29;       10;    0.79;   move
   155;    1946.79;      43.94;    1961.58;      42.16;    1957.99;      12.31;    1943.21;      14.09;       10;    0.79;   stop
  7213;    2119.35;    1104.28;    2147.45;    1103.12;    2146.84;    1088.34;    2118.74;    1089.51;       10;    0.79;   stop
   376;    2168.76;    1165.28;    2168.80;    1147.81;    2132.31;    1147.72;    2132.27;    1165.19;       10;    0.79;   stop
   215;    3758.37;     940.57;    3791.63;     937.82;    3790.38;     922.71;    3757.12;     925.46;       10;    0.79;   stop
   220;    1961.58;     337.62;    1977.57;     336.77;    1975.92;     305.88;    1959.93;     306.73;       10;    0.79;   stop
   131;    2462.68;     532.49;    2490.52;     529.80;    2489.19;     516.01;    2461.35;     518.70;       10;    0.79;   stop
   205;    2391.09;     537.42;    2421.10;     535.60;    2420.16;     520.08;    2390.15;     521.90;       10;    0.79;   stop
   259;     773.06;    1044.67;     798.98;    1043.53;     798.42;    1030.95;     772.50;    1032.10;       10;    0.79;   stop
  6531;    1383.17;    1044.97;    1416.16;    1044.23;    1415.83;    1029.53;    1382.84;    1030.27;       10;    0.79;   stop
   251;    2086.43;    1169.53;    2121.15;    1168.55;    2120.69;    1152.47;    2085.97;    1153.45;       10;    0.79;   stop
   420;     471.45;    1612.21;     471.90;    1598.68;     444.96;    1597.79;     444.51;    1611.32;       10;    0.79;   stop
   186;    1788.56;     129.94;    1805.04;     129.22;    1803.56;      95.06;    1787.08;      95.78;       10;    0.79;   stop
    88;    1976.48;     685.43;    1991.78;     684.72;    1990.27;     652.20;    1974.97;     652.91;       10;    0.79;   stop
   214;    2359.20;     537.94;    2388.15;     535.26;    2386.80;     520.68;    2357.85;     523.36;       10;    0.79;   stop
   317;    2818.78;      61.08;    2851.19;      58.34;    2849.81;      42.05;    2817.41;      44.79;       10;    0.79;   stop
   266;     869.95;    1047.37;     899.47;    1046.61;     899.11;    1032.76;     869.59;    1033.52;       10;    0.79;   stop
 13575;     910.63;    1067.85;     942.55;    1067.21;     942.24;    1051.65;     910.32;    1052.29;       10;    0.79;   move
   229;     990.91;    1167.03;    1019.30;    1166.20;    1018.91;    1152.72;     990.51;    1153.55;       10;    0.79;   stop
   200;    3824.93;     100.08;    3836.30;      73.30;    3823.20;      67.73;    3811.82;      94.51;       10;    0.78;   stop
 13058;    1056.54;    1127.99;    1084.36;    1126.83;    1083.78;    1113.01;    1055.96;    1114.17;       10;    0.78;   stop
   208;    1275.85;    1173.90;    1322.11;    1173.14;    1321.77;    1152.60;    1275.51;    1153.36;        9;    0.78;   stop
  8743;    2373.20;    1063.58;    2404.84;    1062.40;    2404.30;    1048.05;    2372.66;    1049.23;       10;    0.78;   move
 10876;    2541.12;    1062.65;    2541.26;    1045.91;    2504.13;    1045.60;    2503.99;    1062.34;       10;    0.78;   move
 10690;    2646.91;    1086.46;    2648.16;    1071.59;    2617.71;    1069.04;    2616.47;    1083.91;       10;    0.78;   move
  7235;    2089.33;    1147.84;    2122.98;    1146.43;    2122.30;    1130.28;    2088.65;    1131.69;       10;    0.78;   move
   222;    3390.92;     918.49;    3415.96;     894.27;    3404.08;     881.98;    3379.04;     906.20;       10;    0.78;   stop
   347;    3349.93;    1071.22;    3366.62;    1042.09;    3353.19;    1034.40;    3336.51;    1063.54;       10;    0.78;   stop
   262;    3482.98;    1278.18;    3486.74;    1261.46;    3453.58;    1254.01;    3449.82;    1270.73;       10;    0.78;   stop
  7466;    1958.35;     693.52;    1974.02;     693.39;    1973.71;     655.36;    1958.04;     655.48;       10;    0.78;   stop
   219;    3030.34;      42.60;    3058.46;      38.21;    3056.38;      24.90;    3028.26;      29.29;       10;    0.78;   stop
   353;    1496.83;    1003.27;    1500.79;     973.10;    1485.54;     971.10;    1481.58;    1001.27;       10;    0.78;   stop
   249;    1320.07;    1038.37;    1320.15;    1026.19;    1294.43;    1026.01;    1294.35;    1038.19;       10;    0.78;   stop
   197;    1905.89;    1971.61;    1912.10;    1942.04;    1897.08;    1938.89;    1890.87;    1968.46;       10;    0.78;   stop
   272;    2645.04;      76.82;    2676.25;      73.57;    2674.71;      58.74;    2643.50;      62.00;       10;    0.78;   stop
  7618;    2240.22;    1080.22;    2268.76;    1079.52;    2268.41;    1065.15;    2239.87;    1065.85;       10;    0.78;   move
   392;     506.34;    1613.70;     507.26;    1599.92;     480.84;    1598.17;     479.93;    1611.96;       10;    0.78;   stop
   237;     364.21;    1646.45;     364.79;    1631.29;     334.23;    1630.11;     333.65;    1645.28;       10;    0.78;   stop
   264;     770.44;    2010.48;     770.44;    1982.14;     754.70;    1982.14;     754.70;    2010.48;       10;    0.78;   stop
   257;    2607.33;     524.13;    2640.93;     520.56;    2639.30;     505.24;    2605.70;     508.81;       10;    0.78;   stop
   304;     830.44;    1163.65;     862.72;    1161.86;     861.84;    1145.97;     829.56;    1147.77;       10;    0.78;   stop
   241;    3708.40;     944.62;    3745.92;     941.85;    3744.72;     925.69;    3707.21;     928.46;       10;    0.78;   stop
   196;    1912.89;    1697.11;    1913.03;    1680.41;    1881.92;    1680.14;    1881.78;    1696.84;       10;    0.78;   stop
 13586;    1851.67;     450.06;    1869.42;     448.28;    1866.08;     415.06;    1848.33;     416.85;       10;    0.78;   stop
 11203;    1865.70;     650.84;    1882.42;     650.01;    1880.74;     615.91;    1864.01;     616.74;       10;    0.78;   stop
   292;    3729.75;     327.69;    3738.93;     299.78;    3725.25;     295.28;    3716.07;     323.19;       10;    0.78;   stop
  6928;    1286.87;    1049.03;    1287.31;    1034.19;    1259.01;    1033.35;    1258.56;    1048.18;       10;    0.78;   stop
   275;    2085.30;    1291.40;    2116.21;    1288.94;    2115.08;    1274.72;    2084.17;    1277.19;       10;    0.78;   stop
   125;    2584.52;     502.51;    2584.59;     472.90;    2569.86;     472.87;    2569.79;     502.47;       10;    0.78;   stop
 12649;     114.82;    1131.25;     114.98;    1115.34;      80.53;    1115.00;      80.37;    1130.91;       10;    0.78;   stop
   250;    2373.92;    1041.40;    2404.72;    1041.37;    2404.71;    1027.48;    2373.91;    1027.50;       10;    0.78;   stop
 13460;    2431.38;    1061.06;    2462.83;    1059.38;    2462.00;    1043.82;    2430.54;    1045.50;       10;    0.78;   move
   267;    2340.24;    1168.84;    2368.85;    1168.41;    2368.64;    1154.28;    2340.02;    1154.71;       10;    0.78;   stop
 12056;    3608.53;    1228.08;    3611.99;    1211.01;    3576.47;    1203.80;    3573.01;    1220.87;       10;    0.78;   stop
   308;    2928.11;     503.12;    2958.08;     498.30;    2955.64;     483.13;    2925.67;     487.95;       10;    0.78;   stop
   321;    2993.42;    1207.84;    2996.06;    1192.54;    2966.73;    1187.47;    2964.09;    1202.77;       10;    0.78;   stop
 12654;    3749.08;    1261.71;    3752.86;    1244.63;    3717.16;    1236.73;    3713.39;    1253.81;       10;    0.78;   stop
   173;    1148.89;    1905.31;    1165.15;    1905.16;    1164.86;    1873.75;    1148.60;    1873.90;       10;    0.78;   stop
   101;    1936.94;    1871.02;    1943.07;    1837.38;    1928.56;    1834.73;    1922.43;    1868.37;       10;    0.78;   stop
   285;    1861.86;    1697.18;    1863.33;    1680.56;    1832.27;    1677.82;    1830.80;    1694.44;       10;    0.78;   stop
   374;    3549.73;     658.97;    3562.28;     631.46;    3549.02;     625.41;    3536.47;     652.92;       10;    0.77;   stop
   278;     719.56;    1162.24;     719.62;    1146.95;     685.75;    1146.82;     685.69;    1162.11;       10;    0.77;   stop
   295;    1961.40;     627.13;    1974.40;     625.74;    1971.60;     599.68;    1958.60;     601.07;       10;    0.77;   stop
  8407;    2312.67;    1059.32;    2344.96;    1058.24;    2344.46;    1043.30;    2312.17;    1044.38;       10;    0.77;   move
 10574;    2080.62;    1078.87;    2118.34;    1078.21;    2118.06;    1062.01;    2080.35;    1062.66;       10;    0.77;   stop
   293;    2341.81;    1041.58;    2369.65;    1040.88;    2369.31;    1027.30;    2341.48;    1027.99;       10;    0.77;   stop
   312;    1448.98;    1643.17;    1479.42;    1643.11;    1479.40;    1629.45;    1448.95;    1629.51;       10;    0.77;   stop
   157;    1812.16;     759.30;    1827.81;     759.02;    1827.27;     727.95;    1811.61;     728.23;       10;    0.77;   stop
   622;    1940.52;    1630.36;    1962.85;    1630.24;    1962.57;    1578.14;    1940.25;    1578.26;        9;    0.77;   stop
  8748;    1933.67;     426.18;    1949.59;     425.23;    1947.58;     391.70;    1931.66;     392.65;       10;    0.77;   move
 11482;    1936.78;     521.53;    1953.46;     519.24;    1948.97;     486.47;    1932.29;     488.76;       10;    0.77;   move
   256;    2289.57;     544.07;    2318.02;     542.19;    2316.93;     525.81;    2288.48;     527.69;       10;    0.77;   stop
 11861;     644.72;    1122.82;     674.65;    1122.15;     674.35;    1108.43;     644.41;    1109.10;       10;    0.77;   move
  9356;    1868.83;    1024.57;    1883.23;    1022.81;    1879.67;     993.68;    1865.27;     995.44;       10;    0.77;   move
  7705;    1276.06;    1082.39;    1310.71;    1081.60;    1310.32;    1064.11;    1275.66;    1064.90;       10;    0.77;   move
   329;    1341.55;    1171.75;    1372.24;    1171.18;    1371.95;    1155.87;    1341.26;    1156.45;       10;    0.77;   stop
  9966;    1900.42;     926.73;    1916.07;     926.21;    1914.92;     891.83;    1899.27;     892.35;       10;    0.77;   move
 10075;    2145.29;    1079.01;    2176.26;    1078.50;    2176.02;    1064.12;    2145.05;    1064.63;       10;    0.77;   move
  9142;    1716.00;    1131.21;    1744.38;    1130.53;    1744.05;    1116.54;    1715.67;    1117.22;       10;    0.77;   stop
   246;    2944.69;    1315.21;    2950.91;    1297.12;    2911.41;    1283.54;    2905.18;    1301.63;       10;    0.77;   stop
   309;    3642.17;     543.27;    3652.71;     511.45;    3638.45;     506.73;    3627.92;     538.55;       10;    0.77;   stop
   338;    3627.47;     575.99;    3639.02;     547.10;    3625.03;     541.51;    3613.48;     570.40;       10;    0.77;   stop
 12061;     514.06;    1140.91;     548.66;    1139.65;     548.13;    1125.03;     513.52;    1126.29;       10;    0.77;   move
  1195;    3149.74;    1537.37;    3166.71;    1451.02;    3139.95;    1445.75;    3122.97;    1532.11;        9;    0.77;   stop
   244;    1163.60;    1871.76;    1163.93;    1844.66;    1150.15;    1844.49;    1149.82;    1871.59;       10;    0.77;   stop
   269;    1340.35;    1677.84;    1340.61;    1662.86;    1307.90;    1662.29;    1307.64;    1677.26;       10;    0.77;   stop
 12283;    1814.57;     477.89;    1830.04;     477.43;    1829.08;     444.61;    1813.60;     445.07;       10;    0.77;   stop
   199;    2429.07;     534.89;    2457.74;     532.24;    2456.43;     518.11;    2427.76;     520.76;       10;    0.77;   stop
 10740;    1066.10;    1151.67;    1092.09;    1151.55;    1092.03;    1138.64;    1066.04;    1138.76;       10;    0.77;   move
   303;     844.82;    1141.34;     874.22;    1140.12;     873.62;    1125.54;     844.21;    1126.75;       10;    0.77;   move
   360;    2553.28;    1515.68;    2555.10;    1484.56;    2538.09;    1483.57;    2536.28;    1514.69;       10;    0.77;   stop
   416;    1007.24;     628.06;    1008.21;     613.53;     980.64;     611.69;     979.67;     626.22;       10;    0.77;   stop
  8212;    1728.79;    1109.05;    1762.63;    1107.84;    1762.08;    1092.58;    1728.25;    1093.78;       10;    0.77;   stop
  9171;    1935.50;    1225.28;    1949.56;    1222.11;    1942.84;    1192.34;    1928.78;    1195.52;       10;    0.77;   move
   348;    1621.23;    1648.72;    1621.27;    1634.13;    1590.65;    1634.03;    1590.60;    1648.62;       10;    0.77;   stop
   225;    1793.84;     304.65;    1811.55;     286.78;    1801.66;     276.98;    1783.95;     294.85;       10;    0.77;   stop
  2976;    3426.86;     880.05;    3447.62;     853.00;    3434.70;     843.08;    3413.94;     870.13;       10;    0.77;   stop
 12344;     164.04;    1135.13;     192.62;    1133.83;     191.97;    1119.56;     163.40;    1120.85;       10;    0.77;   stop
   280;     805.85;    1045.28;     835.10;    1044.48;     834.69;    1029.22;     805.43;    1030.02;       10;    0.77;   stop
  4321;    1989.68;    1477.83;    2006.41;    1476.67;    2004.07;    1442.67;    1987.34;    1443.83;       10;    0.77;   stop
   315;    3475.25;    1108.36;    3479.84;    1091.60;    3443.50;    1081.64;    3438.91;    1098.40;       10;    0.77;   stop
   232;     521.95;    1381.85;     522.22;    1367.42;     494.30;    1366.90;     494.03;    1381.33;       10;    0.77;   stop
   300;    1442.58;    1680.03;    1443.15;    1665.65;    1416.04;    1664.59;    1415.48;    1678.97;       10;    0.77;   stop
   301;    2457.32;    1321.54;    2484.90;    1320.73;    2484.43;    1304.77;    2456.85;    1305.59;       10;    0.77;   stop
   168;    1846.20;    2106.86;    1860.38;    2079.57;    1846.80;    2072.51;    1832.62;    2099.81;       10;    0.77;   stop
 13170;    1858.02;     498.06;    1873.47;     496.76;    1870.98;     467.19;    1855.53;     468.49;       10;    0.76;   stop
    89;    1978.96;     715.33;    1995.79;     707.96;    1986.85;     687.55;    1970.02;     694.91;       10;    0.76;   stop
   182;    1935.53;      74.43;    1950.32;      73.59;    1948.72;      45.38;    1933.93;      46.23;       10;    0.76;   stop
 12339;    1965.52;    1951.25;    1974.61;    1926.80;    1962.04;    1922.13;    1952.95;    1946.58;       10;    0.76;   stop
   289;    2567.08;    2002.04;    2600.50;    1988.37;    2594.05;    1972.59;    2560.63;    1986.25;       10;    0.76;   stop
   286;    3268.92;     560.13;    3286.64;     559.83;    3286.08;     527.37;    3268.36;     527.67;       10;    0.76;   stop
 10113;    1138.13;    1127.38;    1166.39;    1122.83;    1164.18;    1109.12;    1135.93;    1113.67;       10;    0.76;   stop
   386;    3667.96;     903.93;    3700.95;     903.59;    3700.79;     888.10;    3667.80;     888.44;       10;    0.76;   stop
   223;     658.18;    1619.68;     658.49;    1604.04;     629.01;    1603.45;     628.70;    1619.09;       10;    0.76;   stop
   288;     647.70;    1656.21;     648.21;    1640.06;     617.93;    1639.11;     617.42;    1655.25;       10;    0.76;   stop
   274;     686.78;    1619.72;     687.47;    1606.64;     661.34;    1605.28;     660.66;    1618.36;       10;    0.76;   stop
   378;    2983.99;     499.16;    3014.34;     494.70;    3012.26;     480.53;    2981.91;     484.99;       10;    0.76;   stop
  8664;    1711.58;    1149.13;    1711.62;    1135.82;    1685.92;    1135.74;    1685.88;    1149.05;       10;    0.76;   stop
   465;    2702.22;    1381.66;    2718.06;    1380.39;    2715.40;    1347.03;    2699.56;    1348.29;       10;    0.76;   stop
   238;    1425.13;     873.27;    1425.86;     859.55;    1398.62;     858.11;    1397.89;     871.83;       10;    0.76;   stop
   294;    1796.51;     481.40;    1812.13;     480.48;    1810.15;     446.72;    1794.53;     447.64;       10;    0.76;   stop
   364;    3595.71;     657.43;    3608.71;     622.04;    3593.97;     616.63;    3580.97;     652.02;       10;    0.76;   stop
  9833;    1964.39;    1469.40;    1983.97;    1466.31;    1976.68;    1420.16;    1957.09;    1423.25;        9;    0.76;   move
   332;    1954.09;      79.47;    1967.82;      78.20;    1965.41;      52.15;    1951.68;      53.43;       10;    0.76;   stop
   350;    2390.74;      96.18;    2418.52;      93.44;    2417.13;      79.32;    2389.35;      82.06;       10;    0.76;   stop
  6730;     535.31;    1080.07;     535.32;    1065.89;     503.44;    1065.87;     503.43;    1080.05;       10;    0.76;   move
   298;    2331.75;    1167.55;    2331.88;    1153.60;    2301.75;    1153.33;    2301.62;    1167.27;       10;    0.76;   stop
   363;    2375.84;    1168.63;    2406.54;    1167.84;    2406.16;    1153.37;    2375.46;    1154.16;       10;    0.76;   stop
   322;     515.62;    1402.99;     517.04;    1389.70;     487.50;    1386.54;     486.08;    1399.83;       10;    0.76;   stop
   169;     802.92;     617.34;     803.87;     603.39;     774.89;     601.41;     773.94;     615.36;       10;    0.76;   stop
  7312;    1895.22;     171.00;    1910.98;     170.64;    1910.28;     139.50;    1894.52;     139.86;       10;    0.76;   move
   323;     592.60;    1045.71;     623.04;    1044.36;     622.40;    1029.92;     591.96;    1031.26;       10;    0.76;   stop
   330;     852.40;    1662.84;     853.11;    1648.97;     823.85;    1647.47;     823.14;    1661.34;       10;    0.76;   stop
   402;    1301.03;    1677.41;    1301.93;    1663.43;    1273.53;    1661.59;    1272.63;    1675.57;       10;    0.76;   stop
   341;    2207.48;     549.90;    2241.19;     545.78;    2239.27;     530.10;    2205.56;     534.22;       10;    0.75;   stop
   333;     530.84;    1159.99;     559.39;    1158.22;     558.54;    1144.39;     529.98;    1146.15;       10;    0.75;   stop
  6573;    1781.29;    1055.30;    1803.94;    1039.96;    1795.98;    1028.20;    1773.33;    1043.54;       10;    0.75;   move
   403;     749.79;    2012.47;     751.15;    1980.79;     736.37;    1980.15;     735.01;    2011.84;       10;    0.75;   stop
 12580;    2086.07;     577.76;    2120.49;     575.05;    2119.18;     558.49;    2084.76;     561.20;       10;    0.75;   stop
   120;    3161.43;    1236.95;    3164.33;    1219.52;    3129.19;    1213.68;    3126.29;    1231.10;       10;    0.75;   stop
   339;    3032.83;    1214.72;    3035.07;    1199.56;    3001.85;    1194.66;    2999.62;    1209.82;       10;    0.75;   stop
   372;    1265.26;    1675.76;    1266.22;    1661.87;    1237.30;    1659.87;    1236.34;    1673.76;       10;    0.75;   stop
   313;    2569.26;     466.76;    2582.31;     466.49;    2581.74;     438.86;    2568.69;     439.13;       10;    0.75;   stop
  9651;    2162.92;    1101.50;    2201.41;    1100.97;    2201.15;    1082.13;    2162.66;    1082.66;       10;    0.75;   stop
   248;    1048.89;     629.42;    1049.77;     615.37;    1022.98;     613.71;    1022.11;     627.75;       10;    0.75;   stop
   320;    2262.71;    1167.25;    2290.22;    1166.40;    2289.79;    1152.50;    2262.28;    1153.35;       10;    0.75;   stop
 11721;    3131.45;    1681.40;    3137.26;    1642.39;    3116.05;    1639.23;    3110.24;    1678.23;       10;    0.75;   stop
   351;    3708.43;     447.96;    3742.67;     444.15;    3740.94;     428.60;    3706.70;     432.41;       10;    0.75;   stop
  6920;     165.30;    1076.89;     165.63;    1062.26;     134.47;    1061.55;     134.13;    1076.18;       10;    0.75;   move
 12125;     267.32;    1115.09;     295.58;    1114.24;     295.18;    1101.16;     266.92;    1102.01;       10;    0.75;   move
 12250;     240.29;    1134.81;     240.36;    1121.90;     212.76;    1121.75;     212.69;    1134.66;       10;    0.75;   stop
   302;    2078.04;     119.45;    2111.85;     116.42;    2110.52;     101.61;    2076.71;     104.64;       10;    0.75;   stop
   355;    3198.31;     481.96;    3230.28;     477.48;    3228.26;     463.04;    3196.28;     467.52;       10;    0.75;   stop
 12186;     251.52;    1136.94;     284.50;    1136.33;     284.26;    1123.37;     251.28;    1123.98;       10;    0.75;   stop
   411;    1458.77;    1167.97;    1489.29;    1166.74;    1488.73;    1152.90;    1458.21;    1154.13;       10;    0.75;   stop
   385;    3564.60;     911.37;    3597.53;     907.96;    3596.02;     893.32;    3563.09;     896.72;       10;    0.75;   stop
   311;    3381.80;    1073.32;    3394.27;    1044.82;    3378.52;    1037.93;    3366.04;    1066.43;       10;    0.75;   stop
   508;    1160.84;    1171.05;    1161.34;    1154.19;    1127.41;    1153.20;    1126.91;    1170.06;       10;    0.74;   stop
   389;    2033.02;    1605.24;    2034.37;    1570.08;    2019.42;    1569.51;    2018.07;    1604.67;       10;    0.74;   stop
   410;     762.27;    1658.98;     762.48;    1643.31;     731.16;    1642.90;     730.96;    1658.57;       10;    0.74;   stop
   395;    2968.92;    1849.85;    3004.91;    1821.68;    2992.08;    1805.28;    2956.09;    1833.44;        9;    0.74;   stop
   373;    1960.14;    1574.32;    1960.58;    1533.69;    1942.11;    1533.49;    1941.67;    1574.13;       10;    0.74;   stop
 11598;     347.60;    1120.04;     377.28;    1119.66;     377.09;    1104.65;     347.41;    1105.02;       10;    0.74;   move
 11366;     465.97;    1121.81;     495.23;    1121.26;     494.97;    1107.57;     465.71;    1108.12;       10;    0.74;   move
 12366;    1755.06;    1125.15;    1785.11;    1122.97;    1784.10;    1109.10;    1754.05;    1111.28;       10;    0.74;   stop
   335;     116.42;    1629.81;     117.86;    1613.96;      86.67;    1611.12;      85.23;    1626.98;       10;    0.74;   stop
   454;    1983.80;     791.92;    1997.97;     791.12;    1996.45;     763.96;    1982.28;     764.75;       10;    0.74;   stop
   438;    2346.04;      99.85;    2378.57;      97.55;    2377.46;      81.84;    2344.93;      84.14;       10;    0.74;   stop
   423;    3718.72;     246.81;    3732.52;     213.65;    3717.53;     207.41;    3703.73;     240.57;       10;    0.74;   stop
   324;     291.79;    1157.58;     323.96;    1154.92;     322.75;    1140.23;     290.57;    1142.89;       10;    0.74;   stop
   352;     169.39;    1154.09;     198.55;    1153.68;     198.34;    1139.04;     169.18;    1139.45;       10;    0.74;   stop
   421;    1163.80;    1835.57;    1164.80;    1809.05;    1149.95;    1808.49;    1148.95;    1835.01;       10;    0.74;   stop
   340;    1328.46;    1637.91;    1328.93;    1624.42;    1301.79;    1623.46;    1301.32;    1636.95;       10;    0.74;   stop
   473;    2545.53;    1658.42;    2547.58;    1627.67;    2531.22;    1626.58;    2529.17;    1657.33;       10;    0.74;   stop
   537;    2680.03;    1386.23;    2696.17;    1359.35;    2682.70;    1351.27;    2666.57;    1378.15;       10;    0.74;   stop
   427;     967.90;     625.23;     969.60;     611.22;     941.23;     607.77;     939.52;     621.78;       10;    0.74;   stop
   368;    2589.81;      81.71;    2617.43;      79.58;    2616.32;      65.11;    2588.70;      67.23;       10;    0.74;   stop
   383;    2496.30;     531.43;    2530.21;     528.15;    2528.70;     512.57;    2494.79;     515.85;       10;    0.74;   stop
   356;     432.11;    1046.83;     458.29;    1045.39;     457.58;    1032.55;     431.40;    1033.99;       10;    0.74;   stop
   397;     947.07;    1168.42;     980.81;    1167.62;     980.43;    1151.89;     946.69;    1152.69;       10;    0.74;   stop
   434;     675.85;    1040.33;     703.74;    1036.90;     702.27;    1024.98;     674.39;    1028.41;       10;    0.73;   stop
 12446;     157.31;    1133.29;     157.34;    1118.65;     127.46;    1118.59;     127.42;    1133.22;       10;    0.73;   stop
   384;    1907.31;    1220.16;    1921.10;    1215.98;    1913.09;    1189.59;    1899.31;    1193.77;       10;    0.73;   stop
   367;    2722.21;      69.69;    2750.03;      66.35;    2748.29;      51.81;    2720.47;      55.15;       10;    0.73;   stop
  8456;    1692.78;    1107.78;    1716.37;    1107.65;    1716.30;    1094.97;    1692.71;    1095.10;       10;    0.73;   stop
   247;    1831.40;     567.74;    1831.83;     536.10;    1815.85;     535.88;    1815.42;     567.52;       10;    0.73;   stop
   361;     351.99;    1045.05;     382.80;    1044.50;     382.54;    1029.64;     351.73;    1030.18;       10;    0.73;   stop
   349;    1932.72;    1427.45;    1950.18;    1424.97;    1944.03;    1381.67;    1926.57;    1384.15;        9;    0.73;   stop
   307;     891.81;     621.92;     893.35;     607.45;     864.03;     604.33;     862.50;     618.80;       10;    0.73;   stop
   206;    2351.99;     582.18;    2384.97;     579.90;    2383.89;     564.20;    2350.90;     566.47;       10;    0.73;   stop
   334;    3105.23;    1092.78;    3107.59;    1078.95;    3082.74;    1074.72;    3080.38;    1088.55;       10;    0.73;   stop
  6863;     630.63;    1078.48;     659.80;    1077.59;     659.37;    1063.71;     630.20;    1064.60;       10;    0.73;   move
   331;    1263.07;    1637.71;    1263.16;    1622.74;    1231.06;    1622.54;    1230.97;    1637.51;       10;    0.73;   stop
 14115;    1687.70;    1131.23;    1688.22;    1115.68;    1679.57;    1115.39;    1679.04;    1130.94;       10;    0.73;   stop
   405;    1731.73;    1168.89;    1731.77;    1153.21;    1700.91;    1153.11;    1700.86;    1168.79;       10;    0.73;   stop
 13412;    1567.79;     312.57;    1596.97;     305.49;    1593.46;     291.00;    1564.28;     298.07;       10;    0.72;   stop
 13518;    3138.46;      33.36;    3172.62;      29.89;    3170.91;      13.05;    3136.75;      16.51;       10;    0.72;   stop
   457;    2546.02;      78.90;    2561.54;      77.99;    2559.98;      51.04;    2544.46;      51.94;       10;    0.72;   stop
   539;    2854.37;      59.60;    2882.55;      56.74;    2881.02;      41.65;    2852.84;      44.51;       10;    0.72;   stop
 13723;    2164.35;     111.97;    2188.93;     110.18;    2187.90;      96.15;    2163.32;      97.95;       10;    0.72;   stop
   892;    1931.38;    1336.20;    1948.04;    1311.01;    1935.15;    1302.49;    1918.49;    1327.67;       10;    0.72;   stop
 14033;    3579.38;     639.80;    3589.56;     615.28;    3576.56;     609.89;    3566.38;     634.40;       10;    0.72;   move
   390;    1447.66;    1042.38;    1474.30;    1041.70;    1473.97;    1028.74;    1447.33;    1029.43;       10;    0.72;   stop
  1515;    1647.61;    1041.79;    1671.32;    1041.46;    1671.14;    1028.21;    1647.43;    1028.54;       10;    0.72;   stop
 13981;    3350.67;      31.86;    3379.85;      26.99;    3377.77;      14.55;    3348.59;      19.42;       10;    0.72;   move
   404;    3554.32;     762.08;    3565.95;     731.40;    3550.99;     725.73;    3539.37;     756.42;       10;    0.72;   stop
   377;    2504.72;    1834.41;    2507.80;    1801.95;    2492.15;    1800.47;    2489.08;    1832.93;       10;    0.72;   stop
   375;    1213.63;    1498.21;    1216.76;    1468.95;    1201.19;    1467.29;    1198.05;    1496.55;       10;    0.72;   stop
   495;     819.87;    1661.02;     820.63;    1645.71;     791.13;    1644.23;     790.37;    1659.54;       10;    0.72;   stop
  4426;    1486.21;    1682.01;    1486.95;    1667.66;    1454.54;    1665.99;    1453.80;    1680.34;       10;    0.72;   stop
   429;    3260.49;      60.52;    3286.24;      58.26;    3285.14;      45.65;    3259.38;      47.91;       10;    0.71;   stop
 10035;    1880.52;     971.21;    1895.18;     971.11;    1894.98;     941.29;    1880.32;     941.39;       10;    0.71;   move
   422;     658.49;    1656.71;     686.88;    1656.62;     686.82;    1640.47;     658.43;    1640.57;       10;    0.71;   stop
   468;    2503.90;    1877.16;    2506.80;    1837.82;    2488.48;    1836.47;    2485.58;    1875.81;       10;    0.71;   stop
   490;    1500.08;     968.23;    1502.58;     938.76;    1487.92;     937.52;    1485.42;     966.99;       10;    0.71;   stop
   466;    1969.67;    2008.11;    1979.96;    1978.49;    1964.93;    1973.26;    1954.63;    2002.89;       10;    0.71;   stop
   407;    2129.92;    1296.03;    2178.81;    1293.87;    2177.89;    1272.91;    2129.00;    1275.06;        9;    0.71;   stop
  9764;    1847.79;     776.16;    1866.92;     774.22;    1862.46;     730.22;    1843.33;     732.16;        9;    0.71;   stop
   399;    2771.57;      65.29;    2808.28;      62.07;    2806.79;      45.10;    2770.08;      48.32;       10;    0.71;   stop
 13065;      36.26;    1130.04;      64.03;    1127.17;      62.71;    1114.34;      34.93;    1117.21;       10;    0.71;   stop
   435;    2600.81;     976.51;    2617.53;     974.63;    2613.19;     935.99;    2596.47;     937.87;       10;    0.71;   stop
   432;    2440.94;    1169.03;    2470.62;    1168.65;    2470.44;    1154.10;    2440.75;    1154.47;       10;    0.71;   stop
   520;    1711.91;    1690.75;    1712.89;    1676.02;    1684.51;    1674.12;    1683.53;    1688.86;       10;    0.71;   stop
   460;    3566.08;    2117.68;    3598.44;    2103.44;    3590.80;    2086.07;    3558.43;    2100.31;       10;    0.71;   stop
   444;    3342.21;    1370.09;    3343.13;    1356.06;    3315.91;    1354.28;    3315.00;    1368.32;       10;    0.70;   stop
   366;    1807.74;     685.73;    1823.74;     684.45;    1821.51;     656.40;    1805.51;     657.67;       10;    0.70;   stop
 13861;    3296.03;      15.51;    3327.06;      14.14;    3326.47;       0.89;    3295.44;       2.27;       10;    0.70;   stop
   596;     310.81;    1046.15;     340.98;    1043.45;     339.81;    1030.41;     309.64;    1033.11;       10;    0.70;   stop
   413;     584.79;    1045.75;     585.11;    1032.31;     561.77;    1031.75;     561.45;    1045.19;       10;    0.70;   stop
 12011;     565.29;    1160.49;     591.63;    1158.75;     590.65;    1143.89;     564.31;    1145.63;       10;    0.70;   stop
    32;    1108.58;    1667.67;    1108.66;    1652.38;    1076.74;    1652.21;    1076.65;    1667.50;       10;    0.70;   stop
   471;    1605.40;    1685.32;    1606.06;    1670.79;    1576.10;    1669.43;    1575.44;    1683.96;       10;    0.70;   stop
 10982;    1839.68;     603.55;    1859.04;     601.76;    1855.57;     564.20;    1836.21;     565.99;       10;    0.70;   stop
   447;    3759.48;     253.93;    3770.80;     226.43;    3757.39;     220.91;    3746.07;     248.41;       10;    0.70;   stop
   365;     393.44;     545.15;     397.62;     529.38;     368.75;     521.72;     364.57;     537.50;       10;    0.70;   stop
  1869;    3838.78;      64.50;    3846.96;      40.36;    3835.60;      36.51;    3827.42;      60.65;       10;    0.70;   stop
 13818;     824.71;    1078.72;     851.60;    1078.60;     851.54;    1064.40;     824.65;    1064.53;       10;    0.70;   move
 10157;    1034.25;    1081.37;    1064.07;    1080.99;    1063.88;    1065.51;    1034.05;    1065.89;       10;    0.70;   move
   477;     696.60;    1656.50;     724.75;    1656.33;     724.65;    1640.69;     696.50;    1640.86;       10;    0.70;   stop
   472;    3626.00;     907.34;    3661.31;     905.01;    3660.25;     888.91;    3624.94;     891.24;       10;    0.70;   stop
  8776;    2634.63;    1043.02;    2638.50;    1030.07;    2613.12;    1022.48;    2609.25;    1035.43;       10;    0.70;   stop
   540;    3286.51;    1080.89;    3304.51;    1050.59;    3290.99;    1042.55;    3272.99;    1072.85;       10;    0.70;   stop
   513;    1090.30;    1037.29;    1114.80;    1037.08;    1114.70;    1025.96;    1090.20;    1026.17;       10;    0.69;   stop
  3837;     415.14;    1063.54;     444.62;    1063.38;     444.54;    1049.58;     415.07;    1049.74;       10;    0.69;   move
   425;    1232.43;    1674.36;    1233.45;    1659.86;    1205.45;    1657.89;    1204.42;    1672.39;       10;    0.69;   stop
   578;    2293.86;     105.27;    2328.80;     102.04;    2327.26;      85.42;    2292.33;      88.65;       10;    0.69;   stop
   474;    1677.11;    1043.55;    1707.37;    1042.58;    1706.89;    1027.58;    1676.63;    1028.54;       10;    0.69;   stop
   498;    2304.76;     584.21;    2337.73;     581.97;    2336.61;     565.54;    2303.64;     567.78;       10;    0.69;   stop
   391;    2894.72;    1877.37;    2932.39;    1862.39;    2925.28;    1844.50;    2887.61;    1859.48;       10;    0.69;   stop
 12776;    1688.05;    1108.51;    1688.38;    1093.30;    1679.76;    1093.11;    1679.43;    1108.32;       10;    0.68;   stop
 13872;    3362.64;     493.74;    3401.53;     489.29;    3399.54;     471.89;    3360.66;     476.33;       10;    0.68;   move
   344;    2016.15;    1849.54;    2020.32;    1802.82;    2000.85;    1801.09;    1996.68;    1847.80;        9;    0.68;   stop
   393;    2220.40;    1042.16;    2220.44;    1029.04;    2193.72;    1028.96;    2193.68;    1042.08;       10;    0.68;   stop
   401;     614.02;    1654.95;     614.72;    1639.83;     585.98;    1638.49;     585.28;    1653.60;       10;    0.68;   stop
 12454;    1846.31;     557.45;    1863.98;     548.69;    1852.69;     525.92;    1835.02;     534.68;       10;    0.68;   stop
   467;     831.05;    1454.97;     831.93;    1440.92;     803.01;    1439.10;     802.13;    1453.15;       10;    0.68;   stop
   369;    2068.08;     556.09;    2097.79;     553.72;    2096.67;     539.66;    2066.96;     542.03;       10;    0.67;   stop
   437;    3613.45;     611.04;    3626.26;     581.72;    3612.80;     575.84;    3599.99;     605.16;       10;    0.67;   stop
 12812;    3702.29;    1250.71;    3705.88;    1231.19;    3668.33;    1224.29;    3664.75;    1243.81;       10;    0.67;   stop
   436;    1264.63;    1637.03;    1292.70;    1636.65;    1292.50;    1622.09;    1264.43;    1622.48;       10;    0.67;   stop
   489;    1774.50;    1655.51;    1803.35;    1654.94;    1803.05;    1639.61;    1774.19;    1640.19;       10;    0.67;   stop
 11685;     423.02;    1139.89;     452.79;    1138.53;     452.13;    1124.17;     422.37;    1125.53;       10;    0.67;   move
   486;    3292.90;    1000.51;    3310.41;     994.96;    3298.66;     957.93;    3281.15;     963.48;       10;    0.67;   stop
   441;     376.93;    1609.44;     406.87;    1609.35;     406.82;    1594.93;     376.88;    1595.02;       10;    0.67;   stop
   529;    2256.03;    1368.19;    2256.71;    1329.87;    2239.10;    1329.56;    2238.42;    1367.88;       10;    0.67;   stop
   290;    1939.23;     261.32;    1955.07;     260.23;    1953.27;     234.24;    1937.43;     235.33;       10;    0.67;   stop
 10093;    2138.95;     553.50;    2170.33;     550.41;    2168.86;     535.50;    2137.48;     538.59;       10;    0.67;   stop
   463;    3751.89;     171.88;    3762.93;     142.32;    3749.99;     137.49;    3738.95;     167.05;       10;    0.67;   stop
   500;    2313.60;    1328.87;    2314.44;    1310.61;    2272.65;    1308.69;    2271.81;    1326.95;        9;    0.67;   stop
   494;    2031.33;    1517.16;    2032.07;    1492.60;    2019.42;    1492.22;    2018.68;    1516.78;       10;    0.67;   stop
  9041;    2520.62;    1079.22;    2550.60;    1079.01;    2550.51;    1065.03;    2520.52;    1065.24;       10;    0.66;   move
   464;    1222.36;    1635.02;    1222.51;    1622.15;    1196.39;    1621.85;    1196.24;    1634.72;       10;    0.66;   stop
   450;     268.54;      44.41;     301.00;      41.28;     299.58;      26.61;     267.13;      29.74;       10;    0.66;   stop
   488;    3677.48;     491.08;    3714.63;     489.03;    3713.77;     473.61;    3676.62;     475.66;       10;    0.66;   stop
   547;    3474.98;     464.10;    3504.65;     460.27;    3502.83;     446.22;    3473.17;     450.05;       10;    0.66;   stop
   431;    2593.80;     931.04;    2611.53;     929.87;    2608.95;     890.90;    2591.22;     892.07;       10;    0.66;   stop
   517;     731.09;    2012.93;     733.24;    1983.99;     720.96;    1983.07;     718.80;    2012.01;       10;    0.66;   stop
 13605;    2451.60;    1083.78;    2482.29;    1081.67;    2481.15;    1064.97;    2450.46;    1067.08;       10;    0.65;   move
  3279;    1777.57;      80.97;    1793.94;      79.31;    1790.41;      44.47;    1774.04;      46.13;       10;    0.65;   stop
   452;    3325.83;     955.30;    3359.51;     942.32;    3353.86;     927.67;    3320.18;     940.64;       10;    0.65;   stop
   553;    3022.26;    1799.60;    3048.22;    1756.87;    3030.99;    1746.40;    3005.03;    1789.13;        9;    0.65;   stop
   342;    2544.61;      48.89;    2560.03;      48.39;    2559.14;      20.86;    2543.72;      21.36;       10;    0.65;   stop
 10012;    1575.49;    1132.26;    1607.49;    1131.51;    1607.14;    1116.61;    1575.14;    1117.36;       10;    0.65;   move
 13530;    2287.15;    1062.18;    2287.29;    1045.28;    2248.48;    1044.95;    2248.34;    1061.85;       10;    0.65;   stop
   502;     310.01;      38.64;     339.44;      36.21;     338.27;      22.06;     308.84;      24.50;       10;    0.65;   stop
  8054;    3273.10;     593.92;    3289.41;     593.41;    3288.46;     562.96;    3272.15;     563.46;       10;    0.65;   stop
   657;    1695.19;    1168.19;    1695.91;    1153.41;    1680.82;    1152.68;    1680.11;    1167.46;       10;    0.65;   move
   461;     633.47;    1195.14;     661.36;    1194.87;     661.22;    1180.49;     633.33;    1180.75;       10;    0.64;   stop
 11796;     409.94;     492.54;     414.23;     462.37;     397.24;     459.96;     392.96;     490.13;       10;    0.64;   stop
  2210;    1067.42;    1667.51;    1067.82;    1654.75;    1045.71;    1654.06;    1045.31;    1666.81;       10;    0.64;   stop
   483;    1415.62;    1641.56;    1440.02;    1640.83;    1439.63;    1627.69;    1415.23;    1628.42;       10;    0.64;   stop
  7118;    1887.34;      59.97;    1903.27;      58.60;    1900.44;      25.53;    1884.51;      26.90;       10;    0.64;   move
 12503;    3569.60;    1195.86;    3575.02;    1174.05;    3511.34;    1158.20;    3505.91;    1180.02;       10;    0.64;   stop
   565;    3144.70;    1739.34;    3152.38;    1697.56;    3131.86;    1693.79;    3124.18;    1735.57;        9;    0.64;   stop
   515;    3669.60;     946.82;    3705.59;     945.01;    3704.77;     928.65;    3668.78;     930.46;       10;    0.63;   stop
   524;    1425.91;    1168.46;    1455.90;    1167.06;    1455.22;    1152.41;    1425.22;    1153.82;       10;    0.63;   stop
   514;    3583.78;     950.73;    3618.60;     949.69;    3618.09;     932.71;    3583.27;     933.75;       10;    0.63;   stop
   504;     363.66;     537.78;     366.87;     522.11;     332.44;     515.04;     329.22;     530.71;       10;    0.62;   stop
   590;    1496.58;    1168.68;    1526.50;    1168.24;    1526.29;    1154.44;    1496.38;    1154.89;       10;    0.62;   stop
 13527;     625.73;    1174.66;     648.96;    1152.28;     638.95;    1141.90;     615.73;    1164.29;       10;    0.62;   stop
   506;    3411.19;    1010.03;    3424.63;     984.03;    3411.93;     977.47;    3398.50;    1003.47;       10;    0.62;   stop
   453;     142.66;    1045.55;     168.90;    1043.02;     167.65;    1030.07;     141.41;    1032.60;       10;    0.62;   stop
 12481;     215.88;    1117.08;     243.47;    1116.16;     243.02;    1102.92;     215.44;    1103.84;       10;    0.62;   move
  9963;    2508.38;    1735.39;    2511.09;    1705.05;    2496.37;    1703.73;    2493.66;    1734.08;       10;    0.62;   stop
   527;    2581.80;     696.95;    2595.48;     696.75;    2595.08;     669.92;    2581.40;     670.13;       10;    0.62;   stop
 12627;    2387.06;    1290.78;    2419.45;    1288.90;    2418.57;    1273.65;    2386.17;    1275.53;       10;    0.61;   stop
   516;    3562.84;     799.37;    3572.25;     776.18;    3559.35;     770.95;    3549.94;     794.13;       10;    0.61;   stop
   484;     104.93;    1153.66;     140.50;    1153.58;     140.46;    1137.59;     104.89;    1137.67;       10;    0.60;   stop
  2541;     482.72;      17.34;     515.65;      15.33;     514.78;       1.17;     481.85;       3.18;       10;    0.60;   stop
   576;    1821.16;     893.73;    1837.86;     893.29;    1836.96;     859.02;    1820.27;     859.46;       10;    0.60;   stop
   535;    2095.59;    1529.80;    2127.90;    1529.69;    2127.85;    1513.89;    2095.54;    1514.00;       10;    0.59;   stop
 12414;    2000.32;    1004.21;    2014.53;    1000.52;    2006.93;     971.29;    1992.72;     974.98;       10;    0.58;   stop
   479;     555.15;    1616.80;     555.73;    1602.80;     527.66;    1601.64;     527.08;    1615.64;       10;    0.58;   stop
 12579;     168.66;    1117.30;     168.95;    1099.62;     129.70;    1098.95;     129.40;    1116.63;       10;    0.58;   move
   531;    3025.89;     496.22;    3057.75;     493.96;    3056.61;     477.84;    3024.75;     480.10;       10;    0.58;   stop
   455;    1916.52;    1252.04;    1931.86;    1249.14;    1926.48;    1220.71;    1911.14;    1223.61;       10;    0.58;   stop
 11075;    1739.56;    1690.79;    1740.94;    1676.58;    1715.37;    1674.08;    1713.98;    1688.30;       10;    0.58;   stop
  3996;     256.47;    1874.73;     271.30;    1874.23;     270.41;    1848.08;     255.58;    1848.59;       10;    0.58;   stop
  9522;    1897.65;    1074.68;    1914.40;    1070.32;    1904.85;    1033.57;    1888.10;    1037.93;       10;    0.57;   move
 10198;    2049.94;     119.80;    2075.01;     117.76;    2073.94;     104.63;    2048.87;     106.68;       10;    0.57;   stop
   552;     700.08;    2012.73;     716.14;    2012.42;     715.55;    1981.96;     699.48;    1982.27;       10;    0.57;   stop
   449;    1372.50;    1679.34;    1373.22;    1665.49;    1347.75;    1664.16;    1347.03;    1678.01;       10;    0.57;   stop
   544;    2589.22;     846.69;    2604.38;     846.25;    2603.41;     812.69;    2588.24;     813.13;       10;    0.56;   stop
   409;     229.51;    1040.81;     230.02;    1027.38;     203.38;    1026.38;     202.87;    1039.80;       10;    0.56;   stop
   538;    3325.50;     937.79;    3338.00;     926.85;    3316.69;     902.52;    3304.19;     913.46;       10;    0.56;   stop
 13786;    3545.12;    1083.60;    3551.41;    1069.71;    3522.69;    1056.71;    3516.40;    1070.61;       10;    0.56;   stop
  9839;    1904.38;     983.81;    1918.85;     983.60;    1918.37;     950.07;    1903.90;     950.27;       10;    0.56;   move
 13938;    2025.60;    1792.33;    2029.15;    1766.89;    2015.03;    1764.92;    2011.48;    1790.36;       10;    0.56;   stop
 11240;     557.35;    1119.90;     579.95;    1119.70;     579.84;    1107.60;     557.24;    1107.80;       10;    0.56;   stop
   545;     204.84;    1598.46;     206.03;    1586.58;     183.76;    1584.35;     182.57;    1596.23;       10;    0.56;   stop
   577;     191.65;    1633.92;     191.73;    1621.24;     165.07;    1621.08;     164.99;    1633.76;       10;    0.56;   stop
   532;    3512.86;     882.96;    3523.03;     847.38;    3504.32;     842.04;    3494.16;     877.62;       10;    0.55;   stop
  8619;    2810.17;    1940.94;    2857.92;    1923.19;    2850.69;    1903.75;    2802.94;    1921.50;        9;    0.55;   stop
   505;    2551.25;     154.81;    2565.00;     153.66;    2562.62;     125.32;    2548.87;     126.47;       10;    0.55;   stop
   491;    1389.18;     858.60;    1390.99;     844.85;    1363.69;     841.27;    1361.89;     855.02;       10;    0.55;   stop
 12843;    2230.20;     567.03;    2269.09;     561.31;    2266.61;     544.47;    2227.73;     550.19;       10;    0.55;   move
  1346;    1812.09;     718.34;    1826.24;     717.17;    1823.82;     687.91;    1809.67;     689.08;       10;    0.55;   stop
 14091;    1633.48;    1110.00;    1685.54;    1109.16;    1685.27;    1092.75;    1633.21;    1093.59;        9;    0.54;   stop
   458;    2564.46;     436.32;    2580.16;     435.04;    2577.54;     402.93;    2561.84;     404.21;       10;    0.54;   stop
   507;     681.25;    1217.87;     682.01;    1191.91;     667.81;    1191.50;     667.05;    1217.46;       10;    0.54;   stop
   549;    3700.08;     301.46;    3717.17;     261.61;    3700.54;     254.48;    3683.46;     294.33;        9;    0.54;   stop
 12042;    1997.40;    1830.53;    2002.48;    1797.84;    1986.41;    1795.34;    1981.33;    1828.03;       10;    0.53;   stop
   627;    3381.88;    1326.21;    3425.53;    1317.99;    3421.56;    1296.92;    3377.91;    1305.13;       10;    0.53;   stop
 11308;    3119.02;    1096.82;    3121.30;    1081.81;    3109.73;    1080.05;    3107.45;    1095.07;       10;    0.52;   stop
   616;    1572.29;    1684.31;    1573.28;    1669.98;    1547.33;    1668.19;    1546.34;    1682.52;       10;    0.52;   stop
  2898;    1746.73;    1172.16;    1779.70;    1170.54;    1779.02;    1156.59;    1746.05;    1158.21;       10;    0.52;   stop
  6407;     246.06;    1736.91;     261.66;    1736.61;     261.13;    1708.41;     245.53;    1708.70;       10;    0.51;   stop
 13984;    1926.60;    1382.12;    1945.77;    1379.61;    1940.78;    1341.51;    1921.60;    1344.02;        9;    0.51;   stop
   615;    3773.77;    1173.74;    3790.40;    1172.60;    3788.11;    1139.08;    3771.48;    1140.21;       10;    0.51;   stop
   459;    1928.14;    1381.14;    1944.68;    1378.97;    1939.61;    1340.24;    1923.07;    1342.41;       10;    0.51;   stop
   511;    2773.31;    2068.62;    2789.81;    2060.80;    2774.82;    2029.19;    2758.32;    2037.02;       10;    0.51;   stop
 12153;    1636.73;    1110.08;    1686.85;    1109.08;    1686.52;    1092.67;    1636.40;    1093.67;       10;    0.51;   stop
   521;    2587.58;    2067.34;    2631.57;    2054.05;    2625.29;    2033.28;    2581.31;    2046.58;        9;    0.51;   stop
  2526;     409.93;      27.22;     432.55;       9.23;     423.51;      -2.14;     400.89;      15.85;       10;    0.51;   stop
   568;    3712.99;     374.75;    3721.89;     346.36;    3706.39;     341.50;    3697.49;     369.89;       10;    0.50;   stop
 14056;    1897.45;    1074.56;    1914.44;    1070.72;    1906.08;    1033.69;    1889.09;    1037.53;        9;    0.50;   move
 12966;      18.60;    1625.52;      48.39;    1620.73;      46.33;    1607.91;      16.53;    1612.71;       10;    0.50;   stop
   525;     551.27;    1653.46;     577.54;    1653.35;     577.47;    1638.10;     551.21;    1638.21;       10;    0.50;   stop
  7425;     287.34;    2103.24;     287.46;    2072.45;     270.00;    2072.38;     269.88;    2103.17;       10;    0.50;   stop
   570;     337.95;    1360.94;     338.35;    1347.84;     311.74;    1347.02;     311.33;    1360.13;       10;    0.50;   stop
   541;    3553.23;    1293.98;    3557.59;    1277.93;    3529.58;    1270.32;    3525.22;    1286.36;       10;    0.50;   stop
   469;     427.01;    1648.32;     427.85;    1633.71;     397.99;    1631.99;     397.15;    1646.60;       10;    0.50;   stop
 12552;    3508.39;     459.58;    3537.77;     455.64;    3535.99;     442.30;    3506.60;     446.24;       10;    0.49;   stop
  3887;    2551.73;     121.05;    2576.76;     116.61;    2574.52;     103.95;    2549.49;     108.39;       10;    0.48;   stop
   600;    2557.85;     286.23;    2572.23;     285.99;    2571.77;     258.27;    2557.40;     258.51;       10;    0.48;   stop
 14035;    1933.74;    1428.95;    1951.58;    1426.06;    1944.32;    1381.30;    1926.49;    1384.19;       10;    0.48;   stop
   587;    2550.80;     186.18;    2565.57;     186.05;    2565.33;     159.19;    2550.55;     159.33;       10;    0.48;   stop
 14064;     160.36;      57.88;     193.50;      54.82;     192.14;      40.08;     159.00;      43.15;       10;    0.48;   stop
 12419;     248.18;    1706.79;     262.71;    1704.60;     258.07;    1673.83;     243.54;    1676.03;       10;    0.48;   stop
  3633;    2519.56;      74.58;    2520.70;      53.31;    2506.57;      52.55;    2505.43;      73.82;       10;    0.47;   stop
 13533;    2361.07;    1095.13;    2386.28;    1090.39;    2383.80;    1077.24;    2358.60;    1081.99;       10;    0.47;   move
   581;    1540.04;    1771.31;    1545.30;    1759.01;    1518.83;    1747.69;    1513.57;    1759.99;       10;    0.46;   stop
 12372;    3737.02;     204.54;    3746.24;     181.60;    3734.86;     177.02;    3725.64;     199.97;       10;    0.46;   stop
   579;    3215.80;    1345.85;    3234.38;    1298.57;    3213.57;    1290.40;    3195.00;    1337.68;        9;    0.46;   stop
   430;     170.14;    1040.54;     198.14;    1039.87;     197.83;    1026.65;     169.83;    1027.31;       10;    0.45;   stop
 11919;     458.15;    1648.73;     458.83;    1635.58;     435.76;    1634.39;     435.08;    1647.54;       10;    0.45;   stop
  8940;    1675.76;    1150.90;    1675.82;    1134.13;    1633.99;    1133.97;    1633.93;    1150.74;        9;    0.45;   stop
  8659;    3181.58;    1638.70;    3187.82;    1592.27;    3164.35;    1589.12;    3158.12;    1635.55;       10;    0.45;   stop
   575;    1386.94;     870.79;    1388.01;     858.51;    1360.31;     856.09;    1359.24;     868.36;       10;    0.44;   stop
  9909;    1831.44;     782.00;    1846.36;     781.02;    1844.41;     751.37;    1829.48;     752.36;       10;    0.44;   stop
 14119;    1847.76;     777.99;    1867.71;     775.87;    1862.96;     731.19;    1843.01;     733.32;       10;    0.44;   stop
 14124;    3180.64;    1638.75;    3186.37;    1592.87;    3163.42;    1590.00;    3157.69;    1635.88;        9;    0.44;   stop
  6482;    3746.37;     446.42;    3777.87;     442.92;    3776.13;     427.33;    3744.63;     430.83;       10;    0.44;   stop
 14122;    2648.13;    1084.86;    2649.24;    1071.25;    2639.40;    1070.45;    2638.29;    1084.06;       10;    0.44;   stop
  2546;     445.39;      22.40;     476.07;      20.62;     475.23;       6.20;     444.55;       7.98;       10;    0.43;   stop
   567;    1408.75;    1679.41;    1410.10;    1666.96;    1383.50;    1664.09;    1382.15;    1676.54;       10;    0.43;   stop
   673;    1140.44;    1634.00;    1140.64;    1620.48;    1113.31;    1620.06;    1113.11;    1633.58;       10;    0.43;   stop
 14126;    1839.98;     603.06;    1857.84;     601.54;    1854.71;     564.97;    1836.85;     566.50;        9;    0.42;   stop
 13964;    2264.20;     576.09;    2289.58;     573.39;    2288.30;     561.29;    2262.92;     563.98;       10;    0.42;   stop
 11238;    3394.90;    1041.35;    3408.73;    1011.92;    3394.48;    1005.22;    3380.64;    1034.65;       10;    0.41;   stop
 13265;       6.57;    1149.40;      33.28;    1148.75;      32.95;    1135.28;       6.24;    1135.94;       10;    0.40;   stop
 14041;    1038.82;     993.87;    1053.63;     992.95;    1051.80;     963.63;    1037.00;     964.55;       10;    0.40;   stop
 14072;    2499.50;    1551.96;    2516.64;    1551.89;    2516.50;    1520.41;    2499.36;    1520.48;       10;    0.39;   stop
 13185;     924.23;     623.41;     925.09;     611.06;     901.08;     609.40;     900.22;     621.75;       10;    0.39;   stop
 14127;    3383.18;    1325.79;    3426.02;    1317.56;    3422.13;    1297.33;    3379.29;    1305.57;        9;    0.39;   stop
 13811;     241.77;    1667.51;     257.24;    1654.41;     230.73;    1623.11;     215.26;    1636.21;       10;    0.39;   stop
 13932;    3828.74;    1282.86;    3831.79;    1266.71;    3804.39;    1261.52;    3801.33;    1277.67;       10;    0.38;   stop
 14016;    3304.72;    1041.11;    3306.71;    1008.24;    3291.53;    1007.32;    3289.54;    1040.19;       10;    0.38;   stop
 13595;     250.99;    1769.76;     267.43;    1767.88;     264.17;    1739.30;     247.72;    1741.18;       10;    0.37;   stop
 13974;    3063.26;    1478.55;    3077.64;    1470.92;    3061.42;    1440.36;    3047.05;    1447.98;       10;    0.37;   stop
   557;    3632.11;     947.94;    3663.41;     944.18;    3661.64;     929.40;    3630.34;     933.16;       10;    0.37;   stop
   551;     485.88;    1235.44;     486.07;    1221.15;     461.00;    1220.81;     460.80;    1235.10;       10;    0.37;   stop
 14087;    3259.16;      21.60;    3291.36;      19.19;    3290.21;       3.94;    3258.02;       6.35;        9;    0.37;   stop
 13563;    3218.67;     142.95;    3227.94;     118.47;    3209.77;     111.59;    3200.50;     136.07;       10;    0.37;   stop
 13806;    1634.11;     562.34;    1634.19;     547.08;    1603.64;     546.91;    1603.56;     562.17;       10;    0.37;   stop
 14002;    3711.50;     900.03;    3736.48;     899.06;    3736.00;     886.84;    3711.02;     887.82;       10;    0.37;   stop
  9374;     222.94;      49.89;     255.63;      46.67;     254.24;      32.61;     221.56;      35.83;       10;    0.37;   stop
 12316;     519.11;    1652.89;     538.51;    1652.69;     538.39;    1641.48;     518.99;    1641.69;       10;    0.36;   stop
 12572;     341.64;     563.72;     344.78;     549.06;     309.92;     541.59;     306.78;     556.26;       10;    0.36;   stop
   584;     838.38;    1922.79;     872.71;    1922.48;     872.56;    1905.96;     838.23;    1906.27;       10;    0.36;   stop
 13163;     307.05;    1646.93;     332.69;    1642.07;     329.99;    1627.76;     304.34;    1632.61;       10;    0.36;   stop
 13120;    2034.15;    1645.80;    2035.48;    1620.75;    2022.60;    1620.07;    2021.27;    1645.12;       10;    0.35;   stop
 13379;     479.08;    1220.46;     479.20;    1206.96;     453.73;    1206.73;     453.61;    1220.23;       10;    0.35;   stop
 13032;    1787.23;     243.56;    1803.02;     242.34;    1800.44;     208.69;    1784.65;     209.91;       10;    0.35;   stop