vehicle_id; veh_bb_x1; veh_bb_y1; veh_bb_x2; veh_bb_y2; veh_bb_x3; veh_bb_y3; veh_bb_x4; veh_bb_y4; det_class; conf_score; state
     2;    2918.64;    1173.67;    2920.99;    1162.62;    2896.11;    1157.33;    2893.76;    1168.38;       10;    0.84;   stop
     3;    3019.46;    1440.01;    3029.69;    1415.63;    3018.04;    1410.74;    3007.81;    1435.12;       10;    0.83;   stop
     8;    2108.96;    1216.67;    2109.81;    1204.96;    2085.79;    1203.21;    2084.94;    1214.92;       10;    0.83;   stop
  2218;    2960.34;    1200.97;    2962.91;    1188.62;    2935.41;    1182.91;    2932.84;    1195.26;       10;    0.83;   move
    17;    1362.76;    1192.17;    1363.59;    1175.99;    1319.24;    1173.70;    1318.41;    1189.89;        9;    0.82;   stop
   422;    1763.46;    1153.88;    1764.07;    1140.24;    1733.30;    1138.87;    1732.69;    1152.51;       10;    0.82;   stop
    76;    3070.46;    1498.60;    3080.84;    1474.57;    3068.29;    1469.15;    3057.91;    1493.18;       10;    0.82;   stop
    30;    1847.75;     658.03;    1848.64;     632.77;    1836.63;     632.34;    1835.73;     657.61;       10;    0.82;   stop
    38;    1975.71;    1134.32;    1976.66;    1122.26;    1950.16;    1120.18;    1949.22;    1132.24;       10;    0.82;   move
    20;    1983.45;     374.12;    1984.07;     347.28;    1972.05;     347.01;    1971.43;     373.84;       10;    0.82;   stop
   106;    1860.09;    1126.59;    1860.94;    1115.00;    1837.79;    1113.29;    1836.93;    1124.88;       10;    0.82;   move
  1161;    2764.23;    1181.37;    2766.72;    1169.75;    2741.15;    1164.26;    2738.65;    1175.87;       10;    0.82;   stop
    19;    2949.56;    1180.95;    2952.11;    1169.10;    2927.16;    1163.73;    2924.61;    1175.59;       10;    0.82;   stop
    22;    3102.75;    1422.13;    3114.54;    1396.24;    3101.63;    1390.37;    3089.84;    1416.26;       10;    0.82;   stop
    45;    3045.68;    1473.95;    3057.87;    1449.07;    3045.82;    1443.17;    3033.63;    1468.05;       10;    0.82;   stop
   258;    1971.78;     792.64;    1973.05;     767.27;    1959.72;     766.61;    1958.45;     791.98;       10;    0.82;   stop
   128;    1877.76;     954.62;    1890.52;     954.54;    1890.34;     928.63;    1877.58;     928.71;       10;    0.82;   stop
    65;    2831.59;    1157.80;    2833.91;    1145.91;    2806.53;    1140.57;    2804.21;    1152.47;       10;    0.82;   stop
    81;    3093.46;    1505.99;    3104.47;    1481.82;    3092.54;    1476.38;    3081.53;    1500.56;       10;    0.82;   stop
    59;    2981.09;    1309.52;    2983.80;    1295.47;    2951.41;    1289.23;    2948.70;    1303.28;       10;    0.82;   stop
     9;    3086.60;    1453.89;    3098.37;    1425.24;    3084.49;    1419.55;    3072.73;    1448.19;       10;    0.82;   stop
   399;    3011.69;    1257.31;    3014.08;    1245.61;    2987.56;    1240.19;    2985.17;    1251.89;       10;    0.82;   stop
    29;    3607.89;    1455.24;    3612.20;    1440.65;    3578.98;    1430.86;    3574.68;    1445.44;       10;    0.82;   stop
  2076;    1863.10;     218.26;    1863.12;     194.06;    1851.28;     194.05;    1851.26;     218.25;       10;    0.82;   stop
    25;    1270.30;    1073.54;    1271.03;    1060.95;    1245.20;    1059.46;    1244.47;    1072.05;       10;    0.82;   stop
    35;     937.43;    1169.86;     938.51;    1157.83;     912.63;    1155.52;     911.56;    1167.55;       10;    0.82;   stop
   116;    1870.87;     922.97;    1871.42;     890.77;    1857.28;     890.53;    1856.74;     922.73;       10;    0.82;   stop
   209;    1978.61;    1089.40;    1986.22;    1080.70;    1966.95;    1063.85;    1959.34;    1072.55;       10;    0.82;   move
    21;    1816.40;    2028.32;    1829.01;    2003.54;    1818.24;    1998.06;    1805.63;    2022.84;       10;    0.82;   stop
    80;    3108.68;    1480.51;    3120.99;    1453.86;    3108.82;    1448.24;    3096.51;    1474.89;       10;    0.82;   stop
    33;    1965.46;     117.99;    1965.48;      94.65;    1954.04;      94.64;    1954.02;     117.98;       10;    0.81;   stop
  1494;    1886.60;     358.85;    1886.62;     333.04;    1873.15;     333.03;    1873.13;     358.83;       10;    0.81;   stop
    23;    1475.88;      72.94;    1476.15;      59.29;    1445.75;      58.68;    1445.47;      72.34;       10;    0.81;   stop
    67;    1967.74;     447.20;    1980.76;     447.14;    1980.64;     419.05;    1967.61;     419.11;       10;    0.81;   stop
   114;    1976.37;     566.02;    1976.82;     536.69;    1963.38;     536.48;    1962.93;     565.81;       10;    0.81;   stop
   238;    1855.52;     627.90;    1869.23;     626.43;    1865.98;     596.10;    1852.27;     597.57;       10;    0.81;   stop
    31;     500.57;    1043.33;     500.96;    1032.20;     477.24;    1031.36;     476.85;    1042.49;       10;    0.81;   stop
    11;    1200.13;    1068.13;    1200.91;    1056.81;    1179.24;    1055.31;    1178.46;    1066.63;       10;    0.81;   stop
    14;    2361.40;    1130.06;    2362.24;    1116.01;    2333.97;    1114.31;    2333.13;    1128.37;       10;    0.81;   stop
    28;    2679.53;    1978.13;    2704.19;    1969.39;    2699.84;    1957.12;    2675.19;    1965.86;       10;    0.81;   stop
    64;    1802.75;    2059.20;    1816.33;    2032.66;    1804.89;    2026.80;    1791.31;    2053.34;       10;    0.81;   stop
    90;    3126.93;    1453.30;    3138.86;    1428.61;    3126.19;    1422.48;    3114.26;    1447.17;       10;    0.81;   stop
   102;    1926.97;     570.33;    1941.28;     570.10;    1940.78;     538.92;    1926.47;     539.15;       10;    0.81;   move
    55;    1012.23;    1062.55;    1012.55;    1050.90;     987.18;    1050.20;     986.86;    1061.85;       10;    0.81;   stop
   171;    1597.49;    1110.95;    1598.35;    1097.11;    1567.14;    1095.17;    1566.28;    1109.01;       10;    0.81;   move
  1787;    1163.66;    1147.46;    1164.58;    1133.91;    1133.59;    1131.79;    1132.67;    1145.34;       10;    0.81;   move
    40;    2929.00;    1297.93;    2931.14;    1285.18;    2904.12;    1280.66;    2901.99;    1293.42;       10;    0.81;   stop
   127;    1974.54;     803.11;    1986.23;     803.10;    1986.21;     778.64;    1974.52;     778.65;       10;    0.81;   stop
    70;    2109.63;    1118.58;    2110.53;    1105.39;    2079.87;    1103.30;    2078.97;    1116.48;       10;    0.81;   move
   153;    1877.71;     921.22;    1892.11;     921.20;    1892.07;     890.60;    1877.67;     890.61;       10;    0.81;   stop
    44;    2697.30;    1253.85;    2699.15;    1241.20;    2669.70;    1236.90;    2667.85;    1249.55;       10;    0.81;   stop
   188;    1970.77;    1493.65;    1973.53;    1460.65;    1959.61;    1459.48;    1956.84;    1492.48;       10;    0.81;   stop
    60;    3036.34;    1532.30;    3046.19;    1510.23;    3034.91;    1505.20;    3025.06;    1527.27;       10;    0.81;   stop
    16;    1927.07;     371.40;    1938.73;     371.25;    1938.43;     347.47;    1926.77;     347.62;       10;    0.81;   move
    77;    1982.00;     840.55;    1988.47;     811.63;    1975.38;     808.70;    1968.91;     837.62;       10;    0.81;   stop
   112;    2403.48;    1129.91;    2404.71;    1117.51;    2374.02;    1114.47;    2372.79;    1126.86;       10;    0.81;   stop
    56;    2886.88;    1168.10;    2889.33;    1155.88;    2862.62;    1150.52;    2860.17;    1162.74;       10;    0.81;   stop
    39;    2817.55;    1273.96;    2820.33;    1262.23;    2794.70;    1256.16;    2791.92;    1267.90;       10;    0.81;   stop
    41;    1958.99;    1862.55;    1965.26;    1832.47;    1951.98;    1829.70;    1945.71;    1859.78;       10;    0.81;   stop
    85;    1947.95;     373.18;    1960.58;     373.05;    1960.30;     346.82;    1947.67;     346.95;       10;    0.80;   stop
    54;    1972.37;     909.74;    1986.07;     908.24;    1983.13;     881.26;    1969.43;     882.76;       10;    0.80;   stop
    88;     952.67;    1062.03;     980.12;    1061.35;     979.80;    1048.47;     952.35;    1049.15;       10;    0.80;   stop
  1989;    2943.79;    1213.58;    2946.53;    1201.45;    2918.21;    1195.04;    2915.47;    1207.17;       10;    0.80;   move
    74;    3005.70;    1472.06;    3016.62;    1446.79;    3004.80;    1441.69;    2993.88;    1466.96;       10;    0.80;   stop
    79;     811.09;    1161.40;     811.37;    1149.94;     787.26;    1149.35;     786.98;    1160.81;       10;    0.80;   stop
    37;    2585.82;    1125.83;    2587.28;    1113.96;    2560.68;    1110.67;    2559.22;    1122.54;       10;    0.80;   stop
    73;    3029.57;    1200.21;    3032.63;    1188.41;    3005.68;    1181.42;    3002.62;    1193.22;       10;    0.80;   stop
    26;    2080.02;    1214.64;    2080.40;    1203.72;    2059.04;    1202.98;    2058.66;    1213.91;       10;    0.80;   stop
    57;    2592.83;    1243.14;    2593.84;    1229.68;    2562.67;    1227.36;    2561.66;    1240.82;       10;    0.80;   stop
   148;    2859.67;    1282.82;    2862.12;    1270.56;    2835.83;    1265.31;    2833.38;    1277.57;       10;    0.80;   stop
     6;    1948.16;     483.45;    1962.90;     483.19;    1962.34;     451.43;    1947.60;     451.69;       10;    0.80;   stop
   126;    1832.99;     876.25;    1842.40;     850.19;    1831.14;     846.13;    1821.73;     872.18;       10;    0.80;   stop
    71;    2554.77;    1138.91;    2556.03;    1127.47;    2529.86;    1124.59;    2528.60;    1136.03;       10;    0.80;   stop
  1652;    1871.91;     326.51;    1884.42;     326.03;    1883.34;     297.86;    1870.83;     298.34;       10;    0.80;   stop
   303;    1875.50;     696.48;    1889.19;     695.07;    1886.40;     668.14;    1872.72;     669.56;       10;    0.80;   stop
   101;    1332.12;    1073.40;    1332.33;    1061.21;    1304.88;    1060.72;    1304.67;    1072.92;       10;    0.80;   stop
   206;    1973.05;    1382.06;    1973.93;    1357.74;    1962.20;    1357.32;    1961.32;    1381.63;       10;    0.80;   stop
    36;    2479.95;    1116.04;    2480.33;    1104.42;    2455.05;    1103.58;    2454.67;    1115.21;       10;    0.80;   stop
   899;    1797.45;    1152.46;    1797.74;    1140.88;    1774.62;    1140.29;    1774.32;    1151.87;       10;    0.80;   stop
    15;    2729.65;    1257.45;    2731.17;    1245.23;    2704.69;    1241.92;    2703.16;    1254.15;       10;    0.80;   stop
    66;    2457.95;    1233.28;    2458.41;    1221.32;    2433.17;    1220.35;    2432.71;    1232.31;       10;    0.80;   stop
    82;    2709.46;    1965.27;    2737.13;    1954.79;    2732.03;    1941.30;    2704.35;    1951.77;       10;    0.80;   stop
   159;    1974.99;     775.14;    1987.69;     774.95;    1987.26;     746.98;    1974.56;     747.18;       10;    0.80;   stop
    87;    1968.11;     158.80;    1981.13;     158.66;    1980.82;     130.33;    1967.81;     130.47;       10;    0.80;   stop
    83;    1181.53;    1182.90;    1181.99;    1170.39;    1156.78;    1169.48;    1156.33;    1181.99;       10;    0.80;   stop
   103;    2521.51;    1236.76;    2522.27;    1225.40;    2495.61;    1223.62;    2494.85;    1234.98;       10;    0.80;   stop
    94;    2772.37;    1941.40;    2796.39;    1929.81;    2790.38;    1917.35;    2766.36;    1928.94;       10;    0.80;   stop
  1399;    1829.70;    2051.85;    1843.50;    2024.43;    1831.52;    2018.40;    1817.72;    2045.82;       10;    0.80;   stop
   104;    1962.60;     409.61;    1976.07;     409.05;    1974.90;     381.26;    1961.43;     381.83;       10;    0.80;   stop
   152;    1950.92;      83.25;    1963.80;      82.93;    1963.14;      56.25;    1950.26;      56.57;       10;    0.80;   stop
    99;    1973.00;     938.53;    1985.75;     937.98;    1984.75;     914.91;    1972.00;     915.45;       10;    0.80;   stop
    51;    1981.86;    1348.37;    1983.85;    1322.20;    1971.39;    1321.25;    1969.40;    1347.42;       10;    0.80;   stop
    93;    2213.64;    1127.27;    2214.73;    1113.95;    2184.74;    1111.48;    2183.64;    1124.80;       10;    0.80;   stop
    53;     693.90;    1051.44;     694.48;    1039.49;     669.23;    1038.25;     668.64;    1050.20;       10;    0.79;   stop
   100;     881.58;    1057.97;     882.24;    1046.07;     857.11;    1044.66;     856.44;    1056.56;       10;    0.79;   stop
   110;    1042.61;    1063.35;    1042.95;    1052.33;    1020.64;    1051.65;    1020.30;    1062.67;       10;    0.79;   stop
   144;     869.30;    1165.41;     869.69;    1152.90;     843.94;    1152.09;     843.54;    1164.60;       10;    0.79;   stop
  1357;    1563.34;    1171.95;    1563.76;    1158.79;    1536.03;    1157.92;    1535.62;    1171.08;       10;    0.79;   move
    47;    1662.62;    1199.95;    1664.56;    1188.05;    1639.25;    1183.92;    1637.31;    1195.82;       10;    0.79;   stop
    42;    1858.93;     844.82;    1871.90;     844.68;    1871.57;     814.55;    1858.60;     814.69;       10;    0.79;   stop
   125;    1876.68;     882.50;    1890.41;     882.24;    1889.82;     851.13;    1876.09;     851.39;       10;    0.79;   stop
   146;    1892.04;     993.12;    1892.18;     966.70;    1878.96;     966.63;    1878.82;     993.05;       10;    0.79;   stop
    49;    2288.30;    1129.01;    2288.69;    1117.34;    2263.07;    1116.49;    2262.69;    1128.16;       10;    0.79;   stop
   191;    2716.92;    1140.30;    2718.45;    1127.52;    2691.71;    1124.33;    2690.18;    1137.10;       10;    0.79;   stop
   490;    2705.81;    1156.65;    2707.95;    1142.38;    2673.56;    1137.23;    2671.43;    1151.49;       10;    0.79;   stop
  1909;    2896.35;    1207.19;    2899.37;    1193.53;    2868.90;    1186.81;    2865.88;    1200.47;       10;    0.79;   stop
  2764;    1844.52;      39.93;    1859.04;      39.90;    1858.98;       6.76;    1844.46;       6.79;       10;    0.79;   stop
  1355;    1871.67;     398.50;    1883.73;     398.43;    1883.58;     372.12;    1871.52;     372.19;       10;    0.79;   stop
   216;    1855.16;     702.33;    1866.98;     701.58;    1865.22;     673.55;    1853.39;     674.29;       10;    0.79;   stop
  2667;    1929.98;     893.94;    1943.32;     893.42;    1942.27;     866.68;    1928.93;     867.21;       10;    0.79;   move
    86;    1865.89;     585.14;    1879.87;     583.99;    1877.46;     554.49;    1863.48;     555.63;       10;    0.79;   stop
  2165;    1947.56;    1796.62;    1949.87;    1766.19;    1935.94;    1765.13;    1933.63;    1795.56;       10;    0.79;   stop
   168;    2740.58;    1954.52;    2770.18;    1941.36;    2763.67;    1926.73;    2734.07;    1939.89;       10;    0.79;   stop
    96;    1321.51;      72.92;    1353.75;      72.89;    1353.74;      58.70;    1321.50;      58.74;       10;    0.79;   stop
   109;    1403.43;      71.77;    1403.79;      59.01;    1374.20;      58.17;    1373.84;      70.93;       10;    0.79;   stop
  2283;    1870.61;     199.97;    1882.95;     199.73;    1882.39;     171.84;    1870.05;     172.08;       10;    0.79;   stop
  1074;    1854.78;     457.28;    1866.61;     456.82;    1865.60;     430.35;    1853.76;     430.80;       10;    0.79;   stop
   290;    1832.98;     484.39;    1846.19;     484.01;    1845.40;     456.11;    1832.18;     456.49;       10;    0.79;   stop
    97;    1834.73;     588.44;    1835.13;     562.64;    1821.98;     562.44;    1821.59;     588.24;       10;    0.79;   stop
   139;    1429.11;    1078.80;    1429.73;    1066.79;    1403.64;    1065.45;    1403.02;    1077.46;       10;    0.79;   stop
   145;    1213.79;    1184.12;    1214.29;    1171.64;    1186.40;    1170.50;    1185.89;    1182.99;       10;    0.79;   stop
    72;    2294.07;    1146.02;    2294.47;    1134.12;    2267.43;    1133.23;    2267.03;    1145.13;       10;    0.79;   stop
   860;    2263.23;    1193.01;    2264.40;    1178.77;    2233.58;    1176.24;    2232.41;    1190.48;       10;    0.79;   move
   772;    2439.06;    1202.71;    2439.98;    1189.77;    2413.81;    1187.92;    2412.90;    1200.86;       10;    0.79;   move
   185;    2806.06;    1400.01;    2810.11;    1386.69;    2780.31;    1377.62;    2776.26;    1390.94;       10;    0.79;   stop
   108;    1956.97;    1586.13;    1970.83;    1586.02;    1970.59;    1557.12;    1956.73;    1557.23;       10;    0.79;   stop
   154;    3350.76;    1349.07;    3354.57;    1335.59;    3324.24;    1327.02;    3320.43;    1340.50;       10;    0.79;   move
   133;    1981.36;     121.49;    1981.72;      95.80;    1969.64;      95.63;    1969.28;     121.33;       10;    0.79;   stop
   174;     751.89;    1189.65;     752.40;    1177.41;     724.25;    1176.22;     723.74;    1188.46;       10;    0.79;   stop
   130;    1976.82;     976.87;    1988.27;     976.41;    1987.31;     952.50;    1975.86;     952.97;       10;    0.79;   stop
   225;    1740.66;    1090.85;    1741.59;    1080.14;    1718.69;    1078.15;    1717.76;    1088.86;       10;    0.79;   stop
   213;    2412.02;    1787.94;    2414.71;    1760.37;    2402.61;    1759.19;    2399.91;    1786.76;       10;    0.79;   stop
   177;    2152.77;     658.99;    2152.78;     647.16;    2126.73;     647.14;    2126.72;     658.97;       10;    0.79;   stop
  1255;    1121.05;    1162.17;    1121.46;    1148.39;    1090.14;    1147.46;    1089.72;    1161.23;       10;    0.79;   move
    92;    1992.83;    1459.74;    1993.06;    1432.74;    1980.67;    1432.64;    1980.44;    1459.63;       10;    0.79;   stop
    68;     825.99;    1614.18;     826.57;    1602.19;     803.29;    1601.07;     802.71;    1613.06;       10;    0.79;   stop
    48;    2322.30;    1110.07;    2322.72;    1098.06;    2297.70;    1097.18;    2297.28;    1109.19;       10;    0.79;   stop
  1563;    2808.30;    1171.71;    2810.64;    1159.08;    2781.45;    1153.66;    2779.11;    1166.30;       10;    0.79;   stop
  2351;    2519.34;    2014.79;    2542.97;    2002.49;    2537.16;    1991.33;    2513.53;    2003.64;       10;    0.79;   move
   194;    1437.42;      72.06;    1437.79;      58.59;    1411.08;      57.88;    1410.71;      71.34;       10;    0.79;   stop
  2134;    1870.16;     248.01;    1883.32;     247.80;    1882.84;     218.30;    1869.68;     218.52;       10;    0.79;   stop
   136;    1865.40;     663.53;    1866.03;     636.12;    1853.85;     635.84;    1853.22;     663.25;       10;    0.79;   stop
  1981;    1848.87;     257.06;    1862.44;     257.05;    1862.41;     226.13;    1848.84;     226.14;       10;    0.79;   stop
   160;    1948.57;     432.94;    1960.21;     432.92;    1960.15;     404.06;    1948.51;     404.08;       10;    0.79;   stop
   978;    1851.14;     502.00;    1863.34;     501.67;    1862.67;     476.75;    1850.47;     477.08;       10;    0.79;   stop
   348;    1865.74;     992.23;    1866.60;     966.80;    1854.63;     966.39;    1853.77;     991.83;       10;    0.79;   stop
   196;    1361.26;    1071.64;    1361.86;    1060.26;    1339.86;    1059.11;    1339.27;    1070.49;       10;    0.79;   stop
  1408;    1495.07;    1138.90;    1495.55;    1126.73;    1470.43;    1125.73;    1469.95;    1137.90;       10;    0.79;   move
   331;    1722.48;    1150.97;    1723.12;    1138.68;    1696.40;    1137.28;    1695.76;    1149.57;       10;    0.79;   stop
   210;    1962.70;    1280.27;    1977.16;    1280.22;    1977.05;    1247.60;    1962.59;    1247.65;       10;    0.79;   stop
   184;    2309.27;    1227.69;    2309.86;    1214.79;    2282.60;    1213.56;    2282.02;    1226.46;       10;    0.79;   stop
    18;    3026.98;    1514.64;    3040.01;    1489.42;    3028.52;    1483.48;    3015.49;    1508.70;       10;    0.79;   stop
   134;    1972.55;     481.94;    1985.40;     481.85;    1985.20;     455.18;    1972.35;     455.28;       10;    0.79;   stop
   219;     905.93;    1167.57;     906.33;    1154.05;     881.70;    1153.31;     881.29;    1166.83;       10;    0.79;   stop
     4;    2591.71;    1162.15;    2593.15;    1149.42;    2566.04;    1146.35;    2564.60;    1159.08;       10;    0.79;   stop
   319;    1963.61;    1666.66;    1965.57;    1638.32;    1953.26;    1637.47;    1951.30;    1665.81;       10;    0.79;   stop
   725;    1934.71;    1859.04;    1939.58;    1832.05;    1927.32;    1829.84;    1922.45;    1856.82;       10;    0.79;   stop
   354;    1798.63;    2118.50;    1810.87;    2094.74;    1799.73;    2089.00;    1787.49;    2112.76;       10;    0.79;   stop
   124;    2804.35;    1930.59;    2830.66;    1912.66;    2822.06;    1900.03;    2795.74;    1917.97;       10;    0.79;   stop
  1943;    1870.16;     284.11;    1882.79;     283.80;    1882.18;     259.27;    1869.56;     259.58;       10;    0.78;   stop
   229;    1873.88;     769.67;    1888.67;     769.14;    1887.75;     743.46;    1872.96;     743.99;       10;    0.78;   stop
   117;    1977.70;     874.23;    1990.40;     873.62;    1989.24;     849.27;    1976.53;     849.88;       10;    0.78;   stop
   335;    1851.92;     969.21;    1852.81;     940.33;    1839.21;     939.91;    1838.32;     968.80;       10;    0.78;   stop
    78;    1156.33;    1068.59;    1157.16;    1056.01;    1130.79;    1054.28;    1129.97;    1066.87;       10;    0.78;   stop
   151;    1828.02;      68.57;    1828.16;      42.31;    1816.32;      42.24;    1816.18;      68.51;       10;    0.78;   stop
     5;    1919.41;     233.50;    1934.53;     233.34;    1934.18;     200.75;    1919.06;     200.91;       10;    0.78;   move
    52;    1968.05;    1413.58;    1968.90;    1390.33;    1957.83;    1389.92;    1956.97;    1413.17;       10;    0.78;   stop
  2520;    3340.17;    1291.16;    3343.96;    1277.97;    3313.27;    1269.15;    3309.48;    1282.34;       10;    0.78;   move
   494;    1972.06;     596.80;    1972.60;     572.34;    1960.94;     572.08;    1960.40;     596.54;       10;    0.78;   stop
  1620;    1851.49;     335.87;    1863.86;     335.26;    1862.33;     304.25;    1849.95;     304.87;       10;    0.78;   stop
   137;    1896.28;     856.55;    1909.03;     856.25;    1908.38;     828.70;    1895.62;     829.00;       10;    0.78;   stop
   143;    1710.09;    1088.55;    1710.75;    1076.26;    1684.03;    1074.83;    1683.37;    1087.11;       10;    0.78;   stop
   284;    1899.08;    1287.05;    1911.55;    1285.34;    1907.92;    1258.83;    1895.45;    1260.54;       10;    0.78;   stop
   250;    1927.50;    1131.24;    1928.55;    1118.73;    1902.00;    1116.51;    1900.95;    1129.02;       10;    0.78;   move
   182;    2380.94;    1148.81;    2381.49;    1136.08;    2354.93;    1134.94;    2354.39;    1147.67;       10;    0.78;   stop
   326;    2630.21;    1166.46;    2631.60;    1155.12;    2607.42;    1152.16;    2606.03;    1163.50;       10;    0.78;   stop
   132;    3013.34;    1543.62;    3024.61;    1519.63;    3012.91;    1514.13;    3001.64;    1538.12;       10;    0.78;   stop
   192;    1878.32;    1687.97;    1879.22;    1675.40;    1853.31;    1673.53;    1852.40;    1686.10;       10;    0.78;   stop
   977;    1873.75;     470.27;    1887.22;     470.19;    1887.03;     438.73;    1873.56;     438.81;       10;    0.78;   stop
  2210;     822.73;    1135.98;     823.46;    1122.30;     794.88;    1120.77;     794.15;    1134.45;       10;    0.78;   move
   111;     800.63;    1613.01;     801.47;    1601.75;     777.89;    1599.99;     777.05;    1611.25;       10;    0.78;   stop
   156;    2177.58;    1206.33;    2177.93;    1195.14;    2154.98;    1194.42;    2154.63;    1205.61;       10;    0.78;   stop
   157;    2488.81;    1343.87;    2489.56;    1331.85;    2464.19;    1330.26;    2463.44;    1342.27;       10;    0.78;   stop
   161;    1967.46;    1448.58;    1967.67;    1423.65;    1955.60;    1423.55;    1955.39;    1448.47;       10;    0.78;   stop
  1114;    1894.08;     713.88;    1905.89;     712.62;    1903.26;     687.87;    1891.45;     689.13;       10;    0.78;   stop
  1874;    1075.01;    1143.07;    1075.80;    1127.78;    1042.24;    1126.06;    1041.45;    1141.34;       10;    0.78;   move
   263;    1975.85;    1312.65;    1976.22;    1287.41;    1963.90;    1287.23;    1963.53;    1312.47;       10;    0.78;   stop
   140;     772.64;    1611.51;     773.19;    1600.38;     749.91;    1599.24;     749.36;    1610.37;       10;    0.78;   stop
   164;    2460.63;    1562.96;    2462.74;    1538.58;    2450.75;    1537.54;    2448.63;    1561.92;       10;    0.78;   stop
  1409;    1854.77;     380.11;    1854.83;     355.66;    1843.10;     355.64;    1843.05;     380.09;       10;    0.78;   stop
   208;    1850.74;     739.08;    1850.76;     707.68;    1837.01;     707.67;    1836.99;     739.07;       10;    0.78;   stop
   129;    1554.31;     785.23;    1557.89;     758.72;    1546.19;     757.14;    1542.61;     783.65;       10;    0.78;   stop
  2521;    1869.46;     140.62;    1882.14;     140.43;    1881.76;     115.88;    1869.08;     116.07;       10;    0.78;   move
   305;     962.42;    1175.43;     964.18;    1164.77;     942.48;    1161.19;     940.73;    1171.86;       10;    0.78;   stop
   197;    2108.86;    1362.11;    2138.00;    1359.78;    2136.89;    1345.77;    2107.75;    1348.09;       10;    0.78;   stop
   503;    2673.44;    1225.75;    2674.89;    1210.97;    2640.68;    1207.63;    2639.24;    1222.40;       10;    0.78;   move
    62;    2972.98;    1635.07;    2979.50;    1607.06;    2965.52;    1603.81;    2959.00;    1631.82;       10;    0.78;   move
  1078;    1874.18;     433.11;    1886.79;     432.55;    1885.57;     405.02;    1872.96;     405.57;       10;    0.77;   stop
   224;    2092.67;     659.93;    2117.46;     659.21;    2117.08;     646.19;    2092.29;     646.91;       10;    0.77;   stop
    13;    1710.60;    1123.07;    1711.41;    1108.38;    1680.15;    1106.68;    1679.34;    1121.37;       10;    0.77;   move
   147;    2448.67;    1135.16;    2449.62;    1121.68;    2416.58;    1119.34;    2415.63;    1132.82;       10;    0.77;   stop
   120;    2484.72;    1134.55;    2485.55;    1121.81;    2457.03;    1119.95;    2456.20;    1132.69;       10;    0.77;   stop
   163;    2676.82;    1380.24;    2677.73;    1367.77;    2651.93;    1365.89;    2651.02;    1378.35;       10;    0.77;   stop
   214;    1788.19;    2087.71;    1800.19;    2064.71;    1789.31;    2059.04;    1777.31;    2082.04;       10;    0.77;   stop
   167;    2875.66;    1884.89;    2901.23;    1862.00;    2889.59;    1848.99;    2864.02;    1871.87;        9;    0.77;   stop
   150;    2282.05;    2141.88;    2310.98;    2129.96;    2305.32;    2116.24;    2276.40;    2128.17;       10;    0.77;   stop
   295;    1955.66;     336.00;    1969.44;     335.71;    1968.81;     305.25;    1955.03;     305.54;       10;    0.77;   stop
  1994;    1907.97;    1357.11;    1921.36;    1356.14;    1919.28;    1327.14;    1905.89;    1328.11;       10;    0.77;   stop
   205;    2355.70;    1228.65;    2356.15;    1215.86;    2327.30;    1214.85;    2326.85;    1227.64;       10;    0.77;   stop
    75;    1955.48;    1546.90;    1969.45;    1546.71;    1968.99;    1513.66;    1955.02;    1513.86;       10;    0.77;   stop
   320;    1819.53;     352.90;    1832.66;     352.72;    1832.22;     322.10;    1819.09;     322.28;       10;    0.77;   stop
   346;    1894.38;     754.83;    1907.40;     754.19;    1906.06;     726.80;    1893.03;     727.44;       10;    0.77;   stop
   118;     725.85;    1052.56;     726.26;    1041.73;     703.84;    1040.87;     703.42;    1051.70;       10;    0.77;   stop
   203;     686.28;    1155.81;     686.54;    1142.55;     658.09;    1142.00;     657.84;    1155.26;       10;    0.77;   stop
   283;    1898.04;     918.43;    1909.24;     918.30;    1908.96;     893.94;    1897.76;     894.07;       10;    0.77;   stop
   190;    2569.97;    1344.19;    2570.33;    1332.98;    2545.03;    1332.19;    2544.67;    1343.39;       10;    0.77;   stop
   264;    2077.40;    1362.43;    2102.74;    1358.95;    2101.04;    1346.57;    2075.70;    1350.05;       10;    0.77;   stop
   253;    2429.90;    1929.57;    2431.06;    1899.33;    2417.35;    1898.80;    2416.19;    1929.05;       10;    0.77;   stop
   289;    3725.29;    1492.71;    3729.64;    1478.85;    3697.84;    1468.86;    3693.48;    1482.71;       10;    0.77;   stop
   223;    1818.79;     318.45;    1830.07;     317.61;    1828.46;     295.80;    1817.18;     296.64;       10;    0.77;   stop
   179;     524.62;    1043.83;     525.36;    1033.24;     504.76;    1031.79;     504.01;    1042.39;       10;    0.77;   stop
    32;    2590.26;    1144.97;    2591.67;    1131.70;    2562.99;    1128.65;    2561.58;    1141.93;       10;    0.77;   stop
   342;    2007.06;    1660.83;    2007.25;    1636.64;    1995.31;    1636.55;    1995.13;    1660.74;       10;    0.77;   stop
   123;    2932.24;    1701.64;    2941.71;    1673.96;    2929.01;    1669.61;    2919.54;    1697.29;       10;    0.77;   stop
   651;    1988.57;     678.28;    1989.15;     666.14;    1964.68;     664.97;    1964.10;     677.11;       10;    0.77;   stop
   304;    1893.16;     822.40;    1906.90;     822.17;    1906.43;     795.35;    1892.70;     795.58;       10;    0.77;   stop
   240;     402.98;    1043.01;     430.69;    1042.49;     430.45;    1029.80;     402.74;    1030.33;       10;    0.77;   stop
   189;     664.30;    1049.25;     664.77;    1037.66;     640.70;    1036.68;     640.23;    1048.28;       10;    0.77;   stop
   218;     819.12;     991.65;     819.63;     980.50;     794.27;     979.35;     793.76;     990.50;       10;    0.77;   stop
   170;    1240.30;    1069.82;    1241.05;    1057.93;    1217.26;    1056.43;    1216.51;    1068.32;       10;    0.77;   stop
   131;    2024.84;    1108.40;    2028.72;    1095.21;    2002.85;    1087.60;    1998.97;    1100.79;       10;    0.77;   move
    95;    2924.18;    1527.58;    2934.60;    1521.43;    2919.82;    1496.42;    2909.40;    1502.57;       10;    0.77;   stop
   325;    1897.90;     961.98;    1911.28;     961.84;    1910.98;     932.52;    1897.59;     932.66;       10;    0.77;   stop
   234;    2373.54;    1366.62;    2374.24;    1354.04;    2346.58;    1352.51;    2345.88;    1365.09;       10;    0.77;   stop
   172;    1915.33;      81.38;    1926.40;      81.14;    1925.89;      57.00;    1914.82;      57.23;       10;    0.77;   move
   256;    1959.50;     209.83;    1971.39;     208.18;    1967.78;     182.23;    1955.89;     183.89;       10;    0.77;   stop
   470;    1923.48;     483.69;    1935.10;     483.60;    1934.90;     460.18;    1923.28;     460.28;       10;    0.77;   move
   257;    2086.91;     661.27;    2087.02;     648.46;    2059.46;     648.23;    2059.35;     661.04;       10;    0.77;   stop
   266;    1840.56;     843.98;    1853.22;     843.37;    1851.88;     815.40;    1839.21;     816.01;       10;    0.77;   stop
   162;     890.65;    1620.25;     891.57;    1608.20;     866.03;    1606.25;     865.12;    1618.30;       10;    0.77;   stop
   183;    2472.07;    1153.36;    2472.95;    1140.31;    2442.68;    1138.27;    2441.80;    1151.31;       10;    0.77;   stop
   122;    2649.90;    1350.60;    2650.51;    1338.36;    2623.72;    1337.03;    2623.11;    1349.26;       10;    0.77;   stop
   235;    2443.74;    1415.37;    2445.39;    1387.83;    2431.63;    1387.00;    2429.98;    1414.55;       10;    0.77;   stop
   245;    2457.82;    1594.24;    2459.44;    1567.78;    2446.81;    1567.01;    2445.18;    1593.47;       10;    0.77;   stop
   999;    3290.67;    1300.73;    3294.48;    1287.91;    3266.20;    1279.50;    3262.39;    1292.32;       10;    0.77;   stop
   215;    1970.52;     193.61;    1983.24;     192.16;    1980.10;     164.70;    1967.39;     166.16;       10;    0.76;   stop
   327;    1090.79;    1176.64;    1091.31;    1164.45;    1065.46;    1163.36;    1064.94;    1175.55;       10;    0.76;   stop
   181;    2329.63;     656.34;    2353.72;     655.57;    2353.37;     644.72;    2329.28;     645.50;       10;    0.76;   stop
   149;    2471.09;    1434.85;    2472.16;    1407.45;    2458.29;    1406.90;    2457.21;    1434.30;       10;    0.76;   stop
   158;    3215.62;    1053.54;    3236.01;    1036.69;    3227.82;    1026.77;    3207.43;    1043.62;       10;    0.76;   stop
   329;    3243.33;    1090.57;    3261.93;    1067.03;    3250.74;    1058.18;    3232.13;    1081.72;       10;    0.76;   stop
   322;    3029.92;    1279.05;    3032.46;    1266.03;    3004.77;    1260.64;    3002.23;    1273.65;       10;    0.76;   move
  2159;    3320.44;    1309.81;    3324.43;    1298.26;    3300.19;    1289.88;    3296.20;    1301.43;       10;    0.76;   stop
   115;    1667.37;     651.48;    1668.28;     639.86;    1641.25;     637.77;    1640.35;     649.39;       10;    0.76;   stop
   396;    1815.29;     100.19;    1827.05;      99.86;    1826.39;      76.43;    1814.62;      76.77;       10;    0.76;   stop
   275;    1857.84;     787.50;    1871.84;     786.71;    1870.04;     754.87;    1856.03;     755.67;       10;    0.76;   stop
   246;    1895.01;     892.97;    1910.27;     892.68;    1909.65;     859.78;    1894.39;     860.07;       10;    0.76;   stop
   204;    1991.38;    1609.87;    1992.50;    1581.13;    1979.87;    1580.63;    1978.75;    1609.37;       10;    0.76;   stop
   227;    2665.70;    1149.73;    2666.91;    1137.54;    2642.80;    1135.15;    2641.59;    1147.34;       10;    0.76;   stop
   251;    2509.32;    1156.35;    2510.65;    1142.54;    2481.93;    1139.78;    2480.60;    1153.58;       10;    0.76;   stop
   355;    2422.94;    1231.65;    2423.31;    1218.26;    2395.06;    1217.48;    2394.69;    1230.87;       10;    0.76;   stop
   345;    1820.81;     379.42;    1832.86;     378.99;    1831.97;     354.08;    1819.93;     354.51;       10;    0.76;   stop
   243;    1868.02;     957.81;    1868.51;     935.81;    1857.61;     935.57;    1857.12;     957.57;       10;    0.76;   stop
   222;    2435.60;    1856.21;    2437.67;    1827.95;    2425.15;    1827.04;    2423.08;    1855.30;       10;    0.76;   stop
  2618;    2355.99;    2109.38;    2357.50;    2095.56;    2329.26;    2092.49;    2327.75;    2106.32;       10;    0.76;   move
   273;    1912.23;    1497.68;    1924.73;    1497.56;    1924.49;    1472.32;    1911.99;    1472.44;       10;    0.76;   stop
   293;    3513.20;    1075.06;    3544.74;    1074.09;    3544.30;    1059.63;    3512.76;    1060.60;       10;    0.76;   stop
   193;    1899.11;    1821.20;    1904.00;    1795.78;    1891.77;    1793.42;    1886.87;    1818.85;       10;    0.76;   stop
   135;    1836.68;     628.06;    1848.22;     627.28;    1846.57;     602.69;    1835.03;     603.47;       10;    0.76;   stop
   231;    1834.14;     799.64;    1834.14;     775.36;    1822.11;     775.36;    1822.11;     799.64;       10;    0.76;   stop
  1844;    1850.54;     292.30;    1862.00;     292.10;    1861.58;     267.95;    1850.12;     268.15;       10;    0.76;   stop
   864;    1862.50;     586.87;    1862.67;     559.58;    1850.47;     559.51;    1850.30;     586.79;       10;    0.76;   stop
   318;    2517.59;     728.56;    2530.04;     728.49;    2529.91;     703.57;    2517.46;     703.63;       10;    0.76;   stop
   532;    3226.63;    1118.85;    3242.78;    1092.01;    3229.93;    1084.28;    3213.79;    1111.12;       10;    0.76;   stop
  2620;    3480.46;    1340.61;    3484.51;    1326.76;    3454.23;    1317.90;    3450.18;    1331.75;       10;    0.76;   move
   783;    1874.40;     512.96;    1886.43;     512.94;    1886.38;     487.17;    1874.35;     487.19;       10;    0.76;   stop
   297;    1895.16;     791.18;    1910.03;     790.42;    1908.38;     757.94;    1893.50;     758.70;       10;    0.76;   stop
   411;    1875.58;     807.99;    1888.81;     807.86;    1888.58;     782.76;    1875.35;     782.89;       10;    0.76;   stop
    89;    1584.26;    1081.86;    1584.99;    1070.71;    1561.24;    1069.14;    1560.51;    1080.29;       10;    0.76;   stop
   299;     786.86;    1213.82;     786.92;    1186.96;     774.92;    1186.93;     774.86;    1213.79;       10;    0.76;   stop
   277;     754.81;    1205.52;     755.52;    1193.57;     726.82;    1191.85;     726.10;    1203.80;       10;    0.76;   stop
   244;    2237.31;    1223.98;    2238.10;    1211.12;    2210.01;    1209.39;    2209.22;    1222.25;       10;    0.76;   stop
   200;    3022.16;    1563.59;    3031.83;    1539.47;    3019.84;    1534.66;    3010.17;    1558.78;       10;    0.76;   stop
   211;    3355.75;    1035.56;    3359.03;    1022.25;    3328.62;    1014.75;    3325.34;    1028.07;       10;    0.76;   stop
   165;    3296.62;    1196.92;    3301.45;    1184.99;    3274.31;    1174.02;    3269.49;    1185.94;       10;    0.76;   stop
   353;    1820.89;     410.71;    1833.99;     410.50;    1833.58;     385.79;    1820.48;     386.00;       10;    0.76;   stop
   221;    1454.06;    1079.07;    1454.64;    1067.38;    1432.69;    1066.31;    1432.11;    1077.99;       10;    0.76;   stop
   296;    1975.25;     513.55;    1987.67;     513.06;    1986.63;     486.57;    1974.20;     487.06;       10;    0.75;   stop
   217;     724.79;    1218.49;     725.35;    1205.25;     696.46;    1204.01;     695.90;    1217.25;       10;    0.75;   stop
   202;    1691.29;    1149.63;    1691.81;    1136.33;    1663.46;    1135.24;    1662.94;    1148.55;       10;    0.75;   stop
   176;    3391.01;    1039.39;    3391.78;    1026.69;    3363.68;    1024.99;    3362.91;    1037.68;       10;    0.75;   stop
   407;    3458.34;    1382.81;    3462.27;    1368.74;    3430.41;    1359.85;    3426.48;    1373.91;       10;    0.75;   move
   260;    1831.66;     147.79;    1847.25;     147.21;    1845.96;     112.64;    1830.37;     113.22;       10;    0.75;   stop
   259;    2088.09;    1139.45;    2088.82;    1126.63;    2063.16;    1125.17;    2062.43;    1137.99;       10;    0.75;   move
   242;     914.01;    1058.94;     914.92;    1046.65;     889.92;    1044.81;     889.02;    1057.10;       10;    0.75;   stop
    46;    1294.63;    1647.42;    1295.53;    1634.94;    1269.81;    1633.08;    1268.91;    1645.56;       10;    0.75;   stop
   310;    2407.20;    1114.16;    2408.15;    1101.99;    2380.42;    1099.84;    2379.48;    1112.01;       10;    0.75;   stop
   937;    1954.20;    1740.63;    1959.04;    1714.14;    1947.30;    1711.99;    1942.46;    1738.48;       10;    0.75;   stop
    50;    3734.96;    1470.43;    3738.79;    1457.91;    3712.54;    1449.88;    3708.71;    1462.40;       10;    0.75;   move
   371;    3173.81;    1424.19;    3176.31;    1411.11;    3147.75;    1405.66;    3145.25;    1418.73;       10;    0.75;   stop
   255;    1136.15;     690.62;    1138.01;     679.00;    1113.85;     675.13;    1111.99;     686.75;       10;    0.75;   stop
   419;     841.06;    1163.32;     841.34;    1151.37;     816.49;    1150.80;     816.21;    1162.75;       10;    0.75;   stop
   309;    2106.83;    1325.12;    2107.10;    1313.57;    2082.67;    1313.01;    2082.40;    1324.55;       10;    0.75;   stop
  2672;    3028.67;     659.22;    3054.15;     658.52;    3053.83;     646.91;    3028.35;     647.60;       10;    0.75;   move
   271;    2502.00;    1133.54;    2519.77;    1107.30;    2508.37;    1099.58;    2490.60;    1125.83;       10;    0.75;   stop
   107;    2633.17;    1149.28;    2634.69;    1137.70;    2610.08;    1134.47;    2608.56;    1146.05;       10;    0.75;   stop
   121;    2336.26;    1148.54;    2336.43;    1135.56;    2309.61;    1135.21;    2309.44;    1148.19;       10;    0.75;   stop
   446;    1965.47;    1772.31;    1967.93;    1746.69;    1956.28;    1745.57;    1953.82;    1771.19;       10;    0.75;   stop
   207;    3555.02;    1074.06;    3582.38;    1073.62;    3582.17;    1060.62;    3554.81;    1061.06;       10;    0.75;   stop
  2461;    3234.44;    1265.77;    3237.55;    1253.47;    3210.88;    1246.73;    3207.77;    1259.03;       10;    0.75;   move
   313;    1815.61;     157.25;    1827.73;     157.12;    1827.46;     131.88;    1815.34;     132.01;       10;    0.74;   stop
   334;    1009.00;    1172.77;    1009.58;    1160.48;     985.91;    1159.36;     985.33;    1171.64;       10;    0.74;   stop
   339;     772.97;    1214.54;     773.77;    1187.70;     761.53;    1187.33;     760.73;    1214.18;       10;    0.74;   stop
   515;    2677.37;    1172.37;    2678.57;    1159.03;    2649.13;    1156.38;    2647.93;    1169.72;       10;    0.74;   stop
  1089;    2385.76;    2052.48;    2408.39;    2042.81;    2402.99;    2030.15;    2380.36;    2039.82;       10;    0.74;   stop
   362;    1814.85;     128.52;    1826.89;     128.30;    1826.40;     101.55;    1814.36;     101.77;       10;    0.74;   stop
   324;    1555.98;     751.02;    1558.26;     726.62;    1546.77;     725.54;    1544.49;     749.94;       10;    0.74;   stop
   774;    2207.80;    1145.66;    2208.62;    1131.32;    2169.77;    1129.09;    2168.94;    1143.43;       10;    0.74;   move
  2682;    1878.95;      60.13;    1879.92;      35.40;    1868.05;      34.93;    1867.08;      59.66;       10;    0.74;   stop
     7;    1957.64;    1031.42;    1969.44;    1028.92;    1964.11;    1003.71;    1952.31;    1006.20;       10;    0.74;   move
   141;    2429.70;    1152.67;    2430.17;    1141.05;    2406.30;    1140.08;    2405.83;    1151.70;       10;    0.74;   stop
   343;    2443.65;    1752.18;    2445.95;    1727.43;    2433.98;    1726.32;    2431.67;    1751.07;       10;    0.74;   stop
  2219;    3524.40;    1453.06;    3538.07;    1428.31;    3523.73;    1420.38;    3510.05;    1445.13;       10;    0.74;   stop
   321;    2545.95;     254.37;    2546.33;     243.14;    2521.80;     242.32;    2521.42;     253.54;       10;    0.74;   stop
   195;     640.94;    1570.66;     642.43;    1558.07;     616.25;    1554.97;     614.76;    1567.55;       10;    0.74;   stop
   338;    1847.22;     913.25;    1847.63;     886.36;    1836.03;     886.18;    1835.62;     913.08;       10;    0.74;   stop
   301;     855.38;    1616.39;     855.99;    1604.66;     830.71;    1603.36;     830.11;    1615.09;       10;    0.74;   stop
   252;    3241.90;    1033.13;    3261.81;    1012.37;    3252.16;    1003.12;    3232.25;    1023.88;       10;    0.74;   stop
   261;    1815.76;     219.05;    1828.38;     218.70;    1827.60;     191.01;    1814.98;     191.36;       10;    0.74;   stop
   270;     860.12;    1583.74;     860.75;    1572.04;     837.09;    1570.76;     836.46;    1582.46;       10;    0.74;   stop
   307;     798.70;    1025.45;     811.13;    1023.68;     807.38;     997.30;     794.95;     999.07;       10;    0.74;   stop
   272;    2247.29;    1225.28;    2270.34;    1225.27;    2270.33;    1212.59;    2247.29;    1212.61;       10;    0.74;   stop
   423;    1844.40;    1349.61;    1854.67;    1349.28;    1853.95;    1326.76;    1843.67;    1327.09;       10;    0.74;   stop
   385;    2684.59;    2149.58;    2698.62;    2142.36;    2683.54;    2113.04;    2669.50;    2120.26;       10;    0.74;   stop
   400;    3189.95;    1398.39;    3195.49;    1368.13;    3180.36;    1365.36;    3174.82;    1395.62;       10;    0.74;   stop
   105;    1867.71;     751.68;    1868.04;     723.35;    1854.91;     723.19;    1854.59;     751.53;       10;    0.74;   stop
   233;     763.24;    1578.22;     764.40;    1567.42;     742.01;    1565.03;     740.85;    1575.83;       10;    0.74;   stop
   448;    1893.70;    1255.99;    1905.53;    1254.30;    1901.96;    1229.14;    1890.12;    1230.82;       10;    0.74;   stop
   374;    1720.58;    1641.12;    1721.32;    1629.63;    1698.35;    1628.13;    1697.60;    1639.62;       10;    0.74;   stop
   239;    1838.80;     793.59;    1852.50;     793.06;    1851.39;     764.53;    1837.69;     765.07;       10;    0.74;   stop
   316;    2535.10;    1061.87;    2535.71;    1037.66;    2524.78;    1037.38;    2524.17;    1061.59;       10;    0.74;   stop
   333;    2445.20;    1114.13;    2445.82;    1102.36;    2420.05;    1101.00;    2419.43;    1112.76;       10;    0.74;   stop
   359;    2764.74;    1870.60;    2771.72;    1859.60;    2747.38;    1844.15;    2740.40;    1855.15;       10;    0.74;   stop
   361;    3147.75;    1485.74;    3153.09;    1472.59;    3124.13;    1460.82;    3118.79;    1473.98;       10;    0.74;   stop
  2416;    1846.82;     124.87;    1863.77;     124.37;    1862.49;      81.01;    1845.54;      81.51;        9;    0.73;   move
   298;     314.07;    1135.57;     314.40;    1122.55;     289.68;    1121.93;     289.35;    1134.95;       10;    0.73;   stop
   287;    3005.63;    1596.17;    3016.03;    1575.08;    3004.87;    1569.58;    2994.47;    1590.67;       10;    0.73;   stop
   403;    1934.24;    1934.68;    1943.50;    1908.09;    1931.26;    1903.82;    1922.00;    1930.41;       10;    0.73;   stop
   436;    2505.95;    2041.85;    2533.47;    2027.25;    2526.92;    2014.90;    2499.40;    2029.50;       10;    0.73;   stop
   247;     986.90;     675.30;     988.43;     663.33;     963.01;     660.08;     961.48;     672.04;       10;    0.73;   stop
   281;     307.33;    1036.02;     307.52;    1024.04;     283.29;    1023.67;     283.11;    1035.65;       10;    0.73;   stop
   292;    3464.88;     722.52;    3476.88;     693.81;    3462.31;     687.72;    3450.31;     716.43;       10;    0.73;   stop
   236;    1191.98;    1822.68;    1192.68;    1800.16;    1181.77;    1799.82;    1181.07;    1822.34;       10;    0.73;   stop
   349;    1958.36;    1699.04;    1961.29;    1675.10;    1949.89;    1673.71;    1946.96;    1697.65;       10;    0.73;   stop
    98;     572.00;    1564.60;     572.75;    1551.43;     543.62;    1549.77;     542.87;    1562.95;       10;    0.73;   stop
   417;    2253.16;    1368.25;    2254.70;    1352.65;    2213.84;    1348.62;    2212.30;    1364.23;        9;    0.73;   stop
   254;    2332.77;    2055.42;    2339.81;    2043.75;    2314.23;    2028.33;    2307.19;    2040.00;       10;    0.73;   stop
   386;    2587.59;     653.16;    2614.69;     651.72;    2614.04;     639.46;    2586.93;     640.91;       10;    0.73;   stop
  2476;    2428.88;    2056.64;    2453.87;    2041.68;    2446.49;    2029.36;    2421.50;    2044.32;       10;    0.73;   move
   415;    2432.78;    1894.35;    2434.77;    1865.20;    2421.22;    1864.28;    2419.23;    1893.42;       10;    0.73;   stop
   178;    1875.42;     552.05;    1887.36;     551.75;    1886.76;     527.95;    1874.83;     528.25;       10;    0.73;   stop
   365;     444.42;    1045.89;     473.65;    1044.35;     472.92;    1030.67;     443.70;    1032.22;       10;    0.73;   stop
   306;     630.75;    1049.06;     631.18;    1035.97;     602.06;    1035.01;     601.63;    1048.09;       10;    0.73;   stop
  2031;    3413.82;     651.98;    3439.58;     651.40;    3439.30;     638.95;    3413.54;     639.54;       10;    0.73;   move
  1291;    1852.41;     421.71;    1861.85;     421.36;    1861.12;     401.79;    1851.69;     402.14;       10;    0.73;   stop
   282;     363.36;    1035.29;     364.54;    1023.25;     337.89;    1020.65;     336.71;    1032.68;       10;    0.73;   stop
   308;    1528.74;    1046.45;    1531.06;    1019.05;    1517.76;    1017.93;    1515.44;    1045.32;       10;    0.73;   stop
   373;    3420.60;    1076.44;    3453.30;    1076.14;    3453.15;    1060.13;    3420.45;    1060.43;       10;    0.73;   stop
   237;    1966.79;    1629.85;    1967.77;    1602.70;    1955.99;    1602.27;    1955.01;    1629.43;       10;    0.73;   stop
   384;    2829.03;    1841.05;    2834.42;    1827.83;    2803.47;    1815.20;    2798.08;    1828.42;       10;    0.73;   stop
   380;    2152.54;    2141.21;    2176.16;    2130.56;    2171.03;    2119.17;    2147.40;    2129.81;       10;    0.73;   stop
   312;    3683.19;    1476.64;    3687.06;    1462.97;    3653.69;    1453.51;    3649.81;    1467.19;       10;    0.73;   stop
   455;    1968.76;      90.15;    1980.64;      89.84;    1979.99;      64.54;    1968.11;      64.84;       10;    0.73;   stop
   392;    2390.26;    1229.03;    2390.72;    1217.68;    2366.99;    1216.72;    2366.53;    1228.07;       10;    0.73;   stop
   948;    2751.02;    1159.77;    2752.98;    1149.38;    2732.65;    1145.54;    2730.69;    1155.94;       10;    0.73;   stop
   212;     730.44;    1609.24;     731.07;    1596.38;     705.81;    1595.14;     705.18;    1608.00;       10;    0.72;   stop
   426;    1840.27;     999.20;    1840.77;     973.15;    1829.10;     972.93;    1828.60;     998.97;       10;    0.72;   stop
   340;    3267.51;    1008.58;    3284.02;     985.17;    3272.49;     977.04;    3255.98;    1000.45;       10;    0.72;   stop
   451;    3205.73;    1153.93;    3220.08;    1128.32;    3207.71;    1121.39;    3193.36;    1147.00;       10;    0.72;   stop
   364;    2978.83;    1761.80;    2988.97;    1738.30;    2975.42;    1732.45;    2965.28;    1755.95;       10;    0.72;   stop
  1323;    1563.64;    1146.19;    1564.54;    1130.70;    1527.86;    1128.56;    1526.96;    1144.05;        9;    0.72;   move
   413;    2437.87;    1339.67;    2438.07;    1328.15;    2412.76;    1327.71;    2412.56;    1339.22;       10;    0.72;   stop
   467;    3354.87;     633.89;    3378.80;     632.83;    3378.25;     620.49;    3354.33;     621.54;       10;    0.72;   stop
   468;    1476.36;     109.66;    1477.48;      97.57;    1450.89;      95.09;    1449.77;     107.18;       10;    0.72;   stop
   402;    1089.26;     683.65;    1090.40;     671.45;    1060.06;     668.60;    1058.91;     680.80;       10;    0.72;   stop
   420;    1441.02;    1194.34;    1441.70;    1181.85;    1417.60;    1180.53;    1416.92;    1193.03;       10;    0.72;   stop
   332;    2771.16;     648.28;    2796.57;     647.96;    2796.42;     636.09;    2771.01;     636.42;       10;    0.72;   stop
   398;    2418.78;    1572.96;    2429.77;    1572.89;    2429.60;    1547.79;    2418.60;    1547.86;       10;    0.72;   stop
   311;    2134.19;    2141.33;    2141.73;    2130.00;    2115.12;    2112.30;    2107.58;    2123.63;       10;    0.72;   stop
  2275;    2515.12;     784.20;    2515.28;     758.25;    2503.13;     758.18;    2502.97;     784.12;       10;    0.72;   move
  2641;    1926.18;    1901.66;    1932.17;    1877.68;    1921.32;    1874.97;    1915.33;    1898.95;       10;    0.72;   stop
  1484;    1879.73;    2013.11;    1892.24;    1984.05;    1879.08;    1978.39;    1866.57;    2007.45;       10;    0.72;   move
   180;     588.52;    1601.61;     589.48;    1587.89;     560.85;    1585.89;     559.89;    1599.61;       10;    0.72;   stop
   363;    1542.18;     892.79;    1544.65;     868.98;    1533.57;     867.83;    1531.10;     891.64;       10;    0.72;   stop
   393;    2417.96;    1369.10;    2418.86;    1355.26;    2389.91;    1353.40;    2389.02;    1367.24;       10;    0.72;   stop
   414;    2433.83;    1539.91;    2435.21;    1514.60;    2422.42;    1513.90;    2421.04;    1539.21;       10;    0.72;   stop
  2458;    1907.32;    1949.82;    1918.79;    1919.60;    1905.49;    1914.55;    1894.02;    1944.78;       10;    0.72;   move
   430;    1821.60;    2085.38;    1832.03;    2062.97;    1821.34;    2058.00;    1810.91;    2080.40;       10;    0.72;   stop
   416;    1274.32;      72.17;    1274.97;      58.07;    1243.99;      56.65;    1243.34;      70.74;       10;    0.71;   stop
   220;    1824.57;     559.25;    1835.68;     559.17;    1835.52;     536.50;    1824.41;     536.58;       10;    0.71;   stop
   230;    1875.82;     842.56;    1887.16;     842.45;    1886.93;     819.07;    1875.59;     819.18;       10;    0.71;   stop
   248;    1587.32;    1197.47;    1611.08;    1197.41;    1611.06;    1185.28;    1587.29;    1185.34;       10;    0.71;   stop
  2811;    2248.06;    1114.02;    2249.29;    1100.27;    2208.25;    1096.61;    2207.02;    1110.35;        9;    0.71;   stop
   581;    2254.39;    2110.24;    2281.09;    2098.83;    2275.61;    2086.01;    2248.91;    2097.42;       10;    0.71;   move
   262;    1783.96;    2147.77;    1795.63;    2124.84;    1784.87;    2119.36;    1773.20;    2142.29;       10;    0.71;   stop
   375;    2549.85;     253.70;    2572.03;     253.44;    2571.90;     242.42;    2549.72;     242.69;       10;    0.71;   stop
   175;    1558.90;    1198.48;    1584.96;    1197.25;    1584.35;    1184.27;    1558.29;    1185.50;       10;    0.71;   stop
  1762;    1824.14;    2129.75;    1836.83;    2102.54;    1824.70;    2096.88;    1812.01;    2124.09;       10;    0.71;   stop
   401;    1834.85;     769.72;    1835.02;     744.62;    1822.53;     744.53;    1822.35;     769.63;       10;    0.71;   stop
   376;    1868.14;     884.87;    1869.83;     863.10;    1858.98;     862.26;    1857.29;     884.02;       10;    0.71;   stop
   382;    2338.64;    1365.44;    2339.43;    1351.77;    2313.98;    1350.31;    2313.20;    1363.98;       10;    0.71;   stop
   428;     229.44;    1132.78;     257.18;    1132.66;     257.12;    1119.09;     229.38;    1119.22;       10;    0.71;   stop
   383;    1898.88;     998.11;    1910.78;     997.92;    1910.37;     972.89;    1898.47;     973.08;       10;    0.71;   stop
   360;    2093.17;    2155.76;    2100.88;    2145.52;    2077.96;    2128.24;    2070.24;    2138.48;       10;    0.71;   stop
   269;    1983.20;    1523.30;    1983.43;    1499.68;    1972.30;    1499.57;    1972.07;    1523.19;       10;    0.71;   stop
   278;    1280.26;    1611.80;    1280.58;    1599.66;    1253.24;    1598.95;    1252.92;    1611.09;       10;    0.71;   stop
   477;    1974.55;     226.15;    1985.09;     225.85;    1984.51;     205.29;    1973.97;     205.59;       10;    0.70;   stop
   138;     469.13;    1593.01;     470.26;    1580.12;     441.65;    1577.62;     440.53;    1590.50;       10;    0.70;   stop
   358;    2447.06;    1718.81;    2449.90;    1687.82;    2436.19;    1686.57;    2433.35;    1717.55;       10;    0.70;   stop
   323;     696.70;    1607.55;     697.77;    1595.22;     672.99;    1593.07;     671.92;    1605.40;       10;    0.70;   stop
   369;    2687.06;     688.05;    2687.36;     676.12;    2660.81;     675.45;    2660.51;     687.38;       10;    0.70;   stop
   480;    3333.22;    1374.81;    3336.65;    1362.90;    3309.91;    1355.19;    3306.47;    1367.10;        9;    0.70;   stop
   336;    1548.03;    1196.71;    1548.13;    1184.04;    1518.72;    1183.79;    1518.62;    1196.46;       10;    0.70;   stop
   337;    2836.74;     647.88;    2862.95;     645.61;    2861.86;     632.98;    2835.65;     635.25;       10;    0.70;   stop
   421;    1187.90;    2119.50;    1199.90;    2119.06;    1198.98;    2093.62;    1186.97;    2094.06;       10;    0.70;   stop
   630;    3156.23;    1464.76;    3162.09;    1451.88;    3137.21;    1440.55;    3131.35;    1453.43;       10;    0.70;   stop
   440;     853.36;    1024.98;     854.18;     998.16;     841.45;     997.77;     840.63;    1024.59;       10;    0.70;   stop
   367;    2697.43;     649.91;    2697.59;     639.14;    2674.07;     638.78;    2673.91;     649.55;       10;    0.70;   stop
   328;    2708.15;     648.20;    2733.53;     647.28;    2733.10;     635.42;    2707.72;     636.35;       10;    0.70;   stop
   279;    1741.18;     659.31;    1742.83;     646.45;    1715.08;     642.88;    1713.42;     655.74;       10;    0.70;   stop
   511;    2531.76;    1097.06;    2543.85;    1095.10;    2539.36;    1067.44;    2527.28;    1069.40;       10;    0.70;   stop
   450;     889.74;    1580.49;     890.36;    1568.56;     864.97;    1567.26;     864.36;    1579.19;       10;    0.70;   stop
   621;    3139.79;    1404.98;    3150.02;    1380.87;    3137.71;    1375.65;    3127.48;    1399.76;       10;    0.70;   stop
   267;    1175.67;     694.83;    1177.31;     682.45;    1149.71;     678.79;    1148.07;     691.17;       10;    0.70;   stop
  2426;     420.54;    1124.12;     421.26;    1111.43;     395.08;    1109.94;     394.36;    1122.63;       10;    0.70;   move
   350;    1892.22;    1849.29;    1897.17;    1825.18;    1885.16;    1822.71;    1880.21;    1846.82;       10;    0.70;   stop
   302;    1193.72;    1793.73;    1195.68;    1766.66;    1183.40;    1765.77;    1181.45;    1792.84;       10;    0.69;   stop
   300;     556.69;    1598.43;     557.37;    1586.68;     533.62;    1585.32;     532.94;    1597.07;       10;    0.69;   stop
   166;    1323.47;    1649.07;    1324.57;    1637.07;    1300.03;    1634.81;    1298.93;    1646.80;       10;    0.69;   stop
  2334;    3177.48;    1154.33;    3182.85;    1132.24;    3171.27;    1129.42;    3165.90;    1151.51;       10;    0.69;   stop
   372;    1673.59;    1087.49;    1673.86;    1075.35;    1647.41;    1074.76;    1647.14;    1086.90;       10;    0.69;   stop
   501;    1909.48;    1444.88;    1924.86;    1443.24;    1920.77;    1404.75;    1905.39;    1406.39;        9;    0.69;   stop
   391;    2740.12;     648.71;    2765.54;     647.78;    2765.12;     636.14;    2739.69;     637.06;       10;    0.69;   stop
  2063;    3319.23;    1010.59;    3328.85;     984.70;    3315.46;     979.73;    3305.84;    1005.61;       10;    0.69;   move
   427;    1186.51;    2089.20;    1199.61;    2088.65;    1198.49;    2062.04;    1185.39;    2062.60;       10;    0.69;   stop
   519;    2173.99;    2119.32;    2180.42;    2107.26;    2155.20;    2093.81;    2148.77;    2105.87;       10;    0.69;   stop
   394;    3506.87;    1074.82;    3506.98;    1061.03;    3477.50;    1060.81;    3477.40;    1074.59;       10;    0.69;   stop
   341;    1490.71;    1624.92;    1491.41;    1613.39;    1463.54;    1611.70;    1462.84;    1623.23;       10;    0.69;   stop
   388;    1501.55;    1079.38;    1502.23;    1067.40;    1477.45;    1065.99;    1476.77;    1077.97;       10;    0.69;   stop
   315;    1318.83;    1613.52;    1319.06;    1602.19;    1295.67;    1601.73;    1295.44;    1613.06;       10;    0.69;   stop
   408;    2622.97;     651.38;    2650.15;     649.96;    2649.53;     638.15;    2622.35;     639.57;       10;    0.68;   stop
   658;    1829.51;     200.57;    1845.28;     200.31;    1844.64;     161.68;    1828.88;     161.94;        9;    0.68;   stop
  1610;     484.31;    1115.71;     509.65;    1115.30;     509.44;    1102.42;     484.10;    1102.83;       10;    0.68;   move
   452;    1547.27;     855.97;    1549.94;     829.41;    1537.48;     828.15;    1534.81;     854.72;       10;    0.68;   stop
   409;    3486.14;    1038.73;    3512.88;    1037.52;    3512.30;    1024.71;    3485.56;    1025.92;       10;    0.68;   stop
   472;    1382.12;    1193.31;    1410.00;    1191.36;    1409.00;    1177.06;    1381.12;    1179.01;       10;    0.68;   stop
   688;    1877.01;     734.58;    1890.46;     734.01;    1889.11;     702.05;    1875.66;     702.61;       10;    0.68;   stop
   497;    2518.25;     763.16;    2531.59;     763.11;    2531.50;     735.34;    2518.16;     735.39;       10;    0.68;   stop
   482;     332.82;    1033.39;     332.89;    1021.76;     309.84;    1021.61;     309.76;    1033.24;       10;    0.68;   stop
   529;    2166.77;    1396.59;    2179.31;    1396.06;    2178.17;    1368.66;    2165.63;    1369.19;       10;    0.68;   stop
   442;     685.82;    1188.73;     685.83;    1163.46;     672.62;    1163.45;     672.60;    1188.72;       10;    0.68;   stop
   443;     753.26;    1222.52;     754.35;    1209.78;     727.31;    1207.48;     726.22;    1220.22;       10;    0.68;   stop
   508;    1804.10;    1681.48;    1805.31;    1669.50;    1775.84;    1666.52;    1774.63;    1678.50;       10;    0.67;   stop
   405;    1033.68;     681.09;    1034.67;     669.99;    1009.88;     667.78;    1008.89;     678.88;       10;    0.67;   stop
  2479;     781.23;    1161.46;     781.62;    1149.07;     752.70;    1148.16;     752.31;    1160.55;        9;    0.67;   stop
   516;    1768.07;    1645.95;    1769.56;    1633.26;    1742.40;    1630.05;    1740.90;    1642.74;       10;    0.67;   stop
   431;    2360.31;     655.97;    2383.86;     655.07;    2383.44;     643.97;    2359.89;     644.87;       10;    0.67;   stop
   429;    2719.74;    1382.40;    2720.83;    1368.15;    2692.26;    1365.98;    2691.17;    1380.23;       10;    0.67;   stop
   155;     355.07;    1549.97;     356.57;    1537.67;     329.77;    1534.41;     328.27;    1546.71;       10;    0.67;   stop
   424;     673.00;    1573.86;     673.95;    1561.39;     646.06;    1559.26;     645.12;    1571.74;       10;    0.67;   stop
   356;    3079.78;    1540.65;    3089.11;    1517.49;    3076.97;    1512.60;    3067.64;    1535.76;       10;    0.67;   stop
   552;    3396.31;     879.21;    3408.51;     851.84;    3394.94;     845.79;    3382.74;     873.16;       10;    0.67;   stop
   288;    1190.74;    1852.17;    1192.49;    1827.41;    1180.76;    1826.58;    1179.01;    1851.34;       10;    0.67;   stop
   404;    2151.38;    2128.78;    2158.60;    2118.43;    2137.12;    2103.47;    2129.90;    2113.82;       10;    0.67;   stop
   459;    1478.07;    1195.01;    1478.42;    1182.83;    1453.68;    1182.11;    1453.33;    1194.29;       10;    0.67;   stop
   545;    2761.20;    1387.93;    2763.19;    1374.64;    2733.49;    1370.19;    2731.50;    1383.48;       10;    0.67;   stop
   485;    2667.07;    2108.28;    2678.86;    2103.00;    2665.06;    2072.22;    2653.27;    2077.50;       10;    0.67;   stop
   437;    3021.07;    1671.27;    3030.95;    1647.00;    3018.30;    1641.85;    3008.42;    1666.12;       10;    0.67;   stop
  1802;    2196.05;     658.09;    2223.72;     658.04;    2223.70;     645.22;    2196.03;     645.27;       10;    0.66;   stop
  1921;    1875.73;     659.58;    1891.11;     658.96;    1889.55;     620.67;    1874.17;     621.29;       10;    0.66;   stop
   381;    3597.92;     428.90;    3610.19;     401.91;    3597.39;     396.10;    3585.12;     423.09;       10;    0.66;   stop
   492;     551.00;    1044.10;     572.31;    1043.73;     572.13;    1033.40;     550.82;    1033.77;       10;    0.66;   stop
   432;    3420.23;    1039.08;    3448.17;    1038.44;    3447.90;    1026.24;    3419.95;    1026.87;       10;    0.66;   stop
   410;    2352.32;    2044.79;    2358.64;    2032.98;    2334.05;    2019.83;    2327.74;    2031.65;       10;    0.66;   stop
   520;    1822.73;     246.31;    1823.68;     223.83;    1813.18;     223.38;    1812.23;     245.86;       10;    0.66;   stop
  2348;    3128.04;    1237.92;    3130.87;    1222.86;    3091.80;    1215.52;    3088.97;    1230.58;        9;    0.66;   move
   586;    1904.92;    1401.00;    1918.99;    1399.57;    1915.58;    1365.94;    1901.51;    1367.37;       10;    0.66;   stop
   395;     610.19;    1565.85;     610.99;    1554.04;     585.13;    1552.27;     584.32;    1564.09;       10;    0.65;   stop
  2367;    2160.17;    1208.37;    2160.44;    1192.50;    2153.08;    1192.38;    2152.81;    1208.25;       10;    0.65;   stop
   588;    3552.03;     528.10;    3562.73;     503.87;    3550.47;     498.46;    3539.77;     522.69;       10;    0.65;   stop
   567;    3247.65;    1122.88;    3260.59;    1101.04;    3249.22;    1094.31;    3236.29;    1116.15;       10;    0.65;   stop
   379;     766.40;    1935.29;     778.34;    1935.24;     778.22;    1908.84;     766.29;    1908.89;       10;    0.65;   stop
   378;     793.24;    1936.29;     793.40;    1910.17;     780.85;    1910.09;     780.69;    1936.21;       10;    0.65;   stop
   487;    3561.87;    1280.04;    3576.55;    1279.89;    3576.25;    1251.21;    3561.58;    1251.36;       10;    0.64;   stop
   425;    3750.72;     206.12;    3780.01;     204.67;    3779.28;     189.98;    3749.99;     191.43;       10;    0.64;   stop
   478;     832.48;    1208.93;     834.43;    1195.02;     806.27;    1191.07;     804.32;    1204.98;       10;    0.64;   stop
   500;    1940.78;    2107.45;    1954.99;    2106.90;    1953.88;    2078.67;    1939.67;    2079.23;       10;    0.64;   stop
   583;     522.20;    2096.09;     548.62;    2095.72;     548.43;    2081.41;     522.00;    2081.78;       10;    0.64;   stop
   506;    2805.23;     647.67;    2825.66;     647.16;    2825.40;     636.47;    2804.97;     636.98;       10;    0.64;   stop
   491;    2886.38;     647.37;    2915.54;     645.94;    2914.87;     632.32;    2885.71;     633.75;       10;    0.64;   stop
   499;    1806.48;    1650.94;    1808.33;    1638.41;    1778.80;    1634.06;    1776.95;    1646.59;       10;    0.64;   stop
   613;    1881.77;    1651.91;    1882.08;    1639.33;    1857.07;    1638.71;    1856.76;    1651.30;       10;    0.64;   stop
   276;    2858.96;     242.84;    2889.91;     241.13;    2889.09;     226.38;    2858.14;     228.09;       10;    0.63;   stop
   591;    2520.46;     163.27;    2520.82;     135.57;    2509.04;     135.42;    2508.68;     163.12;       10;    0.63;   stop
   347;     960.33;     674.09;     961.78;     662.14;     936.23;     659.03;     934.78;     670.98;       10;    0.63;   stop
   550;    2404.06;    1893.68;    2405.63;    1865.67;    2392.57;    1864.94;    2391.00;    1892.95;       10;    0.63;   stop
  2547;    2542.09;    2025.36;    2572.98;    2012.94;    2567.28;    1998.76;    2536.39;    2011.18;       10;    0.63;   stop
   565;    1875.32;     661.45;    1889.82;     661.12;    1888.93;     620.77;    1874.43;     621.10;        9;    0.63;   stop
   569;    2115.09;    2149.47;    2121.45;    2138.40;    2097.09;    2124.41;    2090.74;    2135.47;       10;    0.63;   stop
   546;    3145.31;    1108.20;    3160.17;    1102.95;    3149.06;    1071.49;    3134.20;    1076.73;       10;    0.63;   stop
   439;    1282.58;      73.93;    1309.35;      73.01;    1308.86;      58.82;    1282.09;      59.74;       10;    0.63;   stop
   607;    1959.56;     749.00;    1974.89;     748.38;    1973.44;     712.38;    1958.11;     712.99;       10;    0.63;   stop
   479;    2652.81;     690.96;    2652.82;     676.39;    2639.42;     676.38;    2639.41;     690.95;       10;    0.63;   stop
   524;    3378.63;    1135.91;    3392.03;    1110.18;    3377.94;    1102.84;    3364.53;    1128.57;       10;    0.63;   stop
   475;    1146.98;    1638.22;    1147.10;    1623.40;    1118.77;    1623.16;    1118.65;    1637.98;       10;    0.63;   stop
    84;    3741.38;    1051.66;    3741.62;    1038.55;    3713.62;    1038.03;    3713.38;    1051.14;       10;    0.62;   move
   502;    3137.30;    1181.23;    3151.37;    1156.20;    3139.26;    1149.40;    3125.19;    1174.42;       10;    0.62;   stop
   560;    1886.26;    1892.40;    1899.19;    1855.54;    1884.74;    1850.48;    1871.81;    1887.33;        9;    0.62;   stop
   232;     523.70;    1561.45;     524.46;    1549.03;     496.30;    1547.30;     495.54;    1559.72;       10;    0.62;   stop
   433;     781.29;    1161.98;     781.66;    1148.83;     752.46;    1148.02;     752.09;    1161.17;       10;    0.62;   stop
   507;    2650.86;    1350.19;    2651.46;    1339.22;    2639.52;    1338.56;    2638.93;    1349.53;       10;    0.62;   stop
   473;    3566.54;     629.17;    3596.78;     627.33;    3595.96;     613.72;    3565.72;     615.56;       10;    0.62;   stop
   456;    3266.72;     227.58;    3295.98;     225.19;    3294.84;     211.17;    3265.58;     213.56;       10;    0.62;   stop
   449;     500.41;    1007.75;     515.63;    1007.37;     514.90;     977.88;     499.69;     978.25;       10;    0.61;   stop
   518;    3349.46;     988.00;    3357.58;     963.61;    3344.29;     959.19;    3336.17;     983.58;       10;    0.61;   stop
   610;     200.36;    1131.07;     225.88;    1130.78;     225.73;    1117.99;     200.22;    1118.28;       10;    0.61;   stop
   549;    3532.65;     629.23;    3562.59;     628.67;    3562.35;     615.77;    3532.41;     616.33;       10;    0.61;   stop
   629;    2654.15;    2074.57;    2665.99;    2069.36;    2654.35;    2042.93;    2642.51;    2048.14;       10;    0.61;   stop
   484;    2551.46;     656.34;    2579.97;     654.85;    2579.29;     641.91;    2550.78;     643.40;       10;    0.61;   stop
   370;     615.00;    1375.90;     617.37;    1362.64;     590.63;    1357.85;     588.25;    1371.11;       10;    0.61;   stop
   578;    2409.58;    2148.20;    2411.58;    2121.03;    2398.30;    2120.05;    2396.29;    2147.22;       10;    0.60;   stop
   463;    3791.66;     261.90;    3793.31;     232.09;    3777.72;     231.23;    3776.07;     261.04;       10;    0.60;   stop
   471;     526.34;    1597.11;     527.29;    1582.83;     500.22;    1581.02;     499.27;    1595.30;       10;    0.60;   stop
   589;    1466.48;     924.83;    1467.89;     911.91;    1440.52;     908.92;    1439.11;     921.84;       10;    0.60;   stop
   541;    1042.23;    1175.82;    1042.90;    1162.27;    1013.14;    1160.81;    1012.48;    1174.35;       10;    0.60;   stop
  1324;    3163.60;     638.97;    3186.85;     637.46;    3186.09;     625.72;    3162.83;     627.23;       10;    0.60;   stop
   351;    1861.61;    1958.85;    1871.59;    1933.15;    1858.39;    1928.02;    1848.41;    1953.73;       10;    0.60;   stop
   495;     738.72;    1576.15;     740.15;    1563.68;     714.41;    1560.72;     712.97;    1573.20;       10;    0.60;   stop
   648;    2193.06;    2116.77;    2202.35;    2105.06;    2177.19;    2085.10;    2167.90;    2096.82;       10;    0.60;   stop
   466;    2090.17;     265.89;    2115.43;     265.11;    2115.08;     253.86;    2089.82;     254.64;       10;    0.59;   stop
   514;    2510.80;     318.10;    2524.90;     317.84;    2524.33;     287.15;    2510.22;     287.41;       10;    0.59;   stop
   294;     621.70;    1356.70;     623.73;    1343.74;     597.05;    1339.55;     595.02;    1352.51;       10;    0.59;   stop
  1581;    3686.46;    1036.54;    3716.38;    1035.79;    3716.04;    1022.21;    3686.12;    1022.96;       10;    0.59;   stop
   476;    1482.58;    1659.22;    1483.79;    1647.57;    1458.17;    1644.91;    1456.96;    1656.55;       10;    0.59;   stop
   664;    3348.17;     636.57;    3348.99;     622.94;    3325.89;     621.56;    3325.07;     635.18;       10;    0.59;   stop
   615;    3383.96;     906.08;    3394.80;     880.63;    3381.97;     875.17;    3371.14;     900.62;       10;    0.59;   stop
   602;    3215.72;    1177.49;    3230.40;    1153.33;    3219.28;    1146.57;    3204.60;    1170.74;       10;    0.59;   stop
   535;    2439.16;    2082.40;    2464.71;    2070.65;    2458.71;    2057.60;    2433.16;    2069.35;       10;    0.59;   stop
   617;    2234.33;    2097.78;    2241.62;    2086.26;    2214.67;    2069.22;    2207.38;    2080.74;       10;    0.59;   stop
  1749;    2457.18;     655.68;    2457.19;     643.71;    2432.82;     643.69;    2432.81;     655.66;       10;    0.59;   stop
   406;     562.28;    1241.05;     591.44;    1239.90;     590.84;    1224.58;     561.68;    1225.72;       10;    0.59;   stop
   525;    2064.08;     300.08;    2087.52;     299.35;    2087.17;     288.30;    2063.73;     289.03;       10;    0.59;   stop
  1753;    2457.85;     672.92;    2483.31;     671.76;    2482.78;     660.20;    2457.32;     661.37;       10;    0.59;   stop
   447;     498.33;     578.43;     501.02;     567.23;     481.36;     562.51;     478.67;     573.71;       10;    0.59;   stop
   517;     410.53;    1589.92;     436.90;    1588.18;     436.03;    1575.08;     409.66;    1576.82;       10;    0.59;   stop
  1842;    1862.11;    1995.05;    1877.81;    1963.32;    1865.20;    1957.08;    1849.50;    1988.81;       10;    0.59;   move
   612;    2521.39;     193.75;    2521.54;     168.58;    2509.24;     168.50;    2509.08;     193.67;       10;    0.59;   stop
  2207;    3006.99;     235.94;    3031.14;     234.62;    3030.51;     223.06;    3006.36;     224.38;       10;    0.59;   stop
   571;    3451.62;     751.15;    3462.44;     725.27;    3449.31;     719.79;    3438.50;     745.67;       10;    0.59;   stop
   620;    2594.52;    1947.84;    2600.01;    1934.63;    2569.98;    1922.16;    2564.49;    1935.37;       10;    0.59;   stop
   608;    1768.97;    2127.84;    1786.22;    2096.16;    1772.43;    2088.66;    1755.19;    2120.34;        9;    0.59;   stop
  1764;    2206.92;     677.67;    2207.06;     664.76;    2178.52;     664.45;    2178.38;     677.36;        9;    0.58;   stop
   460;    1353.10;    1615.59;    1354.18;    1604.19;    1330.03;    1601.91;    1328.95;    1613.31;       10;    0.58;   stop
   498;    2921.36;     645.90;    2949.37;     645.67;    2949.26;     632.85;    2921.26;     633.08;       10;    0.58;   stop
   538;    1958.86;    2109.26;    1972.37;    2108.67;    1971.23;    2082.49;    1957.73;    2083.08;       10;    0.58;   stop
   474;     797.61;    1936.80;     810.43;    1936.69;     810.20;    1909.77;     797.38;    1909.87;       10;    0.58;   stop
   526;    2511.26;     348.69;    2524.08;     348.58;    2523.86;     322.94;    2511.05;     323.04;       10;    0.58;   stop
   555;    1175.22;    1062.19;    1175.34;    1053.04;    1157.28;    1052.80;    1157.16;    1061.96;       10;    0.58;   stop
   542;    3663.72;     627.30;    3698.55;     624.73;    3697.53;     610.91;    3662.70;     613.48;       10;    0.58;   stop
   707;    2663.36;    1251.55;    2665.30;    1236.01;    2639.74;    1232.82;    2637.80;    1248.36;       10;    0.58;   stop
   418;    1261.83;    1646.97;    1262.96;    1634.72;    1237.92;    1632.41;    1236.79;    1644.65;       10;    0.58;   stop
   587;    2491.64;    1991.80;    2499.93;    1981.38;    2474.86;    1961.45;    2466.57;    1971.87;       10;    0.58;   stop
   570;    3203.65;     640.72;    3231.93;     639.63;    3231.35;     624.67;    3203.07;     625.76;       10;    0.57;   stop
   537;    2469.80;    2067.56;    2495.20;    2055.36;    2488.82;    2042.07;    2463.42;    2054.27;       10;    0.57;   stop
   709;    1886.13;    2038.71;    1897.61;    2015.93;    1886.19;    2010.17;    1874.70;    2032.94;       10;    0.57;   stop
  2783;    3652.48;    1035.38;    3675.31;    1034.80;    3675.02;    1023.37;    3652.19;    1023.95;       10;    0.57;   stop
   445;     812.93;    1934.32;     826.97;    1934.21;     826.76;    1907.55;     812.72;    1907.66;       10;    0.57;   stop
  2668;    2705.16;     688.14;    2728.80;     687.16;    2728.22;     673.11;    2704.58;     674.09;       10;    0.57;   stop
   682;    2883.54;    1467.51;    2893.74;    1458.32;    2872.71;    1434.99;    2862.51;    1444.18;       10;    0.57;   stop
   673;    2547.98;    1965.09;    2556.25;    1952.22;    2529.90;    1935.28;    2521.63;    1948.15;       10;    0.57;   stop
   465;    2397.16;     655.71;    2422.42;     654.79;    2421.97;     642.54;    2396.71;     643.46;       10;    0.57;   stop
   616;     622.38;    1152.69;     647.09;    1152.51;     647.00;    1139.50;     622.28;    1139.68;       10;    0.57;   stop
   590;    1534.02;     978.30;    1536.42;     954.49;    1524.86;     953.33;    1522.46;     977.13;       10;    0.57;   stop
  2060;       0.46;    1034.49;      20.56;    1034.03;      20.25;    1020.51;       0.16;    1020.97;       10;    0.56;   stop
  1246;    3701.76;     625.81;    3731.33;     624.47;    3730.74;     611.45;    3701.17;     612.79;       10;    0.56;   stop
   647;    2406.06;    1862.15;    2407.40;    1838.61;    2396.19;    1837.98;    2394.85;    1861.51;       10;    0.56;   stop
   599;    2457.22;    2008.12;    2465.54;    1997.80;    2440.65;    1977.75;    2432.34;    1988.07;       10;    0.56;   stop
   596;     555.10;    2095.29;     583.36;    2094.63;     583.03;    2080.34;     554.76;    2081.00;       10;    0.56;   stop
   483;    1632.28;     647.36;    1633.42;     636.46;    1609.97;     634.01;    1608.83;     644.91;       10;    0.56;   stop
   568;    3300.50;    1004.03;    3313.78;     973.67;    3297.63;     966.60;    3284.34;     996.95;       10;    0.56;   stop
   434;    1360.68;    1652.58;    1361.46;    1639.64;    1334.82;    1638.05;    1334.04;    1650.98;       10;    0.56;   stop
   656;    2253.65;    2088.71;    2260.31;    2076.49;    2234.73;    2062.54;    2228.06;    2074.76;       10;    0.56;   stop
   481;    2715.21;    1175.84;    2716.01;    1163.06;    2688.78;    1161.34;    2687.97;    1174.13;       10;    0.56;   stop
   594;    3617.95;     628.85;    3646.37;     627.63;    3645.80;     614.51;    3617.38;     615.73;       10;    0.56;   stop
  2090;       9.74;    1136.59;      12.07;    1125.37;      -0.38;    1122.79;      -2.71;    1134.00;       10;    0.55;   stop
   646;    2366.49;    1338.05;    2367.54;    1325.30;    2341.26;    1323.14;    2340.21;    1335.89;       10;    0.55;   stop
   636;    2407.71;    1827.97;    2410.03;    1802.38;    2397.92;    1801.28;    2395.59;    1826.87;       10;    0.55;   stop
   462;    2826.13;     243.56;    2852.03;     242.15;    2851.37;     229.88;    2825.47;     231.28;       10;    0.55;   stop
   575;    1501.09;     929.04;    1502.53;     916.34;    1474.54;     913.14;    1473.09;     925.85;       10;    0.55;   stop
   603;    2526.73;     477.76;    2526.91;     453.84;    2514.02;     453.74;    2513.84;     477.66;       10;    0.55;   stop
  2758;    3051.90;     640.19;    3076.15;     639.03;    3075.60;     627.68;    3051.35;     628.85;       10;    0.54;   stop
  1878;    2483.69;     655.28;    2483.76;     644.23;    2461.43;     644.10;    2461.37;     655.14;       10;    0.54;   stop
   626;    3567.72;    1318.00;    3578.13;    1312.04;    3566.66;    1292.00;    3556.25;    1297.96;       10;    0.54;   stop
   561;    1962.68;      42.94;    1963.18;       9.03;    1947.82;       8.81;    1947.32;      42.72;       10;    0.54;   stop
   574;    1935.25;    2104.66;    1936.05;    2076.23;    1922.29;    2075.84;    1921.48;    2104.27;       10;    0.54;   stop
   633;    2240.34;    2163.35;    2267.64;    2152.19;    2262.10;    2138.65;    2234.80;    2149.81;       10;    0.54;   stop
   453;    1252.63;    1475.03;    1257.68;    1446.51;    1245.43;    1444.34;    1240.39;    1472.87;       10;    0.54;   stop
   650;    2593.12;    1428.53;    2598.77;    1399.63;    2584.88;    1396.91;    2579.23;    1425.81;       10;    0.54;   stop
   559;    3495.98;     566.82;    3504.83;     541.53;    3492.14;     537.09;    3483.29;     562.38;       10;    0.54;   stop
   614;    2506.90;    1982.16;    2515.25;    1971.69;    2493.35;    1954.22;    2485.00;    1964.68;       10;    0.54;   stop
   577;    1550.49;     818.13;    1554.74;     789.27;    1541.01;     787.24;    1536.76;     816.11;       10;    0.53;   stop
  2683;    1830.39;     200.89;    1845.60;     200.66;    1844.99;     160.80;    1829.78;     161.03;       10;    0.53;   stop
   669;    3583.49;    1279.20;    3598.08;    1279.03;    3597.76;    1251.11;    3583.17;    1251.28;       10;    0.53;   stop
   582;    3658.49;     301.96;    3671.75;     273.65;    3657.76;     267.10;    3644.50;     295.41;       10;    0.53;   stop
   609;    3756.84;     331.77;    3757.46;     296.68;    3739.41;     296.36;    3738.79;     331.45;       10;    0.53;   stop
   706;    2528.34;    1972.64;    2535.94;    1961.86;    2514.66;    1946.86;    2507.06;    1957.64;       10;    0.53;   stop
   558;    1980.69;    2113.68;    1993.62;    2111.10;    1987.93;    2082.57;    1975.00;    2085.15;       10;    0.53;   stop
   438;    1815.15;      33.40;    1827.81;      32.80;    1826.47;       4.85;    1813.81;       5.45;       10;    0.52;   stop
   563;    1188.63;    2149.56;    1200.27;    2149.50;    1200.12;    2121.69;    1188.48;    2121.75;       10;    0.52;   stop
  2745;    3076.98;     641.60;    3103.47;     638.91;    3102.08;     625.20;    3075.59;     627.89;       10;    0.52;   stop
   692;    1256.67;    1189.49;    1257.88;    1173.56;    1221.14;    1170.76;    1219.93;    1186.69;        9;    0.52;   stop
   659;    1948.70;    1904.61;    1958.27;    1865.76;    1942.58;    1861.89;    1933.01;    1900.74;       10;    0.52;   stop
   169;    1880.08;     606.28;    1891.37;     604.86;    1888.67;     583.41;    1877.38;     584.83;       10;    0.52;   stop
   486;    2528.92;     602.46;    2529.46;     577.93;    2517.46;     577.66;    2516.91;     602.20;       10;    0.51;   stop
   605;    1845.30;    1465.78;    1869.71;    1465.30;    1869.45;    1452.47;    1845.04;    1452.95;       10;    0.51;   stop
   680;    2567.63;    1954.83;    2575.36;    1943.27;    2551.87;    1927.55;    2544.14;    1939.10;       10;    0.51;   stop
   584;    1701.18;    1677.26;    1702.36;    1664.11;    1676.07;    1661.74;    1674.89;    1674.89;       10;    0.51;   stop
   683;    1132.65;      79.77;    1132.78;      69.57;    1110.03;      69.29;    1109.91;      79.49;       10;    0.50;   stop
   694;    2533.60;     808.05;    2534.27;     783.03;    2521.77;     782.70;    2521.10;     807.72;       10;    0.50;   stop
   377;     495.75;    1593.90;     496.44;    1581.71;     474.56;    1580.47;     473.87;    1592.66;       10;    0.50;   stop
   678;     726.15;    1052.97;     726.71;    1039.82;     719.91;    1039.53;     719.34;    1052.68;       10;    0.50;   stop
   598;    2472.04;    1997.62;    2480.64;    1988.04;    2459.59;    1969.13;    2450.98;    1978.71;       10;    0.50;   stop
   644;    3039.04;     236.91;    3071.45;     234.75;    3070.46;     219.84;    3038.05;     222.00;       10;    0.50;   stop
   412;    1124.08;    1178.29;    1125.22;    1164.99;    1097.79;    1162.65;    1096.66;    1175.95;       10;    0.50;   stop
   521;    3785.76;     203.26;    3810.77;     201.42;    3809.86;     189.08;    3784.85;     190.93;       10;    0.49;   stop
   593;    3735.91;     133.61;    3747.99;     104.69;    3734.09;      98.89;    3722.01;     127.81;       10;    0.49;   stop
   576;    1926.13;    1579.79;    1926.18;    1546.60;    1912.84;    1546.58;    1912.79;    1579.77;       10;    0.49;   stop
   724;    3792.07;     462.51;    3792.21;     426.30;    3775.43;     426.24;    3775.29;     462.45;        9;    0.49;   stop
   458;      26.06;    1507.58;      27.14;    1496.48;       4.79;    1494.29;       3.71;    1505.40;       10;    0.49;   stop
   627;    1351.23;     108.62;    1351.90;      96.40;    1326.27;      95.01;    1325.60;     107.22;       10;    0.49;   stop
  2739;    1909.05;    1445.34;    1924.45;    1443.73;    1920.45;    1405.41;    1905.05;    1407.02;       10;    0.48;   stop
  2761;    1256.51;    1188.47;    1257.60;    1173.21;    1221.87;    1170.65;    1220.78;    1185.92;       10;    0.48;   stop
   601;    2433.66;     259.11;    2459.85;     258.83;    2459.71;     245.45;    2433.52;     245.73;       10;    0.48;   stop
   625;    3232.50;    1149.17;    3244.26;    1126.67;    3232.50;    1120.52;    3220.74;    1143.02;       10;    0.48;   stop
   509;     587.19;    1366.06;     592.73;    1340.22;     580.93;    1337.69;     575.40;    1363.53;       10;    0.47;   stop
   397;      60.99;    1793.75;      77.87;    1772.87;      66.98;    1764.06;      50.10;    1784.95;       10;    0.47;   stop
   674;    2616.60;    1431.52;    2618.96;    1406.94;    2606.40;    1405.73;    2604.04;    1430.31;       10;    0.47;   stop
   685;    1978.91;     742.91;    1988.29;     742.79;    1988.03;     722.96;    1978.65;     723.09;       10;    0.47;   stop
  2406;    1948.69;    1905.03;    1959.14;    1865.72;    1943.16;    1861.47;    1932.70;    1900.78;        9;    0.47;   stop
   619;    3545.57;    1037.24;    3545.62;    1026.31;    3520.37;    1026.20;    3520.32;    1037.12;       10;    0.46;   stop
   649;     594.85;    1038.89;     595.00;    1028.63;     572.34;    1028.29;     572.19;    1038.56;       10;    0.46;   stop
  2628;    1957.82;     750.41;    1973.68;     750.07;    1972.93;     714.34;    1957.07;     714.68;        9;    0.46;   stop
   540;     378.27;    1280.44;     379.94;    1253.54;     366.11;    1252.68;     364.44;    1279.58;       10;    0.46;   stop
  1969;    2917.67;    1730.79;    2927.71;    1710.18;    2915.45;    1704.21;    2905.41;    1724.82;       10;    0.46;   stop
   579;    3718.63;     205.84;    3746.03;     205.28;    3745.75;     191.66;    3718.35;     192.22;       10;    0.46;   stop
   623;    1431.46;     920.93;    1432.35;     909.11;    1406.92;     907.20;    1406.03;     919.01;       10;    0.45;   stop
   723;    3191.06;    1176.51;    3205.12;    1152.63;    3193.32;    1145.68;    3179.25;    1169.56;       10;    0.45;   stop
  1149;    1604.65;    1667.15;    1605.51;    1654.51;    1579.10;    1652.73;    1578.24;    1665.36;       10;    0.45;   stop
   513;    2603.83;     250.67;    2627.21;     250.32;    2627.04;     239.27;    2603.67;     239.62;       10;    0.45;   stop
  2822;    1746.42;    1098.30;    1780.02;    1089.39;    1775.96;    1074.07;    1742.35;    1082.99;        9;    0.45;   stop
   638;    3648.65;    1343.01;    3657.25;    1316.55;    3643.23;    1311.99;    3634.62;    1338.45;       10;    0.44;   stop
   752;    1152.55;    1182.88;    1153.38;    1168.99;    1127.45;    1167.43;    1126.62;    1181.33;       10;    0.44;   stop
  1218;    2207.88;    2108.25;    2217.38;    2099.45;    2199.49;    2080.13;    2189.99;    2088.93;       10;    0.44;   stop
   580;    3335.88;     223.35;    3336.24;     210.50;    3310.06;     209.78;    3309.70;     222.62;       10;    0.43;   stop
   722;     587.62;    1208.18;     587.98;    1195.35;     562.69;    1194.63;     562.33;    1207.46;       10;    0.43;   stop
  2697;     373.38;    1780.28;     374.40;    1754.61;     361.62;    1754.10;     360.60;    1779.77;       10;    0.43;   stop
   717;    2452.13;    1680.85;    2452.46;    1656.09;    2437.87;    1655.90;    2437.54;    1680.66;       10;    0.43;   stop
   441;     357.08;    1674.35;     371.89;    1674.31;     371.83;    1649.09;     357.02;    1649.12;       10;    0.43;   stop
  2517;    1990.05;    1645.94;    1991.83;    1623.01;    1981.20;    1622.19;    1979.42;    1645.11;       10;    0.43;   stop
  2839;    1905.86;    1400.69;    1919.43;    1399.29;    1915.95;    1365.68;    1902.38;    1367.09;        9;    0.42;   stop
   635;    2649.40;     649.25;    2649.50;     638.73;    2639.29;     638.64;    2639.19;     649.16;       10;    0.42;   stop
   634;    1832.80;     263.69;    1834.25;     244.99;    1824.57;     244.24;    1823.12;     262.94;       10;    0.42;   stop
  2829;    3728.07;    1034.11;    3751.79;    1033.09;    3751.31;    1021.83;    3727.58;    1022.85;       10;    0.42;   stop
  1008;    2415.64;    1742.42;    2417.66;    1717.93;    2405.73;    1716.95;    2403.72;    1741.44;       10;    0.42;   stop
   745;    1977.17;    1777.68;    1978.90;    1755.65;    1968.39;    1754.82;    1966.66;    1776.85;       10;    0.42;   stop
   454;    2986.81;    1505.89;    2998.26;    1480.20;    2987.41;    1475.36;    2975.95;    1501.05;       10;    0.41;   stop
   631;    1196.31;    1757.65;    1198.16;    1727.86;    1184.94;    1727.03;    1183.09;    1756.83;       10;    0.41;   stop
  2692;    1685.26;    1639.16;    1686.05;    1626.15;    1658.24;    1624.46;    1657.45;    1637.47;       10;    0.41;   stop
   675;    1745.87;    1100.01;    1779.40;    1088.65;    1774.26;    1073.49;    1740.73;    1084.85;       10;    0.41;   stop
  2778;     212.01;    1529.53;     212.95;    1517.60;     185.72;    1515.47;     184.79;    1527.40;       10;    0.40;   stop
   291;    2178.54;    2151.04;    2206.67;    2136.60;    2199.03;    2121.71;    2170.89;    2136.15;       10;    0.40;   move
   668;    2528.14;     510.10;    2528.74;     481.31;    2514.86;     481.03;    2514.26;     509.81;       10;    0.40;   stop
   689;    3424.06;     814.39;    3431.53;     793.01;    3420.63;     789.20;    3413.16;     810.58;       10;    0.40;   stop
  2827;    2520.34;     226.19;    2520.81;     202.10;    2509.16;     201.87;    2508.69;     225.97;       10;    0.39;   stop
   729;    2782.67;    1864.89;    2789.82;    1853.48;    2765.45;    1838.23;    2758.31;    1849.65;       10;    0.39;   stop
   628;    3534.61;     215.55;    3560.60;     213.14;    3559.45;     200.70;    3533.46;     203.11;       10;    0.39;   stop
  2831;    3023.27;     640.09;    3043.69;     639.68;    3043.48;     628.91;    3023.06;     629.32;       10;    0.39;   stop
  1019;    1422.17;    1656.77;    1424.05;    1644.60;    1398.20;    1640.60;    1396.32;    1652.77;       10;    0.39;   stop
  1582;    2426.27;    1627.78;    2428.73;    1602.15;    2416.48;    1600.97;    2414.02;    1626.60;       10;    0.39;   stop
  2843;    1962.67;      41.51;    1963.02;       8.71;    1948.58;       8.55;    1948.23;      41.35;        9;    0.39;   stop
   735;    3776.63;     400.78;    3794.22;     399.88;    3792.74;     370.79;    3775.16;     371.68;       10;    0.39;   stop
  2701;    1620.28;    1633.17;    1621.00;    1621.85;    1597.22;    1620.33;    1596.50;    1631.65;       10;    0.38;   stop
  2706;    3642.46;     331.00;    3653.08;     309.10;    3641.92;     303.68;    3631.29;     325.59;       10;    0.38;   stop
   660;    2058.52;     266.59;    2084.23;     265.90;    2083.92;     254.28;    2058.21;     254.97;       10;    0.38;   stop
  1734;     379.09;    1974.82;     379.80;    1945.18;     366.69;    1944.87;     365.98;    1974.51;       10;    0.38;   stop
   624;    3580.03;     382.10;    3591.83;     356.67;    3579.65;     351.02;    3567.86;     376.46;       10;    0.37;   stop
  1162;    3627.02;     363.15;    3639.83;     336.63;    3627.36;     330.60;    3614.54;     357.12;       10;    0.37;   stop
   721;    3262.02;    1097.94;    3275.11;    1075.79;    3262.98;    1068.62;    3249.89;    1090.77;       10;    0.37;   stop
   663;    3793.11;     293.22;    3793.17;     266.03;    3778.14;     266.00;    3778.08;     293.19;       10;    0.37;   stop
  1797;    2517.20;     630.39;    2528.59;     630.13;    2528.05;     605.99;    2516.66;     606.24;       10;    0.36;   stop
  1630;     119.28;    1608.69;     119.40;    1597.83;      94.23;    1597.56;      94.12;    1608.42;       10;    0.36;   stop
   728;     655.47;    1189.52;     667.86;    1188.71;     666.41;    1166.42;     654.01;    1167.23;       10;    0.36;   stop
  2832;    1392.32;    2034.01;    1404.41;    2033.46;    1403.30;    2009.24;    1391.22;    2009.79;       10;    0.36;   stop
  2435;    2400.42;     258.34;    2400.61;     245.54;    2371.46;     245.09;    2371.26;     257.90;       10;    0.36;   stop
  1953;    2160.84;    2110.67;    2163.22;    2096.38;    2152.41;    2094.58;    2150.03;    2108.87;       10;    0.36;   stop
  2833;    2947.54;     238.54;    2971.15;     237.64;    2970.71;     226.09;    2947.10;     226.98;       10;    0.35;   stop
   566;    3813.70;     623.71;    3840.44;     623.02;    3840.05;     608.17;    3813.31;     608.85;       10;    0.35;   stop
   730;    1840.72;    1686.49;    1841.73;    1673.61;    1816.56;    1671.64;    1815.55;    1684.52;       10;    0.35;   stop
  2311;    3437.58;     783.51;    3447.16;     755.41;    3433.35;     750.71;    3423.78;     778.80;       10;    0.35;   stop
  2801;    2329.31;     260.42;    2358.33;     260.12;    2358.19;     245.83;    2329.17;     246.13;       10;    0.35;   stop