vehicle_id; veh_bb_x1; veh_bb_y1; veh_bb_x2; veh_bb_y2; veh_bb_x3; veh_bb_y3; veh_bb_x4; veh_bb_y4; det_class; conf_score; state
     3;    3018.25;    1440.31;    3028.86;    1415.52;    3017.00;    1410.44;    3006.39;    1435.23;       10;    0.83;   stop
   258;    1972.40;     792.64;    1973.45;     767.17;    1959.95;     766.61;    1958.89;     792.08;       10;    0.83;   stop
     2;    2918.69;    1173.69;    2921.02;    1162.56;    2896.06;    1157.31;    2893.73;    1168.44;       10;    0.83;   stop
     8;    2109.01;    1216.65;    2109.81;    1204.85;    2085.74;    1203.22;    2084.94;    1215.03;       10;    0.83;   stop
   422;    1763.20;    1153.12;    1763.68;    1139.58;    1733.13;    1138.50;    1732.65;    1152.05;       10;    0.82;   stop
  2882;    2687.19;    1953.07;    2714.68;    1941.30;    2709.06;    1928.18;    2681.57;    1939.95;       10;    0.82;   stop
    17;    1362.76;    1192.14;    1363.59;    1176.01;    1319.24;    1173.73;    1318.41;    1189.86;        9;    0.82;   stop
     9;    3086.33;    1453.81;    3098.17;    1425.41;    3084.30;    1419.63;    3072.46;    1448.02;       10;    0.82;   stop
    20;    1983.53;     374.75;    1984.05;     347.73;    1971.97;     347.50;    1971.45;     374.52;       10;    0.82;   stop
  1494;    1873.28;     359.29;    1886.73;     359.16;    1886.47;     332.58;    1873.02;     332.71;       10;    0.82;   stop
    30;    1847.96;     658.53;    1848.25;     633.11;    1836.41;     632.97;    1836.12;     658.39;       10;    0.82;   stop
   183;    1359.70;    1099.87;    1360.05;    1086.81;    1330.18;    1086.01;    1329.83;    1099.06;       10;    0.82;   move
    32;    2089.58;    1119.47;    2090.10;    1106.84;    2064.10;    1105.78;    2063.59;    1118.41;       10;    0.82;   stop
   238;    1855.69;     628.11;    1869.32;     626.56;    1865.81;     595.89;    1852.18;     597.44;       10;    0.82;   stop
    25;    1270.48;    1072.96;    1271.30;    1060.64;    1245.59;    1058.92;    1244.76;    1071.24;       10;    0.82;   stop
    37;    2586.68;    1125.07;    2587.89;    1113.00;    2560.94;    1110.30;    2559.73;    1122.38;       10;    0.82;   stop
    49;    1916.81;     151.53;    1928.54;     151.48;    1928.44;     126.91;    1916.71;     126.96;       10;    0.81;   move
     6;    1963.34;     483.71;    1963.57;     451.26;    1949.41;     451.16;    1949.18;     483.61;       10;    0.81;   stop
   107;    2142.26;    1119.48;    2143.32;    1108.00;    2119.24;    1105.77;    2118.18;    1117.25;       10;    0.81;   move
    35;     937.60;    1169.65;     938.58;    1157.89;     912.46;    1155.73;     911.48;    1167.48;       10;    0.81;   stop
   188;    1970.54;    1493.64;    1973.43;    1460.70;    1959.56;    1459.49;    1956.67;    1492.42;       10;    0.81;   stop
    76;    3073.04;    1491.22;    3083.84;    1467.30;    3070.87;    1461.44;    3060.06;    1485.36;       10;    0.81;   stop
  2076;    1851.21;     304.03;    1863.06;     303.95;    1862.89;     279.28;    1851.04;     279.37;       10;    0.81;   stop
    67;    1967.47;     447.50;    1980.59;     447.39;    1980.35;     418.75;    1967.22;     418.86;       10;    0.81;   stop
   112;    1202.31;    1091.88;    1202.94;    1079.64;    1175.37;    1078.24;    1174.75;    1090.49;       10;    0.81;   move
  2520;    2721.86;    1159.14;    2723.91;    1146.38;    2693.52;    1141.49;    2691.47;    1154.25;       10;    0.81;   move
    26;    2080.27;    1214.72;    2080.71;    1203.77;    2059.36;    1202.90;    2058.91;    1213.85;       10;    0.81;   stop
    21;    1816.74;    2028.41;    1828.94;    2003.25;    1818.05;    1997.96;    1805.84;    2023.13;       10;    0.81;   stop
  3028;    1870.23;      96.91;    1883.11;      96.75;    1882.77;      70.15;    1869.89;      70.32;       10;    0.81;   stop
    33;    1952.84;     118.45;    1964.46;     118.42;    1964.41;      94.74;    1952.79;      94.77;       10;    0.81;   stop
    59;    2980.85;    1309.28;    2983.56;    1295.27;    2951.18;    1289.00;    2948.47;    1303.01;       10;    0.81;   stop
    77;    1982.17;     840.44;    1988.76;     811.80;    1975.77;     808.81;    1969.17;     837.45;       10;    0.81;   stop
  2210;    1566.94;    1145.39;    1567.06;    1131.85;    1539.18;    1131.61;    1539.07;    1145.15;       10;    0.81;   stop
    45;    3045.81;    1474.13;    3057.99;    1448.94;    3045.69;    1442.99;    3033.51;    1468.19;       10;    0.81;   stop
    23;    1475.31;      72.80;    1475.66;      59.04;    1445.19;      58.27;    1444.84;      72.03;       10;    0.81;   stop
  2134;    1869.98;     248.96;    1883.11;     248.92;    1883.02;     219.04;    1869.89;     219.08;       10;    0.81;   stop
  3090;    1851.08;     102.40;    1864.81;     102.22;    1864.42;      72.54;    1850.69;      72.71;       10;    0.81;   stop
  1943;    1869.83;     290.44;    1882.53;     290.16;    1881.96;     264.74;    1869.25;     265.03;       10;    0.81;   stop
    93;    1930.37;     473.73;    1944.01;     473.62;    1943.76;     442.02;    1930.12;     442.13;       10;    0.81;   move
   147;    1471.06;    1103.67;    1471.88;    1090.89;    1441.56;    1088.96;    1440.75;    1101.74;       10;    0.81;   move
    44;    2697.37;    1253.94;    2699.28;    1241.28;    2669.63;    1236.81;    2667.72;    1249.47;       10;    0.81;   stop
    81;    3093.47;    1506.00;    3104.57;    1481.92;    3092.53;    1476.38;    3081.43;    1500.45;       10;    0.81;   stop
    64;    1803.47;    2059.32;    1816.65;    2032.37;    1805.02;    2026.68;    1791.84;    2053.63;       10;    0.81;   stop
   159;    1974.97;     774.28;    1987.75;     774.06;    1987.28;     746.72;    1974.50;     746.94;       10;    0.81;   stop
   127;    1975.14;     803.26;    1986.93;     803.17;    1986.74;     778.49;    1974.94;     778.58;       10;    0.81;   stop
    56;    2886.89;    1168.19;    2889.42;    1156.00;    2862.61;    1150.43;    2860.08;    1162.62;       10;    0.81;   stop
  3190;    2652.15;    1960.50;    2677.29;    1949.82;    2672.10;    1937.62;    2646.96;    1948.31;       10;    0.81;   stop
  1652;    1871.78;     326.21;    1884.26;     325.86;    1883.47;     298.16;    1870.99;     298.52;       10;    0.80;   stop
   114;    1976.26;     565.93;    1976.76;     536.79;    1963.49;     536.57;    1962.99;     565.71;       10;    0.80;   stop
    11;    1200.01;    1068.11;    1200.71;    1056.64;    1179.37;    1055.32;    1178.66;    1066.80;       10;    0.80;   stop
    55;    1012.28;    1062.00;    1012.59;    1050.30;     987.69;    1049.63;     987.38;    1061.33;       10;    0.80;   stop
   191;    2716.68;    1140.03;    2718.27;    1128.13;    2691.95;    1124.59;    2690.35;    1136.50;       10;    0.80;   stop
  1874;    1783.05;    1172.97;    1783.47;    1158.95;    1752.45;    1158.03;    1752.03;    1172.05;       10;    0.80;   stop
    19;    2949.09;    1180.90;    2951.60;    1168.87;    2926.41;    1163.60;    2923.90;    1175.63;       10;    0.80;   stop
    41;    1958.71;    1862.67;    1965.17;    1832.39;    1951.98;    1829.58;    1945.52;    1859.86;       10;    0.80;   stop
   326;    2114.03;    1136.68;    2114.57;    1125.72;    2091.22;    1124.57;    2090.68;    1135.53;       10;    0.80;   move
   156;    2152.16;    1217.66;    2152.65;    1205.49;    2127.34;    1204.46;    2126.85;    1216.63;       10;    0.80;   stop
   116;    1871.20;     923.00;    1871.99;     890.84;    1857.80;     890.50;    1857.01;     922.66;       10;    0.80;   stop
    74;    3005.82;    1471.26;    3016.54;    1446.50;    3004.68;    1441.37;    2993.96;    1466.13;       10;    0.80;   stop
    40;    2928.58;    1297.70;    2930.76;    1284.99;    2904.07;    1280.43;    2901.90;    1293.13;       10;    0.80;   stop
    80;    3108.46;    1480.02;    3120.52;    1453.74;    3108.57;    1448.26;    3096.51;    1474.54;       10;    0.80;   stop
   411;    1889.32;     813.27;    1889.49;     787.69;    1876.53;     787.60;    1876.35;     813.18;       10;    0.80;   stop
    65;    2831.67;    1158.36;    2833.96;    1146.39;    2806.45;    1141.14;    2804.17;    1153.11;       10;    0.80;   stop
    22;    3102.33;    1421.54;    3113.99;    1395.88;    3101.10;    1390.02;    3089.44;    1415.68;       10;    0.80;   stop
  1610;    1528.97;    1143.10;    1529.54;    1130.61;    1502.90;    1129.40;    1502.34;    1141.89;       10;    0.80;   stop
    36;    2480.07;    1115.93;    2480.48;    1104.62;    2454.93;    1103.70;    2454.52;    1115.01;       10;    0.80;   stop
  3601;    2263.44;    1144.18;    2264.21;    1131.10;    2236.19;    1129.44;    2235.41;    1142.52;       10;    0.80;   move
    57;    2593.00;    1242.98;    2593.88;    1229.56;    2562.50;    1227.52;    2561.62;    1240.94;       10;    0.80;   stop
   354;    1789.57;    2135.06;    1802.14;    2112.41;    1790.93;    2106.19;    1778.36;    2128.84;       10;    0.80;   stop
    90;    3127.01;    1453.35;    3138.94;    1428.62;    3126.11;    1422.43;    3114.18;    1447.16;       10;    0.80;   stop
    85;    1948.08;     372.45;    1960.47;     372.30;    1960.17;     346.43;    1947.78;     346.57;       10;    0.80;   stop
    87;    1968.09;     158.80;    1981.24;     158.62;    1980.85;     130.32;    1967.70;     130.50;       10;    0.80;   stop
  2283;    1883.29;     207.49;    1883.37;     180.68;    1870.46;     180.64;    1870.38;     207.45;       10;    0.80;   stop
    88;     953.35;    1061.99;     980.52;    1061.39;     980.24;    1048.51;     953.07;    1049.11;       10;    0.80;   stop
    79;     811.10;    1161.28;     811.29;    1149.87;     787.67;    1149.47;     787.48;    1160.88;       10;    0.80;   stop
    47;    1662.68;    1200.07;    1664.64;    1187.92;    1639.20;    1183.81;    1637.24;    1195.95;       10;    0.80;   stop
    39;    2817.97;    1273.78;    2820.65;    1262.20;    2795.41;    1256.35;    2792.73;    1267.93;       10;    0.80;   stop
  2476;    3010.85;    1657.97;    3022.59;    1629.38;    3008.65;    1623.66;    2996.91;    1652.24;       10;    0.80;   stop
  1399;    1830.37;    2052.60;    1844.14;    2024.81;    1831.97;    2018.78;    1818.20;    2046.56;       10;    0.80;   stop
    54;    1972.30;     910.24;    1986.24;     908.68;    1983.20;     881.33;    1969.26;     882.88;       10;    0.80;   stop
   101;    1332.09;    1073.29;    1332.19;    1061.04;    1304.91;    1060.83;    1304.81;    1073.08;       10;    0.80;   stop
    68;     825.60;    1614.11;     826.19;    1602.28;     803.26;    1601.14;     802.67;    1612.97;       10;    0.80;   stop
   104;    1962.58;     409.59;    1976.00;     409.06;    1974.92;     381.29;    1961.50;     381.82;       10;    0.80;   stop
   206;    1973.39;    1381.69;    1973.83;    1357.91;    1961.86;    1357.69;    1961.42;    1381.47;       10;    0.80;   stop
    92;    1992.58;    1459.56;    1993.11;    1433.06;    1980.92;    1432.81;    1980.39;    1459.32;       10;    0.80;   stop
  1989;    2571.06;    1161.35;    2572.26;    1148.85;    2542.81;    1146.02;    2541.61;    1158.52;       10;    0.80;   move
    66;    2458.23;    1233.60;    2458.88;    1221.40;    2432.90;    1220.02;    2432.25;    1232.22;       10;    0.80;   stop
    29;    3607.37;    1455.31;    3611.61;    1441.12;    3578.57;    1431.25;    3574.33;    1445.45;       10;    0.80;   stop
  1074;    1854.47;     508.39;    1867.69;     508.04;    1867.03;     482.74;    1853.81;     483.08;       10;    0.79;   stop
   126;    1833.18;     877.12;    1842.66;     850.56;    1830.94;     846.38;    1821.46;     872.94;       10;    0.79;   stop
  3433;    1846.65;      53.41;    1861.39;      53.22;    1860.97;      20.84;    1846.23;      21.03;       10;    0.79;   stop
    97;    1834.71;     588.85;    1835.05;     563.32;    1822.00;     563.15;    1821.67;     588.68;       10;    0.79;   stop
   144;     869.74;    1165.41;     870.03;    1152.67;     844.48;    1152.09;     844.19;    1164.83;       10;    0.79;   stop
   383;    1909.44;    1093.02;    1920.52;    1089.79;    1913.22;    1064.73;    1902.13;    1067.96;       10;    0.79;   move
    48;    2322.35;    1110.04;    2322.67;    1097.88;    2297.65;    1097.21;    2297.33;    1109.37;       10;    0.79;   stop
    73;    3029.60;    1200.29;    3032.72;    1188.49;    3005.65;    1181.33;    3002.53;    1193.13;       10;    0.79;   stop
   132;    3011.96;    1544.63;    3023.39;    1520.83;    3012.04;    1515.37;    3000.61;    1539.17;       10;    0.79;   stop
    28;    2680.50;    1979.13;    2704.84;    1969.56;    2700.00;    1957.25;    2675.66;    1966.82;       10;    0.79;   stop
   136;    1866.23;     663.13;    1866.40;     636.32;    1854.14;     636.25;    1853.98;     663.05;       10;    0.79;   stop
   152;    1950.33;      84.00;    1962.96;      83.72;    1962.33;      55.50;    1949.70;      55.78;       10;    0.79;   stop
   160;    1959.85;     432.85;    1959.89;     404.17;    1948.31;     404.15;    1948.26;     432.83;       10;    0.79;   stop
    86;    1866.34;     585.55;    1880.06;     584.38;    1877.56;     555.20;    1863.84;     556.37;       10;    0.79;   stop
   303;    1875.37;     696.51;    1889.88;     695.01;    1887.10;     668.12;    1872.59;     669.62;       10;    0.79;   stop
   219;     906.07;    1167.43;     906.44;    1154.11;     882.12;    1153.44;     881.75;    1166.76;       10;    0.79;   stop
    83;    1181.63;    1182.78;    1182.00;    1170.34;    1156.68;    1169.60;    1156.32;    1182.04;       10;    0.79;   stop
   148;    2860.53;    1282.17;    2863.01;    1270.16;    2837.22;    1264.83;    2834.74;    1276.84;       10;    0.79;   stop
    18;    3027.26;    1514.12;    3039.68;    1489.86;    3028.24;    1484.01;    3015.82;    1508.26;       10;    0.79;   stop
  1355;    1870.62;     398.72;    1883.13;     398.37;    1882.38;     371.90;    1869.87;     372.26;       10;    0.79;   stop
    60;    3036.65;    1532.37;    3046.31;    1510.24;    3034.60;    1505.13;    3024.94;    1527.26;       10;    0.79;   stop
   208;    1851.17;     738.92;    1851.34;     707.91;    1837.70;     707.83;    1837.54;     738.84;       10;    0.79;   stop
    42;    1859.32;     844.72;    1872.38;     844.69;    1872.31;     814.65;    1859.25;     814.68;       10;    0.79;   stop
   125;    1877.74;     882.56;    1891.49;     882.35;    1891.01;     851.06;    1877.26;     851.28;       10;    0.79;   stop
    31;     500.74;    1043.05;     501.15;    1031.55;     477.07;    1030.70;     476.66;    1042.20;       10;    0.79;   stop
   100;     881.66;    1057.51;     882.41;    1045.54;     857.87;    1043.99;     857.12;    1055.96;       10;    0.79;   stop
    78;    1156.85;    1067.98;    1157.70;    1055.57;    1131.40;    1053.77;    1130.55;    1066.18;       10;    0.79;   stop
   153;    1891.76;     924.24;    1891.85;     894.92;    1877.74;     894.88;    1877.65;     924.20;       10;    0.79;   stop
   899;    1797.92;    1152.59;    1798.25;    1140.82;    1774.28;    1140.16;    1773.96;    1151.93;       10;    0.79;   stop
   103;    2521.85;    1236.67;    2522.47;    1225.08;    2496.40;    1223.70;    2495.78;    1235.29;       10;    0.79;   stop
   141;    1918.18;    1832.85;    1922.36;    1809.63;    1911.32;    1807.65;    1907.14;    1830.87;       10;    0.79;   move
   177;    2126.68;     658.96;    2152.85;     658.88;    2152.82;     647.17;    2126.65;     647.25;       10;    0.79;   stop
   133;    1969.19;     122.02;    1981.52;     121.98;    1981.43;      95.67;    1969.10;      95.71;       10;    0.79;   stop
  3491;    1427.78;    1160.41;    1428.60;    1147.73;    1399.34;    1145.84;    1398.52;    1158.52;       10;    0.79;   move
   137;    1896.43;     856.82;    1909.17;     856.51;    1908.51;     829.55;    1895.76;     829.87;       10;    0.79;   stop
    14;    1973.82;     971.48;    1974.73;     942.56;    1961.43;     942.14;    1960.52;     971.06;       10;    0.79;   stop
   143;    1709.90;    1088.48;    1710.62;    1076.48;    1684.23;    1074.90;    1683.51;    1086.90;       10;    0.79;   stop
  1408;    1608.78;    1142.48;    1609.61;    1130.61;    1585.10;    1128.89;    1584.27;    1140.77;       10;    0.79;   stop
  2620;    2705.30;    1176.02;    2707.52;    1163.14;    2679.70;    1158.35;    2677.48;    1171.24;       10;    0.79;   move
  2958;    2755.36;    1183.43;    2757.64;    1170.78;    2728.64;    1165.57;    2726.36;    1178.22;       10;    0.79;   move
   271;    1622.75;    1110.70;    1623.58;    1097.36;    1592.50;    1095.43;    1591.67;    1108.76;       10;    0.79;   move
    52;    1968.07;    1412.77;    1968.86;    1388.86;    1957.53;    1388.48;    1956.74;    1412.39;       10;    0.79;   stop
   150;    2283.66;    2141.79;    2311.71;    2129.96;    2305.97;    2116.34;    2277.91;    2128.16;       10;    0.79;   stop
    96;    1353.57;      72.79;    1353.57;      58.83;    1321.68;      58.83;    1321.68;      72.79;       10;    0.79;   stop
  2682;    1880.12;     130.91;    1880.24;     105.39;    1868.00;     105.34;    1867.89;     130.86;       10;    0.79;   stop
  1764;    2004.05;     681.56;    2005.13;     667.23;    1976.38;     665.07;    1975.31;     679.39;       10;    0.79;   stop
    89;    1584.84;    1082.07;    1585.68;    1070.72;    1561.79;    1068.93;    1560.94;    1080.28;       10;    0.79;   stop
   331;    1722.46;    1151.02;    1723.16;    1138.75;    1696.41;    1137.23;    1695.72;    1149.50;       10;    0.79;   stop
   145;    1213.83;    1184.04;    1214.29;    1171.64;    1186.36;    1170.59;    1185.90;    1182.99;       10;    0.79;   stop
   225;    1740.71;    1090.75;    1741.38;    1079.71;    1717.09;    1078.25;    1716.43;    1089.29;       10;    0.79;   stop
   213;    2412.05;    1788.14;    2414.72;    1760.14;    2402.57;    1758.98;    2399.90;    1786.98;       10;    0.79;   stop
   725;    1941.39;    1822.94;    1944.83;    1795.41;    1933.01;    1793.94;    1929.58;    1821.46;       10;    0.79;   stop
   109;    1403.43;      71.69;    1403.72;      58.90;    1374.19;      58.25;    1373.91;      71.03;       10;    0.78;   stop
   134;    1973.59;     481.22;    1986.46;     481.20;    1986.41;     454.78;    1973.54;     454.80;       10;    0.78;   stop
  1981;    1848.55;     338.82;    1862.23;     338.67;    1861.89;     306.93;    1848.21;     307.08;       10;    0.78;   stop
   120;    1930.27;     791.11;    1943.07;     790.96;    1942.73;     762.52;    1929.93;     762.67;       10;    0.78;   move
    72;     851.04;    1085.90;     851.81;    1073.40;     826.90;    1071.85;     826.12;    1084.35;       10;    0.78;   move
   130;    1977.17;     976.98;    1988.95;     976.83;    1988.64;     952.40;    1976.86;     952.55;       10;    0.78;   stop
  1563;    2561.67;    1141.00;    2562.59;    1128.06;    2531.96;    1125.87;    2531.03;    1138.81;       10;    0.78;   move
    15;    2729.22;    1256.91;    2730.82;    1245.20;    2705.28;    1241.71;    2703.68;    1253.43;       10;    0.78;   stop
  2165;    1948.17;    1783.47;    1951.03;    1751.36;    1937.58;    1750.16;    1934.72;    1782.27;       10;    0.78;   stop
   494;    1972.03;     596.76;    1972.40;     572.29;    1960.97;     572.12;    1960.60;     596.58;       10;    0.78;   stop
   978;    1850.78;     549.17;    1863.14;     549.00;    1862.76;     521.83;    1850.39;     522.00;       10;    0.78;   stop
   117;    1978.13;     874.90;    1991.17;     873.93;    1989.37;     849.72;    1976.33;     850.69;       10;    0.78;   stop
   110;    1042.04;    1063.38;    1042.38;    1052.27;    1020.64;    1051.62;    1020.31;    1062.73;       10;    0.78;   stop
    51;    1981.77;    1347.95;    1983.98;    1321.60;    1971.48;    1320.55;    1969.27;    1346.90;       10;    0.78;   stop
   111;     800.29;    1612.91;     801.10;    1601.76;     777.87;    1600.09;     777.06;    1611.24;       10;    0.78;   stop
   319;    1963.64;    1666.44;    1965.17;    1638.35;    1952.95;    1637.69;    1951.42;    1665.77;       10;    0.78;   stop
   260;    1831.34;     148.78;    1846.93;     147.96;    1845.16;     113.91;    1829.57;     114.72;       10;    0.78;   stop
    99;    1972.81;     938.25;    1985.45;     937.98;    1984.94;     914.62;    1972.30;     914.90;       10;    0.78;   stop
   192;    1878.31;    1688.04;    1879.29;    1675.50;    1853.32;    1673.46;    1852.34;    1686.00;       10;    0.78;   stop
   151;    1827.65;      68.83;    1827.87;      42.64;    1815.71;      42.54;    1815.49;      68.73;       10;    0.78;   stop
   304;    1893.35;     822.55;    1907.10;     822.41;    1906.80;     795.20;    1893.06;     795.34;       10;    0.78;   stop
   174;     751.92;    1189.68;     752.43;    1177.37;     724.15;    1176.20;     723.64;    1188.51;       10;    0.78;   stop
   210;    1962.63;    1280.29;    1977.14;    1280.28;    1977.12;    1247.58;    1962.61;    1247.60;       10;    0.78;   stop
  1994;    1908.14;    1357.91;    1921.79;    1356.61;    1919.11;    1328.59;    1905.46;    1329.89;       10;    0.78;   stop
   157;    2488.42;    1344.04;    2489.27;    1331.89;    2463.46;    1330.08;    2462.61;    1342.24;       10;    0.78;   stop
   167;    2875.58;    1884.66;    2901.11;    1862.22;    2889.67;    1849.21;    2864.14;    1871.66;        9;    0.78;   stop
   216;    1855.29;     714.63;    1866.83;     713.87;    1865.09;     687.12;    1853.54;     687.88;       10;    0.78;   stop
   335;    1852.05;     969.21;    1852.85;     940.30;    1839.07;     939.92;    1838.28;     968.82;       10;    0.78;   stop
   139;    1428.85;    1078.15;    1429.38;    1066.11;    1403.90;    1064.98;    1403.37;    1077.01;       10;    0.78;   stop
  3108;    1481.50;    1141.41;    1482.04;    1128.91;    1454.75;    1127.71;    1454.21;    1140.22;       10;    0.78;   stop
   284;    1899.22;    1287.00;    1911.53;    1285.26;    1907.78;    1258.87;    1895.47;    1260.62;       10;    0.78;   stop
   197;    2108.94;    1361.98;    2137.88;    1359.75;    2136.81;    1345.90;    2107.87;    1348.12;       10;    0.78;   stop
   161;    1967.01;    1448.02;    1967.22;    1423.09;    1954.74;    1422.98;    1954.53;    1447.91;       10;    0.78;   stop
   185;    2805.53;    1400.06;    2809.58;    1386.45;    2779.72;    1377.57;    2775.67;    1391.18;       10;    0.78;   stop
    82;    2709.54;    1965.62;    2737.11;    1955.13;    2732.06;    1941.88;    2704.49;    1952.37;       10;    0.78;   stop
  2764;    1849.44;     147.70;    1863.85;     146.87;    1861.93;     113.30;    1847.52;     114.13;       10;    0.78;   stop
   320;    1819.04;     352.99;    1832.13;     352.76;    1831.58;     322.01;    1818.50;     322.24;       10;    0.78;   stop
  1114;    1894.06;     713.79;    1906.04;     712.59;    1903.56;     687.96;    1891.59;     689.16;       10;    0.78;   stop
   218;     819.35;     991.61;     819.79;     980.37;     794.74;     979.39;     794.30;     990.63;       10;    0.78;   stop
   305;     962.32;    1174.89;     963.78;    1164.64;     943.43;    1161.74;     941.97;    1171.98;       10;    0.78;   stop
   149;    2470.98;    1434.53;    2472.15;    1406.68;    2458.40;    1406.10;    2457.22;    1433.95;       10;    0.78;   stop
   108;    1956.98;    1585.97;    1970.74;    1585.90;    1970.59;    1557.28;    1956.82;    1557.35;       10;    0.78;   stop
   266;    1840.64;     845.60;    1853.25;     845.34;    1852.65;     816.02;    1840.03;     816.29;       10;    0.78;   stop
    71;    1930.73;     874.80;    1941.56;     874.48;    1940.86;     850.95;    1930.03;     851.27;       10;    0.77;   move
   202;    1690.85;    1149.42;    1691.27;    1136.37;    1662.77;    1135.45;    1662.35;    1148.51;       10;    0.77;   stop
   146;    1885.22;    1092.75;    1897.72;    1090.87;    1893.84;    1065.00;    1881.34;    1066.88;       10;    0.77;   move
   184;    2309.32;    1227.66;    2309.94;    1214.93;    2282.56;    1213.59;    2281.93;    1226.32;       10;    0.77;   stop
   190;    2570.03;    1344.21;    2570.34;    1332.84;    2544.97;    1332.16;    2544.66;    1343.53;       10;    0.77;   stop
   264;    2077.59;    1362.39;    2102.53;    1358.99;    2100.85;    1346.61;    2075.91;    1350.01;       10;    0.77;   stop
   193;    1899.14;    1821.42;    1904.24;    1795.68;    1891.74;    1793.20;    1886.64;    1818.95;       10;    0.77;   stop
   254;    2333.54;    2055.95;    2340.46;    2044.30;    2314.59;    2028.93;    2307.67;    2040.57;       10;    0.77;   stop
  1787;    3169.05;    1319.16;    3172.21;    1305.48;    3141.27;    1298.34;    3138.10;    1312.02;       10;    0.77;   move
   977;    1873.78;     470.67;    1887.41;     470.50;    1887.00;     438.33;    1873.37;     438.50;       10;    0.77;   stop
   224;    2093.33;     659.81;    2118.15;     658.99;    2117.73;     646.32;    2092.91;     647.13;       10;    0.77;   stop
   140;     772.41;    1611.53;     772.99;    1600.43;     750.14;    1599.22;     749.55;    1610.32;       10;    0.77;   stop
   205;    2355.75;    1228.79;    2356.27;    1215.89;    2327.25;    1214.71;    2326.73;    1227.61;       10;    0.77;   stop
   163;    2676.72;    1379.63;    2677.67;    1367.34;    2652.03;    1365.37;    2651.08;    1377.66;       10;    0.77;   stop
   164;    2460.65;    1563.19;    2462.99;    1538.47;    2450.72;    1537.31;    2448.38;    1562.03;       10;    0.77;   stop
    62;    2745.32;    1901.20;    2772.82;    1887.66;    2766.80;    1875.43;    2739.30;    1888.97;       10;    0.77;   stop
  3286;    1869.89;      63.60;    1881.45;      63.42;    1881.05;      37.09;    1869.48;      37.27;       10;    0.77;   stop
   309;    2107.13;    1325.23;    2107.40;    1313.47;    2082.37;    1312.89;    2082.10;    1324.66;       10;    0.77;   stop
   122;    2649.84;    1349.82;    2650.36;    1337.82;    2623.78;    1336.68;    2623.27;    1348.68;       10;    0.77;   stop
    94;    2772.47;    1941.09;    2796.08;    1929.84;    2790.28;    1917.66;    2766.67;    1928.91;       10;    0.77;   stop
  1357;    3792.21;    1482.00;    3796.28;    1467.41;    3765.92;    1458.94;    3761.84;    1473.53;       10;    0.77;   move
   223;    1818.06;     318.59;    1829.42;     317.90;    1828.07;     295.66;    1816.71;     296.35;       10;    0.77;   stop
  2672;    2058.17;     678.85;    2058.17;     666.66;    2034.58;     666.65;    2034.58;     678.84;       10;    0.77;   stop
   229;    1890.59;     779.31;    1890.74;     755.28;    1875.25;     755.19;    1875.11;     779.22;       10;    0.77;   stop
  1909;    2506.80;    1156.11;    2507.89;    1142.41;    2477.70;    1140.02;    2476.61;    1153.72;       10;    0.77;   move
  1078;    1874.08;     433.41;    1887.07;     432.71;    1885.58;     404.72;    1872.59;     405.41;       10;    0.77;   stop
   346;    1894.35;     754.78;    1907.62;     754.31;    1906.65;     726.85;    1893.38;     727.32;       10;    0.77;   stop
   348;    1864.62;    1005.42;    1866.87;     980.17;    1854.63;     979.08;    1852.38;    1004.33;       10;    0.77;   stop
   222;    2436.19;    1856.17;    2438.20;    1827.98;    2425.69;    1827.08;    2423.67;    1855.27;       10;    0.77;   stop
   168;    2740.52;    1954.35;    2770.08;    1941.31;    2763.73;    1926.90;    2734.17;    1939.94;       10;    0.77;   stop
   124;    2804.21;    1930.93;    2830.82;    1913.33;    2822.43;    1900.63;    2795.82;    1918.24;       10;    0.77;   stop
   215;    1970.18;     193.51;    1983.25;     192.19;    1980.44;     164.24;    1967.38;     165.56;       10;    0.77;   stop
   256;    1959.60;     210.60;    1971.58;     208.96;    1967.96;     182.59;    1955.98;     184.23;       10;    0.77;   stop
   290;    1833.21;     484.97;    1845.73;     484.33;    1844.32;     456.66;    1831.80;     457.30;       10;    0.77;   stop
   275;    1858.42;     787.44;    1871.54;     786.70;    1869.74;     754.93;    1856.61;     755.68;       10;    0.77;   stop
   129;    1554.68;     785.33;    1558.45;     759.27;    1546.94;     757.61;    1543.18;     783.67;       10;    0.77;   stop
  3358;    2513.12;    1118.99;    2518.21;    1093.08;    2505.13;    1090.51;    2500.04;    1116.42;       10;    0.77;   stop
  2641;    1935.64;    1857.69;    1940.56;    1833.35;    1929.86;    1831.18;    1924.94;    1855.53;       10;    0.77;   stop
   253;    2430.56;    1930.27;    2431.61;    1899.70;    2417.82;    1899.23;    2416.76;    1929.80;       10;    0.77;   stop
   194;    1436.62;      71.69;    1436.97;      58.37;    1410.75;      57.68;    1410.40;      71.01;       10;    0.77;   stop
  1620;    1853.04;     415.62;    1865.44;     415.03;    1863.96;     384.25;    1851.56;     384.85;       10;    0.77;   stop
   263;    1975.94;    1312.62;    1976.10;    1287.33;    1963.81;    1287.25;    1963.65;    1312.55;       10;    0.77;   stop
   515;    2195.61;    1142.34;    2196.36;    1128.26;    2168.45;    1126.78;    2167.70;    1140.87;       10;    0.77;   move
   235;    2443.18;    1414.80;    2444.77;    1387.24;    2431.07;    1386.45;    2429.48;    1414.01;       10;    0.77;   stop
   123;    2932.21;    1701.16;    2941.42;    1673.41;    2928.57;    1669.15;    2919.36;    1696.90;       10;    0.77;   stop
   295;    1955.40;     336.77;    1969.18;     336.52;    1968.60;     305.60;    1954.82;     305.86;       10;    0.76;   stop
   105;    1867.65;     750.97;    1867.91;     725.15;    1855.16;     725.03;    1854.90;     750.85;       10;    0.76;   stop
   325;    1909.76;    1012.26;    1909.92;     985.82;    1897.24;     985.74;    1897.08;    1012.18;       10;    0.76;   move
  1409;    1847.34;     448.78;    1859.38;     447.76;    1857.29;     423.10;    1845.25;     424.12;       10;    0.76;   stop
   189;     664.60;    1049.31;     665.08;    1037.60;     641.34;    1036.63;     640.86;    1048.34;       10;    0.76;   stop
   234;    2374.10;    1366.51;    2374.71;    1353.94;    2347.15;    1352.61;    2346.54;    1365.18;       10;    0.76;   stop
   214;    1788.83;    2087.89;    1800.85;    2064.34;    1790.12;    2058.86;    1778.11;    2082.41;       10;    0.76;   stop
  1844;    1852.02;     372.24;    1863.32;     371.38;    1861.51;     347.76;    1850.21;     348.62;       10;    0.76;   stop
   297;    1895.35;     791.02;    1910.20;     790.22;    1908.46;     758.10;    1893.61;     758.90;       10;    0.76;   stop
    75;    1955.11;    1545.24;    1969.12;    1545.14;    1968.89;    1512.51;    1954.88;    1512.61;       10;    0.76;   stop
   162;     890.53;    1619.23;     891.49;    1607.05;     865.88;    1605.02;     864.91;    1617.20;       10;    0.76;   stop
   280;    2185.43;    1220.68;    2186.18;    1207.49;    2158.94;    1205.94;    2158.19;    1219.13;       10;    0.76;   stop
  3753;    3691.94;    1389.02;    3695.52;    1375.88;    3663.68;    1367.23;    3660.11;    1380.37;       10;    0.76;   move
   220;    1835.46;     559.78;    1835.46;     537.09;    1824.07;     537.09;    1824.07;     559.78;       10;    0.76;   stop
   864;    1862.48;     586.96;    1862.66;     560.63;    1850.21;     560.54;    1850.03;     586.87;       10;    0.76;   stop
    53;     693.53;    1050.86;     694.08;    1039.01;     669.59;    1037.88;     669.05;    1049.74;       10;    0.76;   stop
   195;     640.94;    1569.72;     642.41;    1557.06;     616.24;    1554.03;     614.78;    1566.69;       10;    0.76;   stop
   204;    1991.54;    1609.68;    1992.50;    1581.25;    1979.71;    1580.82;    1978.75;    1609.25;       10;    0.76;   stop
    95;    2924.02;    1527.74;    2934.66;    1521.56;    2919.98;    1496.26;    2909.34;    1502.44;       10;    0.76;   stop
   245;    2457.96;    1593.25;    2459.20;    1567.48;    2446.67;    1566.87;    2445.42;    1592.65;       10;    0.76;   stop
   345;    1821.34;     379.08;    1832.63;     378.53;    1831.53;     355.55;    1820.24;     356.09;       10;    0.76;   stop
   296;    1975.41;     514.51;    1987.93;     513.84;    1986.46;     486.74;    1973.95;     487.41;       10;    0.76;   stop
   327;    1090.73;    1176.07;    1091.10;    1163.75;    1065.52;    1162.99;    1065.15;    1175.31;       10;    0.76;   stop
   170;    1240.50;    1069.87;    1241.27;    1057.92;    1217.63;    1056.38;    1216.85;    1068.33;       10;    0.76;   stop
   272;    2270.20;    1225.21;    2270.24;    1212.75;    2247.43;    1212.67;    2247.38;    1225.12;       10;    0.76;   stop
   246;    1896.42;     892.88;    1910.96;     892.71;    1910.58;     861.00;    1896.04;     861.17;       10;    0.76;   stop
   182;    1108.65;    1093.49;    1109.22;    1082.32;    1086.23;    1081.14;    1085.65;    1092.30;       10;    0.76;   move
   227;    2372.96;    1131.39;    2373.51;    1119.73;    2349.42;    1118.61;    2348.87;    1130.27;       10;    0.76;   move
   999;    3289.72;    1300.77;    3293.64;    1287.76;    3265.28;    1279.23;    3261.36;    1292.24;       10;    0.76;   stop
   250;     146.26;    1051.40;     146.39;    1039.49;     121.63;    1039.22;     121.50;    1051.14;       10;    0.76;   move
   128;    1890.20;    1009.28;    1890.71;     984.47;    1878.46;     984.22;    1877.94;    1009.03;       10;    0.76;   move
   244;    2237.26;    1223.38;    2238.03;    1210.54;    2210.06;    1208.87;    2209.29;    1221.71;       10;    0.76;   stop
   651;    1953.10;     662.16;    1964.57;     657.50;    1954.49;     632.72;    1943.03;     637.38;       10;    0.75;   stop
  2461;    2647.57;    1166.53;    2649.33;    1154.79;    2623.81;    1150.97;    2622.05;    1162.71;       10;    0.75;   move
   342;    2006.72;    1660.78;    2006.86;    1636.67;    1995.10;    1636.59;    1994.95;    1660.71;       10;    0.75;   stop
  2521;    1870.21;     166.51;    1883.14;     166.33;    1882.79;     141.18;    1869.86;     141.36;       10;    0.75;   stop
  1753;    2518.51;     658.63;    2543.83;     658.16;    2543.62;     646.37;    2518.29;     646.84;       10;    0.75;   stop
   299;     774.54;    1214.11;     786.98;    1214.06;     786.89;    1186.64;     774.44;    1186.69;       10;    0.75;   stop
  2218;    2604.61;    1142.90;    2605.63;    1130.59;    2580.14;    1128.48;    2579.12;    1140.78;       10;    0.75;   move
   353;    1820.99;     411.23;    1834.00;     410.96;    1833.48;     386.39;    1820.47;     386.67;       10;    0.75;   stop
   203;     686.31;    1155.21;     686.45;    1141.97;     658.06;    1141.66;     657.92;    1154.91;       10;    0.75;   stop
   311;    2134.92;    2141.77;    2142.40;    2130.60;    2116.08;    2112.98;    2108.60;    2124.15;       10;    0.75;   stop
   251;    1540.90;    1114.30;    1541.81;    1101.56;    1515.72;    1099.70;    1514.81;    1112.44;       10;    0.75;   move
   243;    1868.05;     959.07;    1868.76;     936.90;    1857.86;     936.55;    1857.15;     958.72;       10;    0.75;   stop
   273;    1912.30;    1497.89;    1924.94;    1497.77;    1924.70;    1472.11;    1912.06;    1472.23;       10;    0.75;   stop
   301;     855.51;    1616.53;     856.11;    1604.46;     830.86;    1603.22;     830.27;    1615.29;       10;    0.75;   stop
   289;    3725.60;    1492.57;    3729.79;    1478.81;    3697.53;    1469.00;    3693.34;    1482.75;       10;    0.75;   stop
   261;    1815.27;     219.04;    1827.94;     218.85;    1827.53;     191.02;    1814.85;     191.21;       10;    0.75;   stop
   240;     402.95;    1043.01;     431.16;    1042.58;     430.96;    1029.80;     402.75;    1030.23;       10;    0.75;   stop
   221;    1454.94;    1078.25;    1455.35;    1066.79;    1432.93;    1066.00;    1432.53;    1077.46;       10;    0.75;   stop
   336;    1548.07;    1196.19;    1548.29;    1183.71;    1518.68;    1183.18;    1518.46;    1195.67;       10;    0.75;   stop
  1161;    2409.28;    1150.23;    2410.30;    1137.98;    2383.97;    1135.77;    2382.95;    1148.02;       10;    0.75;   move
   175;    1558.83;    1198.35;    1584.90;    1197.40;    1584.42;    1184.40;    1558.35;    1185.35;       10;    0.75;   stop
   179;     525.42;    1043.94;     526.12;    1033.05;     504.89;    1031.68;     504.19;    1042.57;       10;    0.74;   stop
   181;    2329.22;     656.63;    2354.13;     655.80;    2353.78;     645.00;    2328.87;     645.82;       10;    0.74;   stop
   355;    2422.70;    1231.70;    2423.16;    1218.45;    2394.18;    1217.43;    2393.71;    1230.67;       10;    0.74;   stop
   310;    2407.52;    1113.84;    2408.11;    1101.46;    2381.23;    1100.16;    2380.64;    1112.54;       10;    0.74;   stop
   135;    1836.62;     628.28;    1848.12;     627.05;    1845.50;     602.47;    1834.00;     603.70;       10;    0.74;   stop
   239;    1839.44;     794.47;    1853.17;     793.86;    1851.87;     764.78;    1838.15;     765.39;       10;    0.74;   stop
   277;     755.25;    1205.57;     755.96;    1193.51;     726.76;    1191.81;     726.05;    1203.86;       10;    0.74;   stop
   918;    2663.61;    1251.55;    2665.28;    1236.28;    2630.26;    1232.45;    2628.59;    1247.72;        9;    0.74;   stop
  2811;    2249.68;    1113.63;    2250.80;    1099.21;    2207.76;    1095.87;    2206.64;    1110.29;        9;    0.74;   stop
   937;    1954.53;    1737.42;    1958.96;    1711.64;    1946.97;    1709.58;    1942.54;    1735.36;       10;    0.74;   stop
   231;    1822.74;     799.80;    1834.68;     799.78;    1834.63;     775.20;    1822.70;     775.22;       10;    0.74;   stop
   283;    1909.03;     947.20;    1909.10;     924.27;    1897.97;     924.24;    1897.90;     947.16;       10;    0.74;   move
   293;    3512.96;    1075.61;    3544.99;    1074.61;    3544.54;    1060.02;    3512.51;    1061.01;       10;    0.74;   stop
    46;    1294.27;    1647.58;    1295.35;    1635.16;    1269.61;    1632.92;    1268.53;    1645.34;       10;    0.74;   stop
   400;    3189.82;    1398.00;    3195.44;    1368.09;    3180.49;    1365.28;    3174.87;    1395.20;       10;    0.74;   stop
   257;    2087.31;     660.29;    2087.33;     648.13;    2060.19;     648.08;    2060.17;     660.25;       10;    0.74;   stop
   118;     726.23;    1052.11;     726.60;    1041.17;     703.46;    1040.39;     703.09;    1051.33;       10;    0.74;   stop
   270;     860.31;    1583.74;     860.94;    1572.03;     837.60;    1570.76;     836.96;    1582.47;       10;    0.74;   stop
   307;     798.81;    1025.39;     811.30;    1023.68;     807.69;     997.36;     795.20;     999.07;       10;    0.74;   stop
   490;    2424.62;    1132.90;    2425.24;    1118.52;    2392.26;    1117.10;    2391.64;    1131.48;       10;    0.74;   move
   200;    3022.96;    1562.46;    3033.10;    1538.54;    3021.29;    1533.54;    3011.15;    1557.46;       10;    0.74;   stop
   236;    1192.11;    1822.68;    1192.60;    1800.06;    1181.64;    1799.82;    1181.15;    1822.44;       10;    0.74;   stop
   349;    1958.34;    1699.79;    1961.23;    1675.43;    1949.91;    1674.08;    1947.02;    1698.45;       10;    0.74;   stop
   415;    2433.28;    1894.44;    2435.33;    1865.12;    2421.85;    1864.18;    2419.79;    1893.50;       10;    0.74;   stop
   308;    1528.64;    1046.67;    1531.24;    1018.96;    1517.86;    1017.71;    1515.26;    1045.41;       10;    0.74;   stop
   399;    3219.19;    1212.13;    3235.87;    1188.62;    3224.25;    1180.37;    3207.56;    1203.88;       10;    0.74;   move
  3841;    3352.93;    1282.29;    3357.03;    1267.60;    3323.00;    1258.10;    3318.90;    1272.79;       10;    0.74;   move
   339;     773.00;    1213.97;     773.76;    1187.13;     761.43;    1186.78;     760.67;    1213.62;       10;    0.74;   stop
   448;    1893.80;    1256.07;    1905.71;    1254.25;    1901.85;    1229.05;    1889.95;    1230.88;       10;    0.74;   stop
   176;    3391.69;    1039.52;    3392.55;    1026.82;    3363.94;    1024.86;    3363.07;    1037.56;       10;    0.74;   stop
   361;    3147.65;    1485.44;    3152.97;    1472.49;    3124.23;    1460.66;    3118.90;    1473.61;       10;    0.74;   stop
  2159;    3319.78;    1310.06;    3324.02;    1298.40;    3299.91;    1289.63;    3295.67;    1301.29;       10;    0.74;   stop
   217;     724.73;    1217.98;     725.26;    1204.73;     696.52;    1203.58;     695.99;    1216.83;       10;    0.73;   stop
  2351;    3025.54;    1619.19;    3034.17;    1593.79;    3020.96;    1589.31;    3012.33;    1614.71;       10;    0.73;   stop
   351;    1862.27;    1959.39;    1871.94;    1933.63;    1858.57;    1928.61;    1848.91;    1954.37;       10;    0.73;   stop
   255;    1136.23;     690.06;    1138.09;     678.44;    1113.77;     674.56;    1111.91;     686.19;       10;    0.73;   stop
   318;    2518.20;     728.68;    2530.71;     728.54;    2530.43;     703.44;    2517.91;     703.58;       10;    0.73;   stop
   165;    3296.69;    1196.98;    3301.53;    1184.79;    3274.25;    1173.95;    3269.41;    1186.14;       10;    0.73;   stop
   783;    1874.94;     515.90;    1886.97;     515.76;    1886.68;     490.98;    1874.66;     491.11;       10;    0.73;   stop
   401;    1822.76;     769.15;    1835.69;     768.84;    1835.08;     743.97;    1822.15;     744.29;       10;    0.73;   stop
   196;    1361.27;    1070.99;    1361.77;    1059.59;    1339.85;    1058.63;    1339.35;    1070.03;       10;    0.73;   stop
   329;    3243.15;    1090.54;    3261.97;    1067.07;    3250.92;    1058.21;    3232.10;    1081.68;       10;    0.73;   stop
   343;    2443.58;    1752.04;    2445.86;    1727.56;    2434.05;    1726.46;    2431.77;    1750.94;       10;    0.73;   stop
   350;    1892.24;    1849.12;    1897.24;    1825.31;    1885.70;    1822.88;    1880.70;    1846.69;       10;    0.73;   stop
   396;    1815.45;      99.85;    1827.06;      99.51;    1826.36;      76.21;    1814.75;      76.56;       10;    0.73;   stop
   259;     437.72;    1073.06;     438.10;    1059.54;     412.59;    1058.82;     412.21;    1072.33;       10;    0.73;   move
   371;    3173.60;    1423.74;    3176.06;    1410.57;    3147.02;    1405.16;    3144.57;    1418.34;       10;    0.73;   stop
   298;     313.95;    1135.02;     314.23;    1122.08;     289.33;    1121.54;     289.05;    1134.49;       10;    0.73;   stop
   247;     987.13;     675.29;     988.71;     663.49;     963.34;     660.09;     961.76;     671.88;       10;    0.73;   stop
   388;    1501.67;    1079.80;    1502.60;    1067.48;    1477.33;    1065.57;    1476.40;    1077.90;       10;    0.73;   stop
   237;    1966.80;    1630.30;    1967.75;    1603.37;    1955.98;    1602.95;    1955.03;    1629.88;       10;    0.73;   stop
   380;    2153.16;    2141.57;    2177.43;    2130.49;    2172.09;    2118.80;    2147.82;    2129.88;       10;    0.73;   stop
   178;    1875.74;     552.61;    1887.90;     552.18;    1887.01;     527.39;    1874.85;     527.82;       10;    0.73;   stop
   281;     307.01;    1036.03;     307.31;    1024.26;     283.61;    1023.66;     283.32;    1035.43;       10;    0.73;   stop
   316;    2535.82;    1062.09;    2536.44;    1037.44;    2525.18;    1037.16;    2524.56;    1061.81;       10;    0.73;   stop
   430;    1816.04;    2097.69;    1825.53;    2075.12;    1814.38;    2070.43;    1804.89;    2093.01;       10;    0.73;   stop
   688;    1877.33;     734.28;    1890.20;     733.82;    1889.08;     702.34;    1876.20;     702.80;       10;    0.72;   stop
   373;    3420.86;    1076.17;    3453.84;    1076.15;    3453.83;    1060.39;    3420.84;    1060.41;       10;    0.72;   stop
   364;    2978.69;    1762.38;    2988.83;    1738.67;    2975.56;    1732.99;    2965.42;    1756.70;       10;    0.72;   stop
   359;    2764.57;    1870.53;    2771.56;    1859.70;    2747.55;    1844.22;    2740.57;    1855.05;       10;    0.72;   stop
  3099;    2317.93;    2089.75;    2342.17;    2079.50;    2336.94;    2067.13;    2312.70;    2077.38;       10;    0.72;   move
   338;    1847.33;     913.18;    1847.60;     886.37;    1835.92;     886.26;    1835.65;     913.06;       10;    0.72;   stop
   420;    1441.45;    1193.97;    1441.97;    1181.93;    1418.30;    1180.91;    1417.78;    1192.95;       10;    0.72;   stop
   321;    2545.67;     254.72;    2546.01;     243.26;    2520.95;     242.53;    2520.62;     253.99;       10;    0.72;   stop
   386;    2588.15;     653.86;    2615.28;     652.38;    2614.60;     639.89;    2587.47;     641.37;       10;    0.72;   stop
   230;    1887.69;     843.48;    1887.69;     819.27;    1876.18;     819.27;    1876.18;     843.48;       10;    0.72;   stop
    98;     571.84;    1564.48;     572.62;    1551.62;     543.78;    1549.89;     543.01;    1562.75;       10;    0.72;   stop
   392;    2390.91;    1229.04;    2391.32;    1217.55;    2367.46;    1216.71;    2367.06;    1228.20;       10;    0.72;   stop
   382;    2338.72;    1365.21;    2339.70;    1351.32;    2312.78;    1349.42;    2311.80;    1363.30;       10;    0.72;   stop
   393;    2417.87;    1369.02;    2418.75;    1355.34;    2390.00;    1353.48;    2389.12;    1367.16;       10;    0.72;   stop
   468;    1476.12;     109.88;    1477.31;      97.50;    1450.01;      94.87;    1448.82;     107.25;       10;    0.72;   stop
   333;    2444.44;    1113.52;    2444.71;    1102.18;    2419.68;    1101.61;    2419.42;    1112.94;       10;    0.72;   stop
   532;    3226.46;    1119.05;    3243.00;    1091.94;    3230.10;    1084.07;    3213.56;    1111.18;       10;    0.72;   stop
   302;    1193.73;    1793.49;    1195.75;    1765.79;    1183.39;    1764.89;    1181.37;    1792.59;       10;    0.72;   stop
   374;    1720.41;    1640.88;    1721.04;    1629.65;    1698.09;    1628.37;    1697.46;    1639.60;       10;    0.72;   stop
   384;    2828.69;    1840.87;    2834.05;    1827.91;    2803.81;    1815.38;    2798.45;    1828.34;       10;    0.72;   stop
   360;    2093.92;    2157.02;    2101.64;    2146.72;    2078.33;    2129.23;    2070.61;    2139.53;       10;    0.72;   stop
   403;    1934.30;    1934.71;    1943.49;    1908.02;    1931.20;    1903.79;    1922.01;    1930.48;       10;    0.72;   stop
   617;    2235.55;    2098.53;    2242.92;    2086.99;    2215.70;    2069.60;    2208.33;    2081.14;       10;    0.72;   stop
   385;    2685.13;    2149.38;    2698.90;    2142.40;    2684.12;    2113.24;    2670.35;    2120.22;       10;    0.72;   stop
   412;    1124.73;    1178.54;    1125.97;    1165.03;    1097.14;    1162.40;    1095.91;    1175.90;       10;    0.72;   stop
   212;     730.65;    1609.25;     731.27;    1596.36;     705.60;    1595.12;     704.98;    1608.01;       10;    0.72;   stop
   363;    1542.57;     892.38;    1545.23;     868.92;    1534.30;     867.68;    1531.65;     891.14;       10;    0.72;   stop
   158;    3216.35;    1053.32;    3236.17;    1036.70;    3228.03;    1026.99;    3208.20;    1043.61;       10;    0.72;   stop
   376;    1867.63;     885.00;    1869.94;     864.42;    1859.50;     863.25;    1857.18;     883.83;       10;    0.71;   stop
   300;     556.34;    1597.50;     556.99;    1585.68;     533.03;    1584.38;     532.39;    1596.19;       10;    0.71;   stop
   426;    1840.51;     998.40;    1841.26;     972.94;    1829.42;     972.60;    1828.68;     998.06;       10;    0.71;   stop
   306;     631.16;    1049.09;     631.61;    1035.95;     602.59;    1034.97;     602.14;    1048.11;       10;    0.71;   stop
   450;     889.65;    1580.49;     890.21;    1568.44;     865.07;    1567.26;     864.51;    1579.31;       10;    0.71;   stop
  2348;    2665.09;    1151.53;    2666.86;    1136.41;    2631.04;    1132.22;    2629.26;    1147.34;       10;    0.71;   move
   419;     841.39;    1163.37;     841.72;    1151.45;     816.58;    1150.75;     816.25;    1162.68;       10;    0.71;   stop
   233;     763.33;    1577.38;     764.64;    1566.38;     741.50;    1563.62;     740.19;    1574.62;       10;    0.71;   stop
   414;    2433.72;    1539.57;    2435.04;    1514.33;    2422.53;    1513.68;    2421.21;    1538.92;       10;    0.71;   stop
  2547;    2544.89;    2023.93;    2574.18;    2013.04;    2568.99;    1999.07;    2539.69;    2009.96;       10;    0.71;   stop
   324;    1555.91;     751.27;    1558.11;     727.46;    1546.84;     726.42;    1544.64;     750.23;       10;    0.71;   stop
   446;    1965.57;    1771.83;    1967.76;    1747.07;    1956.18;    1746.05;    1953.99;    1770.80;       10;    0.71;   stop
  2458;    1928.51;    1892.65;    1936.92;    1861.71;    1923.67;    1858.10;    1915.27;    1889.04;       10;    0.71;   stop
   313;    1815.51;     158.18;    1827.74;     157.83;    1827.01;     132.07;    1814.78;     132.42;       10;    0.71;   stop
    38;     223.68;    1065.26;     224.24;    1052.79;     197.72;    1051.61;     197.17;    1064.08;       10;    0.71;   move
   207;    3555.55;    1073.78;    3581.74;    1073.57;    3581.64;    1060.90;    3555.45;    1061.11;       10;    0.71;   stop
   372;    1674.50;    1087.77;    1674.82;    1075.17;    1647.62;    1074.48;    1647.30;    1087.08;       10;    0.71;   stop
   252;    3241.99;    1033.71;    3261.90;    1012.86;    3252.07;    1003.48;    3232.16;    1024.33;       10;    0.71;   stop
   427;    1186.62;    2089.06;    1199.45;    2088.54;    1198.37;    2062.19;    1185.55;    2062.71;       10;    0.71;   stop
   315;    1319.51;    1613.59;    1319.74;    1602.14;    1296.12;    1601.66;    1295.89;    1613.11;       10;    0.70;   stop
   398;    2419.26;    1573.63;    2430.35;    1573.11;    2429.12;    1547.12;    2418.03;    1547.64;       10;    0.70;   stop
   455;    1968.80;      90.23;    1980.64;      89.90;    1979.95;      64.46;    1968.11;      64.78;       10;    0.70;   stop
   375;    2549.69;     254.17;    2572.14;     254.01;    2572.06;     242.52;    2549.61;     242.67;       10;    0.70;   stop
   452;    1547.11;     856.64;    1549.89;     830.47;    1537.64;     829.17;    1534.86;     855.34;       10;    0.70;   stop
   278;    1280.50;    1611.80;    1280.79;    1599.60;    1253.57;    1598.95;    1253.28;    1611.15;       10;    0.70;   stop
   423;    1844.24;    1349.71;    1854.90;    1349.47;    1854.38;    1326.66;    1843.73;    1326.90;       10;    0.70;   stop
   211;    3356.45;    1035.47;    3359.62;    1022.17;    3328.86;    1014.85;    3325.70;    1028.14;       10;    0.70;   stop
   421;    1188.00;    2119.31;    1199.81;    2118.87;    1198.88;    2093.81;    1187.06;    2094.25;       10;    0.70;   stop
   416;    1273.84;      71.99;    1274.68;      58.13;    1243.91;      56.26;    1243.07;      70.12;       10;    0.70;   stop
  1291;    1852.87;     473.74;    1862.90;     473.26;    1861.88;     452.13;    1851.85;     452.62;       10;    0.70;   stop
   428;     229.81;    1132.93;     257.32;    1132.74;     257.22;    1118.94;     229.71;    1119.13;       10;    0.70;   stop
   180;     588.44;    1600.50;     589.32;    1586.98;     560.94;    1585.13;     560.05;    1598.65;       10;    0.70;   stop
   282;     363.94;    1034.83;     364.79;    1022.97;     338.72;    1021.11;     337.87;    1032.97;       10;    0.70;   stop
  1323;    1649.49;    1149.39;    1650.84;    1135.73;    1614.13;    1132.11;    1612.79;    1145.77;        9;    0.70;   stop
   413;    2438.04;    1339.63;    2438.16;    1328.00;    2412.58;    1327.75;    2412.47;    1339.37;       10;    0.70;   stop
   410;    2352.72;    2044.93;    2358.99;    2032.92;    2333.65;    2019.70;    2327.38;    2031.70;       10;    0.70;   stop
  4228;    1862.84;     254.85;    1863.52;     210.59;    1847.41;     210.34;    1846.73;     254.60;        9;    0.70;   move
   497;    2532.17;     764.18;    2532.25;     735.49;    2518.71;     735.45;    2518.62;     764.14;       10;    0.70;   stop
   472;    1382.23;    1192.91;    1409.52;    1191.71;    1408.89;    1177.46;    1381.60;    1178.67;       10;    0.70;   stop
   408;    2622.83;     651.99;    2650.46;     650.18;    2649.67;     638.11;    2622.04;     639.91;       10;    0.70;   stop
   511;    2531.93;    1096.82;    2543.97;    1094.68;    2539.19;    1067.68;    2527.15;    1069.82;       10;    0.70;   stop
   323;     696.96;    1607.67;     697.91;    1594.81;     672.72;    1592.96;     671.78;    1605.81;       10;    0.70;   stop
   340;    3268.39;    1008.17;    3284.87;     984.42;    3273.48;     976.52;    3257.01;    1000.27;       10;    0.70;   stop
   334;    1009.56;    1172.24;    1009.92;    1160.05;     985.44;    1159.32;     985.08;    1171.51;       10;    0.70;   stop
   138;     467.93;    1592.95;     469.00;    1579.98;     440.97;    1577.68;     439.90;    1590.64;       10;    0.70;   stop
   106;      33.00;    1062.11;      55.99;    1061.29;      55.59;    1050.08;      32.61;    1050.89;       10;    0.70;   move
   453;    1253.00;    1473.47;    1257.83;    1445.78;    1245.63;    1443.65;    1240.80;    1471.34;       10;    0.70;   stop
   417;    2253.51;    1368.32;    2255.00;    1352.45;    2213.49;    1348.55;    2212.00;    1364.43;        9;    0.70;   stop
   451;    3205.60;    1154.08;    3220.17;    1128.16;    3207.84;    1121.23;    3193.27;    1147.15;       10;    0.70;   stop
  1484;    1908.61;    1948.04;    1920.37;    1918.10;    1907.30;    1912.96;    1895.54;    1942.90;       10;    0.70;   stop
   519;    2174.41;    2120.01;    2180.90;    2107.69;    2155.34;    2094.24;    2148.85;    2106.56;       10;    0.70;   stop
   267;    1175.41;     694.75;    1177.07;     682.57;    1149.97;     678.87;    1148.31;     691.05;       10;    0.69;   stop
   362;    1814.63;     128.12;    1827.30;     127.61;    1826.20;     100.26;    1813.53;     100.77;       10;    0.69;   stop
   402;    1089.35;     682.96;    1090.44;     670.91;    1059.96;     668.17;    1058.87;     680.21;       10;    0.69;   stop
   279;    1740.92;     659.23;    1742.64;     646.73;    1715.34;     642.96;    1713.61;     655.46;       10;    0.69;   stop
   499;    1806.10;    1650.46;    1808.01;    1637.89;    1778.48;    1633.42;    1776.57;    1645.98;       10;    0.69;   stop
   248;    1587.47;    1197.35;    1610.95;    1197.27;    1610.91;    1185.40;    1587.42;    1185.48;       10;    0.69;   stop
   288;    1190.87;    1852.26;    1192.45;    1827.24;    1180.63;    1826.49;    1179.05;    1851.51;       10;    0.69;   stop
   440;     853.57;    1025.20;     854.51;     998.00;     841.53;     997.55;     840.59;    1024.75;       10;    0.69;   stop
  3256;     781.44;    1160.89;     781.79;    1148.45;     752.50;    1147.61;     752.15;    1160.05;        9;    0.69;   stop
   269;    1983.00;    1523.18;    1983.32;    1499.84;    1972.50;    1499.69;    1972.18;    1523.03;       10;    0.69;   stop
   560;    1886.31;    1892.03;    1899.23;    1854.76;    1884.69;    1849.72;    1871.77;    1886.99;        9;    0.69;   stop
   115;    1667.33;     651.39;    1668.16;     639.78;    1641.30;     637.86;    1640.47;     649.47;       10;    0.68;   stop
   328;    2708.86;     648.84;    2734.06;     647.71;    2733.52;     635.63;    2708.32;     636.75;       10;    0.68;   stop
   365;     444.64;    1045.88;     473.88;    1044.35;     473.17;    1030.69;     443.93;    1032.21;       10;    0.68;   stop
   405;    1034.26;     681.01;    1035.19;     669.94;    1010.42;     667.87;    1009.50;     678.93;       10;    0.68;   stop
  4251;    3164.90;    1070.15;    3176.79;    1063.46;    3159.48;    1032.66;    3147.58;    1039.35;       10;    0.68;   stop
   477;    1974.14;     226.41;    1984.67;     226.25;    1984.36;     205.59;    1973.83;     205.75;       10;    0.68;   stop
   443;     753.62;    1222.07;     754.73;    1209.15;     727.44;    1206.80;     726.33;    1219.73;       10;    0.68;   stop
   404;    2152.75;    2129.74;    2160.13;    2119.33;    2138.00;    2103.64;    2130.62;    2114.05;       10;    0.68;   stop
     4;    1811.63;    1126.39;    1812.69;    1113.29;    1787.25;    1111.23;    1786.19;    1124.34;       10;    0.68;   move
   332;    2771.16;     648.71;    2796.61;     648.30;    2796.41;     636.37;    2770.97;     636.78;       10;    0.68;   stop
  1842;    1851.53;    2016.90;    1867.25;    1985.71;    1854.13;    1979.10;    1838.40;    2010.29;       10;    0.68;   stop
   586;    1904.69;    1400.84;    1919.33;    1399.31;    1915.81;    1365.53;    1901.17;    1367.06;       10;    0.67;   stop
   948;    2465.93;    1133.44;    2467.04;    1123.13;    2447.69;    1121.06;    2446.59;    1131.37;       10;    0.67;   move
   486;    2528.38;     601.58;    2529.29;     577.85;    2517.99;     577.42;    2517.08;     601.15;       10;    0.67;   stop
   630;    3156.37;    1464.76;    3162.17;    1451.75;    3137.07;    1440.56;    3131.27;    1453.57;       10;    0.67;   stop
   242;     594.28;    1065.84;     594.85;    1053.08;     570.09;    1051.97;     569.52;    1064.74;       10;    0.67;   move
   424;     672.78;    1573.95;     673.74;    1561.34;     645.34;    1559.18;     644.39;    1571.78;       10;    0.67;   stop
   429;    2718.95;    1381.38;    2719.91;    1367.85;    2691.92;    1365.87;    2690.97;    1379.40;       10;    0.67;   stop
   367;    2698.21;     649.87;    2698.25;     639.17;    2674.41;     639.10;    2674.38;     649.80;       10;    0.67;   stop
   358;    2447.75;    1718.34;    2450.24;    1686.99;    2436.62;    1685.91;    2434.14;    1717.26;       10;    0.67;   stop
   587;    2491.77;    1991.77;    2499.98;    1981.30;    2474.73;    1961.48;    2466.52;    1971.95;       10;    0.67;   stop
   537;    2470.26;    2068.23;    2495.92;    2056.00;    2489.49;    2042.52;    2463.83;    2054.75;       10;    0.67;   stop
   535;    2440.26;    2082.81;    2466.63;    2071.60;    2460.99;    2058.32;    2434.62;    2069.52;       10;    0.67;   stop
   292;    3465.30;     722.93;    3477.33;     694.33;    3462.82;     688.24;    3450.80;     716.84;       10;    0.66;   stop
  4016;    3568.78;    1374.18;    3572.93;    1360.65;    3544.97;    1352.07;    3540.82;    1365.60;       10;    0.66;   move
  4226;    1232.38;    1486.00;    1236.06;    1464.48;    1225.18;    1462.62;    1221.50;    1484.14;       10;    0.66;   move
   501;    1909.55;    1445.09;    1924.39;    1443.47;    1920.14;    1404.54;    1905.29;    1406.16;        9;    0.66;   stop
   369;    2660.54;     688.38;    2686.82;     688.17;    2686.72;     676.15;    2660.45;     676.37;       10;    0.66;   stop
   166;    1323.45;    1648.97;    1324.49;    1637.03;    1300.05;    1634.90;    1299.01;    1646.85;       10;    0.66;   stop
   432;    3420.95;    1038.84;    3448.31;    1038.39;    3448.11;    1026.47;    3420.75;    1026.92;       10;    0.66;   stop
   479;    2639.46;     691.23;    2653.24;     691.16;    2653.16;     676.58;    2639.38;     676.66;       10;    0.66;   stop
   478;     832.42;    1209.17;     834.50;    1194.94;     806.33;    1190.83;     804.25;    1205.06;       10;    0.65;   stop
   508;    1804.08;    1681.55;    1805.31;    1669.42;    1775.85;    1666.45;    1774.63;    1678.58;       10;    0.65;   stop
   588;    3552.44;     528.33;    3562.33;     504.20;    3550.06;     499.17;    3540.17;     523.30;       10;    0.65;   stop
   495;     736.81;    1574.09;     737.60;    1563.79;     719.60;    1562.41;     718.81;    1572.71;       10;    0.65;   stop
  2428;    1692.89;    1148.91;    1693.54;    1135.45;    1680.86;    1134.84;    1680.21;    1148.30;       10;    0.65;   stop
   341;    1490.85;    1624.30;    1491.45;    1612.65;    1463.40;    1611.20;    1462.80;    1622.85;       10;    0.65;   stop
   598;    2472.71;    1997.75;    2481.37;    1988.07;    2460.04;    1969.00;    2451.38;    1978.68;       10;    0.65;   stop
   391;    2739.46;     649.48;    2766.12;     649.04;    2765.91;     636.39;    2739.25;     636.83;       10;    0.65;   stop
   520;    1822.54;     246.33;    1823.27;     223.13;    1812.66;     222.80;    1811.93;     245.99;       10;    0.65;   stop
   664;    3324.17;     636.38;    3350.63;     634.76;    3349.89;     622.68;    3323.43;     624.30;       10;    0.65;   stop
   614;    2507.02;    1982.22;    2515.14;    1971.34;    2492.10;    1954.16;    2483.99;    1965.03;       10;    0.65;   stop
   276;    2858.96;     243.07;    2888.78;     241.25;    2887.92;     227.08;    2858.09;     228.91;       10;    0.65;   stop
   381;    3598.21;     429.29;    3610.01;     402.28;    3597.10;     396.65;    3585.30;     423.65;       10;    0.65;   stop
  2334;    3177.48;    1156.73;    3182.43;    1134.39;    3170.33;    1131.71;    3165.38;    1154.05;       10;    0.65;   stop
   484;    2551.99;     656.28;    2579.56;     654.53;    2578.76;     641.97;    2551.19;     643.72;       10;    0.64;   stop
   395;     609.69;    1565.81;     610.50;    1554.10;     584.68;    1552.31;     583.87;    1564.03;       10;    0.64;   stop
   482;     333.44;    1033.50;     333.54;    1021.70;     309.68;    1021.50;     309.58;    1033.30;       10;    0.64;   stop
  4240;    1829.33;     200.79;    1845.12;     200.44;    1844.26;     162.02;    1828.47;     162.37;        9;    0.64;   stop
  4239;    1151.99;    1622.88;    1153.18;    1609.63;    1123.89;    1606.99;    1122.70;    1620.25;       10;    0.64;   move
   569;    2116.21;    2149.42;    2122.41;    2138.41;    2097.67;    2124.46;    2091.46;    2135.47;       10;    0.64;   stop
   287;    3005.82;    1596.31;    3016.12;    1574.96;    3004.68;    1569.44;    2994.38;    1590.79;       10;    0.64;   stop
   378;     793.45;    1936.34;     793.61;    1910.11;     781.12;    1910.04;     780.96;    1936.26;       10;    0.64;   stop
   516;    1768.87;    1646.20;    1770.41;    1633.10;    1742.45;    1629.80;    1740.90;    1642.90;       10;    0.64;   stop
   480;    3333.48;    1375.29;    3337.17;    1362.89;    3309.65;    1354.71;    3305.96;    1367.11;        9;    0.64;   stop
   439;    1282.09;      73.77;    1309.18;      73.00;    1308.79;      58.98;    1281.69;      59.75;       10;    0.64;   stop
   431;    2360.44;     656.11;    2383.66;     655.36;    2383.31;     644.39;    2360.09;     645.14;       10;    0.64;   stop
  4015;    2186.86;    1105.06;    2187.35;    1093.05;    2163.14;    1092.06;    2162.65;    1104.08;       10;    0.64;   stop
   337;    2836.35;     647.45;    2862.11;     645.90;    2861.40;     633.93;    2835.64;     635.47;       10;    0.64;   stop
   529;    2166.44;    1395.98;    2178.95;    1395.51;    2177.94;    1368.15;    2165.42;    1368.61;       10;    0.64;   stop
   492;     550.93;    1044.10;     572.30;    1043.87;     572.19;    1033.40;     550.82;    1033.63;       10;    0.63;   stop
   459;    1477.45;    1194.87;    1477.81;    1182.99;    1453.17;    1182.26;    1452.82;    1194.13;       10;    0.63;   stop
   409;    3486.11;    1038.78;    3512.89;    1037.62;    3512.33;    1024.66;    3485.55;    1025.82;       10;    0.63;   stop
   379;     766.57;    1935.19;     778.42;    1935.12;     778.26;    1908.93;     766.41;    1909.00;       10;    0.63;   stop
  1542;     729.45;    1609.58;     730.10;    1597.24;     719.00;    1596.67;     718.36;    1609.01;       10;    0.63;   stop
   524;    3378.60;    1136.18;    3392.27;    1110.07;    3377.96;    1102.57;    3364.29;    1128.68;       10;    0.63;   stop
   485;    2666.99;    2107.47;    2678.69;    2102.24;    2665.13;    2071.91;    2653.43;    2077.14;       10;    0.63;   stop
   500;    1941.22;    2107.74;    1955.48;    2107.27;    1954.57;    2079.51;    1940.30;    2079.98;       10;    0.63;   stop
   460;    1353.20;    1615.57;    1354.34;    1604.41;    1329.92;    1601.93;    1328.79;    1613.09;       10;    0.63;   stop
   550;    2404.59;    1893.51;    2406.19;    1865.87;    2393.16;    1865.12;    2391.56;    1892.76;       10;    0.62;   stop
   561;    1961.59;      42.26;    1962.02;       9.69;    1946.66;       9.49;    1946.23;      42.06;       10;    0.62;   stop
   347;     960.58;     674.21;     962.18;     662.32;     936.92;     658.91;     935.32;     670.80;       10;    0.62;   stop
   620;    2594.35;    1947.91;    2599.95;    1934.75;    2570.15;    1922.09;    2564.55;    1935.25;       10;    0.62;   stop
   394;    3507.95;    1074.16;    3508.01;    1060.67;    3478.30;    1060.53;    3478.24;    1074.02;       10;    0.62;   stop
   673;    2548.70;    1965.08;    2556.88;    1952.30;    2530.30;    1935.29;    2522.12;    1948.08;       10;    0.62;   stop
  3895;     540.50;    1122.47;     541.33;    1108.59;     513.25;    1106.91;     512.42;    1120.79;       10;    0.62;   move
   442;     673.44;    1188.65;     686.38;    1188.42;     685.94;    1164.47;     673.00;    1164.71;       10;    0.62;   stop
   169;    1880.36;     604.58;    1891.09;     603.10;    1888.39;     583.42;    1877.66;     584.90;       10;    0.62;   stop
   565;    1875.36;     661.34;    1889.89;     660.98;    1888.89;     620.88;    1874.36;     621.24;        9;    0.62;   stop
   607;    1959.66;     748.78;    1974.84;     748.14;    1973.34;     712.59;    1958.16;     713.23;       10;    0.61;   stop
   507;    2650.82;    1349.84;    2651.51;    1338.71;    2639.48;    1337.97;    2638.80;    1349.10;       10;    0.61;   stop
   463;    3792.25;     262.42;    3793.18;     232.14;    3777.13;     231.65;    3776.20;     261.92;       10;    0.61;   stop
   552;    3396.69;     879.39;    3408.92;     852.09;    3395.50;     846.08;    3383.27;     873.38;       10;    0.61;   stop
   568;    3302.16;    1004.79;    3315.40;     973.21;    3297.84;     965.84;    3284.60;     997.42;       10;    0.61;   stop
   656;    2255.06;    2088.50;    2261.34;    2076.18;    2235.01;    2062.75;    2228.72;    2075.07;       10;    0.61;   stop
   610;     201.42;    1131.25;     226.36;    1130.72;     226.08;    1117.82;     201.14;    1118.34;       10;    0.61;   stop
   467;    3354.48;     634.71;    3379.48;     633.08;    3378.65;     620.37;    3353.65;     622.00;       10;    0.61;   stop
  2828;    2463.84;    1522.22;    2464.75;    1497.17;    2452.03;    1496.71;    2451.13;    1521.76;       10;    0.61;   stop
   613;    1881.80;    1652.19;    1882.32;    1639.45;    1857.32;    1638.44;    1856.81;    1651.17;       10;    0.61;   stop
   706;    2528.08;    1972.46;    2536.17;    1961.28;    2514.92;    1945.91;    2506.83;    1957.10;       10;    0.61;   stop
   633;    2240.70;    2163.43;    2268.39;    2152.30;    2262.87;    2138.57;    2235.17;    2149.70;       10;    0.61;   stop
   692;    1256.75;    1189.42;    1257.89;    1173.46;    1221.07;    1170.83;    1219.93;    1186.79;        9;    0.61;   stop
   546;    3145.07;    1108.35;    3160.11;    1103.25;    3149.30;    1071.34;    3134.26;    1076.44;       10;    0.61;   stop
   433;     781.57;    1161.92;     781.87;    1148.77;     752.18;    1148.08;     751.88;    1161.23;       10;    0.60;   stop
   590;    1534.32;     978.84;    1536.98;     953.99;    1525.68;     952.78;    1523.02;     977.63;       10;    0.60;   stop
   475;    1146.32;    1638.04;    1146.73;    1624.16;    1118.87;    1623.33;    1118.45;    1637.21;       10;    0.60;   stop
  1921;    1875.79;     659.78;    1890.96;     659.18;    1889.49;     621.60;    1874.32;     622.19;       10;    0.60;   stop
   502;    3136.81;    1181.52;    3151.11;    1155.99;    3138.82;    1149.10;    3124.51;    1174.63;       10;    0.60;   stop
   456;    3266.55;     227.46;    3295.25;     225.00;    3294.08;     211.29;    3265.37;     213.75;       10;    0.60;   stop
   294;     621.89;    1355.95;     623.46;    1342.46;     596.86;    1339.36;     595.29;    1352.85;       10;    0.60;   stop
   589;    1467.51;     924.89;    1468.81;     912.22;    1441.74;     909.43;    1440.44;     922.09;       10;    0.60;   stop
   518;    3348.85;     989.58;    3358.08;     964.29;    3344.90;     959.48;    3335.67;     984.77;       10;    0.60;   stop
   602;    3215.75;    1177.78;    3230.51;    1152.99;    3219.25;    1146.28;    3204.49;    1171.07;       10;    0.60;   stop
   659;    1949.80;    1903.74;    1958.17;    1866.20;    1942.70;    1862.76;    1934.33;    1900.30;       10;    0.60;   stop
   466;    2088.98;     265.96;    2114.40;     265.12;    2114.02;     253.79;    2088.60;     254.63;       10;    0.59;   stop
   545;    2762.00;    1388.00;    2763.81;    1374.08;    2733.27;    1370.12;    2731.47;    1384.04;       10;    0.59;   stop
  2940;    1875.46;    2022.20;    1888.56;    1995.56;    1876.32;    1989.55;    1863.22;    2016.19;       10;    0.59;   stop
   648;    2194.37;    2116.71;    2203.47;    2104.55;    2177.57;    2085.16;    2168.46;    2097.32;       10;    0.59;   stop
   591;    2520.52;     163.35;    2520.85;     136.05;    2508.98;     135.90;    2508.65;     163.20;       10;    0.59;   stop
   599;    2457.57;    2008.47;    2466.25;    1998.03;    2441.43;    1977.40;    2432.75;    1987.85;       10;    0.59;   stop
  2090;       9.83;    1136.67;      12.12;    1125.20;      -0.38;    1122.71;      -2.67;    1134.17;       10;    0.58;   stop
  3352;    1732.88;    1123.29;    1733.79;    1108.27;    1704.00;    1106.46;    1703.09;    1121.48;        9;    0.58;   move
   418;    1261.53;    1646.93;    1263.16;    1634.75;    1237.66;    1631.32;    1236.02;    1643.50;       10;    0.58;   stop
   155;     355.10;    1549.98;     356.50;    1537.37;     329.74;    1534.40;     328.34;    1547.01;       10;    0.58;   stop
  3344;    2501.89;    1079.76;    2502.06;    1055.57;    2490.48;    1055.49;    2490.32;    1079.68;       10;    0.58;   stop
   473;    3566.18;     631.10;    3597.69;     628.19;    3596.32;     613.43;    3564.81;     616.34;       10;    0.58;   stop
   658;    1829.92;     200.96;    1845.38;     200.62;    1844.52;     161.29;    1829.06;     161.63;       10;    0.58;   stop
   629;    2654.78;    2074.03;    2666.10;    2069.05;    2654.84;    2043.47;    2643.52;    2048.45;       10;    0.58;   stop
  2031;    2432.80;     675.26;    2432.89;     663.70;    2407.70;     663.49;    2407.61;     675.05;       10;    0.58;   move
   567;    3247.82;    1123.53;    3260.80;    1101.53;    3249.06;    1094.60;    3236.07;    1116.60;       10;    0.58;   stop
   680;    2567.63;    1954.84;    2575.36;    1943.41;    2551.87;    1927.53;    2544.14;    1938.97;       10;    0.58;   stop
  3768;     713.59;    1136.24;     714.14;    1124.30;     688.91;    1123.14;     688.36;    1135.08;       10;    0.58;   move
   578;    2410.25;    2148.48;    2412.15;    2120.68;    2398.75;    2119.77;    2396.85;    2147.57;       10;    0.57;   stop
   465;    2396.54;     656.00;    2421.94;     654.99;    2421.46;     642.81;    2396.06;     643.82;       10;    0.57;   stop
   538;    1959.35;    2109.72;    1973.10;    2109.22;    1972.15;    2083.15;    1958.40;    2083.65;       10;    0.57;   stop
   434;    1361.25;    1652.08;    1362.16;    1639.33;    1335.37;    1637.42;    1334.46;    1650.17;       10;    0.57;   stop
   636;    2407.91;    1827.90;    2409.88;    1802.28;    2397.72;    1801.35;    2395.75;    1826.97;       10;    0.57;   stop
  1324;    3164.72;     639.11;    3187.52;     637.81;    3186.85;     626.05;    3164.05;     627.35;       10;    0.57;   stop
   694;    2533.70;     808.65;    2534.22;     783.48;    2521.67;     783.22;    2521.15;     808.39;       10;    0.56;   stop
   121;     937.45;    1092.35;     937.89;    1079.84;     911.21;    1078.90;     910.77;    1091.41;       10;    0.56;   move
   447;     498.48;     578.40;     501.24;     567.08;     482.14;     562.42;     479.38;     573.74;       10;    0.56;   stop
   570;    3203.62;     641.17;    3231.82;     640.35;    3231.38;     625.40;    3203.18;     626.22;       10;    0.56;   stop
   558;    1981.10;    2113.50;    1993.74;    2110.97;    1988.09;    2082.75;    1975.45;    2085.28;       10;    0.56;   stop
   577;    1550.71;     818.58;    1554.66;     789.83;    1540.79;     787.92;    1536.84;     816.67;       10;    0.56;   stop
   526;    2510.73;     348.82;    2523.61;     348.65;    2523.27;     322.81;    2510.39;     322.98;       10;    0.56;   stop
   370;     615.26;    1375.90;     617.59;    1362.61;     590.36;    1357.85;     588.04;    1371.14;       10;    0.56;   stop
   549;    3532.40;     630.16;    3563.02;     629.19;    3562.60;     616.01;    3531.98;     616.99;       10;    0.56;   stop
   525;    2064.14;     300.10;    2087.44;     299.42;    2087.11;     288.27;    2063.81;     288.95;       10;    0.55;   stop
   605;    1845.29;    1465.65;    1869.63;    1465.32;    1869.46;    1452.60;    1845.12;    1452.93;       10;    0.55;   stop
  1582;    2425.49;    1627.17;    2428.17;    1601.72;    2416.14;    1600.45;    2413.45;    1625.90;       10;    0.55;   stop
   397;      60.90;    1793.00;      77.62;    1772.47;      67.07;    1763.87;      50.35;    1784.41;       10;    0.55;   stop
   487;    3561.53;    1280.37;    3576.10;    1280.15;    3575.66;    1250.88;    3561.08;    1251.10;       10;    0.55;   stop
   449;     500.87;    1007.36;     516.36;    1006.85;     515.38;     977.33;     499.89;     977.84;       10;    0.55;   stop
   425;    3749.22;     206.65;    3779.27;     205.93;    3778.91;     190.85;    3748.86;     191.57;       10;    0.55;   stop
   575;    1501.50;     929.04;    1503.00;     916.49;    1475.25;     913.15;    1473.75;     925.70;       10;    0.55;   stop
  2060;       0.50;    1034.56;      21.25;    1033.24;      20.44;    1020.44;      -0.32;    1021.76;       10;    0.54;   stop
   506;    2805.32;     648.10;    2826.34;     647.47;    2826.01;     636.51;    2804.99;     637.14;       10;    0.54;   stop
  2517;    1989.39;    1646.66;    1991.35;    1622.36;    1980.36;    1621.47;    1978.40;    1645.77;       10;    0.54;   stop
   583;     523.07;    2096.43;     549.78;    2095.79;     549.43;    2081.07;     522.72;    2081.71;       10;    0.54;   stop
   498;    2921.25;     646.03;    2949.39;     645.98;    2949.37;     633.19;    2921.23;     633.24;       10;    0.53;   stop
   596;     554.51;    2095.16;     583.93;    2094.51;     583.62;    2080.47;     554.20;    2081.11;       10;    0.53;   stop
   454;    2986.69;    1506.45;    2999.80;    1477.40;    2987.81;    1471.99;    2974.70;    1501.03;       10;    0.53;   stop
   584;    1702.16;    1677.36;    1703.29;    1663.91;    1676.21;    1661.64;    1675.08;    1675.09;       10;    0.53;   stop
   563;    1190.97;    2148.57;    1203.22;    2147.40;    1200.78;    2121.93;    1188.53;    2123.10;       10;    0.53;   stop
   462;    2827.48;     243.33;    2852.69;     242.47;    2852.27;     230.29;    2827.06;     231.16;       10;    0.53;   stop
   471;     527.04;    1597.92;     527.89;    1583.75;     500.46;    1582.08;     499.61;    1596.25;       10;    0.53;   stop
   615;    3384.72;     906.71;    3396.02;     881.21;    3383.10;     875.48;    3371.79;     900.98;       10;    0.53;   stop
   542;    3663.97;     627.78;    3698.42;     624.93;    3697.28;     611.12;    3662.83;     613.97;       10;    0.52;   stop
   625;    3232.95;    1149.10;    3244.71;    1126.76;    3232.99;    1120.58;    3221.22;    1142.93;       10;    0.52;   stop
  4056;     111.99;    1798.86;     141.38;    1791.15;     137.85;    1777.71;     108.47;    1785.41;       10;    0.52;   move
   646;    2366.32;    1337.99;    2367.39;    1325.39;    2341.43;    1323.20;    2340.36;    1335.80;       10;    0.52;   stop
   574;    1936.50;    2105.98;    1936.61;    2076.82;    1922.72;    2076.77;    1922.61;    2105.93;       10;    0.52;   stop
   232;     525.04;    1561.31;     525.70;    1548.99;     496.84;    1547.44;     496.18;    1559.76;       10;    0.52;   stop
   559;    3495.93;     567.20;    3505.02;     541.76;    3492.20;     537.18;    3483.10;     562.61;       10;    0.52;   stop
   491;    2887.33;     647.50;    2915.51;     646.13;    2914.86;     632.66;    2886.68;     634.02;       10;    0.52;   stop
   682;    2882.94;    1467.07;    2893.38;    1458.00;    2873.31;    1434.87;    2862.87;    1443.94;       10;    0.52;   stop
   647;    2405.98;    1862.93;    2407.60;    1839.08;    2396.27;    1838.32;    2394.65;    1862.17;       10;    0.52;   stop
  4064;    3006.90;     235.81;    3031.09;     234.79;    3030.60;     223.19;    3006.41;     224.21;       10;    0.51;   stop
   616;     622.47;    1152.71;     647.01;    1152.52;     646.91;    1139.47;     622.36;    1139.67;       10;    0.51;   stop
  3983;    1959.32;     748.58;    1974.86;     748.04;    1973.68;     713.92;    1958.14;     714.46;        9;    0.51;   stop
   514;    2523.20;     319.45;    2523.29;     288.65;    2509.68;     288.61;    2509.58;     319.41;       10;    0.51;   stop
  4096;    3111.11;     240.21;    3126.23;     240.11;    3126.07;     214.48;    3110.96;     214.57;       10;    0.51;   stop
  4039;     561.92;    1240.28;     592.07;    1238.55;     591.21;    1223.47;     561.05;    1225.20;       10;    0.51;   stop
   474;     797.74;    1935.80;     809.91;    1935.78;     809.88;    1909.45;     797.71;    1909.47;       10;    0.50;   stop
   517;     412.55;    1589.16;     435.81;    1588.44;     435.42;    1575.84;     412.16;    1576.56;       10;    0.50;   stop
  1218;    2208.20;    2108.04;    2217.56;    2099.21;    2199.74;    2080.33;    2190.38;    2089.16;       10;    0.50;   stop
  3476;      25.59;    1506.93;      26.91;    1495.61;       5.14;    1493.07;       3.82;    1504.39;       10;    0.49;   stop
   594;    3617.75;     629.54;    3646.63;     628.17;    3646.00;     614.76;    3617.12;     616.13;       10;    0.49;   stop
  3040;    2720.31;     692.03;    2726.97;     676.77;    2709.69;     669.22;    2703.03;     684.48;       10;    0.49;   stop
  1149;    1604.17;    1666.60;    1605.07;    1654.05;    1578.45;    1652.15;    1577.56;    1664.70;       10;    0.49;   stop
   678;     726.16;    1052.86;     726.78;    1039.98;     719.88;    1039.64;     719.26;    1052.52;       10;    0.49;   stop
   707;    2663.31;    1251.98;    2665.34;    1236.66;    2640.31;    1233.33;    2638.27;    1248.65;       10;    0.49;   stop
   441;     357.11;    1674.61;     371.71;    1674.40;     371.33;    1648.82;     356.73;    1649.04;       10;    0.49;   stop
   601;    2460.15;     259.18;    2460.29;     246.23;    2433.22;     245.94;    2433.08;     258.89;       10;    0.48;   stop
   541;    1043.09;    1175.24;    1043.67;    1161.33;    1013.79;    1160.07;    1013.20;    1173.98;        9;    0.48;   stop
   669;    3583.73;    1279.56;    3598.19;    1279.22;    3597.52;    1250.75;    3583.06;    1251.09;       10;    0.48;   stop
   445;     824.82;    1933.83;     825.36;    1908.31;     813.18;    1908.05;     812.64;    1933.57;       10;    0.47;   stop
   521;    3785.31;     203.54;    3811.12;     201.89;    3810.32;     189.27;    3784.50;     190.93;       10;    0.47;   stop
  1797;    2517.01;     631.17;    2529.06;     630.78;    2528.24;     605.20;    2516.19;     605.59;       10;    0.47;   stop
  4178;    2540.31;     676.65;    2568.48;     675.50;    2567.94;     662.10;    2539.77;     663.25;       10;    0.47;   move
  1008;    2415.47;    1742.57;    2417.68;    1717.85;    2405.90;    1716.80;    2403.70;    1741.52;       10;    0.47;   stop
   600;    3143.36;     158.31;    3144.17;     128.97;    3129.46;     128.56;    3128.65;     157.91;       10;    0.47;   stop
  1246;    3702.79;     625.96;    3732.22;     624.48;    3731.59;     611.77;    3702.15;     613.25;       10;    0.47;   stop
   631;    1197.20;    1757.00;    1197.99;    1728.61;    1184.98;    1728.25;    1184.20;    1756.64;       10;    0.47;   stop
   650;    2592.49;    1428.58;    2598.21;    1399.59;    2584.39;    1396.86;    2578.67;    1425.85;       10;    0.47;   stop
  4277;    1042.45;    1175.58;    1042.93;    1162.11;    1013.49;    1161.04;    1013.00;    1174.52;       10;    0.47;   stop
   555;    1175.40;    1062.28;    1175.56;    1053.04;    1157.10;    1052.72;    1156.94;    1061.96;       10;    0.46;   stop
   571;    3452.64;     751.60;    3462.91;     725.70;    3449.24;     720.28;    3438.97;     746.18;       10;    0.46;   stop
  4009;    1909.22;    1445.31;    1924.56;    1443.59;    1920.28;    1405.44;    1904.94;    1407.16;       10;    0.46;   stop
   709;    1886.64;    2038.67;    1898.17;    2015.98;    1886.80;    2010.20;    1875.26;    2032.89;       10;    0.46;   stop
  3043;    1152.49;    1182.93;    1153.27;    1168.80;    1127.51;    1167.38;    1126.73;    1181.51;       10;    0.46;   stop
   644;    3038.40;     236.75;    3069.48;     235.37;    3068.85;     221.12;    3037.77;     222.51;       10;    0.46;   stop
   582;    3657.34;     302.43;    3670.84;     274.16;    3657.04;     267.57;    3643.54;     295.84;       10;    0.46;   stop
  3644;    2642.18;    2046.48;    2653.62;    2040.98;    2641.57;    2015.90;    2630.13;    2021.39;       10;    0.46;   stop
  4165;    1431.49;     920.99;    1432.38;     909.03;    1406.89;     907.14;    1406.00;     919.09;       10;    0.45;   stop
   621;    3143.37;    1391.39;    3150.45;    1365.79;    3136.94;    1362.05;    3129.86;    1387.65;       10;    0.45;   stop
   745;    1977.12;    1777.36;    1978.72;    1755.91;    1968.44;    1755.14;    1966.84;    1776.59;       10;    0.45;   stop
   735;    3778.06;     398.32;    3797.01;     392.57;    3789.44;     367.62;    3770.49;     373.37;       10;    0.45;   stop
  3801;    2453.82;    1633.89;    2454.95;    1607.75;    2442.93;    1607.24;    2441.80;    1633.37;       10;    0.44;   stop
   612;    2521.39;     194.71;    2521.47;     168.71;    2509.24;     168.67;    2509.16;     194.67;       10;    0.44;   stop
   609;    3756.75;     332.41;    3757.74;     296.68;    3739.50;     296.18;    3738.51;     331.91;       10;    0.44;   stop
   608;    1769.96;    2127.15;    1787.41;    2095.80;    1773.79;    2088.22;    1756.34;    2119.57;        9;    0.44;   stop
  4279;    2647.07;    1168.09;    2648.19;    1155.81;    2639.59;    1155.03;    2638.47;    1167.31;       10;    0.43;   stop
   619;    3546.30;    1038.34;    3546.44;    1026.36;    3519.64;    1026.04;    3519.49;    1038.01;       10;    0.43;   stop
   626;    3567.98;    1317.82;    3578.10;    1311.77;    3566.39;    1292.18;    3556.28;    1298.23;       10;    0.43;   stop
   603;    2526.67;     478.37;    2527.04;     454.45;    2514.08;     454.25;    2513.71;     478.17;       10;    0.43;   stop
   729;    2782.67;    1864.63;    2789.57;    1853.27;    2765.22;    1838.49;    2758.32;    1849.86;       10;    0.43;   stop
  1019;    1422.76;    1656.35;    1424.66;    1644.10;    1397.62;    1639.90;    1395.71;    1652.15;       10;    0.42;   stop
  4276;    2130.50;     264.30;    2134.33;     244.46;    2124.25;     242.51;    2120.42;     262.36;       10;    0.42;   stop
  2416;    1847.93;     253.55;    1863.48;     253.54;    1863.45;     210.51;    1847.89;     210.52;       10;    0.42;   stop
  3680;    3426.75;     221.60;    3456.96;     220.33;    3456.37;     206.37;    3426.16;     207.64;       10;    0.42;   stop
   638;    3648.29;    1343.50;    3657.30;    1317.12;    3643.59;    1312.44;    3634.58;    1338.82;       10;    0.42;   stop
  2651;     750.33;    1934.53;     763.23;    1934.49;     763.14;    1908.47;     750.24;    1908.51;       10;    0.42;   stop
   723;    3191.11;    1176.28;    3205.10;    1151.71;    3193.26;    1144.97;    3179.27;    1169.54;       10;    0.42;   stop
   724;    3776.43;     462.74;    3793.10;     462.66;    3792.94;     426.95;    3776.27;     427.03;        9;    0.41;   stop
   683;    1132.16;      79.72;    1132.49;      69.49;    1109.96;      68.78;    1109.64;      79.01;       10;    0.41;   stop
   624;    3580.13;     382.43;    3592.34;     356.77;    3579.56;     350.69;    3567.35;     376.35;       10;    0.41;   stop
  3547;     624.14;    1604.81;     625.39;    1594.57;     604.92;    1592.06;     603.67;    1602.30;       10;    0.41;   stop
   312;    3685.33;    1477.10;    3689.47;    1463.92;    3653.42;    1452.59;    3649.28;    1465.77;       10;    0.40;   stop
  2692;    1684.72;    1639.22;    1685.55;    1626.16;    1657.65;    1624.41;    1656.83;    1637.46;       10;    0.40;   stop
   674;    2615.99;    1431.34;    2618.51;    1406.64;    2605.89;    1405.35;    2603.36;    1430.04;       10;    0.40;   stop
  1749;    2432.98;     656.00;    2457.30;     655.45;    2457.02;     643.38;    2432.70;     643.93;       10;    0.40;   stop
  3142;     495.85;    1593.91;     496.55;    1581.74;     474.47;    1580.47;     473.76;    1592.64;       10;    0.40;   stop
   509;     586.78;    1366.09;     592.23;    1340.14;     580.41;    1337.66;     574.96;    1363.61;       10;    0.40;   stop
   730;    1840.36;    1685.65;    1841.20;    1672.97;    1816.64;    1671.35;    1815.80;    1684.03;       10;    0.39;   stop
  3935;     215.89;    1776.64;     242.64;    1774.52;     241.61;    1761.48;     214.86;    1763.60;       10;    0.39;   move
   476;    1481.55;    1659.60;    1483.05;    1647.68;    1458.08;    1644.52;    1456.57;    1656.44;       10;    0.39;   stop
   689;    3424.60;     814.69;    3431.94;     793.08;    3421.02;     789.37;    3413.68;     810.98;       10;    0.39;   stop
  3789;    3262.19;    1098.41;    3274.95;    1076.00;    3262.81;    1069.09;    3250.05;    1091.49;       10;    0.39;   stop
  4085;      84.46;    1785.00;      97.64;    1764.74;      86.98;    1757.81;      73.80;    1778.07;       10;    0.39;   stop
   576;    1912.51;    1580.24;    1926.25;    1580.09;    1925.90;    1547.26;    1912.15;    1547.41;       10;    0.39;   stop
   649;     571.67;    1039.67;     595.63;    1039.41;     595.52;    1028.46;     571.55;    1028.72;       10;    0.38;   stop
  4254;    1905.33;    1400.31;    1919.22;    1398.94;    1915.92;    1365.51;    1902.03;    1366.88;        9;    0.38;   stop
  3103;    1949.05;    1905.52;    1959.21;    1866.28;    1943.07;    1862.10;    1932.92;    1901.35;        9;    0.38;   stop
  3224;    3570.57;     494.88;    3581.23;     464.65;    3566.62;     459.50;    3555.96;     489.72;       10;    0.38;   stop
  3165;    2917.67;    1730.56;    2928.03;    1710.79;    2917.33;    1705.19;    2906.97;    1724.96;       10;    0.38;   stop
  2970;    2160.70;    2110.59;    2162.49;    2095.87;    2152.55;    2094.66;    2150.76;    2109.38;       10;    0.38;   stop
   580;    3335.74;     223.49;    3336.06;     210.75;    3310.20;     210.10;    3309.88;     222.84;       10;    0.38;   stop
   685;    1979.37;     743.38;    1988.87;     743.29;    1988.70;     724.74;    1979.19;     724.84;       10;    0.37;   stop
  3666;     373.02;    1779.62;     374.18;    1754.38;     361.98;    1753.82;     360.82;    1779.06;       10;    0.37;   stop
   717;    2451.67;    1681.43;    2453.01;    1656.10;    2438.33;    1655.32;    2436.99;    1680.65;       10;    0.37;   stop
   702;    1982.87;    1528.22;    1992.67;    1528.14;    1992.51;    1507.59;    1982.70;    1507.67;       10;    0.37;   stop
  4274;    3542.98;    1284.00;    3557.78;    1283.50;    3556.71;    1251.93;    3541.90;    1252.44;       10;    0.37;   stop
  3716;    3534.80;     216.04;    3562.18;     213.86;    3561.13;     200.68;    3533.75;     202.86;       10;    0.37;   stop
  3748;     119.33;    1608.72;     119.42;    1597.73;      93.13;    1597.53;      93.04;    1608.52;       10;    0.36;   stop
  3729;     379.18;    1974.90;     379.95;    1945.12;     367.07;    1944.78;     366.30;    1974.57;       10;    0.36;   stop
   722;     588.35;    1208.32;     588.76;    1195.30;     562.90;    1194.49;     562.49;    1207.51;       10;    0.35;   stop