vehicle_id; veh_bb_x1; veh_bb_y1; veh_bb_x2; veh_bb_y2; veh_bb_x3; veh_bb_y3; veh_bb_x4; veh_bb_y4; det_class; conf_score; state
     2;    2918.56;    1174.22;    2920.91;    1163.16;    2896.19;    1157.91;    2893.84;    1168.96;       10;    0.83;   stop
     8;    2108.85;    1216.70;    2109.77;    1205.04;    2085.90;    1203.17;    2084.98;    1214.83;       10;    0.83;   stop
     3;    3019.26;    1440.15;    3029.95;    1415.72;    3018.24;    1410.60;    3007.55;    1435.03;       10;    0.83;   stop
    32;    2089.86;    1119.39;    2090.24;    1106.65;    2063.64;    1105.86;    2063.26;    1118.60;       10;    0.83;   stop
   422;    1763.32;    1153.27;    1763.88;    1139.61;    1732.95;    1138.36;    1732.39;    1152.01;       10;    0.83;   stop
   258;    1972.03;     792.62;    1972.93;     767.11;    1959.47;     766.63;    1958.57;     792.14;       10;    0.82;   stop
   112;     995.97;    1082.62;     996.58;    1069.70;     968.84;    1068.38;     968.23;    1081.30;       10;    0.82;   move
    17;    1363.25;    1192.67;    1364.05;    1176.54;    1319.88;    1174.33;    1319.07;    1190.46;        9;    0.82;   stop
    25;    1270.29;    1073.50;    1271.10;    1061.18;    1245.77;    1059.50;    1244.96;    1071.82;       10;    0.82;   stop
    93;    1943.93;     340.57;    1944.36;     309.87;    1930.57;     309.68;    1930.14;     340.38;       10;    0.82;   move
    30;    1847.29;     658.64;    1847.74;     633.07;    1835.96;     632.86;    1835.51;     658.43;       10;    0.82;   stop
   251;    1356.25;    1107.48;    1357.45;    1094.39;    1330.25;    1091.90;    1329.05;    1104.99;       10;    0.82;   move
  2476;    3009.36;    1656.87;    3020.88;    1629.00;    3007.89;    1623.63;    2996.37;    1651.50;       10;    0.82;   stop
  1494;    1873.24;     359.95;    1886.72;     359.84;    1886.51;     333.05;    1873.03;     333.16;       10;    0.82;   stop
    20;    1983.34;     375.10;    1984.40;     347.62;    1972.16;     347.15;    1971.10;     374.63;       10;    0.82;   stop
   238;    1855.63;     628.05;    1869.36;     626.48;    1865.87;     595.95;    1852.14;     597.52;       10;    0.82;   stop
  2076;    1851.52;     303.98;    1863.37;     303.87;    1863.13;     279.33;    1851.29;     279.44;       10;    0.82;   stop
    55;    1012.63;    1062.66;    1012.89;    1050.65;     986.77;    1050.09;     986.52;    1062.10;       10;    0.82;   stop
    76;    3073.56;    1491.03;    3083.81;    1467.22;    3070.82;    1461.62;    3060.57;    1485.44;       10;    0.82;   stop
  3028;    1884.03;      97.17;    1884.41;      70.65;    1871.22;      70.46;    1870.84;      96.98;       10;    0.81;   stop
    21;    1816.60;    2027.84;    1828.85;    2002.84;    1817.76;    1997.41;    1805.51;    2022.41;       10;    0.81;   stop
  1399;    1812.15;    2088.50;    1825.93;    2061.04;    1813.63;    2054.87;    1799.86;    2082.34;       10;    0.81;   move
    33;    1953.91;     118.59;    1965.67;     118.55;    1965.59;      95.16;    1953.83;      95.20;       10;    0.81;   stop
   183;    1148.70;    1092.57;    1149.15;    1078.54;    1117.61;    1077.55;    1117.17;    1091.58;       10;    0.81;   move
    35;     937.66;    1169.71;     938.66;    1157.86;     912.68;    1155.66;     911.68;    1167.51;       10;    0.81;   stop
    59;    2980.98;    1309.47;    2983.70;    1295.55;    2951.52;    1289.28;    2948.80;    1303.20;       10;    0.81;   stop
     6;    1949.29;     473.90;    1963.39;     468.91;    1952.21;     437.35;    1938.11;     442.34;       10;    0.81;   stop
   188;    1970.71;    1493.69;    1973.63;    1460.67;    1959.67;    1459.43;    1956.75;    1492.46;       10;    0.81;   stop
    41;    1958.66;    1863.33;    1965.27;    1832.92;    1952.03;    1830.05;    1945.42;    1860.45;       10;    0.81;   stop
    77;    1981.27;     842.98;    1989.26;     814.34;    1976.48;     810.77;    1968.49;     839.41;       10;    0.81;   stop
    23;    1476.07;      73.07;    1476.38;      59.26;    1445.56;      58.55;    1445.24;      72.36;       10;    0.81;   stop
     9;    3086.36;    1453.73;    3098.06;    1425.41;    3084.27;    1419.71;    3072.56;    1448.03;       10;    0.81;   stop
   156;    2151.75;    1218.02;    2152.23;    1206.23;    2127.75;    1205.23;    2127.27;    1217.02;       10;    0.81;   stop
   271;    1428.76;    1100.00;    1429.34;    1087.27;    1398.36;    1085.87;    1397.79;    1098.60;       10;    0.81;   move
    47;    1662.77;    1200.09;    1664.73;    1187.91;    1639.11;    1183.78;    1637.15;    1195.97;       10;    0.81;   stop
   206;    1973.01;    1382.12;    1974.02;    1357.74;    1962.24;    1357.25;    1961.23;    1381.63;       10;    0.81;   stop
  2620;    2633.68;    1167.07;    2635.27;    1153.97;    2606.20;    1150.43;    2604.60;    1163.53;       10;    0.81;   stop
  2283;    1883.52;     207.48;    1883.75;     180.75;    1871.73;     180.64;    1871.50;     207.38;       10;    0.81;   stop
  1074;    1854.57;     507.57;    1867.47;     507.29;    1866.93;     482.43;    1854.03;     482.71;       10;    0.81;   stop
   114;    1975.02;     565.84;    1975.46;     536.86;    1962.48;     536.66;    1962.04;     565.64;       10;    0.81;   stop
   326;    2096.19;    1136.48;    2096.30;    1124.98;    2073.06;    1124.77;    2072.95;    1136.27;       10;    0.81;   stop
  2210;    1567.39;    1145.33;    1567.53;    1131.94;    1539.86;    1131.67;    1539.72;    1145.06;       10;    0.81;   stop
    37;    2586.44;    1125.78;    2587.83;    1113.80;    2561.18;    1110.72;    2559.80;    1122.70;       10;    0.81;   stop
    40;    2928.70;    1297.82;    2930.82;    1285.16;    2904.05;    1280.68;    2901.93;    1293.34;       10;    0.81;   stop
  1652;    1871.86;     326.34;    1884.29;     325.94;    1883.39;     298.04;    1870.96;     298.44;       10;    0.80;   stop
    56;    2886.76;    1168.11;    2889.26;    1155.98;    2862.74;    1150.52;    2860.24;    1162.64;       10;    0.80;   stop
    85;    1960.41;     373.39;    1960.41;     346.61;    1947.84;     346.61;    1947.84;     373.39;       10;    0.80;   stop
    88;     953.29;    1062.37;     980.20;    1061.98;     980.02;    1049.26;     953.11;    1049.64;       10;    0.80;   stop
    79;     811.38;    1161.32;     811.61;    1149.90;     787.95;    1149.43;     787.72;    1160.85;       10;    0.80;   stop
    19;    2948.95;    1180.96;    2951.56;    1168.99;    2926.55;    1163.54;    2923.94;    1175.51;       10;    0.80;   stop
   494;    1972.05;     596.55;    1972.67;     571.49;    1960.95;     571.20;    1960.33;     596.26;       10;    0.80;   stop
  1610;    1529.00;    1143.06;    1529.53;    1130.59;    1502.88;    1129.44;    1502.34;    1141.91;       10;    0.80;   stop
    29;    3607.91;    1455.11;    3612.14;    1440.72;    3578.96;    1430.98;    3574.74;    1445.38;       10;    0.80;   stop
    80;    3108.31;    1480.51;    3120.76;    1453.87;    3108.72;    1448.24;    3096.27;    1474.88;       10;    0.80;   stop
   126;    1833.13;     877.06;    1842.57;     850.56;    1830.99;     846.44;    1821.56;     872.94;       10;    0.80;   stop
  1943;    1869.38;     291.07;    1882.73;     290.61;    1881.84;     264.68;    1868.49;     265.14;       10;    0.80;   stop
    11;    1200.05;    1068.08;    1200.75;    1056.68;    1179.32;    1055.36;    1178.62;    1066.76;       10;    0.80;   stop
   107;    2124.58;    1118.12;    2125.67;    1105.98;    2100.92;    1103.75;    2099.83;    1115.89;       10;    0.80;   stop
    74;    3005.69;    1471.88;    3016.58;    1447.02;    3004.81;    1441.87;    2993.92;    1466.73;       10;    0.80;   stop
    45;    3045.47;    1474.00;    3058.11;    1449.31;    3046.03;    1443.13;    3033.39;    1467.82;       10;    0.80;   stop
    81;    3093.54;    1506.53;    3104.56;    1482.52;    3092.46;    1476.97;    3081.44;    1500.98;       10;    0.80;   stop
    22;    3102.51;    1421.74;    3114.31;    1396.28;    3101.40;    1390.29;    3089.59;    1415.75;       10;    0.80;   stop
  2764;    1863.23;     198.17;    1863.26;     165.78;    1849.27;     165.77;    1849.24;     198.16;       10;    0.80;   move
    67;    1967.78;     447.45;    1980.71;     447.14;    1980.04;     418.80;    1967.10;     419.11;       10;    0.80;   stop
    57;    2593.03;    1243.03;    2593.95;    1229.62;    2562.47;    1227.47;    2561.55;    1240.88;       10;    0.80;   stop
    90;    3126.93;    1453.26;    3138.91;    1428.73;    3126.19;    1422.52;    3114.22;    1447.06;       10;    0.80;   stop
   127;    1974.94;     803.22;    1986.88;     802.97;    1986.37;     778.53;    1974.44;     778.78;       10;    0.80;   stop
    54;    1972.37;     910.18;    1986.11;     908.68;    1983.13;     881.38;    1969.39;     882.88;       10;    0.80;   stop
  3895;     778.67;    1134.91;     779.30;    1122.04;     751.89;    1120.72;     751.27;    1133.58;       10;    0.80;   move
    64;    1803.03;    2059.22;    1816.74;    2032.78;    1805.18;    2026.78;    1791.46;    2053.22;       10;    0.80;   stop
     4;    1640.77;    1115.84;    1641.42;    1104.12;    1614.98;    1102.66;    1614.33;    1114.38;       10;    0.80;   move
   144;     869.78;    1165.37;     870.10;    1152.78;     844.72;    1152.13;     844.40;    1164.72;       10;    0.80;   stop
    68;     825.75;    1614.13;     826.29;    1602.15;     803.25;    1601.12;     802.71;    1613.10;       10;    0.80;   stop
    39;    2817.33;    1273.61;    2819.91;    1262.10;    2794.92;    1256.51;    2792.34;    1268.02;       10;    0.80;   stop
   303;    1875.13;     696.64;    1889.51;     695.20;    1886.78;     667.98;    1872.40;     669.43;       10;    0.80;   stop
   128;    1890.03;    1127.54;    1902.40;    1124.78;    1896.62;    1098.84;    1884.25;    1101.59;       10;    0.80;   move
  1874;    1783.11;    1172.82;    1783.46;    1158.97;    1752.53;    1158.18;    1752.18;    1172.03;       10;    0.80;   stop
    96;    1321.97;      73.24;    1354.43;      73.17;    1354.41;      58.95;    1321.94;      59.01;       10;    0.79;   stop
  1355;    1871.70;     398.80;    1884.11;     398.54;    1883.55;     371.83;    1871.14;     372.09;       10;    0.79;   stop
   101;    1331.96;    1073.87;    1332.12;    1061.73;    1305.04;    1061.38;    1304.88;    1073.52;       10;    0.79;   stop
  1408;    1608.86;    1142.60;    1609.68;    1130.44;    1585.02;    1128.78;    1584.20;    1140.93;       10;    0.79;   stop
    26;    2079.70;    1214.82;    2080.15;    1203.70;    2058.05;    1202.80;    2057.60;    1213.92;       10;    0.79;   stop
   383;    1995.21;    1175.87;    2000.49;    1165.44;    1977.91;    1154.01;    1972.63;    1164.43;       10;    0.79;   move
    44;    2698.12;    1254.38;    2699.86;    1241.55;    2670.01;    1237.49;    2668.26;    1250.33;       10;    0.79;   stop
  2882;    2705.96;    1945.38;    2733.25;    1933.37;    2727.42;    1920.12;    2700.13;    1932.13;       10;    0.79;   move
    28;    2679.69;    1978.22;    2704.16;    1969.26;    2699.68;    1957.03;    2675.22;    1965.99;       10;    0.79;   stop
    71;    1927.43;     716.79;    1938.72;     716.48;    1938.07;     692.83;    1926.78;     693.14;       10;    0.79;   move
   159;    1975.01;     775.14;    1987.72;     774.92;    1987.24;     746.99;    1974.53;     747.21;       10;    0.79;   stop
   160;    1960.12;     432.23;    1960.12;     403.65;    1948.31;     403.65;    1948.31;     432.23;       10;    0.79;   stop
   331;    1722.33;    1151.39;    1722.91;    1139.24;    1696.54;    1137.98;    1695.96;    1150.14;       10;    0.79;   stop
   899;    1798.66;    1152.88;    1798.98;    1140.51;    1774.34;    1139.87;    1774.02;    1152.24;       10;    0.79;   stop
   148;    2860.55;    1282.11;    2862.98;    1270.10;    2837.20;    1264.89;    2834.77;    1276.90;       10;    0.79;   stop
   132;    3013.20;    1544.65;    3024.50;    1520.77;    3013.05;    1515.35;    3001.75;    1539.23;       10;    0.79;   stop
  3753;    3583.97;    1352.08;    3587.63;    1338.16;    3556.97;    1330.11;    3553.31;    1344.03;       10;    0.79;   move
   109;    1404.18;      72.28;    1404.65;      59.30;    1374.57;      58.22;    1374.10;      71.20;       10;    0.79;   stop
   104;    1962.42;     409.62;    1976.17;     409.08;    1975.08;     381.26;    1961.33;     381.80;       10;    0.79;   stop
    97;    1834.35;     588.63;    1835.02;     562.59;    1821.81;     562.24;    1821.13;     588.29;       10;    0.79;   stop
    92;    1992.67;    1459.59;    1993.07;    1432.98;    1980.83;    1432.79;    1980.43;    1459.40;       10;    0.79;   stop
  1161;    2325.81;    1145.54;    2326.47;    1133.97;    2302.06;    1132.59;    2301.40;    1144.15;       10;    0.79;   move
    73;    3029.47;    1200.31;    3032.65;    1188.60;    3005.78;    1181.31;    3002.60;    1193.03;       10;    0.79;   stop
    87;    1968.48;     159.32;    1981.53;     159.09;    1981.02;     130.37;    1967.97;     130.60;       10;    0.79;   stop
    53;     693.90;    1051.77;     694.46;    1040.01;     670.17;    1038.85;     669.61;    1050.62;       10;    0.79;   stop
   143;    1710.54;    1088.43;    1711.18;    1076.35;    1684.71;    1074.94;    1684.07;    1087.03;       10;    0.79;   stop
  3108;    1485.49;    1141.93;    1486.00;    1129.43;    1458.63;    1128.32;    1458.13;    1140.82;       10;    0.79;   stop
    51;    1981.87;    1347.69;    1983.91;    1321.79;    1971.38;    1320.81;    1969.34;    1346.71;       10;    0.79;   stop
   225;    1740.82;    1090.64;    1741.39;    1079.59;    1717.48;    1078.36;    1716.91;    1089.41;       10;    0.79;   stop
    52;    1968.07;    1412.72;    1969.00;    1388.97;    1957.81;    1388.53;    1956.88;    1412.28;       10;    0.79;   stop
   152;    1950.93;      84.33;    1963.65;      83.97;    1962.85;      55.73;    1950.13;      56.09;       10;    0.79;   stop
    86;    1866.10;     585.71;    1879.97;     584.56;    1877.53;     555.04;    1863.65;     556.19;       10;    0.79;   stop
    83;    1182.37;    1182.84;    1182.60;    1169.98;    1157.63;    1169.53;    1157.40;    1182.40;       10;    0.79;   stop
    36;    2481.32;    1115.80;    2481.58;    1104.41;    2455.93;    1103.82;    2455.67;    1115.21;       10;    0.79;   stop
    66;    2458.14;    1233.62;    2458.77;    1221.33;    2432.98;    1220.00;    2432.35;    1232.30;       10;    0.79;   stop
   103;    2521.79;    1236.73;    2522.48;    1225.22;    2496.46;    1223.64;    2495.77;    1235.15;       10;    0.79;   stop
   136;    1865.66;     663.79;    1865.82;     636.79;    1853.59;     636.71;    1853.43;     663.71;       10;    0.79;   stop
   139;    1429.10;    1078.79;    1429.66;    1066.66;    1403.65;    1065.46;    1403.09;    1077.59;       10;    0.79;   stop
   213;    2412.03;    1788.11;    2414.74;    1760.19;    2402.59;    1759.01;    2399.89;    1786.94;       10;    0.79;   stop
   216;    1855.20;     714.76;    1866.92;     714.00;    1865.17;     686.99;    1853.46;     687.75;       10;    0.79;   stop
   210;    1962.73;    1280.43;    1977.21;    1280.35;    1977.02;    1247.44;    1962.54;    1247.53;       10;    0.79;   stop
   145;    1214.59;    1184.09;    1215.10;    1171.71;    1186.72;    1170.54;    1186.21;    1182.91;       10;    0.79;   stop
    48;    2322.82;    1110.09;    2323.18;    1097.88;    2298.30;    1097.16;    2297.94;    1109.37;       10;    0.79;   stop
    65;    2831.57;    1158.48;    2833.95;    1146.47;    2806.56;    1141.02;    2804.17;    1153.03;       10;    0.79;   stop
    60;    3036.55;    1532.38;    3046.36;    1510.29;    3034.70;    1505.12;    3024.89;    1527.21;       10;    0.79;   stop
   651;    1954.61;     594.95;    1954.88;     569.56;    1942.30;     569.43;    1942.02;     594.81;       10;    0.79;   move
   284;    1899.15;    1286.96;    1911.44;    1285.29;    1907.85;    1258.92;    1895.56;    1260.59;       10;    0.79;   stop
   111;     800.14;    1612.93;     800.96;    1601.75;     777.88;    1600.07;     777.07;    1611.25;       10;    0.79;   stop
   141;    1893.47;    1915.65;    1900.91;    1892.60;    1890.09;    1889.10;    1882.65;    1912.15;       10;    0.79;   move
  2682;    1881.10;     131.15;    1881.31;     105.77;    1868.99;     105.66;    1868.78;     131.05;       10;    0.78;   stop
  1981;    1849.08;     338.83;    1862.72;     338.73;    1862.49;     306.92;    1848.85;     307.02;       10;    0.78;   stop
  1563;    2522.11;    1139.15;    2523.17;    1125.59;    2492.76;    1123.23;    2491.71;    1136.79;       10;    0.78;   stop
   725;    1941.49;    1823.27;    1945.42;    1795.33;    1933.20;    1793.61;    1929.27;    1821.55;       10;    0.78;   stop
  3190;    2651.15;    1961.19;    2676.19;    1950.00;    2670.85;    1938.06;    2645.81;    1949.25;       10;    0.78;   stop
   150;    2283.09;    2141.82;    2311.18;    2129.82;    2305.41;    2116.30;    2277.32;    2128.31;       10;    0.78;   stop
  3433;    1847.19;      54.18;    1861.82;      53.94;    1861.28;      21.20;    1846.65;      21.44;       10;    0.78;   stop
  3090;    1852.04;     141.28;    1865.43;     140.91;    1864.59;     110.16;    1851.20;     110.53;       10;    0.78;   stop
   411;    1875.99;     813.35;    1889.41;     813.29;    1889.29;     787.52;    1875.88;     787.58;       10;    0.78;   stop
   189;     665.19;    1049.20;     665.66;    1037.73;     641.69;    1036.73;     641.21;    1048.21;       10;    0.78;   stop
    14;    1973.83;     971.28;    1974.75;     942.78;    1961.42;     942.35;    1960.50;     970.85;       10;    0.78;   stop
   100;     881.22;    1058.12;     882.02;    1046.13;     857.75;    1044.51;     856.95;    1056.50;       10;    0.78;   stop
   130;    1976.92;     976.92;    1988.69;     976.74;    1988.33;     952.45;    1976.56;     952.63;       10;    0.78;   stop
  2165;    1948.27;    1783.59;    1950.99;    1751.17;    1937.48;    1750.03;    1934.76;    1782.46;       10;    0.78;   stop
  4359;    3772.65;    1421.15;    3777.65;    1405.28;    3742.35;    1394.16;    3737.35;    1410.03;       10;    0.78;   move
   133;    1981.49;     122.04;    1981.65;      96.29;    1969.51;      96.21;    1969.35;     121.96;       10;    0.78;   stop
  2521;    1870.19;     165.66;    1883.42;     165.27;    1882.72;     141.46;    1869.48;     141.85;       10;    0.78;   stop
   978;    1850.73;     549.68;    1863.16;     549.52;    1862.80;     522.45;    1850.38;     522.61;       10;    0.78;   stop
    31;     500.72;    1043.59;     501.16;    1032.02;     477.10;    1031.10;     476.65;    1042.66;       10;    0.78;   stop
   242;     395.72;    1058.96;     396.38;    1046.09;     371.16;    1044.79;     370.50;    1057.66;       10;    0.78;   move
   110;    1042.72;    1063.43;    1043.10;    1052.33;    1021.09;    1051.57;    1020.71;    1062.67;       10;    0.78;   stop
    89;    1584.61;    1082.65;    1585.51;    1071.33;    1562.01;    1069.47;    1561.12;    1080.79;       10;    0.78;   stop
   161;    1967.22;    1447.86;    1967.61;    1423.33;    1955.56;    1423.14;    1955.17;    1447.67;       10;    0.78;   stop
   151;    1828.83;      69.74;    1829.02;      41.72;    1816.17;      41.63;    1815.98;      69.65;       10;    0.78;   stop
   177;    2126.63;     659.17;    2152.96;     658.99;    2152.87;     646.95;    2126.54;     647.13;       10;    0.78;   stop
   208;    1837.05;     739.35;    1850.88;     739.27;    1850.70;     707.40;    1836.87;     707.48;       10;    0.78;   stop
   260;    1830.66;     149.44;    1846.60;     148.93;    1845.46;     113.25;    1829.53;     113.76;       10;    0.78;   stop
   327;    1091.84;    1176.61;    1092.28;    1164.32;    1066.28;    1163.39;    1065.84;    1175.68;       10;    0.78;   stop
   190;    2570.04;    1344.21;    2570.36;    1332.88;    2544.96;    1332.16;    2544.64;    1343.49;       10;    0.78;   stop
   214;    1788.16;    2088.35;    1800.24;    2065.23;    1789.34;    2059.53;    1777.26;    2082.65;       10;    0.78;   stop
   134;    1985.10;     481.32;    1985.16;     454.71;    1972.65;     454.68;    1972.59;     481.29;       10;    0.78;   stop
    42;    1859.09;     848.11;    1872.85;     847.93;    1872.44;     815.77;    1858.68;     815.94;       10;    0.78;   stop
   240;     403.98;    1043.22;     430.93;    1043.07;     430.86;    1030.53;     403.91;    1030.68;       10;    0.78;   stop
    78;    1156.50;    1067.90;    1157.28;    1055.46;    1131.75;    1053.85;    1130.97;    1066.29;       10;    0.78;   stop
   192;    1878.24;    1687.98;    1879.22;    1675.57;    1853.39;    1673.52;    1852.41;    1685.93;       10;    0.78;   stop
   108;    1957.29;    1586.35;    1971.05;    1586.11;    1970.55;    1556.90;    1956.79;    1557.14;       10;    0.78;   stop
   319;    1963.56;    1665.85;    1965.27;    1637.90;    1953.04;    1637.15;    1951.32;    1665.10;       10;    0.78;   stop
   167;    2875.42;    1884.51;    2901.05;    1862.33;    2889.83;    1849.37;    2864.20;    1871.54;        9;    0.78;   stop
  2134;    1871.19;     248.66;    1884.51;     248.45;    1884.06;     219.34;    1870.74;     219.55;       10;    0.78;   stop
   117;    1977.32;     874.73;    1990.72;     874.12;    1989.61;     849.89;    1976.22;     850.50;       10;    0.78;   stop
    99;    1971.90;     937.95;    1984.42;     937.50;    1983.60;     914.37;    1971.08;     914.81;       10;    0.78;   stop
   218;     819.32;     991.66;     819.75;     980.29;     794.63;     979.34;     794.20;     990.71;       10;    0.78;   stop
   196;    1360.49;    1071.12;    1361.11;    1059.68;    1339.51;    1058.51;    1338.89;    1069.94;       10;    0.78;   stop
   264;    2078.19;    1361.94;    2103.88;    1358.80;    2102.31;    1345.93;    2076.62;    1349.07;       10;    0.78;   stop
   219;     905.72;    1166.80;     905.95;    1154.55;     881.63;    1154.08;     881.39;    1166.33;       10;    0.78;   stop
  2520;    2657.69;    1151.34;    2659.33;    1138.46;    2629.44;    1134.66;    2627.80;    1147.54;       10;    0.78;   stop
    15;    2729.28;    1257.51;    2730.87;    1245.21;    2704.93;    1241.87;    2703.35;    1254.17;       10;    0.78;   stop
   254;    2333.08;    2055.36;    2339.95;    2043.63;    2313.92;    2028.39;    2307.05;    2040.12;       10;    0.78;   stop
   203;     686.32;    1155.63;     686.50;    1142.58;     658.06;    1142.18;     657.88;    1155.24;       10;    0.78;   stop
   125;    1877.30;     912.27;    1891.73;     912.09;    1891.36;     880.42;    1876.92;     880.59;       10;    0.78;   stop
   515;    2155.50;    1140.42;    2156.37;    1127.08;    2129.25;    1125.33;    2128.38;    1138.67;       10;    0.78;   stop
   140;     772.45;    1611.41;     772.99;    1600.47;     750.24;    1599.34;     749.69;    1610.28;       10;    0.77;   stop
   185;    2805.49;    1400.17;    2809.64;    1386.60;    2779.76;    1377.46;    2775.61;    1391.02;       10;    0.77;   stop
   149;    2471.58;    1435.23;    2472.81;    1407.13;    2458.92;    1406.52;    2457.69;    1434.62;       10;    0.77;   stop
    18;    3026.84;    1513.98;    3040.07;    1489.09;    3028.66;    1483.02;    3015.43;    1507.91;       10;    0.77;   stop
   346;    1894.13;     756.05;    1907.65;     755.42;    1906.31;     726.70;    1892.79;     727.33;       10;    0.77;   stop
   297;    1894.60;     794.79;    1910.00;     794.05;    1908.37;     759.96;    1892.97;     760.70;       10;    0.77;   stop
  1994;    1908.11;    1357.42;    1921.78;    1356.14;    1919.14;    1327.96;    1905.47;    1329.24;       10;    0.77;   stop
   325;    1929.62;    1125.81;    1941.25;    1119.10;    1925.38;    1091.57;    1913.75;    1098.27;       10;    0.77;   move
   227;    2291.72;    1131.40;    2292.17;    1119.49;    2268.65;    1118.60;    2268.20;    1130.51;       10;    0.77;   move
   194;    1437.17;      72.48;    1437.57;      58.78;    1411.33;      58.02;    1410.93;      71.72;       10;    0.77;   stop
   864;    1862.47;     587.27;    1862.47;     560.23;    1850.22;     560.23;    1850.22;     587.27;       10;    0.77;   stop
   266;    1840.62;     845.77;    1853.24;     845.41;    1852.38;     815.85;    1839.76;     816.22;       10;    0.77;   stop
   305;     962.38;    1174.84;     963.82;    1164.74;     943.09;    1161.78;     941.65;    1171.88;       10;    0.77;   stop
   263;    1975.85;    1312.72;    1976.30;    1287.38;    1963.90;    1287.16;    1963.45;    1312.50;       10;    0.77;   stop
   202;    1691.14;    1149.44;    1691.51;    1136.26;    1662.49;    1135.44;    1662.11;    1148.61;       10;    0.77;   stop
   184;    2309.42;    1227.71;    2310.02;    1214.83;    2282.46;    1213.54;    2281.85;    1226.42;       10;    0.77;   stop
   157;    2488.45;    1344.00;    2489.24;    1331.79;    2463.42;    1330.12;    2462.63;    1342.33;       10;    0.77;   stop
   164;    2460.76;    1563.32;    2462.99;    1538.28;    2450.62;    1537.18;    2448.38;    1562.22;       10;    0.77;   stop
   223;    1818.24;     318.49;    1829.39;     317.72;    1827.88;     295.76;    1816.73;     296.53;       10;    0.77;   stop
  1114;    1893.93;     713.87;    1905.97;     712.62;    1903.41;     687.88;    1891.37;     689.13;       10;    0.77;   stop
   197;    2108.68;    1362.25;    2138.19;    1359.92;    2137.07;    1345.63;    2107.56;    1347.95;       10;    0.77;   stop
   205;    2355.12;    1228.77;    2355.60;    1215.82;    2326.76;    1214.73;    2326.27;    1227.68;       10;    0.77;   stop
  2641;    1936.31;    1858.56;    1940.96;    1833.55;    1929.66;    1831.44;    1925.01;    1856.45;       10;    0.77;   stop
   118;     725.73;    1052.47;     726.08;    1041.73;     703.02;    1040.97;     702.67;    1051.71;       10;    0.77;   stop
   129;    1554.88;     784.94;    1558.48;     759.07;    1546.74;     757.44;    1543.15;     783.31;       10;    0.77;   stop
   243;    1861.62;    1015.61;    1864.31;     992.67;    1853.31;     991.39;    1850.63;    1014.33;       10;    0.77;   move
   191;    2717.36;    1140.18;    2718.99;    1128.02;    2692.39;    1124.45;    2690.76;    1136.61;       10;    0.77;   stop
   215;    1972.22;     194.72;    1984.25;     193.37;    1981.03;     164.72;    1969.00;     166.07;       10;    0.77;   stop
  1620;    1853.56;     415.69;    1866.01;     415.11;    1864.56;     384.19;    1852.11;     384.77;       10;    0.77;   stop
   229;    1876.12;     781.72;    1890.25;     781.01;    1888.88;     753.90;    1874.75;     754.61;       10;    0.77;   stop
   175;    1558.88;    1198.30;    1584.81;    1197.43;    1584.37;    1184.45;    1558.44;    1185.32;       10;    0.77;   stop
   235;    2443.71;    1415.23;    2445.12;    1387.84;    2431.66;    1387.15;    2430.26;    1414.53;       10;    0.77;   stop
    75;    1955.41;    1546.58;    1969.42;    1546.43;    1969.06;    1513.42;    1955.05;    1513.57;       10;    0.77;   stop
   256;    1959.66;     210.07;    1971.53;     208.41;    1967.91;     182.56;    1956.03;     184.22;       10;    0.77;   stop
  1844;    1851.97;     372.67;    1863.30;     371.97;    1861.85;     348.46;    1850.51;     349.16;       10;    0.77;   stop
   147;    1268.95;    1092.20;    1269.27;    1079.72;    1243.74;    1079.05;    1243.41;    1091.53;       10;    0.77;   move
  3768;     963.66;    1147.01;     963.85;    1134.90;     938.44;    1134.49;     938.24;    1146.60;       10;    0.77;   move
  2218;    2564.24;    1140.18;    2565.18;    1127.47;    2539.51;    1125.57;    2538.57;    1138.28;       10;    0.77;   stop
   253;    2430.03;    1930.02;    2430.97;    1899.91;    2417.22;    1899.48;    2416.28;    1929.59;       10;    0.77;   stop
    94;    2772.56;    1941.01;    2795.96;    1929.91;    2790.19;    1917.74;    2766.79;    1928.84;       10;    0.77;   stop
   977;    1873.80;     470.80;    1887.51;     470.57;    1886.98;     438.20;    1873.27;     438.43;       10;    0.76;   stop
   290;    1832.86;     485.20;    1845.89;     484.63;    1844.67;     456.43;    1831.64;     456.99;       10;    0.76;   stop
   204;    1991.52;    1609.69;    1992.35;    1581.18;    1979.73;    1580.81;    1978.90;    1609.32;       10;    0.76;   stop
   163;    2676.48;    1380.23;    2677.44;    1367.85;    2652.27;    1365.90;    2651.31;    1378.27;       10;    0.76;   stop
   234;    2374.07;    1366.39;    2374.64;    1354.00;    2347.18;    1352.73;    2346.61;    1365.13;       10;    0.76;   stop
   222;    2435.70;    1856.16;    2437.53;    1827.90;    2425.05;    1827.09;    2423.22;    1855.35;       10;    0.76;   stop
   320;    1819.14;     353.42;    1832.04;     353.18;    1831.48;     322.71;    1818.58;     322.94;       10;    0.76;   stop
   224;    2094.38;     660.66;    2118.15;     659.71;    2117.62;     646.59;    2093.85;     647.54;       10;    0.76;   stop
  2672;    2026.50;     678.75;    2026.78;     667.33;    2003.25;     666.75;    2002.97;     678.17;       10;    0.76;   stop
   105;    1867.61;     751.09;    1867.87;     725.04;    1854.92;     724.91;    1854.66;     750.96;       10;    0.76;   stop
   170;    1240.54;    1069.83;    1241.30;    1057.93;    1217.58;    1056.42;    1216.82;    1068.32;       10;    0.76;   stop
   244;    2237.73;    1223.99;    2238.50;    1211.08;    2210.15;    1209.38;    2209.37;    1222.30;       10;    0.76;   stop
    82;    2709.95;    1965.71;    2736.77;    1954.57;    2731.30;    1941.41;    2704.48;    1952.56;       10;    0.76;   stop
   490;    2356.64;    1130.83;    2357.01;    1116.62;    2325.24;    1115.79;    2324.87;    1130.01;       10;    0.76;   move
  3491;    1649.17;    1166.29;    1650.00;    1154.25;    1622.33;    1152.34;    1621.50;    1164.38;       10;    0.76;   move
   280;    2185.27;    1221.38;    2186.12;    1208.19;    2157.98;    1206.37;    2157.13;    1219.56;       10;    0.76;   stop
  3286;    1870.66;      63.84;    1882.53;      63.76;    1882.34;      36.28;    1870.47;      36.37;       10;    0.76;   stop
   345;    1821.14;     379.44;    1832.76;     378.94;    1831.74;     355.18;    1820.11;     355.68;       10;    0.76;   stop
  1078;    1874.37;     431.75;    1886.69;     431.13;    1885.38;     405.25;    1873.06;     405.87;       10;    0.76;   stop
   261;    1815.97;     218.91;    1828.21;     218.86;    1828.09;     191.15;    1815.86;     191.21;       10;    0.76;   stop
   162;     890.64;    1619.13;     891.58;    1607.10;     866.04;    1605.12;     865.11;    1617.15;       10;    0.76;   stop
   122;    2649.63;    1350.39;    2650.16;    1338.38;    2623.99;    1337.23;    2623.47;    1349.25;       10;    0.76;   stop
    62;    2739.92;    1904.49;    2767.01;    1891.67;    2760.96;    1878.88;    2733.87;    1891.70;       10;    0.76;   stop
   124;    2804.18;    1930.39;    2830.96;    1912.84;    2822.70;    1900.23;    2795.92;    1917.78;       10;    0.76;   stop
   296;    1975.02;     513.82;    1987.62;     513.47;    1986.86;     486.30;    1974.26;     486.66;       10;    0.76;   stop
   217;     724.60;    1218.60;     725.23;    1205.26;     696.65;    1203.90;     696.02;    1217.24;       10;    0.76;   stop
   153;    1892.57;    1003.47;    1892.68;     975.46;    1878.43;     975.40;    1878.32;    1003.42;       10;    0.76;   move
   123;    2931.32;    1702.04;    2941.07;    1673.98;    2928.43;    1669.59;    2918.68;    1697.65;       10;    0.76;   stop
   220;    1835.37;     560.17;    1835.67;     536.85;    1824.17;     536.70;    1823.86;     560.02;       10;    0.76;   stop
   275;    1857.98;     787.38;    1871.25;     786.70;    1869.61;     754.99;    1856.34;     755.68;       10;    0.76;   stop
   135;    1837.03;     628.45;    1848.43;     627.45;    1846.22;     602.30;    1834.82;     603.30;       10;    0.75;   stop
   195;     640.71;    1569.73;     642.22;    1557.10;     616.48;    1554.02;     614.97;    1566.65;       10;    0.75;   stop
   221;    1454.81;    1079.13;    1455.38;    1067.31;    1433.06;    1066.25;    1432.50;    1078.06;       10;    0.75;   stop
   277;     755.27;    1205.63;     756.00;    1193.46;     727.34;    1191.75;     726.61;    1203.91;       10;    0.75;   stop
  1989;    2487.91;    1156.22;    2489.50;    1143.16;    2462.84;    1139.91;    2461.25;    1152.97;       10;    0.75;   move
   272;    2247.55;    1225.20;    2270.10;    1225.16;    2270.08;    1212.68;    2247.52;    1212.72;       10;    0.75;   stop
   301;     855.70;    1616.58;     856.34;    1604.50;     830.95;    1603.17;     830.32;    1615.25;       10;    0.75;   stop
   355;    2422.65;    1231.64;    2423.04;    1218.34;    2394.23;    1217.48;    2393.83;    1230.78;       10;    0.75;   stop
   310;    2407.33;    1113.92;    2408.06;    1101.67;    2381.42;    1100.08;    2380.69;    1112.33;       10;    0.75;   stop
   255;    1136.02;     690.18;    1137.98;     678.59;    1113.42;     674.44;    1111.46;     686.04;       10;    0.75;   stop
   137;    1897.71;     868.57;    1909.94;     868.24;    1909.29;     843.68;    1897.06;     844.01;       10;    0.75;   stop
   179;     525.16;    1043.93;     525.85;    1033.00;     505.15;    1031.70;     504.46;    1042.62;       10;    0.75;   stop
   299;     774.85;    1215.15;     787.52;    1215.14;     787.50;    1186.73;     774.82;    1186.74;       10;    0.75;   stop
   193;    1899.18;    1821.31;    1904.07;    1795.68;    1891.69;    1793.32;    1886.80;    1818.94;       10;    0.75;   stop
   295;    1955.61;     337.67;    1969.28;     337.28;    1968.39;     305.83;    1954.72;     306.22;       10;    0.75;   stop
  1764;    1985.99;     679.26;    1989.41;     665.23;    1961.26;     658.37;    1957.84;     672.39;       10;    0.75;   stop
   304;    1893.79;     830.16;    1908.23;     829.52;    1906.92;     799.97;    1892.49;     800.60;       10;    0.75;   stop
   336;    1548.17;    1196.20;    1548.42;    1183.77;    1518.58;    1183.17;    1518.33;    1195.61;       10;    0.75;   stop
   245;    2457.94;    1593.32;    2459.19;    1567.41;    2446.69;    1566.80;    2445.44;    1592.72;       10;    0.75;   stop
   937;    1954.89;    1737.51;    1960.03;    1711.86;    1948.21;    1709.49;    1943.06;    1735.14;       10;    0.75;   stop
   385;    2684.74;    2149.43;    2698.52;    2142.26;    2683.39;    2113.19;    2669.61;    2120.37;       10;    0.75;   stop
  2351;    3025.39;    1620.04;    3034.05;    1594.36;    3021.02;    1589.96;    3012.36;    1615.64;       10;    0.75;   stop
   353;    1821.00;     411.52;    1834.41;     411.17;    1833.75;     386.11;    1820.34;     386.46;       10;    0.75;   stop
   200;    3022.91;    1562.40;    3033.05;    1538.59;    3021.34;    1533.60;    3011.20;    1557.41;       10;    0.75;   stop
   338;    1847.23;     913.10;    1847.85;     886.05;    1836.02;     885.78;    1835.40;     912.82;       10;    0.75;   stop
   334;    1009.86;    1172.57;    1010.42;    1160.63;     987.86;    1159.56;     987.29;    1171.50;       10;    0.75;   stop
  3601;    2211.08;    1141.76;    2211.93;    1129.32;    2183.36;    1127.36;    2182.51;    1139.81;       10;    0.75;   stop
   273;    1912.18;    1498.56;    1925.20;    1498.38;    1924.82;    1471.44;    1911.80;    1471.62;       10;    0.75;   stop
    95;    2924.03;    1527.77;    2934.69;    1521.59;    2919.97;    1496.23;    2909.31;    1502.41;       10;    0.75;   stop
   311;    2134.27;    2141.83;    2141.73;    2130.49;    2115.04;    2112.92;    2107.58;    2124.26;       10;    0.75;   stop
   298;     314.08;    1135.64;     314.43;    1122.51;     289.67;    1121.86;     289.32;    1134.99;       10;    0.75;   stop
   168;    2740.77;    1954.16;    2769.78;    1941.36;    2763.48;    1927.09;    2734.47;    1939.89;       10;    0.75;   stop
  1409;    1847.22;     448.30;    1859.46;     447.29;    1857.41;     422.45;    1845.16;     423.46;       10;    0.74;   stop
  1291;    1853.51;     475.07;    1863.56;     474.50;    1862.36;     453.06;    1852.31;     453.62;       10;    0.74;   stop
   231;    1834.71;     799.73;    1834.97;     775.40;    1822.67;     775.27;    1822.40;     799.60;       10;    0.74;   stop
   376;    1867.88;     887.85;    1869.30;     865.57;    1858.87;     864.90;    1857.45;     887.18;       10;    0.74;   stop
   282;     363.36;    1035.18;     364.37;    1022.97;     337.42;    1020.76;     336.41;    1032.96;       10;    0.74;   stop
   174;     752.38;    1189.61;     752.88;    1177.42;     724.39;    1176.26;     723.89;    1188.45;       10;    0.74;   stop
  3841;    3317.06;    1273.23;    3320.67;    1257.71;    3285.75;    1249.58;    3282.14;    1265.11;       10;    0.74;   stop
   999;    3289.96;    1300.98;    3293.85;    1288.27;    3265.98;    1279.73;    3262.09;    1292.43;       10;    0.74;   stop
  1753;    2517.66;     658.32;    2543.39;     658.20;    2543.34;     646.68;    2517.61;     646.80;       10;    0.74;   stop
   307;     796.56;    1023.57;     809.82;    1023.03;     808.81;     998.06;     795.56;     998.59;       10;    0.74;   stop
   342;    1995.25;    1660.62;    2006.87;    1660.47;    2006.57;    1636.76;    1994.95;    1636.91;       10;    0.74;   stop
  2416;    1863.79;     269.94;    1864.17;     224.63;    1848.71;     224.50;    1848.33;     269.81;        9;    0.74;   stop
   335;    1851.98;     969.26;    1852.50;     941.24;    1839.14;     940.99;    1838.63;     969.01;       10;    0.74;   stop
  2811;    2247.99;    1114.08;    2249.12;    1099.77;    2208.33;    1096.54;    2207.19;    1110.85;        9;    0.74;   stop
   176;    3391.62;    1039.63;    3392.57;    1026.87;    3364.01;    1024.74;    3363.06;    1037.50;       10;    0.74;   stop
   412;    1124.80;    1178.63;    1126.16;    1165.28;    1097.08;    1162.31;    1095.71;    1175.65;       10;    0.74;   stop
   248;    1610.89;    1197.52;    1611.04;    1185.53;    1587.49;    1185.23;    1587.33;    1197.22;       10;    0.74;   stop
   270;     860.34;    1583.60;     860.85;    1571.93;     837.42;    1570.90;     836.91;    1582.57;       10;    0.74;   stop
    46;    1294.77;    1647.45;    1295.71;    1635.04;    1269.67;    1633.05;    1268.72;    1645.46;       10;    0.74;   stop
   361;    3147.80;    1485.69;    3153.09;    1472.58;    3124.07;    1460.87;    3118.78;    1473.98;       10;    0.74;   stop
   289;    3725.50;    1492.64;    3729.75;    1478.80;    3697.63;    1468.93;    3693.38;    1482.76;       10;    0.74;   stop
   419;     841.46;    1163.39;     841.85;    1151.57;     816.51;    1150.73;     816.12;    1162.56;       10;    0.74;   stop
   349;    1958.26;    1699.16;    1961.37;    1675.05;    1949.99;    1673.59;    1946.88;    1697.70;       10;    0.74;   stop
  1842;    1839.27;    2041.07;    1855.71;    2008.96;    1842.48;    2002.18;    1826.04;    2034.29;       10;    0.74;   move
   415;    2432.77;    1894.37;    2434.70;    1865.15;    2421.23;    1864.26;    2419.30;    1893.48;       10;    0.74;   stop
   306;     631.08;    1048.84;     631.43;    1036.01;     602.67;    1035.22;     602.32;    1048.05;       10;    0.73;   stop
   116;    1857.78;     939.28;    1871.66;     939.08;    1871.22;     906.85;    1857.34;     907.04;       10;    0.73;   stop
   918;    2663.60;    1251.60;    2665.30;    1236.29;    2630.27;    1232.40;    2628.57;    1247.71;        9;    0.73;   stop
   236;    1192.09;    1822.78;    1192.67;    1800.00;    1181.66;    1799.72;    1181.08;    1822.50;       10;    0.73;   stop
   324;    1555.64;     751.09;    1557.50;     727.51;    1545.99;     726.59;    1544.12;     750.18;       10;    0.73;   stop
   339;     773.10;    1214.83;     773.92;    1187.42;     761.54;    1187.05;     760.72;    1214.46;       10;    0.73;   stop
   309;    2107.20;    1325.73;    2107.40;    1313.97;    2082.30;    1313.52;    2082.10;    1325.28;       10;    0.73;   stop
   448;    1893.88;    1256.00;    1906.03;    1254.22;    1902.34;    1229.12;    1890.19;    1230.91;       10;    0.73;   stop
   440;     853.79;    1025.14;     854.57;     997.98;     841.58;     997.61;     840.81;    1024.77;       10;    0.73;   stop
   374;    1720.62;    1641.29;    1721.47;    1629.64;    1698.44;    1627.96;    1697.59;    1639.61;       10;    0.73;   stop
   384;    2828.91;    1840.95;    2834.27;    1827.88;    2803.59;    1815.30;    2798.23;    1828.37;       10;    0.73;   stop
   380;    2152.58;    2141.75;    2176.56;    2129.77;    2170.99;    2118.62;    2147.01;    2130.60;       10;    0.73;   stop
   401;    1822.74;     769.06;    1835.20;     768.77;    1834.64;     745.19;    1822.18;     745.48;       10;    0.73;   stop
   321;    2546.24;     254.97;    2546.60;     243.65;    2521.51;     242.84;    2521.15;     254.16;       10;    0.73;   stop
   323;     696.84;    1607.58;     697.83;    1595.02;     672.85;    1593.04;     671.85;    1605.60;       10;    0.73;   stop
   233;     763.43;    1577.36;     764.68;    1566.26;     741.47;    1563.64;     740.21;    1574.74;       10;    0.73;   stop
   393;    2417.89;    1369.04;    2418.83;    1355.47;    2389.99;    1353.46;    2389.04;    1367.03;       10;    0.73;   stop
   398;    2419.27;    1573.33;    2430.10;    1572.91;    2429.10;    1547.42;    2418.27;    1547.84;       10;    0.73;   stop
   783;    1875.15;     515.79;    1886.87;     515.73;    1886.76;     491.09;    1875.03;     491.14;       10;    0.73;   stop
   239;    1839.03;     794.29;    1852.85;     793.75;    1851.72;     764.96;    1837.90;     765.50;       10;    0.73;   stop
   308;    1528.61;    1046.46;    1531.09;    1017.93;    1517.89;    1016.79;    1515.41;    1045.31;       10;    0.73;   stop
  1909;    2437.71;    1151.06;    2438.64;    1136.91;    2408.41;    1134.94;    2407.49;    1149.09;       10;    0.73;   move
  2958;    2678.35;    1174.51;    2680.51;    1161.48;    2650.40;    1156.49;    2648.24;    1169.52;       10;    0.73;   move
   658;    1830.15;     201.17;    1845.65;     200.86;    1844.85;     160.51;    1829.35;     160.82;       10;    0.72;   stop
   281;     306.94;    1036.61;     307.27;    1024.66;     283.68;    1024.01;     283.35;    1035.96;       10;    0.72;   stop
   182;     917.71;    1087.04;     918.56;    1074.67;     893.54;    1072.96;     892.69;    1085.33;       10;    0.72;   move
   329;    3243.09;    1090.89;    3261.20;    1067.42;    3250.03;    1058.80;    3231.92;    1082.27;       10;    0.72;   stop
  2159;    3320.16;    1310.53;    3324.28;    1298.75;    3299.53;    1290.09;    3295.41;    1301.87;       10;    0.72;   stop
   414;    2434.36;    1539.56;    2435.62;    1514.32;    2423.01;    1513.69;    2421.75;    1538.93;       10;    0.72;   stop
   237;    1966.97;    1629.40;    1967.88;    1601.99;    1956.09;    1601.60;    1955.18;    1629.01;       10;    0.72;   stop
   360;    2093.37;    2156.94;    2101.15;    2146.74;    2078.32;    2129.31;    2070.53;    2139.51;       10;    0.72;   stop
    72;     641.85;    1077.82;     642.32;    1065.34;     616.28;    1064.36;     615.81;    1076.84;       10;    0.72;   move
    98;     571.96;    1564.75;     572.85;    1551.60;     543.66;    1549.62;     542.77;    1562.78;       10;    0.72;   stop
   212;     730.65;    1609.21;     731.37;    1596.63;     705.60;    1595.17;     704.88;    1607.74;       10;    0.72;   stop
   343;    2443.55;    1752.12;    2445.91;    1727.52;    2434.08;    1726.38;    2431.71;    1750.98;       10;    0.72;   stop
   364;    2978.70;    1761.81;    2988.87;    1738.17;    2975.55;    1732.44;    2965.38;    1756.08;       10;    0.72;   stop
   257;    2087.51;     661.13;    2087.55;     648.45;    2059.43;     648.37;    2059.39;     661.05;       10;    0.72;   stop
   247;     986.94;     675.24;     988.46;     663.36;     963.25;     660.13;     961.73;     672.02;       10;    0.72;   stop
   363;    1542.14;     892.72;    1544.59;     869.05;    1533.61;     867.91;    1531.16;     891.58;       10;    0.72;   stop
   388;    1501.54;    1079.75;    1502.42;    1067.41;    1477.46;    1065.63;    1476.58;    1077.96;       10;    0.72;   stop
   392;    2390.98;    1229.09;    2391.50;    1217.77;    2367.39;    1216.66;    2366.87;    1227.98;       10;    0.72;   stop
   293;    3512.63;    1075.69;    3544.43;    1074.63;    3543.94;    1059.93;    3512.14;    1060.99;       10;    0.72;   stop
   386;    2587.50;     654.00;    2614.89;     652.33;    2614.12;     639.75;    2586.73;     641.42;       10;    0.72;   stop
   178;    1875.44;     552.61;    1887.55;     552.22;    1886.75;     527.39;    1874.64;     527.78;       10;    0.72;   stop
   300;     556.76;    1597.60;     557.45;    1585.65;     533.55;    1584.28;     532.86;    1596.22;       10;    0.72;   stop
   316;    2535.12;    1061.85;    2535.70;    1037.66;    2524.75;    1037.40;    2524.18;    1061.59;       10;    0.72;   stop
   165;    3296.59;    1197.02;    3301.50;    1184.92;    3274.34;    1173.92;    3269.44;    1186.02;       10;    0.72;   stop
   302;    1193.73;    1793.78;    1195.69;    1766.61;    1183.39;    1765.72;    1181.43;    1792.89;       10;    0.72;   stop
   351;    1861.88;    1959.11;    1871.71;    1933.98;    1858.68;    1928.89;    1848.85;    1954.02;       10;    0.72;   stop
   688;    1877.21;     734.53;    1890.32;     733.95;    1888.92;     702.10;    1875.80;     702.67;       10;    0.72;   stop
   428;     230.10;    1132.77;     257.51;    1132.55;     257.40;    1119.10;     229.99;    1119.32;       10;    0.72;   stop
  1787;    3386.38;    1370.99;    3390.06;    1357.96;    3358.93;    1349.17;    3355.25;    1362.19;       10;    0.72;   move
   365;     444.47;    1045.89;     473.58;    1044.37;     472.87;    1030.67;     443.76;    1032.19;       10;    0.71;   stop
   359;    2764.49;    1870.15;    2771.17;    1858.75;    2746.37;    1844.23;    2739.69;    1855.62;       10;    0.71;   stop
   468;    1476.74;     110.16;    1477.91;      97.75;    1450.51;      95.16;    1449.34;     107.56;       10;    0.71;   stop
   267;    1175.28;     694.66;    1176.90;     682.54;    1150.10;     678.96;    1148.48;     691.09;       10;    0.71;   stop
   333;    2444.20;    1113.55;    2444.52;    1102.27;    2419.92;    1101.57;    2419.60;    1112.85;       10;    0.71;   stop
   400;    3189.65;    1398.57;    3195.74;    1368.21;    3180.66;    1365.18;    3174.57;    1395.54;       10;    0.71;   stop
   371;    3173.12;    1424.23;    3175.71;    1411.22;    3147.51;    1405.61;    3144.92;    1418.63;       10;    0.71;   stop
   313;    1815.73;     157.70;    1828.02;     157.65;    1827.91;     131.99;    1815.62;     132.04;       10;    0.71;   stop
   372;    1673.47;    1088.14;    1673.72;    1075.75;    1647.53;    1075.23;    1647.28;    1087.62;       10;    0.71;   stop
   450;     889.67;    1580.43;     890.20;    1568.42;     865.05;    1567.32;     864.52;    1579.33;       10;    0.71;   stop
   430;    1786.35;    2145.44;    1796.87;    2124.74;    1786.42;    2119.43;    1775.90;    2140.13;       10;    0.71;   move
   115;    1667.54;     651.55;    1668.44;     639.78;    1641.08;     637.70;    1640.18;     649.47;       10;    0.71;   stop
   420;    1441.58;    1194.10;    1442.14;    1181.86;    1418.17;    1180.78;    1417.61;    1193.01;       10;    0.71;   stop
   382;    2338.62;    1365.19;    2339.66;    1351.47;    2312.88;    1349.44;    2311.84;    1363.15;       10;    0.71;   stop
  2547;    2544.61;    2023.95;    2574.35;    2013.46;    2569.26;    1999.05;    2539.53;    2009.54;       10;    0.71;   stop
   410;    2351.86;    2044.31;    2358.20;    2032.45;    2333.39;    2019.19;    2327.05;    2031.05;       10;    0.71;   stop
  1484;    1908.14;    1947.92;    1920.25;    1918.31;    1907.48;    1913.08;    1895.37;    1942.69;       10;    0.71;   stop
   396;    1815.66;     101.67;    1827.66;     101.21;    1826.71;      76.64;    1814.72;      77.10;       10;    0.70;   stop
   181;    2328.20;     656.97;    2354.09;     656.01;    2353.67;     644.65;    2327.78;     645.62;       10;    0.70;   stop
   532;    3226.53;    1119.01;    3242.95;    1091.97;    3230.03;    1084.12;    3213.61;    1111.16;       10;    0.70;   stop
   180;     588.53;    1600.44;     589.34;    1586.89;     560.84;    1585.18;     560.03;    1598.74;       10;    0.70;   stop
   328;    2708.26;     648.42;    2733.50;     647.34;    2732.99;     635.48;    2707.75;     636.57;       10;    0.70;   stop
   207;    3554.90;    1074.06;    3582.40;    1073.83;    3582.29;    1060.62;    3554.78;    1060.86;       10;    0.70;   stop
   446;    1965.63;    1771.63;    1967.68;    1747.21;    1956.12;    1746.24;    1954.07;    1770.66;       10;    0.70;   stop
   403;    1934.28;    1934.64;    1943.41;    1908.04;    1931.22;    1903.86;    1922.09;    1930.46;       10;    0.70;   stop
   472;    1382.16;    1192.88;    1409.68;    1191.47;    1408.97;    1177.50;    1381.44;    1178.90;       10;    0.70;   stop
   426;    1840.66;     999.39;    1841.22;     972.99;    1829.28;     972.74;    1828.71;     999.13;       10;    0.70;   stop
  2458;    1927.79;    1892.49;    1936.31;    1861.80;    1923.55;    1858.26;    1915.03;    1888.95;       10;    0.70;   stop
   617;    2234.68;    2097.86;    2242.02;    2086.15;    2214.88;    2069.14;    2207.54;    2080.85;       10;    0.70;   stop
   211;    3356.58;    1035.48;    3359.74;    1022.22;    3328.73;    1014.84;    3325.57;    1028.09;       10;    0.70;   stop
   158;    3215.81;    1053.54;    3235.95;    1036.75;    3227.63;    1026.77;    3207.49;    1043.56;       10;    0.70;   stop
   519;    2174.18;    2119.47;    2180.77;    2107.22;    2155.57;    2093.66;    2148.98;    2105.90;       10;    0.70;   stop
   318;    2518.04;     729.27;    2530.82;     729.15;    2530.59;     703.98;    2517.81;     704.10;       10;    0.70;   stop
   375;    2550.01;     254.70;    2572.98;     254.48;    2572.87;     242.55;    2549.89;     242.77;       10;    0.70;   stop
  3256;     781.46;    1161.45;     781.69;    1148.71;     752.41;    1148.17;     752.18;    1160.91;        9;    0.70;   stop
   279;    1741.17;     659.29;    1742.91;     646.73;    1715.15;     642.89;    1713.42;     655.46;       10;    0.70;   stop
   423;    1844.72;    1349.80;    1855.41;    1349.36;    1854.47;    1326.58;    1843.78;    1327.02;       10;    0.70;   stop
   373;    3420.81;    1076.44;    3453.97;    1076.24;    3453.88;    1060.12;    3420.71;    1060.33;       10;    0.70;   stop
   315;    1319.40;    1613.57;    1319.66;    1602.22;    1296.22;    1601.68;    1295.96;    1613.03;       10;    0.69;   stop
   402;    1089.41;     683.05;    1090.56;     671.00;    1059.90;     668.07;    1058.75;     680.13;       10;    0.69;   stop
   367;    2697.70;     649.93;    2697.75;     639.15;    2673.80;     639.04;    2673.75;     649.82;       10;    0.69;   stop
   485;    2666.72;    2107.38;    2678.61;    2102.17;    2665.40;    2072.00;    2653.51;    2077.20;       10;    0.69;   stop
   452;    1547.19;     857.32;    1549.96;     830.32;    1537.56;     829.05;    1534.79;     856.05;       10;    0.69;   stop
   499;    1806.67;    1650.45;    1808.39;    1637.38;    1778.33;    1633.42;    1776.61;    1646.49;       10;    0.69;   stop
   362;    1814.70;     128.05;    1827.81;     127.66;    1826.97;      99.20;    1813.86;      99.59;       10;    0.69;   stop
   443;     753.36;    1222.71;     754.53;    1209.71;     727.56;    1207.29;     726.40;    1220.29;       10;    0.69;   stop
   358;    2447.55;    1718.95;    2450.36;    1687.64;    2436.83;    1686.43;    2434.01;    1717.73;       10;    0.69;   stop
   417;    2253.63;    1368.27;    2255.10;    1352.38;    2214.50;    1348.60;    2213.02;    1364.49;        9;    0.69;   stop
   459;    1477.94;    1194.88;    1478.24;    1182.86;    1453.81;    1182.24;    1453.51;    1194.26;       10;    0.69;   stop
  3358;    2513.20;    1118.68;    2517.93;    1093.21;    2505.05;    1090.82;    2500.32;    1116.29;       10;    0.69;   stop
   413;    2437.74;    1339.90;    2438.08;    1328.21;    2412.88;    1327.48;    2412.54;    1339.16;       10;    0.69;   stop
   252;    3241.91;    1033.68;    3261.89;    1012.85;    3252.15;    1003.51;    3232.17;    1024.34;       10;    0.69;   stop
   427;    1186.55;    2089.12;    1199.59;    2088.56;    1198.45;    2062.13;    1185.41;    2062.69;       10;    0.69;   stop
   121;     751.05;    1086.69;     751.61;    1072.20;     722.56;    1071.06;     722.00;    1085.55;       10;    0.68;   move
   391;    2738.83;     649.50;    2765.62;     649.09;    2765.42;     636.37;    2738.63;     636.78;       10;    0.68;   stop
  2428;    1693.13;    1149.61;    1693.78;    1135.88;    1680.69;    1135.26;    1680.04;    1148.99;       10;    0.68;   stop
  4016;    3448.06;    1339.86;    3451.11;    1326.56;    3423.81;    1320.30;    3420.76;    1333.59;       10;    0.68;   move
   442;     673.16;    1188.84;     686.52;    1188.68;     686.22;    1163.34;     672.86;    1163.50;       10;    0.68;   stop
   421;    1187.98;    2119.34;    1199.83;    2118.90;    1198.90;    2093.78;    1187.04;    2094.22;       10;    0.68;   stop
   520;    1822.48;     247.35;    1823.44;     225.03;    1813.01;     224.58;    1812.05;     246.91;       10;    0.68;   stop
   511;    2531.72;    1096.76;    2543.79;    1094.81;    2539.40;    1067.74;    2527.34;    1069.69;       10;    0.68;   stop
   166;    1323.34;    1648.41;    1324.45;    1636.64;    1300.16;    1634.34;    1299.05;    1646.11;       10;    0.68;   stop
   477;    1974.73;     226.85;    1985.58;     226.50;    1984.90;     205.15;    1974.05;     205.50;       10;    0.68;   stop
   484;    2551.59;     656.21;    2579.78;     654.84;    2579.16;     642.04;    2550.97;     643.41;       10;    0.68;   stop
   408;    2624.15;     651.75;    2650.16;     650.20;    2649.47;     638.62;    2623.47;     640.17;       10;    0.68;   stop
   332;    2770.77;     648.81;    2796.57;     648.63;    2796.48;     636.22;    2770.68;     636.40;       10;    0.68;   stop
   501;    1909.48;    1445.00;    1924.34;    1443.42;    1920.21;    1404.62;    1905.35;    1406.20;        9;    0.68;   stop
   516;    1769.05;    1646.28;    1770.64;    1633.11;    1742.40;    1629.72;    1740.82;    1642.89;       10;    0.68;   stop
   230;    1887.40;     841.57;    1887.45;     818.96;    1875.92;     818.93;    1875.86;     841.54;       10;    0.68;   stop
   451;    3206.10;    1153.28;    3220.49;    1128.06;    3208.28;    1121.10;    3193.89;    1146.31;       10;    0.68;   stop
   288;    1190.78;    1852.14;    1192.45;    1827.41;    1180.72;    1826.61;    1179.05;    1851.34;       10;    0.68;   stop
   350;    1892.47;    1849.12;    1897.24;    1825.23;    1885.47;    1822.88;    1880.70;    1846.77;       10;    0.68;   stop
   424;     672.12;    1574.04;     673.16;    1561.39;     645.07;    1559.08;     644.03;    1571.73;       10;    0.67;   stop
  2461;    2577.50;    1160.06;    2578.98;    1148.10;    2554.38;    1145.06;    2552.90;    1157.03;       10;    0.67;   move
   340;    3267.37;    1008.70;    3284.16;     985.16;    3272.63;     976.93;    3255.84;    1000.47;       10;    0.67;   stop
  3099;    2159.01;    2156.24;    2182.95;    2146.23;    2178.05;    2134.51;    2154.11;    2144.52;       10;    0.67;   move
   138;     469.87;    1594.51;     471.34;    1581.32;     441.38;    1577.99;     439.91;    1591.18;       10;    0.67;   stop
   278;    1280.74;    1611.97;    1281.19;    1599.81;    1253.33;    1598.78;    1252.88;    1610.94;       10;    0.67;   stop
   508;    1804.01;    1680.88;    1805.19;    1668.90;    1775.64;    1666.00;    1774.47;    1677.97;       10;    0.67;   stop
   478;     832.35;    1209.21;     834.38;    1194.90;     805.46;    1190.79;     803.43;    1205.10;       10;    0.67;   stop
   495;     736.75;    1574.23;     737.69;    1563.92;     719.75;    1562.27;     718.81;    1572.58;       10;    0.67;   stop
   341;    1490.81;    1624.42;    1491.51;    1612.78;    1463.44;    1611.08;    1462.74;    1622.72;       10;    0.67;   stop
  4398;    1905.95;    1400.73;    1920.27;    1399.25;    1916.80;    1365.64;    1902.48;    1367.12;       10;    0.67;   stop
   537;    2469.82;    2068.07;    2495.14;    2056.15;    2488.80;    2042.68;    2463.48;    2054.60;       10;    0.67;   stop
   269;    1983.03;    1523.18;    1983.35;    1499.84;    1972.47;    1499.69;    1972.15;    1523.03;       10;    0.67;   stop
   405;    1034.25;     681.34;    1035.14;     670.09;    1009.87;     668.09;    1008.98;     679.34;       10;    0.67;   stop
   416;    1274.67;      72.29;    1275.41;      58.16;    1244.20;      56.53;    1243.46;      70.66;       10;    0.66;   stop
   455;    1969.88;      90.61;    1981.81;      90.30;    1981.12;      64.08;    1969.19;      64.39;       10;    0.66;   stop
   692;    1257.02;    1189.41;    1258.18;    1173.53;    1221.36;    1170.84;    1220.20;    1186.72;        9;    0.66;   stop
   774;     505.14;    1075.26;     506.05;    1060.92;     467.99;    1058.49;     467.07;    1072.83;        9;    0.66;   move
   569;    2115.67;    2149.64;    2122.04;    2138.44;    2097.08;    2124.24;    2090.71;    2135.44;       10;    0.66;   stop
   500;    1940.23;    2108.64;    1954.52;    2108.33;    1953.87;    2078.61;    1939.58;    2078.92;       10;    0.66;   stop
   259;     225.13;    1065.63;     225.67;    1052.28;     200.26;    1051.25;     199.72;    1064.59;       10;    0.66;   move
   395;     610.17;    1566.10;     611.04;    1553.88;     585.15;    1552.03;     584.27;    1564.24;       10;    0.66;   stop
   429;    2719.09;    1381.73;    2720.18;    1367.73;    2691.79;    1365.52;    2690.70;    1379.52;       10;    0.65;   stop
   347;     960.34;     674.27;     961.81;     662.22;     936.22;     659.09;     934.75;     671.13;       10;    0.65;   stop
   482;     333.13;    1033.61;     333.24;    1021.59;     309.52;    1021.39;     309.42;    1033.41;       10;    0.65;   stop
   552;    3395.68;     879.48;    3408.14;     852.16;    3394.63;     845.99;    3382.17;     873.31;       10;    0.65;   stop
   630;    3156.45;    1464.63;    3162.10;    1451.59;    3136.99;    1440.69;    3131.33;    1453.72;       10;    0.65;   stop
   404;    2150.47;    2128.03;    2157.61;    2117.79;    2136.53;    2103.09;    2129.39;    2113.33;       10;    0.65;   stop
   369;    2687.17;     688.22;    2687.35;     676.23;    2660.70;     675.84;    2660.53;     687.83;       10;    0.65;   stop
   378;     793.14;    1936.27;     793.32;    1910.19;     781.01;    1910.10;     780.83;    1936.19;       10;    0.65;   stop
   449;     500.30;    1007.74;     515.92;    1007.26;     515.02;     977.89;     499.39;     978.37;       10;    0.65;   stop
    38;      19.42;    1066.49;      46.84;    1063.95;      45.68;    1051.33;      18.25;    1053.86;       10;    0.64;   move
   379;     766.23;    1935.34;     778.20;    1935.30;     778.11;    1908.79;     766.14;    1908.83;       10;    0.64;   stop
   146;    1917.83;    1226.32;    1929.72;    1224.34;    1925.92;    1201.43;    1914.03;    1203.41;       10;    0.64;   move
   480;    3333.43;    1375.35;    3336.97;    1362.89;    3309.70;    1355.12;    3306.15;    1367.58;        9;    0.64;   stop
   614;    2506.89;    1982.32;    2515.15;    1971.39;    2492.23;    1954.06;    2483.97;    1964.98;       10;    0.64;   stop
   587;    2491.93;    1992.22;    2500.04;    1981.63;    2474.57;    1962.15;    2466.46;    1972.75;       10;    0.64;   stop
   287;    3005.79;    1596.11;    3016.03;    1575.17;    3004.71;    1569.64;    2994.47;    1590.58;       10;    0.64;   stop
   550;    2404.00;    1892.57;    2405.65;    1865.73;    2392.63;    1864.93;    2390.98;    1891.77;       10;    0.64;   stop
   656;    2254.46;    2088.22;    2260.54;    2075.83;    2234.47;    2063.03;    2228.39;    2075.42;       10;    0.64;   stop
   433;     781.59;    1162.35;     781.89;    1149.27;     752.16;    1148.59;     751.86;    1161.67;       10;    0.64;   stop
   524;    3378.27;    1136.18;    3392.33;    1110.15;    3378.30;    1102.57;    3364.23;    1128.60;       10;    0.64;   stop
   560;    1885.38;    1892.27;    1898.81;    1855.93;    1884.41;    1850.60;    1870.97;    1886.94;        9;    0.64;   stop
   535;    2439.42;    2082.80;    2466.24;    2071.68;    2460.71;    2058.32;    2433.88;    2069.45;       10;    0.64;   stop
   439;    1283.75;      74.47;    1309.97;      73.40;    1309.38;      58.84;    1283.16;      59.91;       10;    0.63;   stop
   607;    1959.48;     748.89;    1975.18;     748.16;    1973.52;     712.48;    1957.82;     713.21;       10;    0.63;   stop
   492;     551.43;    1043.63;     572.84;    1043.20;     572.63;    1032.93;     551.22;    1033.36;       10;    0.63;   stop
   486;    2527.88;     601.67;    2528.95;     577.86;    2517.37;     577.33;    2516.30;     601.14;       10;    0.63;   stop
   399;    3285.01;    1097.34;    3295.58;    1070.81;    3282.17;    1065.47;    3271.61;    1092.01;       10;    0.63;   move
   613;    1881.89;    1651.48;    1882.32;    1638.89;    1857.24;    1638.02;    1856.80;    1650.61;       10;    0.63;   stop
   497;    2518.67;     763.70;    2532.36;     763.63;    2532.21;     734.80;    2518.51;     734.87;       10;    0.63;   stop
   616;     622.44;    1153.13;     647.05;    1152.90;     646.93;    1140.00;     622.32;    1140.22;       10;    0.63;   stop
   155;     355.40;    1550.02;     356.84;    1537.42;     329.91;    1534.35;     328.48;    1546.95;       10;    0.63;   stop
   337;    2836.27;     647.41;    2862.28;     645.69;    2861.48;     633.68;    2835.47;     635.40;       10;    0.63;   stop
   283;    1899.06;    1049.60;    1909.54;    1049.06;    1908.41;    1027.15;    1897.93;    1027.69;       10;    0.63;   move
   673;    2547.91;    1965.10;    2556.22;    1952.24;    2529.96;    1935.27;    2521.65;    1948.13;       10;    0.63;   stop
   664;    3322.96;     636.20;    3349.99;     634.47;    3349.23;     622.63;    3322.20;     624.36;       10;    0.62;   stop
   591;    2520.69;     163.47;    2520.96;     136.47;    2508.81;     136.35;    2508.54;     163.35;       10;    0.62;   stop
  2090;      10.16;    1136.92;      12.26;    1125.76;      -0.27;    1123.40;      -2.37;    1134.55;       10;    0.62;   stop
  2940;    1875.46;    2022.39;    1888.55;    1995.26;    1876.32;    1989.36;    1863.23;    2016.49;       10;    0.62;   stop
   538;    1958.91;    2108.63;    1972.24;    2108.22;    1971.47;    2083.12;    1958.14;    2083.53;       10;    0.62;   stop
   633;    2240.35;    2163.32;    2268.07;    2152.24;    2262.65;    2138.68;    2234.93;    2149.76;       10;    0.62;   stop
   456;    3266.54;     227.87;    3295.21;     225.50;    3294.08;     211.82;    3265.41;     214.19;       10;    0.62;   stop
   460;    1353.57;    1615.62;    1354.70;    1604.42;    1329.55;    1601.88;    1328.42;    1613.08;       10;    0.62;   stop
   381;    3598.12;     429.32;    3610.19;     402.47;    3597.19;     396.62;    3585.12;     423.47;       10;    0.61;   stop
   588;    3551.60;     528.22;    3561.98;     504.55;    3549.96;     499.28;    3539.58;     522.95;       10;    0.61;   stop
   610;     201.61;    1130.90;     226.40;    1130.81;     226.36;    1118.16;     201.57;    1118.25;       10;    0.61;   stop
   467;    3354.24;     634.29;    3378.68;     632.86;    3377.94;     620.32;    3353.51;     621.75;       10;    0.61;   stop
   529;    2167.21;    1395.33;    2179.25;    1394.88;    2178.29;    1368.80;    2166.25;    1369.24;       10;    0.61;   stop
  2828;    2463.99;    1522.02;    2464.65;    1496.68;    2451.89;    1496.35;    2451.23;    1521.69;       10;    0.61;   stop
   394;    3508.11;    1074.86;    3508.26;    1061.09;    3478.14;    1060.77;    3477.99;    1074.54;       10;    0.61;   stop
   479;    2639.47;     691.37;    2652.92;     691.31;    2652.85;     676.68;    2639.40;     676.74;       10;    0.60;   stop
   636;    2407.72;    1828.05;    2410.07;    1802.32;    2397.91;    1801.20;    2395.55;    1826.93;       10;    0.60;   stop
   463;    3792.01;     262.51;    3793.26;     232.21;    3777.37;     231.55;    3776.11;     261.85;       10;    0.60;   stop
   409;    3486.16;    1038.86;    3512.88;    1037.60;    3512.27;    1024.58;    3485.55;    1025.83;       10;    0.60;   stop
   546;    3144.60;    1108.17;    3159.46;    1103.18;    3148.84;    1071.52;    3133.98;    1076.50;       10;    0.60;   stop
   574;    1935.25;    2105.31;    1936.21;    2076.78;    1922.56;    2076.32;    1921.60;    2104.85;       10;    0.60;   stop
   565;    1875.34;     661.52;    1889.85;     661.18;    1888.91;     620.98;    1874.40;     621.32;        9;    0.60;   stop
  4015;    2186.34;    1105.10;    2186.89;    1093.10;    2163.09;    1092.02;    2162.55;    1104.02;       10;    0.60;   stop
   292;    3464.93;     722.89;    3477.02;     694.28;    3462.25;     688.05;    3450.17;     716.65;       10;    0.60;   stop
   598;    2472.01;    1997.81;    2480.80;    1988.08;    2459.62;    1968.94;    2450.83;    1978.67;       10;    0.60;   stop
   629;    2654.48;    2074.04;    2666.03;    2068.79;    2654.02;    2042.34;    2642.47;    2047.58;       10;    0.60;   stop
   608;    1769.04;    2127.66;    1786.39;    2096.38;    1772.79;    2088.84;    1755.44;    2120.12;        9;    0.60;   stop
  3201;    3020.24;    1670.34;    3029.88;    1646.83;    3017.72;    1641.85;    3008.09;    1665.36;       10;    0.60;   stop
   620;    2595.28;    1948.27;    2601.02;    1934.68;    2570.35;    1921.73;    2564.61;    1935.32;       10;    0.60;   stop
  1323;    1649.99;    1150.09;    1651.09;    1135.21;    1614.76;    1132.53;    1613.66;    1147.41;       10;    0.59;   stop
  1921;    1875.67;     659.84;    1891.04;     659.26;    1889.61;     621.53;    1874.24;     622.11;       10;    0.59;   stop
   276;    2858.80;     243.40;    2889.34;     241.72;    2888.54;     227.22;    2858.00;     228.91;       10;    0.59;   stop
   432;    3420.15;    1039.07;    3448.24;    1038.47;    3447.98;    1026.25;    3419.89;    1026.84;       10;    0.59;   stop
   948;    2404.77;    1130.39;    2405.44;    1119.76;    2385.11;    1118.48;    2384.44;    1129.11;       10;    0.59;   move
   453;    1253.24;    1474.41;    1257.83;    1445.84;    1245.39;    1443.84;    1240.79;    1472.41;       10;    0.59;   stop
   706;    2527.88;    1973.10;    2536.14;    1961.90;    2515.12;    1946.40;    2506.86;    1957.60;       10;    0.59;   stop
   475;    1118.84;    1638.29;    1147.07;    1637.99;    1146.91;    1623.08;    1118.68;    1623.39;       10;    0.58;   stop
   646;    2366.52;    1338.08;    2367.63;    1325.42;    2341.23;    1323.11;    2340.12;    1335.77;       10;    0.58;   stop
   648;    2193.10;    2116.56;    2202.22;    2104.87;    2177.15;    2085.31;    2168.03;    2097.00;       10;    0.58;   stop
   418;    1261.79;    1646.58;    1262.92;    1633.96;    1237.40;    1631.67;    1236.26;    1644.29;       10;    0.58;   stop
   659;    1949.57;    1903.87;    1958.15;    1866.09;    1942.93;    1862.63;    1934.35;    1900.41;       10;    0.58;   stop
   558;    1980.86;    2112.63;    1993.50;    2109.99;    1987.77;    2082.49;    1975.12;    2085.13;       10;    0.58;   stop
  4226;    1224.62;    1580.64;    1226.74;    1559.23;    1215.51;    1558.11;    1213.38;    1579.52;       10;    0.58;   move
   545;    2761.79;    1387.98;    2763.60;    1374.14;    2733.13;    1370.14;    2731.32;    1383.99;       10;    0.58;   stop
   621;    3143.75;    1391.88;    3150.01;    1366.24;    3136.56;    1362.96;    3130.30;    1388.60;       10;    0.58;   stop
  1582;    2425.75;    1627.32;    2428.07;    1602.57;    2415.87;    1601.43;    2413.55;    1626.18;       10;    0.58;   stop
   473;    3565.83;     630.74;    3597.15;     627.72;    3595.74;     613.09;    3564.42;     616.11;       10;    0.57;   stop
   601;    2432.49;     259.99;    2460.01;     259.47;    2459.76;     246.26;    2432.24;     246.78;       10;    0.57;   stop
   294;     621.82;    1355.98;     623.46;    1342.59;     596.93;    1339.33;     595.29;    1352.73;       10;    0.57;   stop
  2348;    2616.02;    1146.63;    2617.54;    1131.71;    2582.23;    1128.12;    2580.71;    1143.04;        9;    0.57;   stop
   502;    3137.13;    1181.04;    3151.68;    1155.68;    3139.43;    1148.65;    3124.88;    1174.01;       10;    0.57;   stop
   518;    3349.59;     988.48;    3357.48;     963.93;    3344.16;     959.65;    3336.27;     984.19;       10;    0.57;   stop
  3344;    2501.97;    1079.71;    2502.02;    1055.57;    2490.41;    1055.54;    2490.35;    1079.68;       10;    0.57;   stop
   567;    3247.47;    1123.79;    3260.47;    1101.25;    3248.46;    1094.33;    3235.47;    1116.87;       10;    0.57;   stop
   680;    2567.63;    1954.82;    2575.36;    1943.25;    2551.87;    1927.56;    2544.14;    1939.13;       10;    0.57;   stop
   466;    2089.94;     266.12;    2115.60;     265.45;    2115.31;     254.19;    2089.65;     254.86;       10;    0.56;   stop
  4241;    2704.73;     688.36;    2728.17;     687.28;    2727.52;     673.45;    2704.08;     674.54;       10;    0.56;   stop
  2060;       0.43;    1033.97;      20.83;    1033.49;      20.52;    1020.10;       0.12;    1020.57;       10;    0.56;   stop
   232;     524.86;    1561.33;     525.51;    1548.93;     497.02;    1547.42;     496.36;    1559.82;       10;    0.55;   stop
   694;    2534.02;     808.62;    2534.27;     783.38;    2521.36;     783.25;    2521.11;     808.49;       10;    0.55;   stop
   568;    3301.61;    1004.77;    3314.91;     973.21;    3297.46;     965.85;    3284.15;     997.41;       10;    0.55;   stop
   434;    1361.28;    1652.10;    1362.21;    1639.36;    1335.35;    1637.40;    1334.42;    1650.14;       10;    0.55;   stop
   599;    2457.25;    2008.39;    2465.77;    1997.89;    2440.62;    1977.49;    2432.11;    1987.99;       10;    0.55;   stop
   474;     797.05;    1936.54;     809.86;    1936.52;     809.83;    1909.09;     797.02;    1909.10;       10;    0.55;   stop
   682;    2883.13;    1467.02;    2893.51;    1457.76;    2873.12;    1434.92;    2862.74;    1444.17;       10;    0.55;   stop
  4294;    3117.25;     437.41;    3134.57;     437.13;    3134.00;     402.59;    3116.68;     402.87;       10;    0.55;   move
   447;     498.60;     578.49;     501.39;     567.25;     482.03;     562.44;     479.24;     573.69;       10;    0.55;   stop
  4039;     562.25;    1240.69;     591.53;    1239.45;     590.88;    1224.00;     561.59;    1225.23;       10;    0.54;   stop
   441;     371.38;    1674.21;     371.57;    1649.34;     357.06;    1649.23;     356.87;    1674.10;       10;    0.54;   stop
   590;    1534.39;     978.76;    1536.88;     954.00;    1525.61;     952.86;    1523.12;     977.63;       10;    0.54;   stop
  2334;    3176.49;    1160.69;    3182.02;    1138.35;    3169.44;    1135.24;    3163.92;    1157.59;       10;    0.54;   stop
  3644;    2640.37;    2045.53;    2651.87;    2040.57;    2641.13;    2015.72;    2629.63;    2020.68;       10;    0.54;   stop
   370;     615.61;    1375.88;     617.95;    1362.67;     590.95;    1357.87;     588.61;    1371.08;       10;    0.54;   stop
   445;     826.81;    1934.14;     826.81;    1907.73;     812.87;    1907.73;     812.87;    1934.14;       10;    0.54;   stop
   589;    1466.89;     925.01;    1468.34;     912.44;    1441.24;     909.30;    1439.79;     921.88;       10;    0.54;   stop
  4251;    3180.55;    1119.59;    3194.59;    1115.78;    3185.07;    1080.72;    3171.03;    1084.53;       10;    0.54;   stop
   577;    1550.53;     818.79;    1554.60;     789.61;    1540.97;     787.71;    1536.90;     816.89;       10;    0.54;   stop
   507;    2650.82;    1349.93;    2651.56;    1338.68;    2639.48;    1337.88;    2638.74;    1349.13;       10;    0.54;   stop
   615;    3385.04;     906.31;    3395.38;     880.33;    3381.84;     874.94;    3371.49;     900.92;       10;    0.53;   stop
   549;    3532.39;     629.89;    3562.11;     628.87;    3561.67;     615.81;    3531.95;     616.83;       10;    0.53;   stop
   476;    1482.80;    1658.94;    1484.18;    1647.11;    1457.95;    1644.06;    1456.57;    1655.89;       10;    0.53;   stop
  4289;    1240.09;    1548.87;    1245.45;    1522.75;    1232.66;    1520.13;    1227.30;    1546.25;       10;    0.53;   stop
   431;    2360.28;     655.98;    2382.70;     655.24;    2382.34;     644.52;    2359.93;     645.26;       10;    0.53;   stop
   506;    2804.63;     647.83;    2825.31;     647.36;    2825.06;     636.54;    2804.38;     637.01;       10;    0.53;   stop
  1797;    2517.18;     631.41;    2528.95;     631.00;    2528.07;     606.09;    2516.30;     606.50;       10;    0.53;   stop
   526;    2510.65;     349.37;    2523.64;     349.22;    2523.35;     323.38;    2510.36;     323.53;       10;    0.53;   stop
   678;     726.19;    1053.02;     726.90;    1039.86;     719.90;    1039.48;     719.19;    1052.64;       10;    0.53;   stop
   602;    3215.98;    1177.53;    3230.42;    1153.33;    3219.02;    1146.53;    3204.58;    1170.74;       10;    0.53;   stop
  4364;    1042.66;    1175.59;    1043.17;    1162.17;    1013.84;    1161.04;    1013.33;    1174.46;       10;    0.52;   stop
   514;    2523.19;     319.83;    2523.31;     289.41;    2509.68;     289.35;    2509.57;     319.78;       10;    0.52;   stop
   578;    2409.57;    2148.18;    2411.72;    2121.13;    2398.30;    2120.07;    2396.16;    2147.12;       10;    0.52;   stop
   570;    3202.56;     641.35;    3231.81;     640.78;    3231.50;     625.21;    3202.26;     625.78;       10;    0.52;   stop
  3476;      26.08;    1507.06;      27.41;    1495.49;       5.12;    1492.94;       3.79;    1504.51;       10;    0.52;   stop
   561;    1962.65;      42.52;    1962.98;       9.95;    1947.85;       9.80;    1947.52;      42.37;       10;    0.52;   stop
   612;    2509.37;     194.78;    2521.79;     194.52;    2521.26;     168.60;    2508.83;     168.86;       10;    0.52;   stop
   487;    3561.48;    1280.38;    3576.17;    1280.15;    3575.70;    1250.87;    3561.01;    1251.10;       10;    0.52;   stop
   576;    1912.55;    1580.03;    1926.29;    1579.85;    1925.86;    1546.35;    1912.11;    1546.53;       10;    0.52;   stop
   525;    2065.02;     300.40;    2088.97;     299.37;    2088.48;     287.97;    2064.53;     289.00;       10;    0.51;   stop
   559;    3494.67;     567.49;    3504.31;     542.79;    3491.58;     537.82;    3481.94;     562.52;       10;    0.51;   stop
   471;     526.75;    1597.05;     527.77;    1583.05;     500.75;    1581.07;     499.73;    1595.08;       10;    0.51;   stop
   729;    2782.83;    1864.64;    2789.70;    1853.39;    2765.30;    1838.48;    2758.43;    1849.74;       10;    0.51;   stop
   465;    2397.44;     655.98;    2422.15;     655.03;    2421.69;     642.84;    2396.97;     643.79;       10;    0.51;   stop
   312;    3685.14;    1476.76;    3688.98;    1463.83;    3655.48;    1453.87;    3651.64;    1466.79;       10;    0.51;   stop
   603;    2526.12;     478.33;    2526.54;     454.53;    2513.51;     454.30;    2513.09;     478.10;       10;    0.51;   stop
   583;     522.16;    2096.20;     548.81;    2095.56;     548.47;    2081.30;     521.82;    2081.94;       10;    0.51;   stop
  4064;    3007.19;     236.24;    3030.98;     234.86;    3030.31;     223.32;    3006.52;     224.70;       10;    0.51;   stop
   517;     411.72;    1589.65;     436.56;    1589.10;     436.25;    1575.35;     411.41;    1575.90;       10;    0.51;   stop
   491;    2886.62;     647.64;    2915.38;     646.04;    2914.63;     632.51;    2885.87;     634.11;       10;    0.51;   stop
   498;    2921.12;     646.17;    2949.08;     646.08;    2949.04;     633.28;    2921.07;     633.38;       10;    0.51;   stop
   454;    2987.62;    1506.73;    3000.75;    1477.48;    2989.13;    1472.27;    2976.00;    1501.52;       10;    0.50;   stop
   438;    1815.66;      34.78;    1828.47;      34.12;    1827.09;       7.40;    1814.28;       8.07;       10;    0.50;   stop
   169;    1880.14;     604.80;    1891.28;     603.31;    1888.61;     583.20;    1877.47;     584.69;       10;    0.50;   stop
   425;    3751.20;     209.75;    3779.07;     205.85;    3776.93;     190.56;    3749.06;     194.46;       10;    0.50;   stop
  3352;    1558.79;    1116.78;    1559.63;    1101.22;    1527.08;    1099.47;    1526.25;    1115.03;        9;    0.50;   move
  1324;    3170.61;     646.48;    3184.86;     636.44;    3175.32;     622.90;    3161.07;     632.94;       10;    0.50;   stop
   647;    2405.94;    1862.76;    2407.49;    1839.23;    2396.31;    1838.49;    2394.76;    1862.02;       10;    0.50;   stop
   626;    3568.02;    1318.01;    3578.20;    1311.76;    3566.35;    1292.46;    3556.18;    1298.70;       10;    0.50;   stop
   649;     571.12;    1040.21;     595.34;    1039.76;     595.13;    1028.85;     570.91;    1029.30;       10;    0.49;   stop
   397;      61.09;    1793.73;      77.92;    1772.92;      67.00;    1764.09;      50.17;    1784.89;       10;    0.49;   stop
   650;    2592.98;    1428.89;    2598.84;    1399.91;    2585.02;    1397.11;    2579.16;    1426.09;       10;    0.49;   stop
   541;    1043.15;    1175.76;    1043.78;    1161.85;    1013.72;    1160.49;    1013.09;    1174.40;        9;    0.49;   stop
  2517;    1989.39;    1645.93;    1991.11;    1621.84;    1980.36;    1621.07;    1978.64;    1645.16;       10;    0.48;   stop
   462;    2827.71;     243.92;    2852.69;     242.59;    2852.04;     230.27;    2827.06;     231.59;       10;    0.48;   stop
   723;    3191.04;    1176.27;    3205.24;    1151.93;    3193.34;    1144.98;    3179.13;    1169.32;       10;    0.48;   stop
   563;    1189.27;    2148.55;    1200.55;    2148.08;    1199.48;    2122.70;    1188.20;    2123.17;       10;    0.48;   stop
   683;    1110.20;      79.83;    1133.26;      79.40;    1133.05;      68.67;    1109.99;      69.10;       10;    0.48;   stop
   707;    2663.58;    1251.98;    2665.58;    1236.64;    2640.23;    1233.33;    2638.23;    1248.67;       10;    0.48;   stop
   625;    3232.36;    1149.33;    3244.53;    1126.77;    3232.64;    1120.36;    3220.47;    1142.92;       10;    0.48;   stop
  1149;    1604.82;    1666.67;    1605.75;    1654.08;    1578.93;    1652.08;    1578.00;    1664.67;       10;    0.47;   stop
  3142;     496.12;    1593.89;     496.88;    1581.87;     475.13;    1580.49;     474.37;    1592.50;       10;    0.47;   stop
   483;    1632.84;     647.48;    1634.01;     636.35;    1610.53;     633.89;    1609.37;     645.02;       10;    0.47;   stop
   605;    1845.47;    1465.64;    1869.47;    1465.28;    1869.28;    1452.61;    1845.28;    1452.97;       10;    0.47;   stop
  3043;    1152.62;    1182.95;    1153.42;    1168.84;    1127.38;    1167.36;    1126.58;    1181.47;       10;    0.46;   stop
   575;    1502.04;     929.40;    1503.51;     916.65;    1474.71;     913.35;    1473.24;     926.10;       10;    0.46;   stop
   584;    1702.31;    1676.95;    1703.58;    1663.53;    1676.07;    1660.92;    1674.80;    1674.35;       10;    0.46;   stop
   674;    2616.68;    1431.26;    2618.82;    1407.10;    2606.32;    1405.99;    2604.18;    1430.15;       10;    0.46;   stop
   555;    1175.23;    1062.61;    1175.31;    1053.49;    1157.27;    1053.32;    1157.18;    1062.45;       10;    0.46;   stop
  4366;    1827.60;    1086.03;    1840.03;    1063.32;    1828.65;    1057.09;    1816.22;    1079.80;       10;    0.46;   move
   542;    3662.30;     628.63;    3698.32;     625.47;    3697.07;     611.22;    3661.06;     614.37;       10;    0.46;   stop
   722;     588.86;    1208.34;     589.35;    1195.45;     563.32;    1194.47;     562.84;    1207.36;       10;    0.45;   stop
   521;    3784.24;     203.92;    3810.37;     202.14;    3809.51;     189.37;    3783.38;     191.14;       10;    0.45;   stop
   631;    1196.42;    1756.92;    1198.02;    1727.55;    1184.83;    1726.83;    1183.23;    1756.20;       10;    0.45;   stop
  3563;     212.15;    1529.67;     213.13;    1517.53;     185.82;    1515.33;     184.84;    1527.47;       10;    0.45;   stop
  1218;    2208.25;    2108.36;    2217.67;    2099.30;    2199.13;    2080.01;    2189.71;    2089.07;       10;    0.45;   stop
   609;    3757.05;     332.06;    3757.65;     296.85;    3739.19;     296.54;    3738.60;     331.75;       10;    0.44;   stop
   594;    3617.77;     629.84;    3646.65;     628.43;    3645.98;     614.92;    3617.10;     616.34;       10;    0.44;   stop
   745;    1977.24;    1777.68;    1978.88;    1755.61;    1968.33;    1754.82;    1966.68;    1776.89;       10;    0.44;   stop
  4240;    1829.65;     201.29;    1845.14;     201.07;    1844.60;     162.65;    1829.11;     162.87;        9;    0.44;   stop
   685;    1978.77;     743.22;    1988.35;     743.13;    1988.17;     723.78;    1978.59;     723.87;       10;    0.44;   stop
   600;    3143.58;     158.69;    3144.39;     129.55;    3129.23;     129.13;    3128.43;     158.27;       10;    0.44;   stop
   582;    3657.59;     302.33;    3670.54;     273.94;    3656.79;     267.67;    3643.84;     296.06;       10;    0.44;   stop
   634;    1832.91;     264.78;    1834.09;     246.01;    1824.47;     245.41;    1823.29;     264.18;       10;    0.44;   stop
   571;    3451.52;     752.03;    3462.10;     725.21;    3448.48;     719.84;    3437.90;     746.66;       10;    0.44;   stop
  4056;     216.16;    1780.65;     244.24;    1778.32;     243.22;    1765.92;     215.13;    1768.24;       10;    0.44;   move
   709;    1886.12;    2039.33;    1897.79;    2016.45;    1886.47;    2010.67;    1874.80;    2033.55;       10;    0.43;   stop
   586;    1905.91;    1400.48;    1919.43;    1399.04;    1915.90;    1365.90;    1902.38;    1367.34;        9;    0.43;   stop
  4416;      63.17;    1129.87;      90.40;    1128.53;      89.76;    1115.44;      62.53;    1116.78;       10;    0.43;   stop
   627;    1352.44;     109.21;    1353.39;      97.00;    1327.31;      94.97;    1326.36;     107.19;       10;    0.43;   stop
  3680;    3426.94;     221.67;    3456.70;     220.54;    3456.18;     206.77;    3426.42;     207.90;       10;    0.43;   stop
   724;    3776.46;     462.85;    3793.25;     462.70;    3792.92;     426.84;    3776.13;     426.99;        9;    0.42;   stop
   730;    1840.76;    1686.45;    1841.72;    1673.58;    1816.24;    1671.68;    1815.28;    1684.55;       10;    0.42;   stop
  4420;    2946.57;     239.76;    2971.98;     239.14;    2971.68;     226.55;    2946.27;     227.18;       10;    0.42;   stop
   509;     587.16;    1366.38;     592.89;    1339.95;     580.96;    1337.37;     575.24;    1363.80;       10;    0.41;   stop
   735;    3777.29;     400.75;    3793.50;     399.99;    3792.08;     369.87;    3775.87;     370.64;       10;    0.41;   stop
   702;    1983.14;    1527.96;    1992.94;    1527.89;    1992.80;    1507.85;    1983.00;    1507.92;       10;    0.41;   stop
  3801;    2453.77;    1634.60;    2455.02;    1608.23;    2442.98;    1607.65;    2441.73;    1634.02;       10;    0.41;   stop
  1246;    3702.13;     626.18;    3730.98;     624.80;    3730.37;     612.02;    3701.52;     613.41;       10;    0.41;   stop
   619;    3546.32;    1038.27;    3546.42;    1026.33;    3519.62;    1026.11;    3519.52;    1038.04;       10;    0.40;   stop
  4276;    2130.86;     264.60;    2136.31;     244.39;    2126.14;     241.65;    2120.69;     261.86;       10;    0.40;   stop
   624;    3579.52;     382.48;    3591.86;     356.69;    3579.23;     350.65;    3566.89;     376.44;       10;    0.40;   stop
  4418;    3642.55;     331.38;    3653.13;     309.15;    3641.83;     303.77;    3631.25;     326.01;       10;    0.39;   stop
  4415;    1958.53;     749.69;    1973.91;     748.95;    1972.22;     713.94;    1956.84;     714.68;        9;    0.39;   stop
  3547;     624.04;    1605.10;     625.49;    1594.60;     605.03;    1591.77;     603.58;    1602.27;       10;    0.39;   stop
  3666;     372.91;    1779.83;     374.36;    1754.34;     361.62;    1753.61;     360.17;    1779.10;       10;    0.39;   stop
  4397;    1909.27;    1445.07;    1924.49;    1443.38;    1920.23;    1405.12;    1905.01;    1406.81;       10;    0.39;   stop
  4229;    1726.49;    2166.92;    1752.20;    2154.60;    1746.08;    2141.83;    1720.37;    2154.15;       10;    0.38;   stop
  1019;    1422.64;    1656.35;    1424.52;    1643.98;    1397.74;    1639.90;    1395.86;    1652.27;       10;    0.38;   stop
  3775;     655.48;    1189.60;     668.05;    1189.15;     667.34;    1169.15;     654.76;    1169.60;       10;    0.37;   stop
   644;    3037.07;     237.09;    3068.74;     235.23;    3067.93;     221.35;    3036.26;     223.21;       10;    0.37;   stop
   596;     555.85;    2096.19;     583.68;    2095.24;     583.21;    2081.31;     555.38;    2082.26;       10;    0.37;   stop
  3224;    3570.41;     496.01;    3580.80;     466.04;    3566.78;     461.17;    3556.39;     491.15;        9;    0.37;   stop
  4264;    1112.57;    1020.86;    1112.89;     993.04;    1099.93;     992.89;    1099.61;    1020.71;       10;    0.37;   stop
  2692;    1684.77;    1639.18;    1685.54;    1626.09;    1657.61;    1624.44;    1656.83;    1637.53;       10;    0.37;   stop
  4298;     492.20;    1558.63;     492.71;    1547.37;     470.61;    1546.37;     470.10;    1557.63;       10;    0.37;   stop
   669;    3583.50;    1279.76;    3598.25;    1279.50;    3597.75;    1251.49;    3583.00;    1251.75;       10;    0.37;   stop
  2651;     762.94;    1934.47;     762.96;    1908.54;     749.98;    1908.53;     749.96;    1934.46;       10;    0.37;   stop
   717;    2451.18;    1681.21;    2452.01;    1656.01;    2437.69;    1655.54;    2436.86;    1680.74;       10;    0.36;   stop
  4263;    3144.86;     267.08;    3168.99;     265.68;    3168.27;     253.23;    3144.14;     254.63;       10;    0.36;   stop
  2031;    2394.33;     674.45;    2394.37;     663.27;    2369.67;     663.18;    2369.63;     674.35;       10;    0.36;   stop
  3605;    1620.41;    1633.29;    1621.19;    1621.85;    1597.09;    1620.21;    1596.31;    1631.65;       10;    0.35;   stop
  4404;     249.00;    1006.41;     253.71;     980.81;     239.90;     978.27;     235.20;    1003.88;       10;    0.35;   stop
  3729;     378.96;    1975.00;     379.85;    1945.08;     366.82;    1944.69;     365.93;    1974.61;       10;    0.35;   stop