vehicle_id; veh_bb_x1; veh_bb_y1; veh_bb_x2; veh_bb_y2; veh_bb_x3; veh_bb_y3; veh_bb_x4; veh_bb_y4; det_class; conf_score; state
     8;    2108.97;    1217.17;    2109.74;    1205.40;    2085.78;    1203.83;    2085.01;    1215.60;       10;    0.83;   stop
     2;    2919.68;    1174.20;    2922.04;    1163.28;    2897.32;    1157.92;    2894.96;    1168.85;       10;    0.83;   stop
   383;    2803.56;    1245.96;    2805.97;    1234.27;    2780.56;    1229.04;    2778.15;    1240.73;       10;    0.83;   move
     3;    3019.35;    1440.81;    3030.01;    1416.20;    3018.15;    1411.06;    3007.49;    1435.68;       10;    0.83;   stop
   422;    1763.44;    1154.00;    1764.18;    1140.45;    1733.06;    1138.75;    1732.32;    1152.30;       10;    0.82;   stop
    32;    2089.95;    1119.58;    2090.34;    1106.47;    2063.55;    1105.67;    2063.16;    1118.78;       10;    0.82;   stop
    17;    1363.42;    1192.71;    1364.26;    1176.61;    1319.71;    1174.29;    1318.87;    1190.39;        9;    0.82;   stop
    59;    2981.00;    1309.72;    2983.71;    1295.72;    2951.50;    1289.49;    2948.79;    1303.49;       10;    0.82;   stop
    60;    3036.29;    1532.36;    3046.14;    1510.09;    3034.96;    1505.14;    3025.11;    1527.41;       10;    0.82;   stop
  1494;    1873.29;     359.23;    1886.73;     359.09;    1886.46;     332.65;    1873.02;     332.79;       10;    0.82;   stop
  2351;    3051.25;    1548.49;    3061.19;    1522.90;    3049.25;    1518.26;    3039.31;    1543.85;       10;    0.82;   move
  2764;    1861.68;     221.20;    1862.71;     189.33;    1848.20;     188.86;    1847.17;     220.73;       10;    0.82;   stop
   107;    2124.24;    1117.93;    2125.17;    1105.78;    2101.26;    1103.95;    2100.33;    1116.09;       10;    0.82;   stop
    20;    1983.54;     375.17;    1984.34;     347.44;    1971.96;     347.08;    1971.16;     374.81;       10;    0.82;   stop
  2076;    1851.36;     303.76;    1863.09;     303.72;    1863.01;     279.55;    1851.29;     279.59;       10;    0.82;   stop
    25;    1270.47;    1072.84;    1271.27;    1060.73;    1245.59;    1059.04;    1244.79;    1071.14;       10;    0.82;   stop
  2210;    1566.60;    1145.44;    1566.85;    1132.06;    1539.52;    1131.56;    1539.27;    1144.94;       10;    0.82;   stop
    39;    2817.97;    1273.80;    2820.62;    1261.97;    2795.40;    1256.32;    2792.76;    1268.16;       10;    0.82;   stop
  2882;    2991.84;    1676.08;    3004.07;    1649.50;    2991.66;    1643.80;    2979.43;    1670.37;       10;    0.82;   move
   258;    1971.94;     792.48;    1972.84;     767.25;    1959.56;     766.77;    1958.66;     792.00;       10;    0.81;   stop
    35;     937.68;    1169.69;     938.64;    1157.78;     912.66;    1155.69;     911.70;    1167.59;       10;    0.81;   stop
    29;    3608.10;    1455.26;    3612.21;    1440.77;    3578.78;    1431.30;    3574.67;    1445.79;       10;    0.81;   stop
   114;    1975.14;     565.83;    1975.74;     536.94;    1962.36;     536.67;    1961.76;     565.56;       10;    0.81;   stop
    45;    3045.60;    1474.76;    3058.13;    1449.58;    3045.33;    1443.21;    3032.80;    1468.39;       10;    0.81;   stop
    26;    2080.17;    1215.06;    2080.47;    1204.29;    2059.46;    1203.69;    2059.15;    1214.46;       10;    0.81;   stop
  3190;    2959.43;    1737.55;    2969.97;    1713.77;    2958.54;    1708.70;    2948.00;    1732.48;       10;    0.81;   move
    11;    1199.92;    1068.08;    1200.65;    1056.72;    1179.46;    1055.36;    1178.72;    1066.71;       10;    0.81;   stop
   149;    2469.60;    1383.73;    2481.10;    1359.17;    2468.78;    1353.40;    2457.28;    1377.96;       10;    0.81;   stop
  4751;    3539.06;    1343.45;    3543.71;    1328.70;    3510.94;    1318.35;    3506.29;    1333.10;       10;    0.81;   move
    23;    1475.95;      72.62;    1476.16;      58.91;    1445.68;      58.44;    1445.47;      72.15;       10;    0.81;   stop
    33;    1965.51;     118.48;    1965.56;      94.73;    1953.99;      94.71;    1953.94;     118.45;       10;    0.81;   stop
    40;    2928.56;    1297.82;    2930.75;    1285.33;    2904.19;    1280.68;    2902.00;    1293.17;       10;    0.81;   stop
  3028;    1883.53;      97.15;    1883.88;      70.09;    1870.22;      69.91;    1869.87;      96.98;       10;    0.81;   stop
  4366;    1109.36;    1087.44;    1109.76;    1075.63;    1085.51;    1074.81;    1085.12;    1086.62;       10;    0.81;   move
   156;    2151.93;    1218.11;    2152.36;    1206.01;    2127.57;    1205.14;    2127.14;    1217.24;       10;    0.81;   stop
    37;    2586.05;    1125.90;    2587.32;    1113.31;    2560.45;    1110.60;    2559.18;    1123.19;       10;    0.81;   stop
    19;    2950.13;    1181.53;    2952.78;    1169.82;    2927.53;    1164.09;    2924.87;    1175.80;       10;    0.81;   stop
    30;    1835.93;     658.50;    1848.68;     658.38;    1848.44;     633.00;    1835.70;     633.12;       10;    0.81;   stop
    79;     811.45;    1161.28;     811.64;    1149.87;     787.88;    1149.47;     787.69;    1160.88;       10;    0.81;   stop
  1943;    1869.77;     290.18;    1882.62;     289.86;    1882.01;     265.01;    1869.16;     265.33;       10;    0.81;   stop
    67;    1967.66;     446.56;    1980.63;     446.34;    1980.15;     418.57;    1967.18;     418.79;       10;    0.81;   stop
    88;     953.43;    1062.19;     980.29;    1061.91;     980.16;    1049.44;     953.30;    1049.72;       10;    0.81;   stop
    55;    1012.45;    1062.45;    1012.72;    1050.89;     987.24;    1050.30;     986.97;    1061.86;       10;    0.81;   stop
     4;     880.63;    1089.02;     881.10;    1076.45;     854.68;    1075.48;     854.22;    1088.05;       10;    0.81;   move
    47;    1662.73;    1200.13;    1664.74;    1188.01;    1639.15;    1183.75;    1637.13;    1195.87;       10;    0.81;   stop
   326;    2096.11;    1135.66;    2096.23;    1124.74;    2072.77;    1124.47;    2072.64;    1135.39;       10;    0.81;   stop
    44;    2697.98;    1254.29;    2699.67;    1241.46;    2670.14;    1237.59;    2668.46;    1250.42;       10;    0.81;   stop
    15;    2729.31;    1257.85;    2730.79;    1245.63;    2704.80;    1242.46;    2703.31;    1254.68;       10;    0.81;   stop
  1652;    1871.85;     325.86;    1884.29;     325.46;    1883.40;     297.39;    1870.96;     297.79;       10;    0.80;   stop
  1610;    1529.39;    1142.86;    1529.82;    1130.56;    1503.61;    1129.64;    1503.18;    1141.94;       10;    0.80;   stop
    54;    1972.39;     909.79;    1986.14;     908.25;    1983.11;     881.21;    1969.36;     882.75;       10;    0.80;   stop
    56;    2886.97;    1168.74;    2889.47;    1156.52;    2862.53;    1151.01;    2860.03;    1163.23;       10;    0.80;   stop
  2283;    1870.43;     207.71;    1882.73;     207.64;    1882.57;     180.41;    1870.27;     180.48;       10;    0.80;   stop
  2134;    1870.09;     247.82;    1883.07;     247.75;    1882.91;     218.50;    1869.93;     218.57;       10;    0.80;   stop
   864;    1852.91;     652.91;    1865.68;     652.50;    1864.84;     626.22;    1852.07;     626.62;       10;    0.80;   move
  3768;    1721.35;    1188.76;    1722.67;    1176.52;    1696.87;    1173.74;    1695.55;    1185.98;       10;    0.80;   move
    22;    3199.86;    1246.77;    3214.07;    1221.23;    3201.39;    1214.17;    3187.18;    1239.71;       10;    0.80;   move
    87;    1968.31;     158.63;    1981.99;     158.51;    1981.75;     129.93;    1968.07;     130.05;       10;    0.80;   stop
   978;    1851.07;     567.30;    1863.15;     567.12;    1862.74;     539.70;    1850.66;     539.88;       10;    0.80;   stop
   243;    1394.67;    1107.15;    1395.13;    1096.51;    1373.95;    1095.60;    1373.49;    1106.24;       10;    0.80;   move
   346;    1932.88;    1146.48;    1943.75;    1139.19;    1928.12;    1115.89;    1917.25;    1123.19;       10;    0.80;   move
    57;    2592.99;    1243.72;    2593.96;    1230.15;    2562.51;    1227.90;    2561.54;    1241.47;       10;    0.80;   stop
    28;    2679.72;    1978.89;    2704.21;    1969.86;    2699.66;    1957.49;    2675.16;    1966.51;       10;    0.80;   stop
  3491;    1744.44;    1169.03;    1745.36;    1157.36;    1718.31;    1155.22;    1717.39;    1166.89;       10;    0.80;   stop
   206;    1973.08;    1382.12;    1974.09;    1357.75;    1962.17;    1357.25;    1961.16;    1381.63;       10;    0.80;   stop
    96;    1353.69;      72.83;    1353.70;      58.82;    1321.56;      58.80;    1321.55;      72.81;       10;    0.80;   stop
    97;    1834.39;     588.73;    1835.31;     562.61;    1822.05;     562.14;    1821.13;     588.26;       10;    0.80;   stop
    74;    3006.86;    1471.93;    3017.64;    1446.88;    3005.89;    1441.82;    2995.11;    1466.87;       10;    0.80;   stop
    41;    1958.84;    1862.33;    1965.02;    1832.67;    1951.85;    1829.92;    1945.66;    1859.58;       10;    0.80;   stop
    82;    2709.70;    1965.75;    2737.29;    1955.06;    2732.14;    1941.75;    2704.54;    1952.44;       10;    0.80;   stop
    77;    1966.99;     844.65;    1979.41;     840.74;    1970.51;     812.47;    1958.09;     816.39;       10;    0.80;   stop
   899;    1798.58;    1152.94;    1798.92;    1140.48;    1774.42;    1139.81;    1774.08;    1152.27;       10;    0.80;   stop
  1563;    2347.97;    1129.08;    2348.70;    1115.77;    2319.28;    1114.17;    2318.55;    1127.48;       10;    0.80;   stop
    65;    2831.78;    1158.38;    2834.03;    1146.25;    2806.34;    1141.12;    2804.09;    1153.25;       10;    0.80;   stop
   188;    1970.46;    1493.40;    1973.26;    1460.90;    1959.63;    1459.72;    1956.84;    1492.23;       10;    0.80;   stop
    62;    2421.79;    2040.54;    2448.41;    2028.20;    2442.33;    2015.09;    2415.72;    2027.43;       10;    0.80;   move
    85;    1948.10;     372.60;    1960.69;     372.34;    1960.15;     346.28;    1947.56;     346.54;       10;    0.80;   stop
   110;    1042.72;    1063.47;    1043.15;    1052.37;    1021.09;    1051.53;    1020.66;    1062.63;       10;    0.80;   stop
   101;    1331.93;    1073.97;    1332.17;    1061.82;    1305.07;    1061.28;    1304.83;    1073.43;       10;    0.80;   stop
  1874;    1782.40;    1172.85;    1782.92;    1159.32;    1752.39;    1158.15;    1751.87;    1171.68;       10;    0.80;   stop
    73;    3029.58;    1200.93;    3032.75;    1189.09;    3005.67;    1181.82;    3002.50;    1193.66;       10;    0.80;   stop
  1355;    1870.41;     399.11;    1883.14;     398.86;    1882.59;     371.51;    1869.86;     371.77;       10;    0.79;   stop
   126;    1833.10;     876.95;    1842.44;     850.59;    1831.03;     846.55;    1821.69;     872.91;       10;    0.79;   stop
   152;    1950.65;      83.24;    1963.81;      82.90;    1963.13;      56.26;    1949.97;      56.60;       10;    0.79;   stop
   144;     869.81;    1166.00;     870.20;    1153.42;     844.83;    1152.62;     844.44;    1165.20;       10;    0.79;   stop
    68;     825.70;    1614.12;     826.26;    1602.21;     803.15;    1601.13;     802.60;    1613.04;       10;    0.79;   stop
   148;    2860.54;    1282.70;    2862.99;    1270.68;    2837.21;    1265.43;    2834.76;    1277.45;       10;    0.79;   stop
  2165;    1948.44;    1784.06;    1950.86;    1751.70;    1937.31;    1750.69;    1934.89;    1783.05;       10;    0.79;   stop
    90;    3126.37;    1453.71;    3138.65;    1428.89;    3125.82;    1422.54;    3113.54;    1447.36;       10;    0.79;   stop
   515;    2136.12;    1139.98;    2136.98;    1126.37;    2109.63;    1124.64;    2108.77;    1138.26;       10;    0.79;   stop
   331;    1722.53;    1150.85;    1723.10;    1138.65;    1696.34;    1137.40;    1695.77;    1149.60;       10;    0.79;   stop
   135;    1836.53;     627.86;    1848.01;     627.25;    1846.72;     602.89;    1835.24;     603.50;       10;    0.79;   stop
    14;    1973.86;     972.03;    1975.09;     943.30;    1961.39;     942.72;    1960.16;     971.45;       10;    0.79;   stop
   143;    1710.60;    1088.50;    1711.26;    1076.30;    1684.65;    1074.87;    1683.99;    1087.07;       10;    0.79;   stop
    83;    1182.07;    1182.95;    1182.33;    1169.93;    1157.37;    1169.43;    1157.11;    1182.45;       10;    0.79;   stop
   103;    2522.03;    1236.82;    2522.75;    1225.21;    2496.22;    1223.56;    2495.50;    1235.17;       10;    0.79;   stop
  4903;    1845.78;      76.83;    1859.48;      76.55;    1858.84;      44.67;    1845.14;      44.95;       10;    0.79;   stop
   104;    1962.59;     409.86;    1976.34;     409.16;    1974.91;     381.02;    1961.16;     381.71;       10;    0.79;   stop
   151;    1827.66;      68.94;    1827.97;      42.58;    1815.70;      42.43;    1815.39;      68.80;       10;    0.79;   stop
  2682;    1880.29;     130.21;    1880.39;     104.97;    1868.12;     104.92;    1868.02;     130.16;       10;    0.79;   stop
   225;    1740.70;    1090.58;    1741.16;    1079.38;    1717.55;    1078.42;    1717.09;    1089.62;       10;    0.79;   stop
    66;    2458.20;    1233.60;    2458.82;    1221.34;    2432.93;    1220.03;    2432.30;    1232.28;       10;    0.79;   stop
   159;    1975.06;     775.09;    1987.68;     774.87;    1987.19;     747.03;    1974.57;     747.25;       10;    0.79;   stop
   284;    1899.29;    1287.23;    1911.23;    1285.60;    1907.71;    1259.77;    1895.77;    1261.40;       10;    0.79;   stop
    71;    1937.94;     151.82;    1938.24;     129.01;    1927.56;     128.87;    1927.26;     151.68;       10;    0.79;   move
   160;    1948.32;     431.90;    1959.85;     431.89;    1959.83;     403.98;    1948.30;     403.98;       10;    0.79;   stop
  3108;    1485.40;    1141.86;    1485.94;    1129.58;    1458.72;    1128.39;    1458.18;    1140.67;       10;    0.79;   stop
  1408;    1608.85;    1143.28;    1609.73;    1131.01;    1585.03;    1129.22;    1584.14;    1141.49;       10;    0.79;   stop
   145;    1214.03;    1184.70;    1214.54;    1172.21;    1186.16;    1171.05;    1185.65;    1183.54;       10;    0.79;   stop
   132;    3011.93;    1545.70;    3023.35;    1521.98;    3012.07;    1516.55;    3000.65;    1540.27;       10;    0.79;   stop
   167;    2875.43;    1885.25;    2901.21;    1862.87;    2889.82;    1849.75;    2864.04;    1872.13;        9;    0.79;   stop
   177;    2152.88;     659.64;    2152.92;     647.69;    2126.62;     647.61;    2126.58;     659.56;       10;    0.79;   stop
    48;    2322.09;    1110.74;    2322.47;    1098.39;    2297.91;    1097.64;    2297.53;    1109.98;       10;    0.79;   stop
  1989;    2292.27;    1145.72;    2292.86;    1133.66;    2266.98;    1132.41;    2266.39;    1144.47;       10;    0.79;   stop
   319;    1963.62;    1666.68;    1965.41;    1638.23;    1952.97;    1637.44;    1951.18;    1665.90;       10;    0.79;   stop
    21;    1816.66;    2028.59;    1829.09;    2003.23;    1817.98;    1997.78;    1805.55;    2023.15;       10;    0.79;   stop
   124;    2804.33;    1931.20;    2831.31;    1912.99;    2822.78;    1900.36;    2795.80;    1918.57;       10;    0.79;   stop
  3433;    1848.40;     143.10;    1863.01;     142.42;    1861.48;     109.46;    1846.87;     110.14;       10;    0.79;   stop
    99;    1972.81;     938.01;    1985.52;     937.68;    1984.94;     914.87;    1972.23;     915.20;       10;    0.79;   stop
    51;    1981.80;    1347.69;    1983.91;    1321.83;    1971.45;    1320.81;    1969.34;    1346.67;       10;    0.79;   stop
   411;    1877.06;     919.33;    1890.52;     919.02;    1889.91;     891.92;    1876.45;     892.23;       10;    0.79;   move
  1161;    2214.69;    1141.90;    2215.65;    1130.35;    2191.56;    1128.35;    2190.60;    1139.90;       10;    0.79;   stop
  1764;    1930.17;     393.98;    1944.50;     393.90;    1944.33;     364.27;    1930.00;     364.35;       10;    0.78;   move
   208;    1836.71;     740.24;    1851.06;     740.23;    1851.04;     708.76;    1836.69;     708.77;       10;    0.78;   stop
   127;    1974.84;     802.49;    1986.62;     802.42;    1986.47;     779.26;    1974.70;     779.33;       10;    0.78;   stop
   327;    1090.72;    1176.53;    1091.21;    1164.51;    1065.53;    1163.47;    1065.04;    1175.49;       10;    0.78;   stop
   130;    1976.22;     977.13;    1988.42;     977.05;    1988.28;     953.37;    1976.08;     953.45;       10;    0.78;   stop
   139;    1428.96;    1078.83;    1429.60;    1066.78;    1403.79;    1065.42;    1403.15;    1077.47;       10;    0.78;   stop
    89;    1584.79;    1082.67;    1585.64;    1071.23;    1561.84;    1069.45;    1560.98;    1080.90;       10;    0.78;   stop
   111;     800.12;    1613.00;     800.97;    1601.76;     777.62;    1600.00;     776.77;    1611.24;       10;    0.78;   stop
   109;    1403.49;      71.68;    1403.81;      59.01;    1374.13;      58.25;    1373.81;      70.93;       10;    0.78;   stop
   238;    1854.24;     714.14;    1868.97;     713.87;    1868.39;     681.99;    1853.65;     682.26;       10;    0.78;   move
  1981;    1848.69;     337.94;    1862.17;     337.88;    1862.02;     306.68;    1848.55;     306.74;       10;    0.78;   stop
  1994;    1907.88;    1357.81;    1921.61;    1356.71;    1919.37;    1328.69;    1905.64;    1329.79;       10;    0.78;   stop
    36;    2455.24;    1115.75;    2481.03;    1115.42;    2480.88;    1103.88;    2455.10;    1104.20;       10;    0.78;   stop
  2641;    1935.81;    1857.96;    1940.36;    1834.06;    1929.69;    1832.04;    1925.14;    1855.94;       10;    0.78;   stop
    64;    1803.14;    2059.30;    1816.59;    2032.58;    1804.92;    2026.70;    1791.47;    2053.42;       10;    0.78;   stop
   133;    1981.47;     122.26;    1981.67;      96.65;    1969.53;      96.55;    1969.33;     122.16;       10;    0.78;   stop
  3286;    1869.65;      63.58;    1881.53;      63.36;    1881.01;      35.98;    1869.13;      36.20;       10;    0.78;   stop
    86;    1866.46;     599.50;    1880.34;     598.80;    1878.85;     569.37;    1864.97;     570.08;       10;    0.78;   stop
   100;     881.84;    1057.87;     882.45;    1046.02;     857.98;    1044.76;     857.37;    1056.61;       10;    0.78;   stop
    78;    1156.78;    1068.56;    1157.57;    1055.96;    1131.47;    1054.32;    1130.68;    1066.91;       10;    0.78;   stop
   174;     751.94;    1190.15;     752.42;    1177.96;     724.06;    1176.85;     723.58;    1189.04;       10;    0.78;   stop
   210;    1962.90;    1280.84;    1977.15;    1280.71;    1976.85;    1248.16;    1962.60;    1248.29;       10;    0.78;   stop
   219;     905.60;    1167.45;     905.82;    1154.98;     881.46;    1154.55;     881.24;    1167.02;       10;    0.78;   stop
   184;    2309.30;    1227.87;    2310.00;    1214.85;    2282.58;    1213.38;    2281.88;    1226.40;       10;    0.78;   stop
  3841;    3317.29;    1273.67;    3320.96;    1258.34;    3286.46;    1250.08;    3282.79;    1265.41;       10;    0.78;   stop
    94;    2771.86;    1941.25;    2795.67;    1929.89;    2789.77;    1917.50;    2765.95;    1928.86;       10;    0.78;   stop
   977;    1873.08;     483.06;    1887.14;     482.93;    1886.86;     452.94;    1872.80;     453.07;       10;    0.78;   stop
   196;    1361.38;    1071.69;    1361.94;    1060.14;    1339.75;    1059.06;    1339.19;    1070.61;       10;    0.78;   stop
  3358;    2467.65;    1138.75;    2492.31;    1131.72;    2488.72;    1119.12;    2464.06;    1126.16;       10;    0.78;   move
   192;    1878.22;    1687.93;    1879.16;    1675.53;    1853.41;    1673.57;    1852.47;    1685.97;       10;    0.78;   stop
  3090;    1852.41;     178.15;    1865.65;     177.64;    1864.50;     147.54;    1851.25;     148.04;       10;    0.78;   stop
   283;    1942.73;     709.94;    1942.76;     687.32;    1931.96;     687.31;    1931.93;     709.93;       10;    0.78;   move
   170;    1240.44;    1069.96;    1241.30;    1057.98;    1217.68;    1056.29;    1216.83;    1068.27;       10;    0.78;   stop
    53;     694.24;    1051.41;     694.84;    1039.53;     669.82;    1038.28;     669.23;    1050.16;       10;    0.78;   stop
   185;    2806.17;    1400.10;    2810.22;    1386.41;    2780.20;    1377.53;    2776.15;    1391.22;       10;    0.78;   stop
   161;    1967.05;    1447.78;    1967.59;    1423.49;    1955.45;    1423.22;    1954.91;    1447.51;       10;    0.78;   stop
   194;    1436.88;      71.93;    1437.28;      58.23;    1410.50;      57.45;    1410.10;      71.15;       10;    0.78;   stop
  1074;    1853.73;     516.83;    1867.33;     516.48;    1866.65;     490.05;    1853.05;     490.40;       10;    0.78;   stop
  2672;    1932.00;     469.26;    1942.89;     467.45;    1939.03;     444.24;    1928.14;     446.05;       10;    0.78;   move
   183;     398.67;    1064.48;     399.13;    1050.59;     368.68;    1049.58;     368.22;    1063.48;       10;    0.78;   move
   298;     314.24;    1135.10;     314.77;    1122.49;     289.97;    1121.47;     289.45;    1134.07;       10;    0.78;   stop
    92;    1992.71;    1460.26;    1993.06;    1433.40;    1980.79;    1433.24;    1980.44;    1460.10;       10;    0.78;   stop
   153;    2311.47;    1207.53;    2312.15;    1193.60;    2281.53;    1192.09;    2280.85;    1206.03;       10;    0.78;   move
  4815;    3580.44;    1370.77;    3584.79;    1357.27;    3552.99;    1347.04;    3548.65;    1360.54;       10;    0.78;   move
   260;    1831.19;     148.17;    1846.55;     147.61;    1845.31;     113.39;    1829.95;     113.95;       10;    0.77;   stop
    31;     500.76;    1043.59;     501.19;    1032.01;     477.05;    1031.10;     476.62;    1042.68;       10;    0.77;   stop
   129;    1554.26;     785.28;    1557.98;     758.75;    1546.24;     757.10;    1542.52;     783.63;       10;    0.77;   stop
  1909;    2256.62;    1144.48;    2257.10;    1131.32;    2227.81;    1130.27;    2227.34;    1143.43;       10;    0.77;   stop
   108;    1957.23;    1585.70;    1970.59;    1585.57;    1970.33;    1557.55;    1956.97;    1557.68;       10;    0.77;   stop
  4359;    3357.34;    1285.77;    3361.39;    1271.19;    3327.98;    1261.89;    3323.92;    1276.47;       10;    0.77;   stop
   651;    1954.17;     483.85;    1967.15;     482.82;    1965.33;     460.02;    1952.35;     461.06;       10;    0.77;   stop
   218;     819.26;     991.74;     819.77;     980.41;     794.41;     979.26;     793.90;     990.59;       10;    0.77;   stop
   197;    2108.85;    1362.13;    2137.98;    1359.90;    2136.90;    1345.74;    2107.77;    1347.98;       10;    0.77;   stop
  3601;    2179.68;    1140.23;    2180.53;    1127.34;    2152.89;    1125.52;    2152.03;    1138.41;       10;    0.77;   stop
    52;    1967.63;    1412.66;    1968.14;    1388.83;    1956.56;    1388.59;    1956.05;    1412.42;       10;    0.77;   stop
   725;    1941.32;    1823.70;    1945.39;    1796.12;    1933.08;    1794.30;    1929.01;    1821.88;       10;    0.77;   stop
   320;    1819.08;     352.93;    1832.11;     352.69;    1831.54;     322.07;    1818.52;     322.31;       10;    0.77;   stop
   117;    1980.02;     874.63;    1992.10;     873.07;    1988.98;     848.87;    1976.90;     850.43;       10;    0.77;   stop
  1078;    1873.81;     437.82;    1887.02;     437.32;    1885.94;     409.30;    1872.73;     409.81;       10;    0.77;   stop
   189;     664.62;    1049.23;     665.14;    1037.80;     641.32;    1036.71;     640.79;    1048.13;       10;    0.77;   stop
   275;    1881.04;    1092.08;    1894.71;    1089.91;    1889.96;    1060.05;    1876.29;    1062.22;       10;    0.77;   move
   305;     962.23;    1175.35;     963.95;    1164.73;     942.68;    1161.28;     940.95;    1171.89;       10;    0.77;   stop
    18;    3026.30;    1514.50;    3038.71;    1489.46;    3026.95;    1483.63;    3014.54;    1508.67;       10;    0.77;   stop
  2520;    2566.10;    1150.94;    2595.44;    1150.07;    2595.03;    1136.18;    2565.69;    1137.05;       10;    0.77;   stop
  4574;    3345.77;    1299.75;    3349.85;    1286.00;    3317.04;    1276.27;    3312.96;    1290.02;       10;    0.77;   move
   224;    2092.54;     660.57;    2117.56;     659.91;    2117.21;     646.68;    2092.19;     647.34;       10;    0.77;   stop
   215;    1970.33;     192.93;    1983.07;     191.64;    1980.29;     164.25;    1967.55;     165.55;       10;    0.77;   stop
   256;    1959.52;     210.50;    1971.26;     208.94;    1967.77;     182.68;    1956.02;     184.25;       10;    0.77;   stop
   140;     772.29;    1612.52;     772.84;    1601.62;     750.19;    1600.48;     749.64;    1611.38;       10;    0.77;   stop
   230;    1878.59;     958.89;    1889.51;     958.74;    1889.22;     936.74;    1878.30;     936.88;       10;    0.77;   move
  2218;    2385.00;    1131.15;    2385.62;    1117.79;    2359.87;    1116.60;    2359.26;    1129.96;       10;    0.77;   stop
   325;    2491.64;    1212.89;    2492.43;    1199.64;    2464.74;    1197.98;    2463.95;    1211.23;       10;    0.77;   move
   128;    1929.48;    1759.58;    1932.64;    1736.29;    1920.74;    1734.67;    1917.58;    1757.96;       10;    0.77;   move
  2521;    1869.20;     166.77;    1882.23;     166.43;    1881.55;     140.35;    1868.52;     140.69;       10;    0.77;   stop
   195;     641.27;    1570.56;     642.68;    1557.97;     616.86;    1555.06;     615.44;    1567.66;       10;    0.77;   stop
   280;    2185.02;    1221.20;    2185.81;    1208.24;    2158.23;    1206.55;    2157.44;    1219.51;       10;    0.77;   stop
   122;    2649.70;    1350.38;    2650.17;    1338.27;    2623.93;    1337.24;    2623.45;    1349.35;       10;    0.77;   stop
   240;     403.37;    1043.47;     430.81;    1042.86;     430.54;    1030.28;     403.09;    1030.89;       10;    0.77;   stop
   264;    2077.91;    1362.76;    2104.22;    1359.54;    2102.59;    1346.24;    2076.28;    1349.46;       10;    0.77;   stop
   234;    2373.44;    1367.35;    2374.06;    1354.21;    2346.69;    1352.90;    2346.06;    1366.04;       10;    0.77;   stop
    95;    2923.99;    1527.67;    2934.56;    1521.58;    2920.01;    1496.33;    2909.44;    1502.42;       10;    0.77;   stop
   168;    2741.58;    1953.60;    2770.21;    1941.50;    2764.36;    1927.65;    2735.73;    1939.75;       10;    0.77;   stop
   345;    1820.50;     379.27;    1832.58;     378.61;    1831.25;     354.23;    1819.17;     354.89;       10;    0.77;   stop
   229;    1877.82;     863.45;    1892.43;     863.21;    1891.96;     834.18;    1877.35;     834.41;       10;    0.77;   move
   182;      94.74;    1049.89;     119.07;    1049.75;     119.01;    1037.92;      94.68;    1038.06;       10;    0.77;   move
   263;    1975.91;    1312.45;    1976.06;    1287.50;    1963.84;    1287.43;    1963.69;    1312.37;       10;    0.77;   stop
   134;    1972.30;     480.98;    1985.63;     480.89;    1985.45;     455.02;    1972.12;     455.11;       10;    0.76;   stop
   303;    1878.52;     728.10;    1892.76;     726.73;    1890.14;     699.52;    1875.89;     700.90;       10;    0.76;   move
   147;     505.34;    1067.95;     505.95;    1054.01;     475.28;    1052.67;     474.67;    1066.61;       10;    0.76;   move
   251;     625.22;    1070.26;     625.90;    1057.45;     598.22;    1055.99;     597.54;    1068.80;       10;    0.76;   move
   376;    1712.08;    1120.81;    1712.80;    1109.16;    1691.04;    1107.82;    1690.33;    1119.47;       10;    0.76;   move
   204;    1991.48;    1609.68;    1992.38;    1581.22;    1979.77;    1580.82;    1978.87;    1609.28;       10;    0.76;   stop
   244;    2237.44;    1223.80;    2238.13;    1211.08;    2210.44;    1209.57;    2209.74;    1222.29;       10;    0.76;   stop
   205;    2355.74;    1229.31;    2356.14;    1216.20;    2327.26;    1215.32;    2326.86;    1228.42;       10;    0.76;   stop
   190;    2569.91;    1344.20;    2570.25;    1332.92;    2545.09;    1332.17;    2544.75;    1343.45;       10;    0.76;   stop
   163;    2676.65;    1380.40;    2677.75;    1368.01;    2652.10;    1365.72;    2651.00;    1378.12;       10;    0.76;   stop
  4645;    1929.68;    1419.36;    1944.13;    1418.46;    1942.20;    1387.51;    1927.74;    1388.42;       10;    0.76;   move
   235;    2443.65;    1415.19;    2445.20;    1387.95;    2431.72;    1387.19;    2430.17;    1414.42;       10;    0.76;   stop
  2476;    3031.48;    1614.47;    3040.72;    1585.07;    3026.27;    1580.53;    3017.03;    1609.93;       10;    0.76;   move
  1844;    1851.64;     371.18;    1863.22;     370.40;    1861.61;     346.57;    1850.03;     347.35;       10;    0.76;   stop
   290;    1833.21;     484.21;    1845.57;     483.51;    1844.04;     456.29;    1831.68;     456.99;       10;    0.76;   stop
   179;     525.09;    1043.93;     525.83;    1033.09;     505.22;    1031.69;     504.49;    1042.54;       10;    0.76;   stop
   419;     841.53;    1163.29;     841.78;    1151.35;     816.58;    1150.83;     816.33;    1162.77;       10;    0.76;   stop
  1620;    1853.44;     415.50;    1866.15;     414.89;    1864.69;     384.37;    1851.97;     384.98;       10;    0.76;   stop
   494;    1972.11;     596.56;    1972.61;     571.43;    1960.89;     571.19;    1960.39;     596.32;       10;    0.76;   stop
   178;    1875.11;     562.97;    1887.56;     562.62;    1886.89;     538.41;    1874.44;     538.76;       10;    0.76;   stop
   203;     686.73;    1155.66;     686.91;    1142.52;     658.58;    1142.15;     658.41;    1155.29;       10;    0.76;   stop
   125;    1930.39;    1339.42;    1943.95;    1337.94;    1940.64;    1307.71;    1927.08;    1309.19;       10;    0.76;   move
   200;    3022.13;    1563.01;    3031.50;    1539.75;    3019.59;    1534.95;    3010.22;    1558.22;       10;    0.76;   stop
   295;    1955.45;     336.22;    1969.31;     335.88;    1968.55;     305.03;    1954.69;     305.37;       10;    0.76;   stop
   202;    1691.16;    1149.44;    1691.56;    1136.27;    1663.59;    1135.43;    1663.19;    1148.61;       10;    0.76;   stop
   355;    2423.10;    1231.52;    2423.51;    1218.50;    2394.90;    1217.60;    2394.49;    1230.62;       10;    0.76;   stop
   214;    1788.81;    2088.72;    1800.73;    2066.01;    1789.81;    2060.28;    1777.90;    2082.99;       10;    0.76;   stop
   123;    2932.19;    1701.31;    2941.53;    1673.32;    2928.59;    1669.01;    2919.25;    1696.99;       10;    0.76;   stop
   217;     724.23;    1218.58;     724.77;    1205.09;     696.09;    1203.92;     695.54;    1217.41;       10;    0.76;   stop
   299;     787.44;    1215.27;     787.48;    1186.62;     774.69;    1186.60;     774.65;    1215.25;       10;    0.76;   stop
   176;    3392.45;    1040.14;    3393.39;    1027.31;    3364.11;    1025.17;    3363.17;    1038.00;       10;    0.76;   stop
   150;    2282.99;    2142.29;    2311.17;    2130.58;    2305.51;    2116.96;    2277.33;    2128.67;       10;    0.76;   stop
   105;    1864.24;    1008.29;    1867.15;     982.05;    1855.01;     980.71;    1852.10;    1006.95;       10;    0.76;   move
  2461;    2327.86;    1144.18;    2328.13;    1132.22;    2304.51;    1131.70;    2304.24;    1143.65;       10;    0.76;   stop
   272;    2247.37;    1225.27;    2270.26;    1225.26;    2270.25;    1212.60;    2247.36;    1212.62;       10;    0.76;   stop
   254;    2333.00;    2055.43;    2339.95;    2043.77;    2314.00;    2028.32;    2307.05;    2039.98;       10;    0.76;   stop
    76;    3114.04;    1396.71;    3126.50;    1372.08;    3113.78;    1365.64;    3101.31;    1390.26;       10;    0.76;   stop
   216;    1858.20;     925.93;    1870.00;     925.67;    1869.39;     898.82;    1857.60;     899.08;       10;    0.76;   move
   273;    1912.35;    1497.63;    1924.95;    1497.62;    1924.93;    1472.37;    1912.33;    1472.38;       10;    0.76;   stop
   999;    3289.65;    1301.05;    3293.72;    1288.08;    3265.34;    1279.18;    3261.28;    1292.16;       10;    0.76;   stop
   175;    1558.68;    1198.14;    1584.85;    1197.59;    1584.57;    1184.61;    1558.40;    1185.16;       10;    0.75;   stop
    75;    1955.31;    1546.26;    1969.29;    1546.08;    1968.88;    1513.74;    1954.90;    1513.92;       10;    0.75;   stop
   213;    2412.11;    1788.08;    2414.85;    1760.26;    2402.52;    1759.05;    2399.78;    1786.86;       10;    0.75;   stop
   312;    3685.54;    1477.30;    3689.53;    1463.84;    3658.83;    1454.74;    3654.84;    1468.19;       10;    0.75;   stop
   223;    1818.22;     318.63;    1829.63;     317.74;    1827.90;     295.62;    1816.50;     296.51;       10;    0.75;   stop
   164;    2460.66;    1563.14;    2462.95;    1538.50;    2450.72;    1537.36;    2448.42;    1562.00;       10;    0.75;   stop
   937;    1954.39;    1737.44;    1959.00;    1711.69;    1947.11;    1709.56;    1942.50;    1735.31;       10;    0.75;   stop
   783;    1874.83;     525.20;    1887.58;     525.02;    1887.17;     496.30;    1874.42;     496.48;       10;    0.75;   stop
   266;    1840.82;     845.21;    1854.00;     844.12;    1851.61;     815.29;    1838.44;     816.38;       10;    0.75;   stop
   297;    1990.26;    1181.68;    1997.56;    1169.87;    1969.74;    1152.69;    1962.44;    1164.51;       10;    0.75;   move
   329;    3243.22;    1091.32;    3262.10;    1067.18;    3250.85;    1058.37;    3231.96;    1082.50;       10;    0.75;   stop
   231;    1822.74;     799.64;    1834.73;     799.59;    1834.63;     775.36;    1822.64;     775.41;       10;    0.75;   stop
   136;    1854.64;     787.26;    1868.23;     787.15;    1867.99;     757.37;    1854.40;     757.48;       10;    0.75;   move
   296;    1975.08;     514.01;    1987.44;     513.46;    1986.23;     486.12;    1973.87;     486.66;       10;    0.75;   stop
   301;     855.61;    1616.40;     856.15;    1604.49;     831.04;    1603.35;     830.50;    1615.26;       10;    0.75;   stop
   191;    2716.96;    1140.63;    2718.47;    1128.45;    2691.66;    1125.12;    2690.15;    1137.30;       10;    0.75;   stop
   157;    2488.30;    1343.95;    2489.05;    1331.72;    2463.57;    1330.18;    2462.83;    1342.40;       10;    0.75;   stop
   193;    1899.16;    1822.41;    1904.64;    1795.94;    1892.09;    1793.34;    1886.61;    1819.81;       10;    0.75;   stop
   362;    1814.78;     129.21;    1826.83;     128.86;    1826.05;     101.98;    1814.00;     102.33;       10;    0.75;   stop
   353;    1820.78;     410.73;    1834.07;     410.37;    1833.41;     385.77;    1820.12;     386.13;       10;    0.75;   stop
   220;    1824.88;     559.69;    1836.07;     559.54;    1835.78;     538.31;    1824.58;     538.46;       10;    0.75;   stop
  4864;     324.88;    1116.58;     325.50;    1103.74;     299.49;    1102.49;     298.87;    1115.32;       10;    0.75;   move
   277;     755.37;    1205.59;     756.09;    1193.53;     726.93;    1191.79;     726.20;    1203.84;       10;    0.75;   stop
   137;    2100.53;    1186.46;    2101.29;    1174.14;    2077.34;    1172.66;    2076.58;    1184.99;       10;    0.75;   move
   255;    1135.82;     690.10;    1137.66;     678.41;    1113.06;     674.52;    1111.21;     686.22;       10;    0.75;   stop
   239;    1838.91;     793.87;    1852.21;     793.42;    1851.28;     765.38;    1837.98;     765.83;       10;    0.75;   stop
   308;    1528.58;    1046.59;    1531.13;    1019.00;    1517.92;    1017.78;    1515.37;    1045.37;       10;    0.75;   stop
   257;    2059.18;     661.18;    2087.22;     661.12;    2087.19;     648.32;    2059.16;     648.38;       10;    0.75;   stop
   335;    1851.94;     968.73;    1852.44;     940.63;    1839.18;     940.39;    1838.69;     968.50;       10;    0.75;   stop
   532;    3226.74;    1119.58;    3243.60;    1092.46;    3230.76;    1084.48;    3213.90;    1111.60;       10;    0.75;   stop
   306;     631.27;    1048.49;     631.73;    1035.67;     602.48;    1034.64;     602.02;    1047.45;       10;    0.74;   stop
   336;    1548.28;    1196.85;    1548.56;    1184.32;    1518.47;    1183.65;    1518.19;    1196.18;       10;    0.74;   stop
   293;    3512.97;    1075.62;    3545.01;    1074.57;    3544.53;    1060.00;    3512.49;    1061.06;       10;    0.74;   stop
   165;    3297.23;    1197.58;    3302.14;    1185.25;    3274.65;    1174.30;    3269.74;    1186.63;       10;    0.74;   stop
  4016;    3361.74;    1319.73;    3365.32;    1307.32;    3339.51;    1299.88;    3335.93;    1312.29;       10;    0.74;   stop
     9;    3130.63;    1347.20;    3134.15;    1316.11;    3118.74;    1314.36;    3115.22;    1345.45;       10;    0.74;   move
   321;    2545.73;     254.77;    2546.02;     243.10;    2520.89;     242.48;    2520.60;     254.15;       10;    0.74;   stop
  1753;    2518.29;     658.30;    2544.30;     657.25;    2543.83;     645.58;    2517.82;     646.63;       10;    0.74;   stop
    98;     571.85;    1564.82;     572.79;    1551.63;     543.78;    1549.55;     542.83;    1562.75;       10;    0.74;   stop
   162;     890.68;    1620.23;     891.58;    1608.15;     866.29;    1606.27;     865.39;    1618.35;       10;    0.74;   stop
   181;    2328.27;     656.89;    2354.02;     655.96;    2353.61;     644.73;    2327.86;     645.67;       10;    0.74;   stop
   310;    2408.04;    1114.17;    2408.57;    1102.12;    2381.84;    1100.95;    2381.31;    1113.00;       10;    0.74;   stop
   342;    2007.09;    1660.81;    2007.18;    1636.61;    1995.28;    1636.56;    1995.19;    1660.77;       10;    0.74;   stop
   338;    1835.27;     913.40;    1847.09;     913.30;    1846.86;     886.04;    1835.04;     886.14;       10;    0.74;   stop
   252;    3242.52;    1033.72;    3262.38;    1012.91;    3252.48;    1003.47;    3232.62;    1024.27;       10;    0.74;   stop
   490;    2184.41;    1123.49;    2185.45;    1109.75;    2154.34;    1107.38;    2153.30;    1121.12;       10;    0.74;   stop
   158;    3215.98;    1054.15;    3236.63;    1037.04;    3228.40;    1027.10;    3207.75;    1044.21;       10;    0.74;   stop
   222;    2435.64;    1856.44;    2437.73;    1827.73;    2425.11;    1826.81;    2423.02;    1855.52;       10;    0.74;   stop
   289;    3725.48;    1492.49;    3729.66;    1478.89;    3697.64;    1469.07;    3693.47;    1482.67;       10;    0.74;   stop
   396;    1815.62;      99.97;    1827.35;      99.54;    1826.48;      76.09;    1814.74;      76.52;       10;    0.74;   stop
   221;    1454.61;    1079.15;    1455.23;    1067.38;    1433.27;    1066.22;    1432.65;    1077.99;       10;    0.74;   stop
   248;    1610.45;    1197.59;    1610.56;    1185.38;    1586.80;    1185.16;    1586.69;    1197.37;       10;    0.74;   stop
   448;    1893.99;    1256.37;    1905.45;    1254.74;    1901.76;    1228.76;    1890.30;    1230.39;       10;    0.74;   stop
   333;    2443.94;    1114.20;    2444.42;    1103.09;    2420.18;    1102.05;    2419.71;    1113.16;       10;    0.74;   stop
  2159;    3320.43;    1309.90;    3324.49;    1298.23;    3300.19;    1289.78;    3296.13;    1301.46;       10;    0.74;   stop
   371;    3173.75;    1424.37;    3176.21;    1411.30;    3147.81;    1405.94;    3145.35;    1419.02;       10;    0.74;   stop
   118;     725.87;    1052.66;     726.24;    1041.55;     702.88;    1040.78;     702.51;    1051.89;       10;    0.74;   stop
   253;    2429.88;    1930.36;    2431.19;    1899.73;    2417.37;    1899.14;    2416.06;    1929.77;       10;    0.74;   stop
   334;    1009.78;    1172.68;    1010.39;    1160.60;     987.37;    1159.45;     986.77;    1171.53;       10;    0.73;   stop
  2958;    2428.66;    1152.41;    2429.20;    1139.26;    2400.59;    1138.09;    2400.05;    1151.24;       10;    0.73;   move
  2620;    2377.87;    1150.52;    2378.50;    1136.79;    2350.13;    1135.48;    2349.50;    1149.21;       10;    0.73;   stop
    81;    3095.39;    1505.20;    3105.55;    1482.08;    3093.98;    1476.99;    3083.82;    1500.11;       10;    0.73;   stop
   247;     986.56;     675.16;     988.07;     663.42;     963.06;     660.22;     961.56;     671.96;       10;    0.73;   stop
   245;    2457.94;    1593.41;    2459.26;    1567.35;    2446.68;    1566.72;    2445.36;    1592.77;       10;    0.73;   stop
   364;    2978.63;    1761.88;    2988.96;    1738.18;    2975.62;    1732.37;    2965.29;    1756.07;       10;    0.73;   stop
   401;    1822.59;     769.20;    1835.31;     768.92;    1834.79;     745.05;    1822.06;     745.33;       10;    0.73;   stop
  3895;    1591.33;    1177.64;    1592.06;    1165.08;    1564.29;    1163.48;    1563.57;    1176.05;       10;    0.73;   move
   339;     772.77;    1213.96;     773.65;    1187.19;     761.59;    1186.79;     760.71;    1213.56;       10;    0.73;   stop
   307;     798.84;    1025.30;     811.70;    1023.51;     808.08;     997.45;     795.22;     999.24;       10;    0.73;   stop
   621;    3296.18;    1081.63;    3304.71;    1055.81;    3290.69;    1051.18;    3282.16;    1077.00;       10;    0.73;   move
  4657;    3244.49;    1167.99;    3255.74;    1144.95;    3243.95;    1139.20;    3232.70;    1162.24;       10;    0.73;   move
    46;    1294.35;    1647.35;    1295.21;    1634.92;    1269.52;    1633.15;    1268.66;    1645.58;       10;    0.73;   stop
  1409;    1846.77;     448.26;    1858.94;     447.17;    1856.73;     422.49;    1844.56;     423.58;       10;    0.73;   stop
   115;    1666.81;     651.47;    1667.66;     639.73;    1640.69;     637.78;    1639.84;     649.52;       10;    0.73;   stop
   402;    1089.02;     682.87;    1090.06;     670.89;    1059.73;     668.26;    1058.69;     680.23;       10;    0.73;   stop
   426;    1840.53;     999.12;    1841.36;     973.39;    1829.41;     973.01;    1828.58;     998.73;       10;    0.73;   stop
   412;    1124.85;    1178.60;    1126.08;    1164.96;    1097.02;    1162.34;    1095.79;    1175.98;       10;    0.73;   stop
   207;    3555.08;    1074.28;    3581.26;    1074.10;    3581.17;    1061.34;    3554.99;    1061.52;       10;    0.73;   stop
   261;    1815.44;     218.94;    1828.11;     218.72;    1827.64;     191.13;    1814.96;     191.34;       10;    0.73;   stop
   318;    2518.04;     728.92;    2531.02;     728.69;    2530.58;     703.21;    2517.60;     703.43;       10;    0.73;   stop
   365;     444.59;    1046.16;     473.78;    1044.97;     473.22;    1031.34;     444.04;    1032.53;       10;    0.73;   stop
   420;    1440.95;    1194.34;    1441.66;    1181.89;    1417.67;    1180.53;    1416.96;    1192.98;       10;    0.73;   stop
   309;    2107.00;    1325.27;    2107.28;    1313.43;    2082.50;    1312.86;    2082.22;    1324.70;       10;    0.73;   stop
   349;    1958.52;    1701.73;    1961.42;    1675.70;    1949.73;    1674.40;    1946.83;    1700.42;       10;    0.73;   stop
   271;     720.76;    1074.15;     721.39;    1061.01;     692.06;    1059.60;     691.42;    1072.74;       10;    0.72;   move
   359;    2764.57;    1870.48;    2771.10;    1859.22;    2746.29;    1844.83;    2739.76;    1856.10;       10;    0.72;   stop
   292;    3464.97;     722.88;    3476.87;     694.13;    3462.22;     688.06;    3450.31;     716.81;       10;    0.72;   stop
   211;    3356.71;    1036.17;    3360.00;    1022.84;    3328.60;    1015.08;    3325.31;    1028.41;       10;    0.72;   stop
   313;    1815.23;     157.29;    1827.41;     156.87;    1826.59;     132.96;    1814.40;     133.38;       10;    0.72;   stop
   363;    1542.16;     892.77;    1544.61;     868.99;    1533.59;     867.85;    1531.14;     891.63;       10;    0.72;   stop
  4716;    3079.99;    1539.95;    3088.52;    1517.84;    3076.76;    1513.30;    3068.23;    1535.41;       10;    0.72;   stop
   403;    1934.13;    1935.41;    1943.47;    1908.40;    1931.37;    1904.21;    1922.03;    1931.23;       10;    0.72;   stop
   428;     230.20;    1132.81;     257.43;    1132.55;     257.30;    1119.07;     230.07;    1119.33;       10;    0.72;   stop
   282;     363.40;    1034.95;     364.29;    1022.92;     338.32;    1020.99;     337.42;    1033.02;       10;    0.72;   stop
   311;    2134.08;    2141.52;    2141.64;    2130.13;    2116.17;    2113.23;    2108.61;    2124.62;       10;    0.72;   stop
   393;    2417.69;    1368.97;    2418.64;    1355.54;    2390.18;    1353.53;    2389.23;    1366.96;       10;    0.71;   stop
  4765;    1829.81;    2118.47;    1844.92;    2084.25;    1830.28;    2077.78;    1815.18;    2112.00;       10;    0.71;   stop
   385;    2685.35;    2149.55;    2699.04;    2142.51;    2683.90;    2113.07;    2670.21;    2120.12;       10;    0.71;   stop
   400;    3190.26;    1398.57;    3196.00;    1368.00;    3180.99;    1365.18;    3175.25;    1395.75;       10;    0.71;   stop
   270;     860.23;    1583.71;     860.75;    1571.82;     837.39;    1570.79;     836.87;    1582.68;       10;    0.71;   stop
   416;    1273.60;      71.82;    1274.28;      57.91;    1243.58;      56.43;    1242.91;      70.34;       10;    0.71;   stop
   455;    1969.64;      90.25;    1981.93;      89.99;    1981.36;      63.87;    1969.07;      64.14;       10;    0.71;   stop
   269;    1982.83;    1523.49;    1983.25;    1500.70;    1972.67;    1500.51;    1972.25;    1523.30;       10;    0.71;   stop
   340;    3268.56;    1008.27;    3284.90;     984.33;    3273.32;     976.42;    3256.97;    1000.36;       10;    0.71;   stop
   375;    2549.62;     253.91;    2572.23;     253.72;    2572.13;     242.21;    2549.52;     242.40;       10;    0.71;   stop
   386;    2587.62;     653.91;    2614.72;     652.36;    2614.00;     639.84;    2586.91;     641.39;       10;    0.71;   stop
   267;    1175.13;     694.79;    1176.80;     682.54;    1149.68;     678.84;    1148.01;     691.08;       10;    0.71;   stop
   372;    1672.10;    1088.06;    1672.41;    1075.94;    1647.77;    1075.31;    1647.47;    1087.44;       10;    0.71;   stop
  1323;    1648.86;    1149.49;    1650.21;    1135.53;    1613.64;    1132.01;    1612.29;    1145.97;        9;    0.71;   stop
  2811;    2247.43;    1113.51;    2248.26;    1099.47;    2208.32;    1097.11;    2207.49;    1111.15;        9;    0.71;   stop
   415;    2432.75;    1894.42;    2434.75;    1865.13;    2421.25;    1864.21;    2419.25;    1893.49;       10;    0.71;   stop
   112;     209.73;    1057.62;     210.11;    1045.10;     181.91;    1044.25;     181.53;    1056.78;       10;    0.71;   move
   212;     730.22;    1609.24;     730.88;    1596.48;     705.09;    1595.14;     704.43;    1607.89;       10;    0.71;   stop
   382;    2339.01;    1365.32;    2339.99;    1351.11;    2313.61;    1349.30;    2312.64;    1363.52;       10;    0.71;   stop
   332;    2770.85;     648.64;    2796.26;     648.14;    2796.02;     636.20;    2770.61;     636.71;       10;    0.71;   stop
   373;    3421.02;    1076.57;    3453.86;    1076.19;    3453.67;    1059.99;    3420.83;    1060.37;       10;    0.71;   stop
   236;    1192.04;    1822.11;    1192.75;    1799.62;    1181.71;    1799.27;    1181.00;    1821.76;       10;    0.71;   stop
  2458;    1928.84;    1892.24;    1935.97;    1861.48;    1923.16;    1858.51;    1916.03;    1889.27;       10;    0.71;   stop
   361;    3148.40;    1486.22;    3153.70;    1473.23;    3124.41;    1461.28;    3119.11;    1474.27;       10;    0.71;   stop
   324;    1555.93;     751.24;    1558.07;     728.05;    1546.82;     727.01;    1544.68;     750.20;       10;    0.71;   stop
   388;    1501.49;    1079.70;    1502.40;    1067.55;    1477.51;    1065.68;    1476.60;    1077.82;       10;    0.71;   stop
   180;     588.52;    1600.53;     589.39;    1586.92;     560.85;    1585.10;     559.99;    1598.71;       10;    0.70;   stop
   279;    1740.90;     659.18;    1742.57;     646.71;    1715.01;     643.01;    1713.34;     655.48;       10;    0.70;   stop
   237;    1967.03;    1630.22;    1967.86;    1603.39;    1956.03;    1603.03;    1955.21;    1629.86;       10;    0.70;   stop
   384;    2828.78;    1841.00;    2834.21;    1827.91;    2803.72;    1815.25;    2798.29;    1828.34;       10;    0.70;   stop
   433;     781.18;    1161.47;     781.49;    1148.86;     752.69;    1148.15;     752.38;    1160.77;        9;    0.70;   stop
   417;    2253.53;    1368.38;    2255.15;    1352.77;    2214.03;    1348.49;    2212.41;    1364.11;        9;    0.70;   stop
   398;    2418.46;    1573.08;    2429.06;    1572.96;    2428.79;    1547.67;    2418.19;    1547.79;       10;    0.70;   stop
  1114;    1906.19;    1020.05;    1906.38;     997.18;    1894.25;     997.08;    1894.06;    1019.95;       10;    0.70;   move
   423;    1844.21;    1350.51;    1854.98;    1350.11;    1854.13;    1326.99;    1843.37;    1327.39;       10;    0.70;   stop
   456;    3266.52;     227.49;    3295.24;     225.14;    3294.10;     211.26;    3265.39;     213.61;       10;    0.70;   stop
   452;    1547.25;     857.65;    1549.90;     830.50;    1537.50;     829.29;    1534.85;     856.44;       10;    0.70;   stop
   315;    1319.35;    1613.61;    1319.60;    1602.14;    1296.28;    1601.64;    1296.03;    1613.11;       10;    0.70;   stop
   316;    2524.29;    1062.19;    2535.68;    1062.14;    2535.58;    1038.18;    2524.19;    1038.23;       10;    0.70;   stop
   302;    1194.06;    1793.57;    1196.11;    1765.73;    1183.63;    1764.81;    1181.58;    1792.65;       10;    0.70;   stop
   374;    1720.40;    1641.59;    1721.07;    1630.13;    1698.13;    1628.79;    1697.47;    1640.25;       10;    0.70;   stop
   472;    1382.21;    1192.96;    1409.63;    1191.56;    1408.91;    1177.41;    1381.49;    1178.81;       10;    0.70;   stop
  1484;    1908.45;    1947.84;    1920.28;    1918.25;    1907.55;    1913.16;    1895.72;    1942.75;       10;    0.70;   stop
   351;    1861.78;    1959.32;    1871.88;    1933.89;    1858.78;    1928.68;    1848.68;    1954.11;       10;    0.70;   stop
   586;    1906.00;    1400.28;    1920.28;    1398.79;    1916.75;    1364.97;    1902.47;    1366.46;       10;    0.70;   stop
   233;     762.71;    1578.09;     763.89;    1567.57;     742.29;    1565.16;     741.12;    1575.68;       10;    0.70;   stop
   440;     853.76;    1025.17;     854.68;     998.01;     841.76;     997.58;     840.84;    1024.74;       10;    0.69;   stop
   392;    2390.95;    1229.05;    2391.35;    1217.54;    2367.43;    1216.70;    2367.02;    1228.21;       10;    0.69;   stop
  2334;    3150.17;    1264.28;    3152.98;    1241.32;    3140.46;    1239.78;    3137.64;    1262.74;       10;    0.69;   stop
   343;    2443.68;    1752.17;    2445.98;    1727.45;    2433.94;    1726.33;    2431.64;    1751.05;       10;    0.69;   stop
  1291;    1852.68;     473.53;    1862.99;     472.87;    1861.69;     452.35;    1851.38;     453.00;       10;    0.69;   stop
   405;    1033.79;     681.08;    1034.75;     669.92;    1009.77;     667.79;    1008.82;     678.95;       10;    0.69;   stop
   918;    2663.83;    1251.45;    2665.45;    1236.37;    2630.05;    1232.55;    2628.42;    1247.63;        9;    0.69;   stop
   281;     307.88;    1035.89;     307.89;    1023.82;     283.69;    1023.80;     283.68;    1035.87;       10;    0.69;   stop
   459;    1478.21;    1195.00;    1478.58;    1182.88;    1453.54;    1182.13;    1453.17;    1194.25;       10;    0.69;   stop
   367;    2674.42;     649.89;    2698.22;     649.87;    2698.21;     639.08;    2674.41;     639.10;       10;    0.69;   stop
   446;    1964.59;    1773.11;    1967.39;    1746.01;    1955.38;    1744.77;    1952.58;    1771.87;       10;    0.69;   stop
   350;    1892.22;    1849.92;    1897.32;    1825.84;    1884.87;    1823.21;    1879.78;    1847.28;       10;    0.69;   stop
   588;    3552.30;     527.87;    3562.37;     503.78;    3550.20;     498.69;    3540.13;     522.79;       10;    0.69;   stop
   328;    2708.21;     648.54;    2733.60;     647.36;    2733.04;     635.37;    2707.65;     636.55;       10;    0.69;   stop
   287;    3005.83;    1597.30;    3015.92;    1576.04;    3004.67;    1570.70;    2994.58;    1591.96;       10;    0.69;   stop
   414;    2433.73;    1539.87;    2435.10;    1514.63;    2422.52;    1513.94;    2421.15;    1539.18;       10;    0.69;   stop
   369;    2660.33;     688.55;    2686.43;     688.25;    2686.29;     676.22;    2660.19;     676.52;       10;    0.68;   stop
   380;    2153.13;    2142.39;    2177.18;    2131.33;    2171.56;    2119.11;    2147.51;    2130.17;       10;    0.68;   stop
   468;    1476.16;     109.48;    1477.20;      96.97;    1449.96;      94.71;    1448.92;     107.22;       10;    0.68;   stop
  4558;    1863.22;     269.20;    1863.39;     224.73;    1848.15;     224.67;    1847.98;     269.14;        9;    0.68;   stop
   278;    1280.60;    1611.83;    1280.91;    1599.64;    1253.47;    1598.92;    1253.15;    1611.11;       10;    0.68;   stop
   421;    1187.96;    2119.68;    1199.88;    2119.24;    1198.92;    2093.44;    1187.00;    2093.89;       10;    0.68;   stop
   519;    2173.87;    2120.07;    2180.39;    2107.59;    2154.75;    2094.18;    2148.23;    2106.66;       10;    0.68;   stop
    80;    3108.70;    1478.47;    3120.09;    1453.85;    3108.34;    1448.41;    3096.94;    1473.03;       10;    0.68;   stop
   404;    2151.81;    2128.90;    2158.94;    2118.27;    2136.69;    2103.35;    2129.56;    2113.98;       10;    0.68;   stop
   391;    2739.31;     649.45;    2766.31;     648.94;    2766.06;     636.14;    2739.07;     636.65;       10;    0.68;   stop
   138;     469.50;    1594.31;     470.88;    1581.29;     441.75;    1578.19;     440.37;    1591.21;       10;    0.68;   stop
   511;    2531.85;    1097.00;    2544.02;    1094.90;    2539.28;    1067.50;    2527.11;    1069.60;       10;    0.68;   stop
   451;    3206.14;    1154.09;    3220.77;    1128.35;    3208.24;    1121.22;    3193.60;    1146.96;       10;    0.68;   stop
  5009;    1874.31;     676.16;    1890.11;     676.09;    1889.94;     638.40;    1874.14;     638.47;        9;    0.67;   stop
  5058;    3468.84;     663.76;    3482.56;     636.20;    3469.60;     629.75;    3455.88;     657.32;       10;    0.67;   move
   479;    2639.41;     691.46;    2653.07;     691.36;    2652.96;     676.58;    2639.30;     676.68;       10;    0.67;   stop
   546;    3145.28;    1109.12;    3160.56;    1104.02;    3150.04;    1072.45;    3134.75;    1077.54;       10;    0.67;   stop
   427;    1186.54;    2089.25;    1199.55;    2088.72;    1198.46;    2062.00;    1185.45;    2062.53;       10;    0.67;   stop
   466;    2089.87;     265.85;    2115.65;     265.21;    2115.38;     253.90;    2089.60;     254.54;       10;    0.67;   stop
   424;     672.51;    1573.92;     673.51;    1561.43;     645.62;    1559.21;     644.62;    1571.69;       10;    0.67;   stop
   567;    3247.82;    1123.59;    3261.30;    1101.40;    3250.00;    1094.53;    3236.51;    1116.73;       10;    0.67;   stop
   155;     355.12;    1550.01;     356.63;    1537.56;     330.19;    1534.36;     328.68;    1546.81;       10;    0.67;   stop
   485;    2666.61;    2108.07;    2678.74;    2102.79;    2665.52;    2072.43;    2653.39;    2077.71;       10;    0.67;   stop
   591;    2520.51;     163.05;    2520.97;     135.84;    2508.99;     135.64;    2508.53;     162.85;       10;    0.67;   stop
   658;    1829.68;     200.87;    1844.73;     200.68;    1844.20;     159.69;    1829.14;     159.89;       10;    0.66;   stop
   478;     832.40;    1209.03;     834.45;    1195.09;     806.35;    1190.97;     804.30;    1204.91;       10;    0.66;   stop
  5096;     813.99;    1074.16;     814.33;    1059.56;     782.94;    1058.84;     782.61;    1073.44;        9;    0.66;   move
   450;     889.48;    1580.54;     890.10;    1568.50;     864.96;    1567.21;     864.34;    1579.25;       10;    0.66;   stop
   227;    2129.02;    1102.07;    2129.64;    1090.68;    2106.79;    1089.43;    2106.17;    1100.82;       10;    0.66;   stop
  2428;    1692.94;    1149.43;    1693.62;    1136.11;    1680.74;    1135.44;    1680.05;    1148.77;       10;    0.66;   stop
   506;    2804.60;     647.67;    2825.39;     647.07;    2825.09;     636.47;    2804.29;     637.07;       10;    0.66;   stop
  5016;    3752.50;    1429.63;    3756.77;    1415.64;    3723.12;    1405.37;    3718.85;    1419.36;       10;    0.66;   move
   630;    3156.29;    1464.91;    3162.05;    1451.91;    3137.15;    1440.87;    3131.39;    1453.87;       10;    0.66;   stop
   413;    2437.63;    1339.67;    2437.84;    1328.16;    2412.99;    1327.71;    2412.78;    1339.21;       10;    0.66;   stop
   537;    2469.72;    2068.47;    2495.54;    2055.88;    2488.91;    2042.28;    2463.09;    2054.87;       10;    0.66;   stop
   276;    2858.80;     242.98;    2889.19;     241.13;    2888.31;     226.70;    2857.92;     228.56;       10;    0.66;   stop
   442;     672.67;    1187.81;     685.83;    1187.78;     685.77;    1163.44;     672.61;    1163.47;       10;    0.66;   stop
   646;    2366.06;    1338.46;    2367.15;    1325.54;    2340.56;    1323.29;    2339.47;    1336.21;       10;    0.66;   stop
   360;    2092.82;    2156.49;    2100.52;    2146.40;    2078.68;    2129.76;    2070.98;    2139.85;       10;    0.66;   stop
   499;    1806.53;    1651.04;    1808.48;    1638.55;    1779.04;    1633.96;    1777.09;    1646.45;       10;    0.66;   stop
  2547;    2545.07;    2023.82;    2573.97;    2013.07;    2568.81;    1999.18;    2539.91;    2009.93;       10;    0.66;   stop
   477;    1974.60;     226.59;    1985.15;     226.25;    1984.46;     204.85;    1973.91;     205.19;       10;    0.66;   stop
   358;    2447.61;    1718.36;    2450.33;    1687.07;    2436.76;    1685.89;    2434.04;    1717.18;       10;    0.66;   stop
   337;    2836.40;     647.70;    2862.25;     645.79;    2861.35;     633.67;    2835.50;     635.59;       10;    0.66;   stop
   410;    2352.36;    2044.75;    2358.63;    2032.89;    2334.01;    2019.88;    2327.75;    2031.73;       10;    0.66;   stop
   497;    2518.78;     763.49;    2532.27;     763.40;    2532.09;     735.01;    2518.61;     735.10;       10;    0.65;   stop
   381;    3598.18;     429.25;    3610.07;     402.42;    3597.14;     396.68;    3585.24;     423.52;       10;    0.65;   stop
  5094;     729.74;    1575.09;     729.91;    1562.13;     703.69;    1561.79;     703.52;    1574.75;       10;    0.65;   stop
   323;     697.61;    1607.63;     698.54;    1594.86;     673.02;    1592.99;     672.08;    1605.77;       10;    0.65;   stop
  5097;    2160.50;    1123.12;    2160.73;    1107.87;    2152.75;    1107.76;    2152.52;    1123.00;       10;    0.65;   stop
   443;     753.55;    1222.73;     754.70;    1209.63;     727.72;    1207.27;     726.57;    1220.37;       10;    0.65;   stop
   948;    2224.61;    1126.96;    2225.78;    1116.22;    2205.83;    1114.04;    2204.65;    1124.78;       10;    0.65;   stop
   454;    2987.48;    1505.92;    3000.90;    1477.44;    2989.27;    1471.96;    2975.85;    1500.44;       10;    0.65;   stop
   467;    3354.49;     634.53;    3379.41;     633.02;    3378.63;     620.31;    3353.72;     621.82;       10;    0.65;   stop
   487;    3562.04;    1280.78;    3576.48;    1280.58;    3576.08;    1251.41;    3561.64;    1251.60;       10;    0.65;   stop
   429;    2719.72;    1382.32;    2720.84;    1368.34;    2692.28;    1366.05;    2691.16;    1380.04;       10;    0.65;   stop
  1542;     729.53;    1609.47;     730.07;    1597.26;     719.01;    1596.78;     718.48;    1608.99;       10;    0.65;   stop
   484;    2551.84;     656.03;    2579.70;     654.19;    2578.91;     642.22;    2551.05;     644.06;       10;    0.65;   stop
   300;     556.70;    1597.38;     557.29;    1585.69;     533.62;    1584.49;     533.02;    1596.18;       10;    0.65;   stop
   552;    3396.21;     879.52;    3408.62;     852.08;    3395.04;     845.94;    3382.63;     873.38;       10;    0.65;   stop
   524;    3378.05;    1137.67;    3392.52;    1110.39;    3378.51;    1102.96;    3364.04;    1130.23;       10;    0.65;   stop
   620;    2594.45;    1948.48;    2600.02;    1935.41;    2570.05;    1922.64;    2564.48;    1935.72;       10;    0.65;   stop
   439;    1282.02;      73.89;    1309.29;      73.05;    1308.85;      58.86;    1281.59;      59.70;       10;    0.64;   stop
   535;    2439.67;    2082.76;    2466.07;    2071.45;    2460.46;    2058.36;    2434.06;    2069.67;       10;    0.64;   stop
   395;     610.32;    1566.59;     611.02;    1554.92;     585.93;    1553.41;     585.23;    1565.08;       10;    0.64;   stop
   675;    1746.39;    1098.05;    1779.87;    1089.45;    1775.99;    1074.33;    1742.50;    1082.93;        9;    0.64;   stop
  2031;    2364.04;     675.24;    2389.03;     674.54;    2388.71;     662.95;    2363.72;     663.65;       10;    0.64;   stop
   692;    1256.80;    1189.47;    1258.03;    1173.66;    1221.01;    1170.78;    1219.79;    1186.59;        9;    0.64;   stop
   347;     960.21;     674.08;     961.68;     662.19;     936.36;     659.05;     934.88;     670.93;       10;    0.63;   stop
  4935;    3121.46;     692.08;    3137.43;     691.57;    3136.36;     657.92;    3120.38;     658.43;       10;    0.63;   stop
  2090;       9.76;    1137.35;      12.42;    1125.95;      -0.39;    1122.96;      -3.05;    1134.36;       10;    0.63;   stop
  2060;       0.44;    1034.78;      21.58;    1033.26;      20.64;    1020.22;      -0.50;    1021.74;       10;    0.63;   stop
   460;    1354.53;    1615.96;    1355.91;    1604.57;    1330.85;    1601.54;    1329.47;    1612.93;       10;    0.63;   stop
   568;    3301.73;    1004.78;    3314.87;     973.12;    3297.34;     965.84;    3284.19;     997.50;       10;    0.63;   stop
   408;    2624.45;     651.51;    2649.92;     649.85;    2649.17;     638.30;    2623.70;     639.97;       10;    0.63;   stop
  4749;     462.46;    1125.04;     462.88;    1110.85;     433.32;    1109.96;     432.90;    1124.15;       10;    0.63;   move
  3256;     781.49;    1162.37;     781.73;    1149.09;     752.26;    1148.57;     752.02;    1161.85;       10;    0.63;   stop
  4251;    3165.54;    1259.66;    3178.36;    1254.58;    3165.40;    1221.90;    3152.58;    1226.98;       10;    0.63;   move
  4960;     199.38;    1108.10;     199.96;    1094.29;     172.81;    1093.15;     172.23;    1106.96;       10;    0.62;   move
   409;    3486.59;    1038.64;    3513.26;    1037.65;    3512.78;    1024.80;    3486.11;    1025.79;       10;    0.62;   stop
   507;    2650.93;    1349.82;    2651.59;    1338.72;    2639.52;    1337.99;    2638.85;    1349.10;       10;    0.62;   stop
   463;    3791.96;     262.12;    3793.14;     232.09;    3777.42;     231.47;    3776.24;     261.51;       10;    0.62;   stop
   492;     551.27;    1043.94;     571.95;    1043.74;     571.86;    1033.56;     551.17;    1033.76;       10;    0.62;   stop
   516;    1768.28;    1646.17;    1769.90;    1633.26;    1742.61;    1629.83;    1740.99;    1642.74;       10;    0.62;   stop
   482;     333.03;    1033.57;     333.13;    1021.62;     310.10;    1021.43;     310.00;    1033.38;       10;    0.62;   stop
   688;    1880.48;     789.67;    1893.71;     789.24;    1892.77;     760.02;    1879.54;     760.45;       10;    0.62;   move
   599;    2456.69;    2009.38;    2465.89;    1998.49;    2441.19;    1977.62;    2431.98;    1988.51;       10;    0.62;   stop
   529;    2167.24;    1395.60;    2179.19;    1395.16;    2178.26;    1369.65;    2166.31;    1370.09;       10;    0.62;   stop
   491;    2886.41;     647.55;    2915.47;     646.23;    2914.84;     632.60;    2885.78;     633.93;       10;    0.62;   stop
   520;    1822.29;     246.95;    1823.36;     224.36;    1812.92;     223.86;    1811.84;     246.46;       10;    0.62;   stop
   432;    3419.93;    1039.58;    3448.46;    1038.98;    3448.20;    1026.67;    3419.67;    1027.27;       10;    0.62;   stop
   502;    3137.13;    1181.93;    3151.60;    1156.58;    3139.43;    1149.63;    3124.96;    1174.99;       10;    0.62;   stop
   659;    1949.79;    1903.62;    1958.13;    1866.33;    1942.71;    1862.88;    1934.37;    1900.17;       10;    0.62;   stop
   508;    1804.19;    1681.59;    1805.38;    1669.28;    1775.75;    1666.41;    1774.55;    1678.72;       10;    0.62;   stop
  4861;    3006.87;     236.04;    3031.30;     234.65;    3030.63;     222.96;    3006.20;     224.35;       10;    0.62;   stop
  4432;    3749.33;     206.49;    3779.15;     205.69;    3778.79;     192.41;    3748.98;     193.21;       10;    0.62;   stop
   449;     500.96;    1007.75;     516.36;    1007.19;     515.29;     977.87;     499.89;     978.43;       10;    0.62;   stop
   498;    2921.58;     645.88;    2950.00;     645.84;    2949.98;     633.11;    2921.56;     633.14;       10;    0.62;   stop
   394;    3507.40;    1075.37;    3507.53;    1061.46;    3477.91;    1061.19;    3477.78;    1075.10;       10;    0.62;   stop
   625;    3232.92;    1149.68;    3245.13;    1126.36;    3233.01;    1120.01;    3220.80;    1143.33;       10;    0.62;   stop
   587;    2491.72;    1992.56;    2500.11;    1982.06;    2474.78;    1961.81;    2466.39;    1972.31;       10;    0.62;   stop
   518;    3349.41;     988.75;    3357.80;     963.92;    3344.34;     959.37;    3335.95;     984.20;       10;    0.61;   stop
   462;    2826.28;     243.75;    2852.45;     242.16;    2851.69;     229.68;    2825.52;     231.28;       10;    0.61;   stop
   578;    2410.16;    2147.94;    2412.09;    2121.27;    2398.84;    2120.31;    2396.91;    2146.98;       10;    0.61;   stop
   613;    1881.89;    1651.95;    1882.30;    1639.50;    1857.51;    1638.68;    1857.10;    1651.13;       10;    0.61;   stop
  3201;    3021.18;    1670.44;    3030.70;    1646.77;    3018.19;    1641.74;    3008.68;    1665.42;       10;    0.61;   stop
   431;    2360.10;     656.31;    2382.87;     655.59;    2382.52;     644.75;    2359.76;     645.47;       10;    0.61;   stop
   500;    1940.96;    2107.76;    1955.25;    2107.25;    1954.26;    2079.49;    1939.97;    2080.00;       10;    0.61;   stop
   166;    1323.63;    1649.09;    1324.64;    1636.84;    1299.87;    1634.79;    1298.86;    1647.03;       10;    0.61;   stop
   378;     793.42;    1936.48;     793.58;    1909.97;     780.95;    1909.90;     780.78;    1936.40;       10;    0.61;   stop
   616;     622.47;    1153.07;     647.05;    1152.80;     646.91;    1140.06;     622.33;    1140.32;       10;    0.60;   stop
   589;    1467.30;     925.06;    1468.77;     912.37;    1441.95;     909.25;    1440.48;     921.94;       10;    0.60;   stop
   379;     766.40;    1935.31;     778.48;    1935.23;     778.29;    1908.81;     766.22;    1908.89;       10;    0.60;   stop
  4397;    1909.84;    1444.72;    1924.89;    1443.00;    1920.41;    1403.78;    1905.36;    1405.50;        9;    0.60;   stop
   583;     522.57;    2096.16;     549.23;    2095.73;     548.99;    2081.34;     522.34;    2081.77;       10;    0.60;   stop
   560;    1886.74;    1892.79;    1899.05;    1858.81;    1884.26;    1853.46;    1871.95;    1887.44;        9;    0.60;   stop
   610;     201.96;    1131.21;     226.72;    1130.74;     226.47;    1117.85;     201.72;    1118.32;       10;    0.60;   stop
   525;    2064.04;     300.18;    2087.55;     299.49;    2087.21;     288.19;    2063.70;     288.89;       10;    0.60;   stop
   294;     621.65;    1356.49;     623.56;    1343.71;     597.10;    1339.76;     595.19;    1352.54;       10;    0.60;   stop
  3352;     812.96;    1074.12;     813.36;    1059.54;     782.67;    1058.69;     782.27;    1073.27;       10;    0.60;   move
  3344;    2490.47;    1080.40;    2502.04;    1080.34;    2501.90;    1055.97;    2490.33;    1056.04;       10;    0.60;   stop
   569;    2115.79;    2149.04;    2121.96;    2138.20;    2098.46;    2124.83;    2092.29;    2135.68;       10;    0.60;   stop
   617;    2234.95;    2098.51;    2242.34;    2086.91;    2215.17;    2069.62;    2207.79;    2081.21;       10;    0.60;   stop
  4961;    2532.75;     677.21;    2562.83;     675.22;    2562.00;     662.67;    2531.92;     664.65;       10;    0.59;   move
   526;    2510.70;     349.37;    2523.61;     349.22;    2523.30;     323.38;    2510.39;     323.53;       10;    0.59;   stop
   370;     615.30;    1375.78;     617.49;    1362.41;     590.32;    1357.97;     588.14;    1371.34;       10;    0.59;   stop
   146;    1900.62;    1904.00;    1908.65;    1878.86;    1896.16;    1874.88;    1888.14;    1900.01;       10;    0.59;   move
   473;    3565.64;     629.41;    3596.86;     627.26;    3595.92;     613.72;    3564.71;     615.87;       10;    0.59;   stop
   288;    1190.87;    1852.27;    1192.60;    1827.30;    1180.63;    1826.48;    1178.90;    1851.45;       10;    0.59;   stop
   570;    3202.69;     641.38;    3231.72;     640.72;    3231.37;     625.18;    3202.34;     625.84;       10;    0.59;   stop
   615;    3384.07;     906.73;    3395.66;     881.32;    3382.80;     875.45;    3371.21;     900.87;       10;    0.58;   stop
   341;    1490.54;    1624.65;    1491.05;    1613.19;    1463.71;    1611.97;    1463.20;    1623.43;       10;    0.58;   stop
  4654;    2160.49;    1137.35;    2160.55;    1125.06;    2152.76;    1125.02;    2152.70;    1137.31;       10;    0.58;   stop
   549;    3532.78;     629.77;    3562.59;     628.94;    3562.22;     615.93;    3532.41;     616.77;       10;    0.58;   stop
   602;    3216.24;    1178.58;    3231.33;    1153.40;    3219.70;    1146.42;    3204.60;    1171.60;       10;    0.58;   stop
   626;    3568.01;    1318.52;    3578.26;    1312.92;    3567.30;    1292.88;    3557.06;    1298.49;       10;    0.58;   stop
  1324;    3164.38;     638.99;    3187.84;     637.69;    3187.18;     625.93;    3163.72;     627.23;       10;    0.58;   stop
   614;    2507.38;    1982.76;    2515.83;    1972.19;    2494.00;    1954.74;    2485.55;    1965.31;       10;    0.58;   stop
  4646;     562.16;    1240.49;     591.56;    1239.34;     590.97;    1224.20;     561.56;    1225.35;       10;    0.58;   stop
   555;    1175.08;    1062.19;    1175.26;    1053.18;    1157.42;    1052.81;    1157.24;    1061.82;       10;    0.58;   stop
   232;     524.97;    1561.66;     525.75;    1548.86;     496.91;    1547.09;     496.12;    1559.89;       10;    0.57;   stop
   607;    1959.46;     749.24;    1975.21;     748.50;    1973.54;     712.70;    1957.79;     713.44;       10;    0.57;   stop
   559;    3495.41;     566.78;    3504.54;     542.37;    3491.78;     537.60;    3482.65;     562.00;       10;    0.57;   stop
   612;    2521.47;     194.19;    2521.71;     168.18;    2509.16;     168.06;    2508.92;     194.07;       10;    0.57;   stop
   514;    2523.15;     319.27;    2523.29;     288.30;    2509.72;     288.23;    2509.58;     319.20;       10;    0.57;   stop
   447;     498.00;     578.20;     500.70;     567.15;     481.69;     562.50;     478.99;     573.55;       10;    0.57;   stop
   629;    2654.15;    2074.40;    2665.47;    2069.41;    2654.35;    2044.22;    2643.03;    2049.22;       10;    0.57;   stop
  4565;    2337.05;     682.19;    2337.16;     666.97;    2299.83;     666.68;    2299.71;     681.91;       10;    0.56;   stop
   598;    2471.91;    1997.92;    2480.88;    1988.06;    2459.71;    1968.83;    2450.75;    1978.69;       10;    0.56;   stop
   673;    2547.93;    1965.23;    2556.34;    1952.31;    2529.94;    1935.14;    2521.54;    1948.07;       10;    0.56;   stop
   486;    2528.05;     601.52;    2528.88;     577.60;    2517.20;     577.19;    2516.37;     601.12;       10;    0.56;   stop
   418;    1261.98;    1646.38;    1263.03;    1634.00;    1237.77;    1631.87;    1236.72;    1644.25;       10;    0.55;   stop
  5100;    2665.60;    2149.98;    2677.35;    2144.60;    2664.28;    2116.02;    2652.52;    2121.40;       10;    0.55;   move
   656;    2255.11;    2088.98;    2261.41;    2076.80;    2235.52;    2063.40;    2229.21;    2075.57;       10;    0.55;   stop
  3040;    2704.35;     688.73;    2729.91;     687.44;    2729.16;     672.52;    2703.60;     673.81;       10;    0.55;   stop
   575;    1501.70;     928.97;    1503.13;     916.44;    1475.05;     913.22;    1473.62;     925.74;       10;    0.55;   stop
  4963;    3006.70;    1508.62;    3014.72;    1489.61;    3003.80;    1485.00;    2995.78;    1504.02;       10;    0.55;   move
   683;    1109.56;      79.47;    1132.69;      79.19;    1132.56;      68.47;    1109.43;      68.75;       10;    0.55;   stop
   601;    2431.96;     259.88;    2459.53;     259.14;    2459.17;     245.81;    2431.60;     246.55;       10;    0.54;   stop
   590;    1535.08;     978.80;    1537.37;     955.04;    1526.04;     953.95;    1523.76;     977.71;       10;    0.54;   stop
  4520;    1851.08;    2075.01;    1865.95;    2041.80;    1852.42;    2035.74;    1837.55;    2068.95;       10;    0.54;   stop
   680;    2567.13;    1955.00;    2574.97;    1943.39;    2551.25;    1927.38;    2543.41;    1938.99;       10;    0.54;   stop
   565;    1874.25;     675.20;    1889.91;     675.08;    1889.62;     638.80;    1873.96;     638.92;       10;    0.54;   stop
   605;    1844.72;    1465.69;    1869.08;    1465.37;    1868.91;    1452.56;    1844.55;    1452.88;       10;    0.54;   stop
   669;    3583.89;    1279.81;    3598.66;    1279.62;    3598.30;    1251.44;    3583.53;    1251.63;       10;    0.54;   stop
   480;    3333.62;    1375.10;    3337.17;    1362.99;    3309.50;    1354.90;    3305.96;    1367.01;        9;    0.54;   stop
   476;    1482.39;    1659.51;    1483.76;    1647.52;    1458.36;    1644.62;    1456.99;    1656.61;       10;    0.54;   stop
  4560;    1959.16;     748.93;    1975.07;     748.37;    1973.84;     713.57;    1957.93;     714.13;        9;    0.54;   stop
  3476;      26.19;    1507.82;      27.37;    1496.34;       5.28;    1494.06;       4.10;    1505.54;       10;    0.54;   stop
   453;    1253.34;    1474.04;    1257.89;    1446.28;    1245.28;    1444.21;    1240.73;    1471.97;       10;    0.54;   stop
   550;    2404.62;    1894.11;    2406.03;    1866.30;    2393.13;    1865.64;    2391.72;    1893.45;       10;    0.54;   stop
   664;    3324.95;     635.94;    3348.84;     634.62;    3348.17;     622.65;    3324.29;     623.97;       10;    0.54;   stop
   633;    2240.46;    2163.71;    2268.29;    2152.17;    2262.54;    2138.29;    2234.71;    2149.83;       10;    0.54;   stop
  2828;    2452.00;    1521.48;    2463.95;    1521.44;    2463.88;    1498.02;    2451.93;    1498.06;       10;    0.54;   stop
   475;    1118.92;    1638.30;    1147.04;    1637.91;    1146.83;    1623.08;    1118.71;    1623.46;       10;    0.54;   stop
  4448;    1829.11;     200.52;    1844.12;     200.03;    1842.89;     161.73;    1827.88;     162.22;        9;    0.53;   stop
   571;    3452.16;     752.38;    3462.96;     725.10;    3448.78;     719.49;    3437.98;     746.77;       10;    0.53;   stop
  4769;    1843.78;     935.65;    1844.34;     914.70;    1833.47;     914.41;    1832.91;     935.36;       10;    0.53;   stop
   538;    1959.11;    2109.75;    1972.65;    2109.18;    1971.55;    2083.12;    1958.01;    2083.69;       10;    0.53;   stop
  4670;    3038.74;     236.13;    3069.07;     234.94;    3068.51;     220.62;    3038.18;     221.81;       10;    0.53;   stop
   627;    1351.48;     108.59;    1352.01;      96.15;    1326.02;      95.03;    1325.49;     107.48;       10;    0.53;   stop
   685;    1978.66;     743.69;    1988.54;     743.56;    1988.28;     723.31;    1978.40;     723.44;       10;    0.53;   stop
   694;    2533.94;     808.71;    2534.29;     783.34;    2521.43;     783.17;    2521.08;     808.53;       10;    0.53;   stop
   434;    1359.88;    1652.26;    1360.81;    1639.10;    1334.49;    1637.24;    1333.56;    1650.40;       10;    0.52;   stop
   648;    2193.07;    2116.45;    2202.17;    2104.60;    2177.18;    2085.42;    2168.08;    2097.27;       10;    0.52;   stop
   608;    1769.41;    2126.92;    1786.63;    2095.91;    1773.21;    2088.46;    1755.99;    2119.47;        9;    0.52;   stop
   706;    2528.35;    1972.85;    2536.14;    1961.84;    2514.65;    1946.65;    2506.86;    1957.66;       10;    0.52;   stop
   563;    1188.64;    2151.68;    1200.24;    2151.62;    1200.11;    2121.45;    1188.50;    2121.50;       10;    0.52;   stop
  1008;    2415.56;    1742.07;    2418.03;    1715.04;    2405.82;    1713.93;    2403.35;    1740.96;       10;    0.52;   stop
  4966;    2547.09;    1139.75;    2548.03;    1124.77;    2513.91;    1122.62;    2512.97;    1137.60;       10;    0.52;   stop
  4957;    1043.08;    1175.77;    1043.74;    1161.91;    1013.80;    1160.48;    1013.14;    1174.34;        9;    0.52;   stop
   495;     727.60;    1577.50;     728.37;    1564.00;     719.49;    1563.50;     718.73;    1577.00;       10;    0.52;   stop
  5091;    1822.55;     910.32;    1832.62;     910.12;    1832.20;     889.12;    1822.13;     889.32;       10;    0.52;   stop
   561;    1961.55;      42.21;    1961.90;       9.71;    1946.70;       9.54;    1946.35;      42.04;       10;    0.51;   stop
   594;    3617.12;     629.63;    3647.32;     628.11;    3646.63;     614.44;    3616.43;     615.96;       10;    0.51;   stop
   580;    3335.77;     223.27;    3336.09;     210.51;    3310.17;     209.86;    3309.85;     222.61;       10;    0.51;   stop
   517;     411.74;    1589.84;     436.66;    1589.07;     436.23;    1575.16;     411.31;    1575.93;       10;    0.51;   stop
  4667;    3450.36;    1327.80;    3453.67;    1316.50;    3431.83;    1310.09;    3428.51;    1321.39;       10;    0.51;   move
   649;     571.66;    1040.11;     595.62;    1039.90;     595.53;    1028.96;     571.57;    1029.16;       10;    0.51;   stop
   521;    3785.47;     203.55;    3811.00;     201.82;    3810.15;     189.26;    3784.62;     191.00;       10;    0.51;   stop
   541;    1042.34;    1175.61;    1042.89;    1162.23;    1013.60;    1161.02;    1013.04;    1174.39;       10;    0.51;   stop
   483;    1632.28;     647.52;    1633.50;     636.47;    1609.97;     633.86;    1608.75;     644.91;       10;    0.50;   stop
  4668;    3735.77;     134.00;    3748.23;     104.98;    3734.23;      98.97;    3721.77;     127.99;       10;    0.50;   stop
   609;    3756.56;     332.18;    3757.75;     296.07;    3739.69;     295.48;    3738.50;     331.58;       10;    0.50;   stop
   596;     555.26;    2096.04;     583.27;    2095.23;     582.87;    2081.46;     554.86;    2082.27;       10;    0.50;   stop
   577;    1550.05;     818.11;    1554.19;     789.26;    1540.33;     787.27;    1536.18;     816.12;       10;    0.50;   stop
   582;    3657.79;     302.45;    3670.71;     273.96;    3656.59;     267.55;    3643.66;     296.04;       10;    0.50;   stop
   678;     726.31;    1053.08;     726.76;    1039.65;     719.85;    1039.42;     719.40;    1052.85;       10;    0.50;   stop
   574;    1935.97;    2105.13;    1936.54;    2076.77;    1922.69;    2076.49;    1922.12;    2104.86;       10;    0.50;   stop
   729;    2781.66;    1864.68;    2788.57;    1853.76;    2764.35;    1838.44;    2757.45;    1849.36;       10;    0.50;   stop
   542;    3663.68;     627.45;    3698.57;     624.94;    3697.57;     610.98;    3662.68;     613.49;       10;    0.49;   stop
   682;    2881.77;    1466.36;    2892.01;    1457.25;    2872.23;    1435.02;    2861.99;    1444.12;       10;    0.49;   stop
   545;    2763.98;    1391.50;    2766.61;    1375.69;    2734.65;    1370.37;    2732.02;    1386.19;       10;    0.49;   stop
   735;    3777.14;     400.47;    3793.51;     399.77;    3792.24;     370.15;    3775.86;     370.85;       10;    0.49;   stop
   707;    2663.68;    1251.94;    2665.70;    1236.75;    2640.26;    1233.37;    2638.24;    1248.56;       10;    0.49;   stop
   558;    1981.04;    2113.42;    1993.74;    2110.89;    1988.15;    2082.83;    1975.44;    2085.36;       10;    0.49;   stop
   584;    1701.44;    1676.67;    1702.53;    1663.38;    1675.81;    1661.20;    1674.72;    1674.50;       10;    0.48;   stop
   636;    2407.96;    1828.62;    2409.82;    1802.62;    2397.66;    1801.75;    2395.80;    1827.75;       10;    0.48;   stop
   723;    3191.17;    1177.15;    3205.73;    1152.95;    3194.14;    1145.98;    3179.58;    1170.18;       10;    0.48;   stop
   441;     357.41;    1673.58;     371.82;    1673.39;     371.50;    1648.92;     357.09;    1649.11;       10;    0.48;   stop
  2416;    1847.66;     268.71;    1862.96;     268.28;    1861.65;     221.79;    1846.36;     222.22;       10;    0.47;   stop
  4859;    3579.42;     382.23;    3591.83;     357.06;    3579.33;     350.90;    3566.92;     376.07;       10;    0.47;   stop
   600;    3144.09;     158.19;    3144.69;     129.00;    3129.66;     128.69;    3129.06;     157.88;       10;    0.47;   stop
  3680;    3427.32;     221.27;    3457.38;     219.88;    3456.74;     206.23;    3426.69;     207.62;       10;    0.47;   stop
   501;    1909.09;    1445.25;    1924.47;    1443.61;    1920.41;    1405.50;    1905.03;    1407.14;       10;    0.47;   stop
  4554;     533.29;    1579.83;     534.19;    1566.58;     504.53;    1564.55;     503.62;    1577.80;       10;    0.47;   move
  4466;    1431.58;     920.69;    1432.50;     908.86;    1406.79;     906.87;    1405.87;     918.70;       10;    0.47;   stop
  4916;    3050.45;     641.76;    3075.23;     639.67;    3074.24;     627.85;    3049.45;     629.94;       10;    0.47;   stop
  4326;    2057.92;     266.24;    2082.36;     265.64;    2082.08;     254.07;    2057.64;     254.67;       10;    0.46;   stop
   474;     797.57;    1936.87;     810.46;    1936.76;     810.24;    1908.76;     797.35;    1908.86;       10;    0.46;   stop
   603;    2526.13;     477.81;    2526.44;     453.86;    2513.50;     453.69;    2513.18;     477.64;       10;    0.46;   stop
  4276;    2130.86;     264.41;    2136.28;     243.97;    2126.14;     241.28;    2120.72;     261.72;       10;    0.46;   stop
  4821;    3534.70;     215.54;    3561.28;     213.49;    3560.30;     200.71;    3533.72;     202.76;       10;    0.46;   stop
  4263;    3145.23;     266.35;    3168.43;     265.30;    3167.90;     253.49;    3144.69;     254.54;       10;    0.46;   stop
  4377;    3076.81;     642.11;    3103.76;     639.21;    3102.25;     625.16;    3075.30;     628.05;       10;    0.46;   stop
  2940;    1875.49;    2022.52;    1888.01;    1995.04;    1875.26;    1989.23;    1862.74;    2016.71;       10;    0.46;   stop
  1582;    2426.04;    1627.02;    2427.73;    1602.57;    2415.59;    1601.73;    2413.90;    1626.18;       10;    0.46;   stop
  4909;    3792.99;     293.71;    3793.41;     266.21;    3778.26;     265.97;    3777.84;     293.48;       10;    0.45;   stop
   722;     588.01;    1208.18;     588.46;    1195.52;     563.24;    1194.63;     562.79;    1207.29;       10;    0.45;   stop
  3537;     378.13;    1280.09;     379.94;    1253.01;     366.24;    1252.09;     364.44;    1279.18;       10;    0.45;   stop
  3043;    1152.67;    1182.91;    1153.55;    1168.91;    1126.58;    1167.21;    1125.70;    1181.21;       10;    0.45;   stop
  1246;    3701.66;     626.38;    3731.46;     624.97;    3730.83;     611.82;    3701.04;     613.23;       10;    0.45;   stop
   445;     824.90;    1933.82;     825.37;    1908.28;     812.96;    1908.05;     812.49;    1933.59;       10;    0.45;   stop
   471;     527.59;    1597.36;     528.84;    1583.24;     500.85;    1580.77;     499.60;    1594.88;       10;    0.45;   stop
    42;    1807.63;    1097.57;    1827.64;    1079.44;    1819.37;    1070.31;    1799.36;    1088.44;       10;    0.45;   move
   576;    1912.54;    1580.11;    1926.33;    1579.92;    1925.87;    1546.26;    1912.07;    1546.45;       10;    0.45;   stop
  4524;      62.91;    1130.60;      90.85;    1129.11;      90.13;    1115.65;      62.20;    1117.14;       10;    0.44;   stop
   619;    3546.31;    1038.27;    3546.39;    1026.29;    3519.63;    1026.10;    3519.55;    1038.09;       10;    0.44;   stop
  5032;     753.78;     102.59;     754.39;      89.37;     726.79;      88.10;     726.18;     101.32;       10;    0.44;   stop
   397;      60.95;    1793.72;      78.13;    1773.03;      67.38;    1764.09;      50.19;    1784.78;       10;    0.44;   stop
   638;    3648.46;    1343.97;    3657.20;    1317.45;    3643.41;    1312.91;    3634.67;    1339.42;       10;    0.44;   stop
   689;    3424.34;     814.66;    3431.49;     793.11;    3420.35;     789.41;    3413.20;     810.96;       10;    0.43;   stop
   513;    2603.38;     250.91;    2626.49;     250.67;    2626.37;     239.59;    2603.26;     239.83;       10;    0.43;   stop
   509;     587.24;    1366.12;     592.83;    1340.20;     580.89;    1337.63;     575.30;    1363.55;       10;    0.43;   stop
  4674;    2983.28;     242.95;    2984.68;     232.64;    2961.97;     229.55;    2960.57;     239.86;       10;    0.43;   stop
   438;    1815.16;      33.92;    1826.96;      33.16;    1825.34;       7.71;    1813.54;       8.46;       10;    0.42;   stop
  4945;    3628.36;     363.16;    3640.83;     335.49;    3627.89;     329.65;    3615.42;     357.33;       10;    0.42;   stop
  3696;    2649.36;     649.45;    2649.47;     638.77;    2639.27;     638.67;    2639.17;     649.35;       10;    0.42;   stop
  3563;     212.14;    1529.55;     212.96;    1517.28;     185.60;    1515.45;     184.78;    1527.72;       10;    0.41;   stop
  2970;    2160.91;    2110.81;    2162.75;    2095.70;    2152.34;    2094.44;    2150.50;    2109.55;       10;    0.41;   stop
   647;    2405.37;    1863.00;    2406.96;    1838.99;    2395.75;    1838.25;    2394.17;    1862.26;       10;    0.41;   stop
  5039;    1257.01;    1188.63;    1258.12;    1173.08;    1221.93;    1170.50;    1220.82;    1186.04;       10;    0.41;   stop
  5074;    2161.01;    2141.10;    2161.32;    2126.25;    2149.99;    2126.02;    2149.68;    2140.87;       10;    0.41;   stop
   634;    1832.34;     263.51;    1833.42;     245.56;    1823.91;     244.99;    1822.83;     262.94;       10;    0.40;   stop
   650;    2592.59;    1429.00;    2598.15;    1400.25;    2584.29;    1397.56;    2578.73;    1426.32;       10;    0.40;   stop
  4932;    3543.18;    1283.53;    3558.10;    1283.22;    3557.45;    1252.40;    3542.53;    1252.72;       10;    0.40;   stop
   702;    1992.22;    1528.65;    1992.46;    1508.40;    1982.59;    1508.29;    1982.35;    1528.54;       10;    0.40;   stop
  3729;     379.31;    1974.93;     380.07;    1945.09;     366.94;    1944.76;     366.18;    1974.60;       10;    0.39;   stop
  4621;     774.31;    1048.36;     795.42;    1048.07;     795.27;    1037.39;     774.16;    1037.68;       10;    0.39;   stop
  1019;    1422.40;    1656.29;    1424.34;    1644.18;    1397.98;    1639.96;    1396.03;    1652.07;       10;    0.39;   stop
  4944;    3776.52;     328.74;    3791.71;     328.38;    3790.98;     297.51;    3775.79;     297.87;       10;    0.39;   stop
  4264;    1112.48;    1020.92;    1112.90;     993.03;    1100.02;     992.83;    1099.59;    1020.72;       10;    0.39;   stop
  4986;    3535.58;     566.99;    3544.99;     541.50;    3531.29;     536.45;    3521.89;     561.94;       10;    0.38;   stop
  3224;    3570.57;     494.82;    3581.12;     464.62;    3566.61;     459.55;    3556.07;     489.76;       10;    0.38;   stop
   579;    3718.98;     206.07;    3745.59;     205.68;    3745.39;     192.36;    3718.78;     192.76;       10;    0.38;   stop
  5054;     372.57;    1712.56;     373.05;    1682.36;     358.68;    1682.13;     358.20;    1712.33;       10;    0.38;   stop
  4958;    2902.52;     239.61;    2926.33;     238.39;    2925.73;     226.70;    2901.92;     227.92;       10;    0.38;   stop
  4926;     466.89;    1143.94;     467.31;    1129.67;     430.30;    1128.56;     429.87;    1142.83;       10;    0.38;   stop
  3142;     496.06;    1594.10;     496.93;    1581.81;     475.19;    1580.27;     474.32;    1592.56;       10;    0.37;   stop
  5106;    3152.06;     732.25;    3152.08;     704.95;    3138.57;     704.94;    3138.55;     732.24;       10;    0.37;   stop
   717;    2451.74;    1680.62;    2452.74;    1655.58;    2438.26;    1655.00;    2437.26;    1680.05;       10;    0.37;   stop
  4658;       0.98;    1068.57;      21.84;    1066.16;      20.22;    1052.06;      -0.65;    1054.46;       10;    0.37;   move
  1149;    1603.91;    1667.23;    1604.65;    1654.19;    1577.59;    1652.65;    1576.85;    1665.69;       10;    0.37;   stop
  3547;     625.73;    1605.38;     627.17;    1594.38;     605.21;    1591.50;     603.77;    1602.50;       10;    0.36;   stop
  3801;    2453.77;    1634.02;    2454.92;    1608.77;    2442.98;    1608.23;    2441.83;    1633.48;       10;    0.36;   stop
  5109;    1948.83;    1904.77;    1959.00;    1865.72;    1943.67;    1861.73;    1933.50;    1900.78;        9;    0.36;   stop
  5057;    3537.24;     474.09;    3547.42;     448.57;    3535.26;     443.72;    3525.08;     469.24;       10;    0.36;   stop
  5064;     135.34;     858.78;     138.80;     846.96;     113.33;     839.50;     109.87;     851.33;       10;    0.36;   stop
  5093;     921.50;     108.02;     926.10;      71.40;     908.31;      69.16;     903.71;     105.79;       10;    0.35;   stop
   745;    1977.07;    1777.64;    1978.58;    1755.58;    1967.93;    1754.86;    1966.42;    1776.92;       10;    0.35;   stop
  5003;    3438.54;     784.24;    3448.15;     755.38;    3433.33;     750.45;    3423.73;     779.31;       10;    0.35;   stop
   631;    1197.11;    1757.52;    1198.23;    1728.24;    1185.08;    1727.73;    1183.95;    1757.01;       10;    0.35;   stop
  5084;    2408.49;    2092.18;    2430.21;    2082.11;    2425.26;    2071.45;    2403.54;    2081.52;       10;    0.35;   stop
  1218;    2208.15;    2108.21;    2217.52;    2099.20;    2199.22;    2080.17;    2189.86;    2089.17;       10;    0.35;   stop