vehicle_id; veh_bb_x1; veh_bb_y1; veh_bb_x2; veh_bb_y2; veh_bb_x3; veh_bb_y3; veh_bb_x4; veh_bb_y4; det_class; conf_score; state
   149;    2895.33;    1453.73;    2905.27;    1444.86;    2885.67;    1422.89;    2875.73;    1431.76;       10;    0.84;   move
     2;    2919.83;    1174.27;    2922.19;    1163.17;    2897.17;    1157.85;    2894.81;    1168.96;       10;    0.84;   stop
     3;    3018.11;    1440.57;    3028.63;    1416.28;    3017.14;    1411.30;    3006.62;    1435.59;       10;    0.84;   stop
   107;    2120.82;    1117.23;    2121.68;    1105.24;    2097.55;    1103.52;    2096.70;    1115.51;       10;    0.83;   stop
     8;    2109.18;    1217.13;    2109.89;    1205.32;    2085.57;    1203.87;    2084.86;    1215.68;       10;    0.83;   stop
   422;    1763.69;    1153.96;    1764.39;    1140.38;    1733.49;    1138.79;    1732.79;    1152.37;       10;    0.83;   stop
    32;    2089.70;    1119.28;    2090.03;    1106.65;    2063.80;    1105.97;    2063.47;    1118.60;       10;    0.83;   stop
  3190;    3082.33;    1458.95;    3092.32;    1436.04;    3081.17;    1431.17;    3071.18;    1454.09;       10;    0.83;   stop
  1874;    1782.85;    1173.85;    1783.52;    1159.75;    1752.51;    1158.28;    1751.84;    1172.37;       10;    0.83;   stop
  3895;    1738.73;    1189.19;    1739.75;    1176.64;    1712.77;    1174.44;    1711.75;    1186.99;       10;    0.82;   stop
    59;    2981.20;    1309.82;    2983.89;    1296.21;    2952.80;    1290.06;    2950.11;    1303.66;       10;    0.82;   stop
    17;    1362.68;    1192.80;    1363.52;    1176.47;    1319.32;    1174.20;    1318.48;    1190.53;        9;    0.82;   stop
    37;    2586.24;    1125.42;    2587.63;    1113.01;    2560.26;    1109.96;    2558.87;    1122.36;       10;    0.82;   stop
   325;    2948.79;    1274.59;    2951.56;    1262.01;    2922.21;    1255.53;    2919.44;    1268.12;       10;    0.82;   stop
    60;    3036.59;    1532.17;    3045.84;    1509.99;    3034.66;    1505.33;    3025.41;    1527.51;       10;    0.82;   stop
  4864;    1665.82;    1181.59;    1667.01;    1169.85;    1642.80;    1167.41;    1641.62;    1179.15;       10;    0.82;   stop
  1355;    1890.04;     976.14;    1890.12;     949.90;    1877.50;     949.86;    1877.41;     976.10;       10;    0.82;   move
    20;    1983.46;     374.87;    1984.37;     347.80;    1972.04;     347.38;    1971.13;     374.45;       10;    0.82;   stop
   137;    2914.67;    1255.40;    2916.86;    1243.46;    2891.08;    1238.72;    2888.89;    1250.66;       10;    0.82;   stop
    45;    3045.56;    1474.71;    3058.06;    1449.56;    3045.94;    1443.54;    3033.44;    1468.69;       10;    0.82;   stop
   258;    1972.19;     792.58;    1973.24;     767.22;    1959.87;     766.67;    1958.82;     792.03;       10;    0.82;   stop
    65;    2831.79;    1157.82;    2834.03;    1145.65;    2806.33;    1140.56;    2804.10;    1152.73;       10;    0.82;   stop
  4574;    2704.54;    1162.50;    2706.60;    1148.66;    2673.71;    1143.75;    2671.65;    1157.59;       10;    0.82;   move
  2882;    3095.06;    1431.44;    3107.21;    1405.76;    3095.44;    1400.19;    3083.29;    1425.87;       10;    0.82;   stop
  5016;    3004.85;    1225.37;    3007.60;    1212.33;    2976.40;    1205.75;    2973.65;    1218.79;       10;    0.82;   move
    19;    2950.03;    1180.96;    2952.64;    1169.32;    2927.62;    1163.73;    2925.02;    1175.36;       10;    0.82;   stop
    25;    1270.47;    1072.90;    1271.29;    1060.69;    1245.59;    1058.98;    1244.78;    1071.18;       10;    0.82;   stop
    26;    2080.60;    1214.63;    2080.96;    1203.70;    2059.59;    1203.00;    2059.23;    1213.92;       10;    0.82;   stop
   210;    1967.03;     653.23;    1968.88;     622.24;    1954.72;     621.39;    1952.87;     652.38;       10;    0.81;   move
    36;    2481.04;    1115.89;    2481.39;    1104.51;    2456.21;    1103.73;    2455.86;    1115.12;       10;    0.81;   stop
  4359;    2768.83;    1165.13;    2771.25;    1151.30;    2738.80;    1145.62;    2736.38;    1159.45;       10;    0.81;   move
  2210;    1567.38;    1145.42;    1567.52;    1131.88;    1539.87;    1131.58;    1539.73;    1145.12;       10;    0.81;   stop
   326;    2096.13;    1135.74;    2096.32;    1124.80;    2072.75;    1124.38;    2072.56;    1135.32;       10;    0.81;   stop
  5158;    2878.40;    1247.06;    2881.21;    1234.01;    2853.10;    1227.94;    2850.29;    1240.99;       10;    0.81;   stop
    35;     937.83;    1169.64;     938.75;    1157.73;     912.79;    1155.73;     911.88;    1167.65;       10;    0.81;   stop
   238;    1933.76;    1578.97;    1948.09;    1578.69;    1947.49;    1548.53;    1933.16;    1548.81;       10;    0.81;   move
    40;    2929.56;    1297.65;    2931.60;    1285.10;    2905.44;    1280.85;    2903.40;    1293.40;       10;    0.81;   stop
  4751;    3265.85;    1142.12;    3280.04;    1112.99;    3265.71;    1106.01;    3251.52;    1135.14;       10;    0.81;   move
    29;    3607.48;    1455.55;    3611.66;    1441.11;    3578.46;    1431.48;    3574.27;    1445.92;       10;    0.81;   stop
   136;    1150.48;    1098.96;    1151.44;    1085.66;    1122.02;    1083.54;    1121.06;    1096.84;       10;    0.81;   move
    30;    1835.53;     658.42;    1847.96;     658.30;    1847.72;     633.08;    1835.29;     633.20;       10;    0.81;   stop
    79;     811.64;    1161.40;     811.90;    1149.88;     788.11;    1149.35;     787.85;    1160.87;       10;    0.81;   stop
    44;    2697.93;    1254.39;    2699.72;    1241.63;    2670.20;    1237.48;    2668.40;    1250.24;       10;    0.81;   stop
    55;    1012.27;    1062.03;    1012.55;    1050.17;     987.70;    1049.60;     987.42;    1061.45;       10;    0.81;   stop
  1610;    1529.55;    1143.11;    1530.08;    1130.52;    1503.45;    1129.39;    1502.92;    1141.98;       10;    0.81;   stop
   864;    1933.47;    1496.60;    1945.87;    1496.45;    1945.53;    1467.78;    1933.13;    1467.93;       10;    0.81;   move
    52;    1906.05;    1110.12;    1909.70;    1099.11;    1886.80;    1091.50;    1883.14;    1102.52;       10;    0.81;   move
  3841;    2623.64;    1146.56;    2624.98;    1132.38;    2592.61;    1129.32;    2591.27;    1143.49;       10;    0.81;   move
    73;    3030.61;    1200.83;    3033.74;    1189.04;    3006.89;    1181.92;    3003.76;    1193.71;       10;    0.81;   stop
   229;    1925.71;    1801.84;    1930.24;    1773.21;    1917.29;    1771.16;    1912.76;    1799.79;       10;    0.81;   move
   303;    1897.99;     982.71;    1912.03;     982.35;    1911.26;     952.29;    1897.22;     952.65;       10;    0.81;   stop
  5097;    2168.16;    1121.88;    2169.20;    1108.02;    2137.41;    1105.62;    2136.36;    1119.48;       10;    0.81;   stop
    57;    2593.43;    1243.55;    2594.34;    1230.21;    2563.20;    1228.08;    2562.28;    1241.42;       10;    0.81;   stop
  3491;    1743.79;    1169.72;    1744.71;    1157.83;    1716.71;    1155.66;    1715.79;    1167.54;       10;    0.81;   stop
  3768;    1777.75;    1191.14;    1778.27;    1179.24;    1752.50;    1178.11;    1751.98;    1190.01;       10;    0.81;   stop
    47;    1663.09;    1200.00;    1664.95;    1187.90;    1638.79;    1183.88;    1636.92;    1195.98;       10;    0.81;   stop
   346;    2802.36;    1244.78;    2804.12;    1232.19;    2773.89;    1227.97;    2772.13;    1240.56;       10;    0.81;   stop
    39;    2817.52;    1273.74;    2820.11;    1261.96;    2794.73;    1256.39;    2792.14;    1268.16;       10;    0.81;   stop
    23;    1475.33;      72.69;    1475.59;      58.93;    1445.17;      58.37;    1444.91;      72.13;       10;    0.80;   stop
    33;    1953.96;     118.39;    1965.68;     118.32;    1965.54;      94.80;    1953.82;      94.87;       10;    0.80;   stop
    67;    1967.73;     447.82;    1981.00;     447.66;    1980.65;     418.43;    1967.38;     418.59;       10;    0.80;   stop
    88;     953.80;    1061.85;     980.58;    1061.38;     980.36;    1048.65;     953.57;    1049.12;       10;    0.80;   stop
   144;     869.92;    1165.50;     870.30;    1152.76;     844.86;    1152.00;     844.48;    1164.74;       10;    0.80;   stop
    83;    1182.58;    1183.07;    1183.03;    1170.21;    1157.42;    1169.31;    1156.97;    1182.17;       10;    0.80;   stop
  1074;    1914.32;    1266.60;    1926.41;    1264.54;    1921.84;    1237.65;    1909.74;    1239.71;       10;    0.80;   move
    81;    3093.46;    1506.29;    3104.25;    1482.54;    3092.54;    1477.21;    3081.75;    1500.96;       10;    0.80;   stop
  4954;    2909.41;    1274.77;    2912.27;    1261.00;    2881.52;    1254.61;    2878.66;    1268.38;       10;    0.80;   stop
    54;    1971.97;     909.85;    1985.99;     908.59;    1983.53;     881.15;    1969.51;     882.41;       10;    0.80;   stop
   156;    2151.63;    1217.40;    2152.01;    1205.48;    2127.87;    1204.72;    2127.49;    1216.64;       10;    0.80;   stop
    56;    2886.86;    1168.30;    2889.45;    1155.91;    2862.64;    1150.32;    2860.05;    1162.71;       10;    0.80;   stop
   153;    3015.17;    1261.60;    3017.75;    1248.29;    2988.58;    1242.65;    2986.00;    1255.96;       10;    0.80;   stop
    74;    3005.60;    1471.76;    3016.45;    1447.07;    3004.90;    1441.99;    2994.05;    1466.68;       10;    0.80;   stop
  5364;    1200.82;    1160.47;    1201.55;    1147.56;    1170.12;    1145.78;    1169.39;    1158.69;       10;    0.80;   move
    86;    1926.28;    1325.06;    1940.24;    1323.46;    1936.97;    1295.06;    1923.01;    1296.67;       10;    0.80;   move
   383;    2995.55;    1291.96;    2998.60;    1280.73;    2974.45;    1274.17;    2971.40;    1285.39;       10;    0.80;   stop
    92;    1992.74;    1459.70;    1993.09;    1432.84;    1980.76;    1432.68;    1980.41;    1459.54;       10;    0.80;   stop
  3358;    2330.99;    1128.26;    2331.59;    1116.22;    2307.01;    1114.99;    2306.41;    1127.03;       10;    0.80;   stop
   331;    1722.66;    1151.48;    1723.28;    1139.26;    1696.21;    1137.89;    1695.59;    1150.11;       10;    0.80;   stop
    66;    2458.71;    1233.54;    2459.31;    1221.37;    2433.54;    1220.09;    2432.94;    1232.25;       10;    0.80;   stop
    15;    2729.38;    1257.50;    2730.94;    1245.13;    2705.07;    1241.88;    2703.51;    1254.25;       10;    0.80;   stop
    87;    1968.13;     158.26;    1981.43;     157.96;    1980.81;     129.74;    1967.50;     130.04;       10;    0.80;   stop
   319;    1965.93;    1512.75;    1966.32;    1484.42;    1953.57;    1484.25;    1953.18;    1512.58;       10;    0.80;   move
    48;    2321.41;    1110.41;    2321.72;    1098.60;    2297.47;    1097.97;    2297.16;    1109.78;       10;    0.80;   stop
   515;    2136.27;    1139.86;    2137.17;    1126.59;    2110.23;    1124.77;    2109.33;    1138.04;       10;    0.80;   stop
   899;    1798.12;    1153.34;    1798.57;    1141.44;    1774.50;    1140.53;    1774.06;    1152.44;       10;    0.80;   stop
    80;    3108.62;    1477.88;    3120.14;    1453.58;    3108.88;    1448.24;    3097.36;    1472.55;       10;    0.80;   stop
  5764;    3313.22;    1277.75;    3317.25;    1264.09;    3287.72;    1255.38;    3283.69;    1269.03;       10;    0.80;   move
    41;    1958.75;    1863.24;    1965.18;    1832.95;    1951.94;    1830.13;    1945.51;    1860.43;       10;    0.80;   stop
    90;    3126.40;    1453.37;    3138.48;    1428.59;    3125.78;    1422.41;    3113.71;    1447.19;       10;    0.80;   stop
   110;    1042.71;    1063.48;    1043.09;    1052.26;    1021.10;    1051.52;    1020.72;    1062.74;       10;    0.80;   stop
   101;    1332.70;    1073.27;    1332.81;    1061.09;    1305.42;    1060.86;    1305.32;    1073.04;       10;    0.80;   stop
   143;    1710.42;    1088.51;    1711.16;    1076.48;    1684.83;    1074.86;    1684.09;    1086.89;       10;    0.80;   stop
  2076;    1862.79;     706.05;    1875.21;     705.65;    1874.46;     682.20;    1862.04;     682.60;       10;    0.80;   move
    31;     500.88;    1043.20;     501.48;    1031.80;     477.87;    1030.55;     477.27;    1041.95;       10;    0.80;   stop
  5199;    1896.48;     949.11;    1910.17;     948.95;    1909.86;     922.33;    1896.18;     922.48;       10;    0.80;   stop
  1989;    2292.22;    1145.55;    2292.74;    1133.70;    2267.03;    1132.58;    2266.51;    1144.42;       10;    0.80;   stop
  5893;    3296.96;    1295.06;    3300.87;    1281.41;    3267.42;    1271.82;    3263.50;    1285.46;       10;    0.80;   move
    28;    2680.30;    1978.30;    2704.73;    1969.46;    2700.20;    1956.95;    2675.77;    1965.79;       10;    0.80;   stop
    85;    1948.01;     372.66;    1960.56;     372.51;    1960.24;     346.22;    1947.69;     346.36;       10;    0.79;   stop
   159;    1975.00;     774.47;    1987.77;     774.23;    1987.25;     746.53;    1974.48;     746.77;       10;    0.79;   stop
    11;    1199.97;    1068.15;    1200.79;    1056.85;    1179.41;    1055.29;    1178.58;    1066.58;       10;    0.79;   stop
   103;    2521.75;    1236.62;    2522.43;    1225.33;    2496.50;    1223.76;    2495.82;    1235.05;       10;    0.79;   stop
   104;    1962.36;     409.45;    1976.00;     409.03;    1975.14;     381.42;    1961.50;     381.85;       10;    0.79;   stop
  5635;     891.18;    1147.85;     891.55;    1134.45;     862.70;    1133.65;     862.33;    1147.05;       10;    0.79;   move
   126;    1833.19;     877.00;    1842.30;     850.39;    1830.93;     846.50;    1821.82;     873.11;       10;    0.79;   stop
   100;     881.92;    1058.12;     882.66;    1046.03;     857.89;    1044.51;     857.15;    1056.60;       10;    0.79;   stop
  3108;    1485.59;    1141.85;    1486.14;    1129.63;    1458.53;    1128.40;    1457.99;    1140.62;       10;    0.79;   stop
   297;    2842.34;    1247.07;    2844.26;    1233.78;    2811.53;    1229.06;    2809.62;    1242.34;       10;    0.79;   stop
   148;    2859.40;    1282.97;    2861.99;    1270.58;    2836.10;    1265.16;    2833.51;    1277.55;       10;    0.79;   stop
    18;    3026.32;    1514.31;    3038.56;    1489.57;    3026.93;    1483.82;    3014.69;    1508.55;       10;    0.79;   stop
    82;    2709.67;    1965.81;    2737.35;    1955.18;    2732.16;    1941.69;    2704.49;    1952.32;       10;    0.79;   stop
    89;    1585.30;    1082.18;    1586.24;    1070.78;    1562.45;    1068.82;    1561.51;    1080.22;       10;    0.79;   stop
   132;    3011.85;    1544.69;    3023.43;    1520.77;    3012.15;    1515.31;    3000.57;    1539.23;       10;    0.79;   stop
  5855;    3188.96;    1142.42;    3189.38;    1117.18;    3175.73;    1116.95;    3175.31;    1142.19;       10;    0.79;   stop
   152;    1950.76;      83.26;    1963.87;      82.84;    1963.02;      56.24;    1949.91;      56.66;       10;    0.79;   stop
   133;    1969.21;     121.46;    1981.46;     121.44;    1981.41;      95.67;    1969.16;      95.69;       10;    0.79;   stop
   160;    1960.02;     432.92;    1960.04;     404.09;    1948.42;     404.08;    1948.40;     432.91;       10;    0.79;   stop
    53;     694.17;    1051.43;     694.76;    1039.48;     669.89;    1038.26;     669.30;    1050.21;       10;    0.79;   stop
   225;    1741.35;    1090.80;    1741.99;    1079.56;    1718.02;    1078.20;    1717.38;    1089.44;       10;    0.79;   stop
   175;    1559.05;    1198.16;    1584.56;    1197.43;    1584.20;    1184.59;    1558.69;    1185.32;       10;    0.79;   stop
  5824;    1879.36;     918.13;    1892.57;     918.04;    1892.39;     891.99;    1879.18;     892.08;       10;    0.79;   move
  2165;    1948.26;    1784.25;    1950.97;    1751.62;    1937.49;    1750.50;    1934.78;    1783.13;       10;    0.79;   stop
  3028;    1871.15;     126.27;    1884.48;     126.08;    1884.10;      99.29;    1870.77;      99.48;       10;    0.79;   move
  1994;    1907.91;    1357.96;    1921.68;    1356.82;    1919.34;    1328.54;    1905.57;    1329.68;       10;    0.79;   stop
   204;    1991.31;    1609.40;    1992.44;    1581.61;    1979.94;    1581.10;    1978.81;    1608.89;       10;    0.79;   stop
    51;    1959.53;     920.27;    1962.27;     893.32;    1950.31;     892.11;    1947.57;     919.05;       10;    0.79;   move
  5596;    3186.23;    1254.15;    3188.86;    1241.89;    3160.64;    1235.85;    3158.02;    1248.11;       10;    0.79;   move
   114;    1975.35;     565.93;    1975.69;     536.73;    1962.15;     536.57;    1961.81;     565.77;       10;    0.79;   stop
   263;    1950.29;     747.78;    1950.37;     721.50;    1937.89;     721.47;    1937.81;     747.75;       10;    0.79;   move
    14;    1974.49;     965.53;    1974.58;     936.89;    1960.76;     936.85;    1960.67;     965.48;       10;    0.79;   stop
   335;    1853.33;     968.49;    1853.44;     940.69;    1838.83;     940.63;    1838.72;     968.44;       10;    0.79;   stop
  2218;    2253.67;    1127.74;    2277.47;    1127.69;    2277.45;    1115.51;    2253.65;    1115.56;       10;    0.79;   stop
     9;    2512.33;    1136.23;    2513.31;    1122.68;    2483.42;    1120.52;    2482.44;    1134.07;       10;    0.79;   move
    96;    1321.50;      72.64;    1353.78;      72.58;    1353.75;      58.43;    1321.47;      58.49;       10;    0.79;   stop
   978;    1487.69;    1108.14;    1488.63;    1096.50;    1465.44;    1094.61;    1464.49;    1106.25;       10;    0.79;   move
  5141;    1375.25;    1137.53;    1402.46;    1137.34;    1402.37;    1124.84;    1375.16;    1125.03;       10;    0.79;   move
   145;    1214.19;    1184.51;    1214.99;    1171.93;    1186.56;    1170.11;    1185.76;    1182.70;       10;    0.79;   stop
   284;    1899.24;    1287.53;    1911.57;    1285.74;    1907.76;    1259.47;    1895.43;    1261.26;       10;    0.79;   stop
    68;     825.51;    1614.14;     826.07;    1602.18;     803.07;    1601.11;     802.51;    1613.07;       10;    0.79;   stop
  4749;    1705.63;    1185.65;    1706.09;    1172.23;    1676.12;    1171.22;    1675.66;    1184.64;       10;    0.79;   stop
  1114;    2743.20;    1230.79;    2744.98;    1218.75;    2719.42;    1214.96;    2717.64;    1227.00;       10;    0.79;   move
  4815;    2901.37;    1206.87;    2904.07;    1193.61;    2874.10;    1187.51;    2871.40;    1200.76;       10;    0.79;   move
    78;    1156.40;    1067.96;    1157.22;    1055.45;    1131.85;    1053.79;    1131.03;    1066.30;       10;    0.78;   stop
   111;     800.32;    1613.00;     801.16;    1601.73;     777.63;    1600.00;     776.80;    1611.27;       10;    0.78;   stop
   237;    1969.01;    1455.67;    1970.05;    1428.17;    1957.71;    1427.70;    1956.67;    1455.21;       10;    0.78;   move
  2641;    1935.82;    1858.33;    1940.46;    1833.70;    1929.68;    1831.67;    1925.04;    1856.30;       10;    0.78;   stop
   127;    1974.72;     803.13;    1986.73;     803.06;    1986.59;     778.62;    1974.58;     778.69;       10;    0.78;   stop
  2461;    2329.06;    1144.48;    2329.55;    1132.37;    2305.56;    1131.40;    2305.07;    1143.50;       10;    0.78;   stop
  2520;    2440.13;    1152.67;    2441.02;    1139.79;    2412.75;    1137.83;    2411.86;    1150.71;       10;    0.78;   stop
   273;    1912.47;    1498.01;    1924.86;    1497.86;    1924.53;    1471.99;    1912.14;    1472.14;       10;    0.78;   stop
   124;    2804.33;    1930.44;    2830.55;    1912.69;    2822.08;    1900.18;    2795.86;    1917.94;       10;    0.78;   stop
  3286;    1869.33;      64.30;    1881.70;      64.01;    1881.04;      36.38;    1868.67;      36.68;       10;    0.78;   stop
   196;    1361.60;    1071.25;    1362.29;    1059.67;    1340.65;    1058.37;    1339.96;    1069.96;       10;    0.78;   stop
   197;    2109.02;    1361.97;    2137.80;    1359.76;    2136.73;    1345.90;    2107.95;    1348.11;       10;    0.78;   stop
   191;    2717.20;    1140.36;    2718.94;    1127.98;    2692.55;    1124.27;    2690.81;    1136.65;       10;    0.78;   stop
   185;    2805.65;    1400.11;    2809.71;    1386.50;    2779.60;    1377.51;    2775.54;    1391.12;       10;    0.78;   stop
   725;    1941.31;    1822.25;    1944.93;    1795.12;    1932.82;    1793.50;    1929.20;    1820.63;       10;    0.78;   stop
   139;    1429.54;    1078.14;    1430.08;    1066.15;    1404.34;    1064.99;    1403.79;    1076.97;       10;    0.78;   stop
  1161;    2215.10;    1141.47;    2215.60;    1129.79;    2192.28;    1128.78;    2191.78;    1140.46;       10;    0.78;   stop
   157;    2488.81;    1344.06;    2489.71;    1331.97;    2464.19;    1330.07;    2463.29;    1342.15;       10;    0.78;   stop
    94;    2772.43;    1941.22;    2796.21;    1929.71;    2790.32;    1917.53;    2766.54;    1929.04;       10;    0.78;   stop
   999;    2890.15;    1805.66;    2906.63;    1784.87;    2896.10;    1776.53;    2879.62;    1797.31;       10;    0.78;   move
  2521;    1871.51;     324.94;    1883.89;     324.87;    1883.74;     299.43;    1871.36;     299.51;       10;    0.78;   move
   208;    1837.31;     739.60;    1851.07;     739.40;    1850.62;     708.28;    1836.87;     708.47;       10;    0.78;   stop
   218;     819.74;     991.61;     820.08;     980.16;     794.36;     979.39;     794.01;     990.84;       10;    0.78;   stop
  1408;    1609.38;    1142.48;    1610.17;    1130.52;    1585.62;    1128.90;    1584.83;    1140.85;       10;    0.78;   stop
   192;    1878.36;    1687.98;    1879.28;    1675.42;    1853.26;    1673.52;    1852.35;    1686.08;       10;    0.78;   stop
   342;    2006.59;    1660.73;    2006.91;    1636.79;    1995.22;    1636.64;    1994.91;    1660.58;       10;    0.78;   stop
   109;    1403.49;      71.46;    1403.80;      58.65;    1374.14;      57.92;    1373.82;      70.73;       10;    0.78;   stop
  2283;    1871.50;     433.34;    1884.28;     433.09;    1883.75;     405.91;    1870.97;     406.16;       10;    0.78;   move
   290;    1832.38;     485.03;    1845.89;     484.39;    1844.59;     456.60;    1831.08;     457.23;       10;    0.78;   stop
  5600;     982.43;    1140.16;     983.24;    1127.34;     955.38;    1125.59;     954.57;    1138.41;       10;    0.78;   move
    21;    1816.84;    2027.99;    1829.14;    2002.54;    1818.22;    1997.26;    1805.92;    2022.71;       10;    0.78;   stop
  5728;    1895.59;     851.51;    1909.20;     851.30;    1908.78;     823.62;    1895.18;     823.82;       10;    0.78;   stop
   977;    1901.06;    1168.16;    1913.78;    1164.71;    1905.94;    1135.84;    1893.22;    1139.29;       10;    0.78;   move
   349;    1965.57;    1607.38;    1965.72;    1583.19;    1953.93;    1583.12;    1953.78;    1607.31;       10;    0.78;   move
   184;    2309.42;    1227.70;    2309.99;    1214.75;    2282.45;    1213.55;    2281.89;    1226.50;       10;    0.78;   stop
   235;    2443.62;    1415.11;    2445.32;    1388.11;    2431.76;    1387.26;    2430.06;    1414.26;       10;    0.78;   stop
  5531;    1896.88;     903.64;    1909.62;     903.43;    1909.18;     876.68;    1896.44;     876.89;       10;    0.78;   stop
  3433;    1848.21;     233.84;    1862.53;     233.63;    1862.04;     200.97;    1847.72;     201.19;       10;    0.77;   move
  2682;    1869.09;     174.68;    1881.88;     174.67;    1881.85;     149.32;    1869.06;     149.33;       10;    0.77;   move
   129;    1554.75;     785.30;    1558.54;     758.74;    1546.88;     757.08;    1543.09;     783.63;       10;    0.77;   stop
  4960;    1600.54;    1179.73;    1600.74;    1167.43;    1575.34;    1167.02;    1575.14;    1179.32;       10;    0.77;   move
   264;    2077.39;    1362.43;    2102.73;    1358.98;    2101.05;    1346.57;    2075.70;    1350.02;       10;    0.77;   stop
   194;    1436.88;      72.07;    1437.37;      58.25;    1410.49;      57.30;    1410.00;      71.12;       10;    0.77;   stop
   177;    2126.62;     659.07;    2152.90;     659.04;    2152.88;     647.06;    2126.60;     647.09;       10;    0.77;   stop
  2764;    1847.85;     397.37;    1862.55;     396.36;    1860.34;     364.25;    1845.64;     365.26;       10;    0.77;   move
   188;    1945.46;     983.35;    1959.36;     982.91;    1958.29;     949.40;    1944.39;     949.84;       10;    0.77;   move
   174;     753.10;    1190.30;     753.60;    1177.90;     724.17;    1176.70;     723.66;    1189.10;       10;    0.77;   stop
   122;    2649.66;    1350.48;    2650.25;    1338.44;    2623.97;    1337.15;    2623.38;    1349.19;       10;    0.77;   stop
   164;    2460.01;    1563.13;    2462.38;    1538.54;    2450.24;    1537.37;    2447.87;    1561.96;       10;    0.77;   stop
   524;    3378.78;    1136.76;    3392.81;    1110.44;    3378.72;    1102.93;    3364.69;    1129.24;       10;    0.77;   stop
    95;    2922.83;    1527.25;    2933.90;    1520.87;    2919.67;    1496.18;    2908.60;    1502.57;       10;    0.77;   stop
   215;    1970.54;     194.15;    1983.29;     192.92;    1980.46;     163.60;    1967.71;     164.83;       10;    0.77;   stop
   135;    1836.63;     628.87;    1848.06;     628.19;    1846.62;     604.13;    1835.19;     604.81;       10;    0.77;   stop
   189;     665.09;    1049.22;     665.58;    1037.74;     641.79;    1036.71;     641.29;    1048.20;       10;    0.77;   stop
  1620;    1871.85;     957.09;    1872.22;     928.57;    1859.97;     928.41;    1859.59;     956.93;       10;    0.77;   move
   130;    1976.79;     976.56;    1988.62;     976.21;    1987.89;     951.69;    1976.07;     952.04;       10;    0.77;   stop
   244;    2237.61;    1223.79;    2238.28;    1211.05;    2210.26;    1209.59;    2209.60;    1222.32;       10;    0.77;   stop
   205;    2355.57;    1228.70;    2356.03;    1215.81;    2327.43;    1214.80;    2326.97;    1227.69;       10;    0.77;   stop
   167;    2875.86;    1884.52;    2900.84;    1862.16;    2889.39;    1849.36;    2864.41;    1871.71;        9;    0.77;   stop
   295;    1955.30;     336.33;    1969.21;     336.10;    1968.70;     304.92;    1954.79;     305.15;       10;    0.77;   stop
  1844;    1870.49;     851.75;    1870.76;     826.88;    1858.88;     826.75;    1858.62;     851.62;       10;    0.77;   move
   327;    1090.61;    1176.51;    1091.01;    1164.32;    1065.64;    1163.49;    1065.24;    1175.68;       10;    0.77;   stop
  1909;    2256.83;    1144.45;    2257.30;    1131.35;    2228.17;    1130.30;    2227.70;    1143.40;       10;    0.77;   stop
   190;    2569.90;    1344.24;    2570.26;    1332.92;    2545.10;    1332.13;    2544.74;    1343.45;       10;    0.77;   stop
    64;    1803.59;    2059.28;    1816.95;    2032.61;    1805.17;    2026.72;    1791.82;    2053.39;       10;    0.77;   stop
   494;    1972.07;     596.94;    1972.64;     572.21;    1960.93;     571.94;    1960.36;     596.67;       10;    0.77;   stop
   134;    1973.56;     481.62;    1986.37;     481.21;    1985.51;     454.38;    1972.69;     454.79;       10;    0.77;   stop
   170;    1240.28;    1069.88;    1241.17;    1058.12;    1217.84;    1056.37;    1216.95;    1068.13;       10;    0.77;   stop
   305;     963.23;    1175.24;     964.85;    1164.60;     943.64;    1161.39;     942.03;    1172.02;       10;    0.77;   stop
   123;    2931.91;    1701.18;    2941.22;    1673.43;    2928.40;    1669.13;    2919.09;    1696.88;       10;    0.77;   stop
   108;    1957.46;    1345.06;    1971.14;    1344.81;    1970.67;    1317.82;    1956.98;    1318.06;       10;    0.77;   move
   234;    2373.67;    1366.66;    2374.37;    1354.01;    2346.46;    1352.46;    2345.76;    1365.12;       10;    0.77;   stop
   213;    2412.28;    1787.92;    2414.68;    1760.28;    2402.34;    1759.21;    2399.94;    1786.84;       10;    0.77;   stop
  5195;    1845.56;      67.47;    1858.56;      67.15;    1857.94;      42.21;    1844.94;      42.54;       10;    0.77;   stop
   151;    1827.95;      68.59;    1828.10;      42.86;    1815.98;      42.78;    1815.82;      68.52;       10;    0.77;   stop
   202;    1691.26;    1149.45;    1691.65;    1136.30;    1662.36;    1135.43;    1661.97;    1148.57;       10;    0.77;   stop
  3601;    2179.18;    1139.79;    2179.76;    1127.18;    2153.38;    1125.96;    2152.80;    1138.57;       10;    0.77;   stop
   163;    2676.83;    1380.27;    2677.83;    1367.96;    2651.92;    1365.85;    2650.92;    1378.16;       10;    0.77;   stop
   329;    3243.20;    1090.74;    3262.10;    1066.92;    3250.86;    1058.01;    3231.97;    1081.83;       10;    0.77;   stop
  4016;    3258.46;    1342.43;    3260.62;    1330.08;    3235.60;    1325.70;    3233.44;    1338.05;       10;    0.77;   move
   117;    1978.26;     874.62;    1991.43;     873.44;    1989.24;     848.88;    1976.07;     850.06;       10;    0.76;   stop
   140;     772.52;    1611.45;     773.03;    1600.35;     750.10;    1599.30;     749.59;    1610.40;       10;    0.76;   stop
   301;     855.53;    1616.49;     856.16;    1604.58;     830.98;    1603.26;     830.36;    1615.17;       10;    0.76;   stop
   266;    1840.87;     845.21;    1853.20;     844.88;    1852.41;     815.85;    1840.08;     816.18;       10;    0.76;   stop
   651;    1954.30;     483.91;    1966.62;     483.16;    1965.20;     459.96;    1952.88;     460.72;       10;    0.76;   stop
   231;    1834.68;     799.10;    1834.75;     774.81;    1822.70;     774.77;    1822.62;     799.07;       10;    0.76;   stop
   240;     403.53;    1042.97;     431.07;    1042.48;     430.84;    1029.85;     403.31;    1030.33;       10;    0.76;   stop
  3090;    1851.97;     341.10;    1865.54;     340.72;    1864.65;     309.15;    1851.09;     309.53;       10;    0.76;   move
   219;     906.37;    1167.32;     906.61;    1154.40;     881.44;    1153.93;     881.21;    1166.85;       10;    0.76;   stop
   272;    2270.17;    1225.28;    2270.27;    1212.78;    2247.46;    1212.59;    2247.35;    1225.09;       10;    0.76;   stop
   355;    2422.65;    1231.57;    2423.08;    1218.51;    2394.23;    1217.56;    2393.80;    1230.61;       10;    0.76;   stop
   532;    3226.62;    1119.10;    3242.94;    1091.79;    3229.94;    1084.02;    3213.62;    1111.33;       10;    0.76;   stop
   168;    2740.71;    1954.38;    2769.98;    1941.50;    2763.54;    1926.87;    2734.27;    1939.75;       10;    0.76;   stop
   224;    2092.39;     660.02;    2117.75;     659.27;    2117.36;     646.11;    2092.00;     646.86;       10;    0.76;   stop
   256;    1959.23;     209.64;    1970.99;     208.17;    1967.77;     182.42;    1956.01;     183.89;       10;    0.76;   stop
   200;    3022.23;    1562.95;    3031.58;    1540.14;    3019.77;    1535.30;    3010.42;    1558.11;       10;    0.76;   stop
  4903;    1847.32;     125.26;    1861.40;     124.50;    1859.74;      94.11;    1845.67;      94.88;       10;    0.76;   stop
    97;    1834.93;     588.69;    1835.12;     562.28;    1821.50;     562.19;    1821.32;     588.59;       10;    0.76;   stop
   162;     890.21;    1619.32;     891.24;    1607.08;     865.63;    1604.93;     864.60;    1617.17;       10;    0.76;   stop
   206;    1921.13;     712.39;    1933.46;     712.32;    1933.30;     687.67;    1920.98;     687.75;       10;    0.76;   move
   280;    2185.52;    1221.37;    2186.33;    1208.10;    2158.30;    1206.38;    2157.48;    1219.65;       10;    0.76;   stop
   293;    3513.81;    1075.10;    3545.06;    1074.17;    3544.63;    1059.59;    3513.38;    1060.51;       10;    0.76;   stop
   193;    1899.02;    1822.28;    1904.62;    1796.12;    1892.23;    1793.47;    1886.63;    1819.63;       10;    0.76;   stop
   320;    1818.51;     353.32;    1831.84;     352.96;    1830.99;     321.68;    1817.66;     322.04;       10;    0.76;   stop
   176;    3391.60;    1039.81;    3392.50;    1026.49;    3364.03;    1024.56;    3363.13;    1037.89;       10;    0.76;   stop
   253;    2429.87;    1930.07;    2431.03;    1899.96;    2417.38;    1899.43;    2416.22;    1929.54;       10;    0.76;   stop
   254;    2333.58;    2055.35;    2340.45;    2043.75;    2314.55;    2028.40;    2307.67;    2040.00;       10;    0.76;   stop
   345;    1820.63;     379.08;    1832.49;     378.40;    1831.12;     354.42;    1819.26;     355.10;       10;    0.76;   stop
   118;     726.24;    1052.51;     726.58;    1041.62;     704.39;    1040.92;     704.04;    1051.82;       10;    0.76;   stop
  5519;    1039.48;    1147.70;    1040.10;    1134.49;    1013.65;    1133.23;    1013.02;    1146.45;       10;    0.76;   move
    99;    1972.57;     938.06;    1985.50;     937.88;    1985.18;     914.82;    1972.25;     915.00;       10;    0.76;   stop
   252;    3242.51;    1033.57;    3262.27;    1013.02;    3252.49;    1003.62;    3232.73;    1024.17;       10;    0.76;   stop
  2476;    3453.56;    1389.05;    3457.24;    1376.02;    3427.69;    1367.67;    3424.01;    1380.70;       10;    0.76;   move
   217;     724.74;    1218.62;     725.32;    1205.12;     696.51;    1203.88;     695.93;    1217.38;       10;    0.75;   stop
   195;     640.57;    1569.65;     642.11;    1557.26;     616.61;    1554.10;     615.08;    1566.49;       10;    0.75;   stop
   336;    1548.26;    1196.84;    1548.48;    1184.19;    1518.49;    1183.66;    1518.27;    1196.31;       10;    0.75;   stop
   245;    2457.79;    1593.54;    2459.07;    1568.33;    2446.83;    1567.71;    2445.56;    1592.92;       10;    0.75;   stop
   289;    3724.44;    1492.57;    3728.68;    1478.88;    3696.81;    1469.00;    3692.57;    1482.68;       10;    0.75;   stop
  1981;    1869.30;     790.79;    1882.87;     789.20;    1879.38;     759.46;    1865.82;     761.05;       10;    0.75;   move
   203;     686.68;    1155.73;     687.04;    1142.89;     658.64;    1142.08;     658.27;    1154.93;       10;    0.75;   stop
   221;    1454.61;    1078.87;    1455.05;    1067.33;    1433.26;    1066.51;    1432.83;    1078.05;       10;    0.75;   stop
  5730;    3314.70;    1012.95;    3325.27;     988.00;    3313.42;     982.98;    3302.86;    1007.94;       10;    0.75;   move
   150;    2283.27;    2141.63;    2311.84;    2130.14;    2306.35;    2116.49;    2277.78;    2127.98;       10;    0.75;   stop
   179;     525.01;    1043.85;     525.74;    1033.18;     505.30;    1031.78;     504.57;    1042.45;       10;    0.75;   stop
  5959;     358.28;    1108.47;     359.39;    1095.01;     332.19;    1092.78;     331.08;    1106.24;       10;    0.75;   move
   277;     755.58;    1205.62;     756.27;    1193.42;     726.96;    1191.75;     726.27;    1203.96;       10;    0.75;   stop
   309;    2106.75;    1324.88;    2106.83;    1313.41;    2082.75;    1313.24;    2082.67;    1324.72;       10;    0.75;   stop
  1753;    2518.55;     657.73;    2543.63;     657.61;    2543.58;     646.15;    2518.49;     646.26;       10;    0.75;   stop
  2620;    2365.28;    1149.53;    2365.67;    1136.16;    2337.97;    1135.35;    2337.58;    1148.72;       10;    0.75;   stop
   211;    3357.07;    1035.57;    3360.26;    1022.10;    3329.18;    1014.74;    3325.99;    1028.21;       10;    0.75;   stop
   385;    2685.07;    2149.44;    2698.92;    2142.47;    2684.18;    2113.19;    2670.33;    2120.16;       10;    0.75;   stop
   313;    1815.07;     157.06;    1827.34;     156.75;    1826.74;     132.63;    1814.47;     132.93;       10;    0.75;   stop
   257;    2087.38;     660.50;    2087.43;     647.98;    2059.55;     647.87;    2059.51;     660.40;       10;    0.75;   stop
   161;    1926.43;    1017.09;    1938.88;    1016.07;    1936.82;     991.03;    1924.37;     992.06;       10;    0.75;   move
  2958;    2402.36;    1151.66;    2403.16;    1138.27;    2375.14;    1136.59;    2374.34;    1149.98;       10;    0.75;   stop
    46;    1294.36;    1647.44;    1295.34;    1635.13;    1269.52;    1633.06;    1268.53;    1645.37;       10;    0.75;   stop
   115;    1666.59;     651.62;    1667.47;     639.57;    1640.91;     637.63;    1640.03;     649.68;       10;    0.75;   stop
   388;    1502.44;    1079.68;    1503.29;    1067.47;    1477.68;    1065.70;    1476.84;    1077.91;       10;    0.75;   stop
  4716;    3079.78;    1540.61;    3089.03;    1517.46;    3076.97;    1512.64;    3067.72;    1535.79;       10;    0.75;   stop
   298;     314.63;    1135.03;     314.90;    1122.05;     290.06;    1121.54;     289.79;    1134.51;       10;    0.75;   stop
   165;    3296.59;    1197.12;    3301.57;    1184.95;    3274.35;    1173.81;    3269.37;    1185.99;       10;    0.75;   stop
   260;    1830.83;     149.28;    1846.38;     148.69;    1845.01;     112.84;    1829.47;     113.43;       10;    0.75;   stop
   446;    1965.63;    1770.21;    1967.86;    1745.35;    1956.12;    1744.29;    1953.89;    1769.15;       10;    0.75;   stop
   239;    1839.52;     794.14;    1853.30;     793.44;    1851.79;     763.98;    1838.01;     764.69;       10;    0.74;   stop
   279;    1741.22;     659.04;    1742.70;     646.40;    1714.90;     643.15;    1713.42;     655.79;       10;    0.74;   stop
   158;    3216.02;    1053.44;    3236.42;    1036.70;    3228.36;    1026.87;    3207.95;    1043.61;       10;    0.74;   stop
   308;    1528.86;    1046.02;    1531.22;    1018.39;    1517.64;    1017.23;    1515.28;    1044.86;       10;    0.74;   stop
  2159;    3008.55;    1505.84;    3017.56;    1484.63;    3006.45;    1479.91;    2997.44;    1501.12;       10;    0.74;   move
   340;    3268.32;    1008.10;    3284.85;     984.51;    3273.55;     976.59;    3257.02;    1000.18;       10;    0.74;   stop
   214;    1788.65;    2088.56;    1800.82;    2063.95;    1789.18;    2058.19;    1777.00;    2082.80;       10;    0.74;   stop
   316;    2536.06;    1062.22;    2536.40;    1037.19;    2524.94;    1037.03;    2524.60;    1062.06;       10;    0.74;   stop
   178;    1917.56;    1222.13;    1929.19;    1219.90;    1924.50;    1195.49;    1912.87;    1197.73;       10;    0.74;   move
   287;    3005.89;    1596.18;    3015.93;    1574.91;    3004.61;    1569.57;    2994.57;    1590.84;       10;    0.74;   stop
  6003;    3565.75;    1358.03;    3570.46;    1344.83;    3541.44;    1334.47;    3536.72;    1347.67;       10;    0.74;   move
   296;    1975.27;     513.83;    1987.52;     513.15;    1986.04;     486.30;    1973.79;     486.97;       10;    0.74;   stop
   269;    1982.69;    1522.84;    1983.29;    1499.17;    1972.81;    1498.91;    1972.21;    1522.58;       10;    0.74;   stop
   315;    1319.53;    1613.76;    1319.92;    1602.31;    1296.10;    1601.49;    1295.70;    1612.94;       10;    0.74;   stop
   223;    1817.94;     317.97;    1830.03;     316.89;    1828.19;     296.28;    1816.09;     297.36;       10;    0.74;   stop
  6011;    1895.13;     788.28;    1907.70;     787.05;    1905.12;     760.84;    1892.55;     762.08;       10;    0.74;   move
   338;    1847.12;     912.54;    1847.58;     886.53;    1836.13;     886.33;    1835.67;     912.34;       10;    0.74;   stop
   299;     787.31;    1214.87;     787.48;    1187.08;     775.03;    1187.00;     774.86;    1214.79;       10;    0.74;   stop
   207;    3555.93;    1074.56;    3583.29;    1074.21;    3583.13;    1061.07;    3555.77;    1061.41;       10;    0.74;   stop
   371;    3173.65;    1424.26;    3176.28;    1411.34;    3147.91;    1405.58;    3145.29;    1418.50;       10;    0.74;   stop
   324;    1556.12;     750.91;    1558.20;     726.64;    1546.63;     725.65;    1544.55;     749.93;       10;    0.74;   stop
  5714;     742.34;    1130.08;     742.77;    1118.50;     720.21;    1117.67;     719.79;    1129.25;       10;    0.74;   move
   466;    2089.61;     266.30;    2115.93;     265.64;    2115.64;     254.01;    2089.32;     254.67;       10;    0.74;   stop
   270;     860.08;    1583.69;     860.65;    1571.93;     837.40;    1570.81;     836.83;    1582.57;       10;    0.74;   stop
   918;    2663.64;    1252.05;    2665.28;    1236.85;    2630.24;    1233.07;    2628.60;    1248.28;        9;    0.74;   stop
   333;    2444.02;    1113.43;    2444.32;    1102.35;    2420.10;    1101.70;    2419.81;    1112.78;       10;    0.74;   stop
   334;    1010.04;    1172.97;    1010.41;    1160.96;     988.24;    1160.28;     987.87;    1172.29;       10;    0.73;   stop
   586;    1904.65;    1400.62;    1919.05;    1399.25;    1915.85;    1365.75;    1901.45;    1367.13;       10;    0.73;   stop
   278;    1280.53;    1611.87;    1280.90;    1599.72;    1253.53;    1598.88;    1253.16;    1611.03;       10;    0.73;   stop
   607;    1958.30;     748.12;    1974.12;     747.70;    1973.20;     713.25;    1957.38;     713.68;       10;    0.73;   stop
   448;    1893.76;    1255.73;    1905.66;    1253.85;    1901.62;    1228.27;    1889.72;    1230.15;       10;    0.73;   stop
   307;     798.78;    1025.32;     811.42;    1023.60;     807.86;     997.43;     795.22;     999.15;       10;    0.73;   stop
  5632;    3161.95;    1180.46;    3174.59;    1148.60;    3159.61;    1142.66;    3146.98;    1174.53;       10;    0.73;   stop
   181;    2329.52;     656.18;    2353.84;     655.40;    2353.48;     644.32;    2329.16;     645.10;       10;    0.73;   stop
   411;    1911.95;    1866.96;    1916.66;    1841.09;    1904.05;    1838.79;    1899.34;    1864.66;       10;    0.73;   move
   222;    2435.70;    1856.14;    2437.50;    1827.91;    2425.05;    1827.11;    2423.25;    1855.34;       10;    0.73;   stop
   386;    2588.09;     653.20;    2615.35;     651.67;    2614.66;     639.43;    2587.40;     640.96;       10;    0.73;   stop
   306;     631.31;    1049.00;     631.69;    1035.92;     602.44;    1035.07;     602.06;    1048.14;       10;    0.73;   stop
   339;     773.15;    1214.20;     773.97;    1186.91;     761.77;    1186.55;     760.95;    1213.84;       10;    0.73;   stop
   311;    2134.38;    2141.56;    2141.83;    2130.43;    2116.06;    2113.19;    2108.61;    2124.32;       10;    0.73;   stop
   419;     841.80;    1163.35;     842.17;    1151.55;     817.29;    1150.77;     816.92;    1162.57;       10;    0.73;   stop
   412;    1124.33;    1179.57;    1125.71;    1165.49;    1096.98;    1162.68;    1095.61;    1176.76;       10;    0.73;   stop
   292;    3464.92;     722.80;    3476.72;     694.07;    3462.26;     688.14;    3450.47;     716.86;       10;    0.73;   stop
   485;    2665.92;    2104.50;    2677.97;    2099.41;    2666.81;    2073.00;    2654.76;    2078.09;       10;    0.73;   stop
    98;     571.35;    1564.78;     572.29;    1551.66;     543.33;    1549.59;     542.40;    1562.71;       10;    0.73;   stop
   318;    2517.78;     728.52;    2529.93;     728.42;    2529.72;     704.16;    2517.57;     704.27;       10;    0.73;   stop
   400;    3189.88;    1398.16;    3195.49;    1367.91;    3180.43;    1365.12;    3174.82;    1395.37;       10;    0.73;   stop
   373;    3420.85;    1076.50;    3453.98;    1076.19;    3453.84;    1060.07;    3420.70;    1060.37;       10;    0.72;   stop
  1943;    1875.04;     643.98;    1887.35;     643.79;    1886.96;     618.27;    1874.65;     618.46;       10;    0.72;   move
   261;    1815.30;     219.37;    1828.27;     219.08;    1827.64;     190.70;    1814.67;     190.98;       10;    0.72;   stop
   247;     987.09;     675.27;     988.61;     663.35;     963.10;     660.10;     961.58;     672.02;       10;    0.72;   stop
   420;    1440.72;    1194.79;    1441.47;    1182.66;    1417.90;    1181.21;    1417.16;    1193.34;       10;    0.72;   stop
   281;     306.68;    1035.98;     307.01;    1024.37;     283.95;    1023.71;     283.62;    1035.32;       10;    0.72;   stop
   440;     854.02;    1025.07;     854.73;     998.02;     841.78;     997.68;     841.07;    1024.73;       10;    0.72;   stop
   392;    2390.85;    1229.08;    2391.35;    1217.73;    2367.53;    1216.67;    2367.02;    1228.02;       10;    0.72;   stop
   248;    1610.64;    1197.60;    1610.83;    1185.51;    1587.73;    1185.15;    1587.55;    1197.24;       10;    0.72;   stop
   353;    1821.18;     411.56;    1833.88;     411.04;    1832.82;     384.94;    1820.12;     385.46;       10;    0.72;   stop
  6151;    1856.46;     591.51;    1872.58;     591.17;    1871.70;     549.24;    1855.57;     549.58;        9;    0.72;   move
   300;     556.16;    1597.45;     556.77;    1585.64;     533.21;    1584.43;     532.61;    1596.23;       10;    0.72;   stop
   255;    1136.34;     690.05;    1138.17;     678.45;    1113.66;     674.58;    1111.83;     686.18;       10;    0.72;   stop
   372;    1673.16;    1087.43;    1673.36;    1075.24;    1647.84;    1074.82;    1647.64;    1087.01;       10;    0.72;   stop
   426;    1840.57;     998.49;    1841.02;     972.72;    1829.09;     972.51;    1828.63;     998.28;       10;    0.72;   stop
   413;    2437.77;    1339.66;    2437.92;    1328.04;    2412.86;    1327.72;    2412.70;    1339.33;       10;    0.72;   stop
   350;    1892.00;    1849.20;    1896.94;    1825.24;    1885.09;    1822.80;    1880.15;    1846.76;       10;    0.71;   stop
   415;    2433.35;    1894.65;    2435.47;    1864.95;    2421.78;    1863.97;    2419.65;    1893.67;       10;    0.71;   stop
   401;    1822.49;     768.56;    1835.33;     768.32;    1834.89;     744.56;    1822.04;     744.80;       10;    0.71;   stop
   362;    1814.95;     127.92;    1827.28;     127.53;    1826.44;     101.02;    1814.11;     101.41;       10;    0.71;   stop
   321;    2545.55;     254.77;    2545.95;     243.34;    2521.07;     242.48;    2520.68;     253.91;       10;    0.71;   stop
   138;     468.88;    1593.07;     469.92;    1579.84;     440.97;    1577.55;     439.92;    1590.78;       10;    0.71;   stop
  3256;     781.64;    1161.71;     782.00;    1148.72;     752.86;    1147.91;     752.50;    1160.91;        9;    0.71;   stop
  1323;    1653.43;    1150.15;    1654.78;    1135.98;    1618.07;    1132.47;    1616.72;    1146.65;        9;    0.71;   stop
   408;    2622.29;     651.68;    2649.74;     650.17;    2649.08;     638.13;    2621.63;     639.64;       10;    0.71;   stop
  5938;    1897.93;    1206.47;    1907.30;    1203.94;    1901.95;    1184.15;    1892.57;    1186.69;       10;    0.71;   move
  2458;    1928.96;    1892.18;    1936.01;    1861.55;    1923.04;    1858.57;    1915.99;    1889.20;       10;    0.71;   stop
   365;     444.50;    1045.91;     473.74;    1045.06;     473.32;    1030.65;     444.08;    1031.50;       10;    0.71;   stop
   382;    2338.12;    1365.41;    2339.25;    1351.39;    2312.25;    1349.21;    2311.12;    1363.23;       10;    0.71;   stop
   511;    2532.36;    1095.17;    2544.76;    1092.82;    2539.89;    1067.08;    2527.49;    1069.43;       10;    0.71;   stop
   310;    2407.87;    1114.53;    2408.60;    1102.17;    2382.00;    1100.60;    2381.27;    1112.95;       10;    0.71;   stop
   236;    1192.17;    1822.22;    1192.74;    1799.44;    1181.58;    1799.16;    1181.01;    1821.93;       10;    0.71;   stop
   428;     230.17;    1132.79;     257.43;    1132.59;     257.33;    1119.08;     230.07;    1119.28;       10;    0.71;   stop
   328;    2708.17;     648.35;    2733.60;     647.26;    2733.08;     635.27;    2707.65;     636.37;       10;    0.71;   stop
   351;    1862.02;    1958.73;    1871.55;    1933.09;    1858.26;    1928.15;    1848.73;    1953.79;       10;    0.71;   stop
   396;    1815.48;      99.43;    1827.10;      99.05;    1826.33;      76.07;    1814.72;      76.45;       10;    0.70;   stop
   452;    1547.11;     855.94;    1549.88;     829.47;    1537.64;     828.19;    1534.87;     854.66;       10;    0.70;   stop
   374;    1720.23;    1640.92;    1720.81;    1629.51;    1697.82;    1628.33;    1697.23;    1639.74;       10;    0.70;   stop
  6082;     200.45;    1106.75;     200.85;    1093.50;     171.74;    1092.63;     171.34;    1105.88;       10;    0.70;   move
   450;     889.08;    1580.49;     889.72;    1568.62;     864.80;    1567.26;     864.15;    1579.13;       10;    0.70;   stop
   468;    1475.98;     109.59;    1477.16;      97.18;    1450.15;      94.60;    1448.96;     107.01;       10;    0.70;   stop
   282;     363.30;    1035.15;     364.18;    1022.62;     337.95;    1020.78;     337.07;    1033.32;       10;    0.70;   stop
   405;    1034.05;     681.05;    1034.96;     669.85;    1010.08;     667.82;    1009.17;     679.03;       10;    0.70;   stop
   384;    2828.78;    1840.76;    2834.04;    1827.54;    2803.72;    1815.49;    2798.46;    1828.71;       10;    0.70;   stop
   361;    3147.97;    1486.13;    3153.36;    1472.87;    3123.90;    1460.91;    3118.52;    1474.17;       10;    0.70;   stop
   364;    2979.17;    1760.87;    2988.59;    1737.62;    2975.36;    1732.26;    2965.94;    1755.50;       10;    0.70;   stop
   369;    2686.95;     688.29;    2687.25;     676.41;    2660.92;     675.77;    2660.63;     687.65;       10;    0.70;   stop
   423;    1844.05;    1349.54;    1854.51;    1349.31;    1854.01;    1326.83;    1843.55;    1327.07;       10;    0.70;   stop
   404;    2152.82;    2128.99;    2160.03;    2118.65;    2137.93;    2103.26;    2130.72;    2113.60;       10;    0.70;   stop
  5904;    3456.22;    1316.55;    3459.94;    1302.37;    3425.97;    1293.45;    3422.24;    1307.63;       10;    0.70;   move
  1409;    1848.68;     532.94;    1850.66;     507.55;    1837.94;     506.56;    1835.97;     531.95;       10;    0.70;   stop
   180;     588.76;    1601.84;     589.82;    1587.89;     560.61;    1585.66;     559.55;    1599.61;       10;    0.70;   stop
  2547;    2544.97;    2024.14;    2574.31;    2012.68;    2568.91;    1998.86;    2539.57;    2010.32;       10;    0.70;   stop
  4765;    1830.24;    2118.30;    1844.94;    2084.21;    1830.42;    2077.95;    1815.71;    2112.04;       10;    0.70;   stop
   630;    3155.67;    1464.47;    3161.52;    1451.47;    3136.83;    1440.37;    3130.98;    1453.37;       10;    0.70;   stop
   525;    2063.77;     300.22;    2087.77;     299.60;    2087.48;     288.15;    2063.48;     288.77;       10;    0.69;   stop
   212;     729.95;    1609.17;     730.64;    1596.59;     705.36;    1595.21;     704.68;    1607.79;       10;    0.69;   stop
   363;    1542.02;     892.38;    1544.57;     868.86;    1533.73;     867.68;    1531.18;     891.20;       10;    0.69;   stop
  1563;    2247.56;    1127.59;    2247.99;    1115.58;    2218.31;    1114.53;    2217.89;    1126.55;       10;    0.69;   stop
   455;    1968.68;      90.29;    1980.79;      89.95;    1980.07;      64.40;    1967.96;      64.74;       10;    0.69;   stop
    75;    1953.48;    1073.91;    1968.38;    1072.80;    1966.02;    1041.09;    1951.12;    1042.20;       10;    0.69;   move
  2031;    2356.74;     676.14;    2380.70;     675.27;    2380.26;     663.17;    2356.30;     664.04;       10;    0.69;   stop
   398;    2418.42;    1572.97;    2429.19;    1572.81;    2428.83;    1547.78;    2418.06;    1547.94;       10;    0.69;   stop
    77;    2059.45;     285.58;    2059.91;     272.81;    2033.49;     271.86;    2033.03;     284.63;       10;    0.69;   move
   267;    1175.45;     694.44;    1177.10;     682.33;    1149.93;     678.62;    1148.28;     690.73;       10;    0.69;   stop
   402;    1089.11;     682.99;    1090.18;     670.84;    1059.64;     668.14;    1058.57;     680.29;       10;    0.69;   stop
   367;    2697.65;     649.83;    2697.76;     639.12;    2673.85;     638.86;    2673.74;     649.57;       10;    0.69;   stop
   463;    3791.93;     262.19;    3793.25;     232.10;    3777.44;     231.41;    3776.13;     261.50;       10;    0.69;   stop
   417;    2253.54;    1368.26;    2255.01;    1352.43;    2214.02;    1348.62;    2212.55;    1364.44;        9;    0.69;   stop
   414;    2433.58;    1539.29;    2434.74;    1514.53;    2422.67;    1513.96;    2421.51;    1538.72;       10;    0.69;   stop
   302;    1193.75;    1792.84;    1195.53;    1766.34;    1183.37;    1765.53;    1181.60;    1792.03;       10;    0.69;   stop
   499;    1806.53;    1650.34;    1808.36;    1637.84;    1778.89;    1633.53;    1777.07;    1646.04;       10;    0.69;   stop
   459;    1478.14;    1194.99;    1478.44;    1182.77;    1453.61;    1182.14;    1453.31;    1194.36;       10;    0.69;   stop
   937;    1962.83;    1692.55;    1964.33;    1667.43;    1952.17;    1666.70;    1950.67;    1691.82;       10;    0.69;   move
   358;    2446.94;    1718.16;    2449.60;    1687.23;    2436.31;    1686.09;    2433.65;    1717.02;       10;    0.69;   stop
   105;     577.45;    1077.10;     578.20;    1063.79;     551.30;    1062.28;     550.55;    1075.59;       10;    0.68;   move
   343;    2443.61;    1752.20;    2446.00;    1727.46;    2434.02;    1726.30;    2431.62;    1751.04;       10;    0.68;   stop
   416;    1274.02;      71.77;    1274.73;      57.46;    1243.73;      55.92;    1243.02;      70.22;       10;    0.68;   stop
   375;    2549.73;     253.86;    2572.16;     253.59;    2572.02;     242.27;    2549.59;     242.53;       10;    0.68;   stop
  6076;    3649.76;    1367.96;    3653.84;    1355.33;    3625.24;    1346.10;    3621.16;    1358.73;       10;    0.68;   move
  5393;    3839.65;    1502.59;    3844.90;    1483.04;    3821.60;    1476.78;    3816.35;    1496.34;        9;    0.68;   move
   166;    1322.82;    1649.08;    1323.92;    1637.02;    1299.56;    1634.79;    1298.45;    1646.85;       10;    0.68;   stop
   519;    2174.35;    2119.78;    2180.68;    2107.44;    2155.40;    2094.47;    2149.07;    2106.81;       10;    0.68;   stop
   442;     673.11;    1188.79;     686.42;    1188.71;     686.27;    1163.40;     672.95;    1163.48;       10;    0.68;   stop
   393;    2418.31;    1368.69;    2419.11;    1355.56;    2390.69;    1353.81;    2389.89;    1366.94;       10;    0.67;   stop
   394;    3507.32;    1074.86;    3507.46;    1061.06;    3477.99;    1060.77;    3477.85;    1074.56;       10;    0.67;   stop
   421;    1188.10;    2119.37;    1199.74;    2118.92;    1198.77;    2093.76;    1187.14;    2094.20;       10;    0.67;   stop
   155;     355.07;    1550.02;     356.56;    1537.58;     329.77;    1534.36;     328.28;    1546.79;       10;    0.67;   stop
   332;    2770.91;     648.30;    2796.32;     648.04;    2796.20;     636.07;    2770.79;     636.34;       10;    0.67;   stop
   323;     696.27;    1607.55;     697.27;    1595.08;     672.48;    1593.08;     671.48;    1605.55;       10;    0.67;   stop
   472;    1382.30;    1192.73;    1409.46;    1191.49;    1408.83;    1177.64;    1381.66;    1178.88;       10;    0.67;   stop
   565;    1931.97;    1410.42;    1946.34;    1409.36;    1943.56;    1371.70;    1929.19;    1372.77;        9;    0.67;   move
   427;    1186.72;    2088.96;    1199.43;    2088.40;    1198.28;    2062.29;    1185.57;    2062.85;       10;    0.67;   stop
   359;    2764.68;    1870.25;    2771.40;    1858.84;    2746.41;    1844.12;    2739.69;    1855.54;       10;    0.67;   stop
   443;     753.83;    1222.57;     754.85;    1209.58;     727.73;    1207.43;     726.70;    1220.42;       10;    0.67;   stop
   516;    1768.02;    1646.26;    1769.67;    1633.17;    1742.44;    1629.74;    1740.80;    1642.83;       10;    0.67;   stop
   233;     762.73;    1578.09;     763.89;    1567.54;     742.13;    1565.16;     740.98;    1575.71;       10;    0.67;   stop
   431;    2359.93;     655.87;    2383.05;     655.10;    2382.70;     644.63;    2359.58;     645.40;       10;    0.67;   stop
   410;    2352.57;    2044.93;    2358.89;    2033.15;    2333.80;    2019.69;    2327.48;    2031.47;       10;    0.67;   stop
  4432;    3750.77;     206.66;    3780.17;     204.82;    3779.23;     189.90;    3749.83;     191.74;       10;    0.66;   stop
   376;      84.91;    1051.03;     109.30;    1050.21;     108.92;    1038.66;      84.53;    1039.48;       10;    0.66;   move
   486;    2528.30;     601.77;    2529.47;     577.79;    2518.08;     577.23;    2516.90;     601.21;       10;    0.66;   stop
   391;    2740.05;     648.89;    2765.37;     647.98;    2764.95;     636.19;    2739.63;     637.10;       10;    0.66;   stop
   403;    1934.20;    1934.70;    1943.60;    1908.16;    1931.30;    1903.80;    1921.90;    1930.34;       10;    0.66;   stop
   424;     672.06;    1573.90;     673.07;    1561.50;     645.13;    1559.23;     644.12;    1571.62;       10;    0.66;   stop
   588;    3551.99;     528.05;    3562.77;     504.02;    3550.51;     498.52;    3539.73;     522.55;       10;    0.66;   stop
   460;    1352.53;    1615.66;    1353.71;    1604.38;    1329.47;    1601.84;    1328.29;    1613.12;       10;    0.66;   stop
   451;    3206.44;    1153.08;    3220.61;    1127.33;    3207.94;    1120.35;    3193.77;    1146.11;       10;    0.66;   stop
  1484;    1908.56;    1947.76;    1920.41;    1918.40;    1907.62;    1913.24;    1895.78;    1942.60;       10;    0.66;   stop
   439;    1282.96;      73.80;    1309.52;      72.92;    1309.04;      58.39;    1282.48;      59.27;       10;    0.66;   stop
  5856;     526.60;    1117.69;     527.14;    1105.19;     503.71;    1104.18;     503.17;    1116.68;       10;    0.65;   move
   664;    3323.35;     636.30;    3350.61;     634.43;    3349.77;     622.29;    3322.52;     624.17;       10;    0.65;   stop
   518;    3349.14;     989.51;    3358.00;     964.25;    3344.61;     959.55;    3335.75;     984.82;       10;    0.65;   stop
   484;    2551.84;     656.15;    2579.54;     654.78;    2578.91;     642.10;    2551.21;     643.47;       10;    0.65;   stop
  6054;    3019.82;     660.97;    3019.89;     648.69;    2992.93;     648.53;    2992.86;     660.81;       10;    0.65;   move
   409;    3486.08;    1038.77;    3512.93;    1037.59;    3512.36;    1024.67;    3485.51;    1025.85;       10;    0.65;   stop
   337;    2836.27;     647.28;    2862.24;     645.66;    2861.48;     633.53;    2835.51;     635.16;       10;    0.65;   stop
   552;    3396.39;     879.45;    3409.32;     851.89;    3395.80;     845.55;    3382.87;     873.11;       10;    0.65;   stop
   692;    1256.97;    1190.05;    1258.20;    1174.19;    1221.40;    1171.33;    1220.17;    1187.19;        9;    0.65;   stop
    76;    2521.01;    1158.73;    2522.24;    1145.21;    2498.37;    1143.02;    2497.13;    1156.54;       10;    0.65;   move
   432;    3421.48;    1039.46;    3448.74;    1038.98;    3448.52;    1026.79;    3421.26;    1027.27;       10;    0.65;   stop
  6208;    1908.77;    1444.43;    1924.02;    1442.76;    1919.79;    1404.07;    1904.54;    1405.74;        9;    0.65;   stop
   567;    3247.16;    1123.99;    3260.73;    1101.28;    3248.78;    1094.14;    3235.21;    1116.85;       10;    0.64;   stop
   230;    1897.37;    1912.57;    1903.83;    1889.71;    1892.66;    1886.56;    1886.20;    1909.41;       10;    0.64;   move
   591;    2520.64;     163.10;    2520.87;     135.68;    2508.86;     135.58;    2508.63;     163.00;       10;    0.64;   stop
   497;    2518.99;     763.77;    2532.31;     763.57;    2531.88;     734.73;    2518.56;     734.93;       10;    0.64;   stop
  6145;    2280.31;    2114.13;    2303.27;    2103.71;    2298.06;    2092.25;    2275.11;    2102.67;       10;    0.64;   move
   576;    1912.64;    1579.43;    1926.31;    1579.21;    1925.77;    1545.82;    1912.10;    1546.04;       10;    0.64;   stop
   395;     609.54;    1565.81;     610.29;    1553.92;     584.84;    1552.32;     584.09;    1564.20;       10;    0.64;   stop
  4966;    2390.99;    1132.87;    2391.66;    1117.51;    2357.26;    1116.00;    2356.59;    1131.37;       10;    0.64;   move
   418;    1261.89;    1646.66;    1263.09;    1634.08;    1236.73;    1631.59;    1235.54;    1644.17;       10;    0.64;   stop
   433;     781.48;    1162.38;     781.84;    1149.38;     752.27;    1148.56;     751.91;    1161.56;       10;    0.64;   stop
  3344;    2490.48;    1079.41;    2501.96;    1079.38;    2501.89;    1055.84;    2490.41;    1055.87;       10;    0.64;   stop
   378;     793.45;    1936.45;     793.63;    1910.01;     781.13;    1909.93;     780.95;    1936.36;       10;    0.64;   stop
   508;    1804.17;    1680.96;    1805.35;    1668.78;    1775.77;    1665.92;    1774.59;    1678.09;       10;    0.64;   stop
   482;     333.25;    1033.44;     333.27;    1021.61;     309.88;    1021.56;     309.85;    1033.39;       10;    0.63;   stop
   589;    1467.38;     924.67;    1468.77;     912.04;    1441.87;     909.08;    1440.48;     921.71;       10;    0.63;   stop
  2334;    3727.38;    1468.46;    3730.46;    1457.53;    3707.00;    1450.92;    3703.92;    1461.85;       10;    0.63;   move
   379;     766.41;    1935.25;     778.61;    1935.19;     778.50;    1908.88;     766.30;    1908.93;       10;    0.63;   stop
  4769;    1843.58;     935.59;    1844.57;     914.42;    1833.67;     913.91;    1832.68;     935.08;       10;    0.63;   stop
   429;    2719.10;    1382.24;    2720.12;    1368.20;    2691.78;    1366.13;    2690.75;    1380.17;       10;    0.63;   stop
  2428;    1696.27;    1149.18;    1696.86;    1136.48;    1679.80;    1135.69;    1679.22;    1148.40;       10;    0.63;   stop
   507;    2650.66;    1349.77;    2651.32;    1338.75;    2639.61;    1338.04;    2638.94;    1349.06;       10;    0.63;   stop
   480;    3333.15;    1374.92;    3336.65;    1362.82;    3309.98;    1355.08;    3306.47;    1367.18;        9;    0.63;   stop
   629;    2654.90;    2074.94;    2666.58;    2069.40;    2654.30;    2043.50;    2642.61;    2049.04;       10;    0.63;   stop
  6209;    3277.87;    2130.65;    3307.73;    2120.43;    3302.44;    2104.98;    3272.59;    2115.19;       10;    0.63;   stop
  5812;     613.89;    1131.40;     614.61;    1116.50;     580.49;    1114.85;     579.77;    1129.75;       10;    0.63;   move
   646;    2365.89;    1338.34;    2366.91;    1325.50;    2340.74;    1323.41;    2339.71;    1336.25;       10;    0.63;   stop
   360;    2094.14;    2157.01;    2101.89;    2146.70;    2078.68;    2129.24;    2070.92;    2139.55;       10;    0.63;   stop
  5864;     209.10;    1550.75;     210.19;    1537.70;     183.95;    1535.50;     182.85;    1548.55;       10;    0.63;   stop
  5446;     729.21;    1609.49;     729.85;    1597.33;     718.99;    1596.76;     718.34;    1608.92;       10;    0.63;   stop
   659;    1949.86;    1903.42;    1958.11;    1866.54;    1942.64;    1863.08;    1934.39;    1899.96;       10;    0.63;   stop
   617;    2235.46;    2098.58;    2242.90;    2087.12;    2215.79;    2069.54;    2208.35;    2081.00;       10;    0.63;   stop
   467;    3355.09;     634.32;    3380.06;     632.16;    3378.97;     619.59;    3354.00;     621.75;       10;    0.63;   stop
   520;    1822.41;     247.00;    1823.56;     224.36;    1812.79;     223.81;    1811.65;     246.46;       10;    0.62;   stop
   546;    3145.39;    1108.55;    3160.52;    1103.44;    3149.92;    1072.08;    3134.80;    1077.18;       10;    0.62;   stop
  5288;    1805.95;    2164.28;    1820.29;    2134.49;    1808.30;    2128.72;    1793.96;    2158.51;       10;    0.62;   stop
   220;    1828.74;     558.42;    1840.06;     555.52;    1834.26;     532.83;    1822.94;     535.73;       10;    0.62;   stop
   478;     832.39;    1208.95;     834.43;    1195.19;     806.36;    1191.05;     804.32;    1204.81;       10;    0.62;   stop
   381;    3598.01;     429.41;    3610.26;     402.41;    3597.30;     396.53;    3585.05;     423.53;       10;    0.62;   stop
   453;    1252.68;    1475.05;    1257.74;    1446.51;    1245.39;    1444.32;    1240.32;    1472.86;       10;    0.62;   stop
   479;    2639.32;     690.82;    2653.25;     690.79;    2653.21;     676.29;    2639.29;     676.32;       10;    0.62;   stop
   613;    1881.65;    1651.36;    1881.99;    1638.83;    1856.92;    1638.14;    1856.57;    1650.67;       10;    0.62;   stop
   535;    2440.23;    2082.95;    2466.77;    2071.52;    2461.02;    2058.17;    2434.48;    2069.60;       10;    0.62;   stop
   449;     500.98;    1007.91;     516.38;    1007.34;     515.27;     977.71;     499.87;     978.29;       10;    0.62;   stop
   471;     524.92;    1596.89;     525.88;    1583.06;     499.77;    1581.24;     498.80;    1595.06;       10;    0.62;   stop
    42;     484.57;    1065.56;     484.80;    1050.87;     452.46;    1050.38;     452.23;    1065.07;       10;    0.61;   move
  6200;    1554.68;     929.47;    1557.58;     902.75;    1545.82;     901.47;    1542.92;     928.19;       10;    0.61;   move
  4326;    2059.02;     265.66;    2083.40;     265.29;    2083.23;     253.53;    2058.85;     253.90;       10;    0.61;   stop
  3563;     211.66;    1529.68;     212.47;    1517.18;     183.97;    1515.32;     183.15;    1527.82;       10;    0.61;   stop
   232;     523.45;    1561.23;     524.17;    1549.18;     496.55;    1547.52;     495.83;    1559.57;       10;    0.61;   stop
   542;    3663.88;     627.54;    3698.46;     624.82;    3697.37;     610.90;    3662.79;     613.62;       10;    0.61;   stop
   577;    1550.52;     818.58;    1554.28;     789.64;    1540.98;     787.92;    1537.22;     816.86;       10;    0.61;   stop
  6157;     106.76;    1106.97;     106.87;    1092.66;      74.65;    1092.41;      74.54;    1106.72;       10;    0.61;   move
   616;     622.45;    1152.64;     647.00;    1152.49;     646.92;    1139.54;     622.37;    1139.69;       10;    0.61;   stop
   288;    1191.00;    1852.03;    1192.45;    1827.43;    1180.50;    1826.72;    1179.05;    1851.32;       10;    0.61;   stop
  1324;    3164.06;     639.03;    3188.01;     638.04;    3187.50;     625.89;    3163.56;     626.88;       10;    0.61;   stop
   568;    3300.95;    1004.96;    3314.60;     973.84;    3298.11;     966.60;    3284.46;     997.73;       10;    0.60;   stop
   477;    1974.79;     226.38;    1984.99;     226.03;    1984.28;     205.06;    1974.07;     205.40;       10;    0.60;   stop
   347;     960.63;     673.99;     962.13;     662.08;     936.87;     658.90;     935.37;     670.81;       10;    0.60;   stop
   502;    3137.79;    1180.98;    3150.88;    1155.99;    3138.77;    1149.64;    3125.68;    1174.64;       10;    0.60;   stop
   656;    2255.58;    2088.09;    2261.46;    2075.73;    2235.05;    2063.16;    2229.17;    2075.52;       10;    0.60;   stop
   559;    3495.90;     567.04;    3504.63;     541.59;    3492.23;     537.33;    3483.50;     562.79;       10;    0.60;   stop
   575;    1501.68;     928.88;    1503.18;     916.04;    1475.07;     912.75;    1473.57;     925.59;       10;    0.60;   stop
  1246;    3701.83;     626.06;    3731.35;     624.54;    3730.67;     611.44;    3701.15;     612.96;       10;    0.60;   stop
   550;    2404.07;    1893.48;    2405.63;    1865.89;    2392.56;    1865.15;    2390.99;    1892.74;       10;    0.59;   stop
   582;    3657.78;     302.36;    3670.74;     273.53;    3656.60;     267.17;    3643.63;     296.00;       10;    0.59;   stop
   620;    2595.00;    1947.97;    2600.61;    1934.69;    2570.62;    1922.03;    2565.01;    1935.31;       10;    0.59;   stop
   610;     201.86;    1131.09;     226.12;    1131.07;     226.11;    1117.97;     201.85;    1118.00;       10;    0.59;   stop
   615;    3384.04;     906.74;    3395.81;     880.89;    3382.84;     874.98;    3371.07;     900.83;       10;    0.59;   stop
   487;    3561.94;    1281.39;    3576.63;    1281.17;    3576.19;    1251.73;    3561.50;    1251.95;       10;    0.59;   stop
  5802;    2126.52;     279.90;    2148.83;     279.21;    2148.48;     267.97;    2126.17;     268.67;       10;    0.59;   move
  2134;    1873.61;     528.61;    1886.95;     528.26;    1886.14;     497.39;    1872.80;     497.74;       10;    0.58;   move
   476;    1483.60;    1659.52;    1484.87;    1647.39;    1458.28;    1644.60;    1457.01;    1656.74;       10;    0.58;   stop
   590;    1534.79;     978.72;    1537.37;     954.06;    1526.34;     952.91;    1523.76;     977.56;       10;    0.58;   stop
   447;     498.17;     578.33;     500.88;     567.21;     481.52;     562.49;     478.81;     573.61;       10;    0.58;   stop
   434;    1360.60;    1652.09;    1361.43;    1639.10;    1334.90;    1637.41;    1334.07;    1650.40;       10;    0.58;   stop
   370;     615.04;    1375.75;     617.26;    1362.44;     590.58;    1358.00;     588.37;    1371.31;       10;    0.58;   stop
   491;    2886.12;     646.77;    2916.13;     645.56;    2915.60;     632.45;    2885.59;     633.66;       10;    0.58;   stop
   560;    1886.88;    1892.41;    1899.58;    1850.67;    1884.12;    1845.97;    1871.42;    1887.71;        9;    0.57;   stop
   549;    3533.44;     629.40;    3562.75;     628.83;    3562.50;     616.07;    3533.19;     616.64;       10;    0.57;   stop
   475;    1118.89;    1638.33;    1147.01;    1638.06;    1146.86;    1623.05;    1118.74;    1623.32;       10;    0.57;   stop
   498;    2921.62;     645.81;    2950.00;     645.68;    2949.95;     632.94;    2921.56;     633.07;       10;    0.57;   stop
   341;    1490.58;    1624.96;    1491.20;    1613.11;    1463.67;    1611.67;    1463.05;    1623.52;       10;    0.57;   stop
   473;    3565.96;     629.58;    3597.55;     627.25;    3596.54;     613.54;    3564.95;     615.88;       10;    0.57;   stop
   587;    2491.67;    1992.35;    2499.96;    1981.83;    2474.83;    1962.03;    2466.54;    1972.54;       10;    0.57;   stop
   571;    3451.80;     751.78;    3462.52;     724.97;    3449.14;     719.62;    3438.42;     746.43;       10;    0.56;   stop
   602;    3215.97;    1178.21;    3230.45;    1153.48;    3219.03;    1146.79;    3204.55;    1171.52;       10;    0.56;   stop
  6158;    3335.70;    2102.77;    3366.33;    2091.59;    3360.86;    2076.60;    3330.23;    2087.79;       10;    0.56;   move
   569;    2115.86;    2149.25;    2122.14;    2138.48;    2098.39;    2124.63;    2092.11;    2135.39;       10;    0.56;   stop
   537;    2470.18;    2068.00;    2495.77;    2056.23;    2489.57;    2042.75;    2463.98;    2054.52;       10;    0.56;   stop
   500;    1941.10;    2107.22;    1955.30;    2106.77;    1954.40;    2078.90;    1940.20;    2079.36;       10;    0.56;   stop
  3142;     495.68;    1593.99;     496.43;    1581.71;     474.63;    1580.39;     473.88;    1592.67;       10;    0.55;   stop
   570;    3203.28;     640.94;    3231.32;     639.94;    3230.78;     624.92;    3202.75;     625.92;       10;    0.55;   stop
   492;     551.92;    1044.00;     572.30;    1043.69;     572.15;    1033.50;     551.76;    1033.81;       10;    0.55;   stop
  6195;    1042.93;    1175.67;    1043.59;    1162.01;    1013.95;    1160.58;    1013.29;    1174.24;        9;    0.55;   stop
   614;    2507.14;    1982.36;    2515.19;    1971.52;    2493.11;    1955.14;    2485.06;    1965.98;       10;    0.55;   stop
   612;    2521.50;     194.12;    2521.62;     168.75;    2509.12;     168.70;    2509.01;     194.06;       10;    0.54;   stop
   625;    3232.78;    1149.98;    3245.09;    1127.04;    3233.16;    1120.64;    3220.85;    1143.58;       10;    0.54;   stop
   294;     621.83;    1356.58;     623.55;    1343.06;     596.92;    1339.67;     595.20;    1353.19;       10;    0.54;   stop
   675;    1746.19;    1097.95;    1779.95;    1089.48;    1776.18;    1074.43;    1742.42;    1082.89;        9;    0.54;   stop
  6055;     562.81;    1240.71;     591.92;    1239.45;     591.25;    1223.98;     562.14;    1225.24;       10;    0.54;   stop
   648;    2194.54;    2116.45;    2203.67;    2104.70;    2177.40;    2084.30;    2168.27;    2096.05;       10;    0.54;   stop
   673;    2548.51;    1965.09;    2556.80;    1952.18;    2530.49;    1935.29;    2522.20;    1948.19;       10;    0.54;   stop
   526;    2510.65;     348.71;    2523.54;     348.61;    2523.35;     322.92;    2510.46;     323.01;       10;    0.53;   stop
   633;    2240.29;    2163.76;    2268.44;    2152.15;    2262.71;    2138.24;    2234.56;    2149.85;       10;    0.53;   stop
   724;    3776.10;     462.40;    3793.44;     462.32;    3793.28;     426.35;    3775.93;     426.43;        9;    0.53;   stop
   454;    2987.08;    1506.44;    3001.53;    1477.31;    2989.67;    1471.43;    2975.22;    1500.57;       10;    0.53;   stop
   706;    2529.68;    1973.63;    2537.64;    1961.57;    2515.57;    1947.00;    2507.61;    1959.05;       10;    0.53;   stop
   680;    2567.61;    1954.95;    2575.45;    1943.38;    2551.89;    1927.42;    2544.05;    1938.99;       10;    0.53;   stop
   561;    1948.46;      45.89;    1963.30;      43.90;    1958.58;       8.67;    1943.73;      10.66;       10;    0.53;   stop
   649;     571.71;    1040.27;     595.70;    1039.80;     595.48;    1028.80;     571.49;    1029.27;       10;    0.53;   stop
   474;     810.10;    1936.16;     810.14;    1909.11;     797.81;    1909.09;     797.77;    1936.14;       10;    0.53;   stop
   707;    2663.45;    1251.98;    2665.52;    1236.78;    2640.28;    1233.33;    2638.21;    1248.53;       10;    0.52;   stop
   517;     412.59;    1589.23;     435.81;    1588.44;     435.38;    1575.77;     412.16;    1576.56;       10;    0.52;   stop
   594;    3617.55;     629.56;    3646.82;     628.20;    3646.19;     614.74;    3616.93;     616.10;       10;    0.52;   stop
   506;    2805.44;     647.64;    2825.65;     647.20;    2825.42;     636.50;    2805.21;     636.94;       10;    0.51;   stop
  2517;    1988.85;    1645.68;    1990.78;    1623.36;    1980.15;    1622.45;    1978.22;    1644.76;       10;    0.51;   stop
   275;    1862.51;    1998.30;    1875.33;    1970.55;    1863.49;    1965.08;    1850.67;    1992.83;       10;    0.51;   move
  5649;    3118.33;    1393.95;    3129.72;    1367.26;    3116.98;    1361.83;    3105.60;    1388.52;       10;    0.51;   stop
   483;    1632.88;     647.31;    1634.03;     636.23;    1610.50;     633.78;    1609.34;     644.87;       10;    0.51;   stop
   584;    1701.32;    1676.73;    1702.51;    1663.54;    1675.93;    1661.15;    1674.74;    1674.34;       10;    0.51;   stop
   608;    1769.56;    2127.92;    1786.92;    2096.22;    1772.97;    2088.58;    1755.61;    2120.28;        9;    0.51;   stop
   514;    2523.24;     319.45;    2523.24;     288.62;    2509.63;     288.62;    2509.63;     319.45;       10;    0.51;   stop
  5574;    3814.27;     624.42;    3840.33;     622.97;    3839.48;     607.69;    3813.42;     609.14;       10;    0.51;   stop
   521;    3786.21;     203.06;    3810.27;     201.35;    3809.41;     189.28;    3785.36;     190.99;       10;    0.50;   stop
   626;    3567.70;    1317.60;    3577.71;    1311.94;    3566.68;    1292.40;    3556.66;    1298.06;       10;    0.50;   stop
   563;    1190.02;    2149.67;    1200.76;    2149.61;    1200.60;    2121.58;    1189.86;    2121.64;       10;    0.50;   stop
   456;    3265.91;     227.20;    3294.93;     224.74;    3293.77;     211.08;    3264.76;     213.54;       10;    0.49;   stop
   609;    3756.82;     331.86;    3757.52;     296.62;    3739.43;     296.26;    3738.73;     331.50;       10;    0.49;   stop
   605;    1844.88;    1465.71;    1869.03;    1465.16;    1868.74;    1452.54;    1844.60;    1453.09;       10;    0.49;   stop
  4961;    2479.30;     676.69;    2479.36;     663.30;    2450.07;     663.19;    2450.02;     676.57;       10;    0.49;   stop
   445;     824.85;    1933.86;     825.56;    1908.35;     813.29;    1908.01;     812.59;    1933.52;       10;    0.49;   stop
   529;    2166.73;    1395.47;    2179.01;    1395.08;    2178.21;    1369.78;    2165.93;    1370.17;       10;    0.49;   stop
   555;    1175.13;    1062.18;    1175.29;    1053.13;    1157.37;    1052.82;    1157.21;    1061.87;       10;    0.49;   stop
   541;    1042.31;    1175.23;    1042.69;    1162.25;    1014.19;    1161.39;    1013.81;    1174.38;       10;    0.49;   stop
   276;    2858.72;     242.85;    2888.78;     241.02;    2887.92;     226.83;    2857.86;     228.67;       10;    0.48;   stop
  4466;    1431.44;     920.34;    1432.38;     908.71;    1406.94;     906.66;    1406.00;     918.29;       10;    0.48;   stop
   702;    1982.99;    1528.77;    1992.92;    1528.69;    1992.76;    1508.73;    1982.83;    1508.81;       10;    0.48;   stop
   638;    3648.16;    1343.67;    3657.42;    1317.02;    3643.72;    1312.26;    3634.46;    1338.91;       10;    0.48;   stop
   574;    1936.45;    2105.73;    1936.74;    2077.15;    1923.05;    2077.02;    1922.76;    2105.60;       10;    0.48;   stop
  3201;    3020.62;    1670.44;    3030.26;    1646.82;    3017.82;    1641.74;    3008.18;    1665.37;       10;    0.48;   stop
  4861;    3006.97;     235.95;    3031.13;     234.72;    3030.53;     223.05;    3006.37;     224.28;       10;    0.48;   stop
   722;     588.73;    1208.37;     589.19;    1195.35;     563.46;    1194.44;     563.00;    1207.46;       10;    0.48;   stop
  4520;    1851.68;    2074.54;    1866.35;    2042.32;    1852.94;    2036.21;    1838.27;    2068.43;       10;    0.48;   stop
  5589;    3793.10;     293.68;    3793.35;     266.14;    3778.15;     266.00;    3777.90;     293.54;       10;    0.47;   stop
   636;    2408.07;    1827.95;    2410.03;    1802.25;    2397.55;    1801.30;    2395.60;    1827.00;       10;    0.47;   stop
   599;    2457.65;    2008.33;    2466.20;    1997.86;    2441.35;    1977.55;    2432.80;    1988.02;       10;    0.47;   stop
   723;    3191.44;    1176.40;    3205.74;    1151.73;    3193.87;    1144.85;    3179.57;    1169.52;       10;    0.47;   stop
  1008;    2415.44;    1742.25;    2417.62;    1717.00;    2405.93;    1716.00;    2403.76;    1741.25;       10;    0.47;   stop
   538;    1959.39;    2109.51;    1972.96;    2109.06;    1972.11;    2083.36;    1958.54;    2083.81;       10;    0.47;   stop
   683;    1132.26;      79.66;    1132.48;      69.33;    1109.86;      68.84;    1109.64;      79.17;       10;    0.47;   stop
   694;    2533.74;     808.76;    2534.23;     783.35;    2521.64;     783.11;    2521.15;     808.52;       10;    0.47;   stop
   678;     726.26;    1052.88;     726.80;    1039.91;     719.84;    1039.62;     719.30;    1052.59;       10;    0.46;   stop
   729;    2782.12;    1863.96;    2788.36;    1853.21;    2764.12;    1839.17;    2757.89;    1849.91;       10;    0.46;   stop
   558;    1981.09;    2113.38;    1993.94;    2110.96;    1988.66;    2082.87;    1975.81;    2085.29;       10;    0.45;   stop
  1149;    1604.21;    1667.25;    1605.16;    1654.66;    1578.42;    1652.63;    1577.46;    1665.21;       10;    0.45;   stop
   598;    2472.69;    1997.77;    2481.35;    1988.16;    2460.06;    1968.98;    2451.40;    1978.59;       10;    0.45;   stop
  4670;    3036.35;     236.68;    3069.33;     235.19;    3068.65;     220.07;    3035.67;     221.56;       10;    0.45;   stop
   462;    2827.69;     243.55;    2852.65;     242.35;    2852.06;     230.08;    2827.10;     231.27;       10;    0.45;   stop
  1019;    1421.83;    1656.30;    1423.76;    1644.13;    1397.42;    1639.95;    1395.49;    1652.12;       10;    0.45;   stop
  6021;    3516.34;     565.61;    3527.00;     543.08;    3514.91;     537.35;    3504.25;     559.89;       10;    0.44;   move
  4621;     774.42;    1048.35;     795.79;    1048.22;     795.73;    1037.40;     774.35;    1037.53;       10;    0.44;   stop
  1797;    2516.62;     630.61;    2527.80;     630.47;    2527.50;     606.89;    2516.32;     607.03;       10;    0.44;   stop
   579;    3718.79;     205.85;    3745.76;     205.50;    3745.58;     192.11;    3718.62;     192.47;       10;    0.44;   stop
  3040;    2705.19;     689.06;    2730.02;     685.68;    2728.19;     672.19;    2703.35;     675.57;       10;    0.44;   stop
   658;    1829.85;     200.60;    1845.31;     200.32;    1844.59;     161.09;    1829.13;     161.37;       10;    0.43;   stop
   685;    1978.77;     743.13;    1988.41;     743.01;    1988.16;     723.87;    1978.53;     723.99;       10;    0.43;   stop
   647;    2405.35;    1862.57;    2406.83;    1839.38;    2395.77;    1838.68;    2394.29;    1861.87;       10;    0.43;   stop
   603;    2526.04;     477.78;    2526.50;     453.97;    2513.58;     453.72;    2513.13;     477.53;       10;    0.43;   stop
   578;    2410.20;    2148.87;    2412.11;    2121.44;    2398.80;    2120.51;    2396.89;    2147.93;       10;    0.43;   stop
   735;    3777.26;     400.52;    3793.46;     399.78;    3792.11;     370.11;    3775.92;     370.84;       10;    0.43;   stop
  1582;    2426.04;    1627.35;    2427.88;    1602.31;    2415.59;    1601.40;    2413.74;    1626.44;       10;    0.43;   stop
   619;    3546.50;    1037.28;    3546.57;    1026.33;    3521.32;    1026.15;    3521.24;    1037.11;       10;    0.43;   stop
   601;    2459.64;     259.14;    2459.72;     246.15;    2432.61;     245.98;    2432.53;     258.97;       10;    0.42;   stop
   583;     523.07;    2096.17;     549.63;    2095.81;     549.43;    2081.33;     522.87;    2081.69;       10;    0.42;   stop
  3696;    2649.29;     649.29;    2649.45;     638.76;    2639.36;     638.60;    2639.20;     649.13;       10;    0.42;   stop
  2692;    1684.81;    1638.65;    1685.57;    1625.46;    1657.56;    1623.85;    1656.80;    1637.04;       10;    0.42;   stop
   438;    1815.06;      34.42;    1827.89;      33.96;    1826.89;       6.08;    1814.07;       6.54;       10;    0.42;   stop
   631;    1196.90;    1757.18;    1197.78;    1728.47;    1184.73;    1728.07;    1183.84;    1756.78;       10;    0.41;   stop
   600;    3143.53;     158.11;    3144.05;     129.02;    3129.28;     128.76;    3128.76;     157.85;       10;    0.41;   stop
   545;    2758.53;    1388.08;    2760.59;    1374.14;    2732.88;    1370.05;    2730.82;    1383.99;       10;    0.41;   stop
  2940;    1875.39;    2022.96;    1888.07;    1995.87;    1875.36;    1989.91;    1862.68;    2017.01;       10;    0.41;   stop
  2828;    2464.16;    1521.79;    2464.46;    1497.30;    2451.72;    1497.15;    2451.42;    1521.63;       10;    0.41;   stop
  2970;    2160.72;    2111.18;    2162.83;    2096.69;    2152.53;    2095.19;    2150.42;    2109.68;       10;    0.40;   stop
  5937;    1724.55;    1676.68;    1726.23;    1664.47;    1702.35;    1661.19;    1700.68;    1673.40;       10;    0.40;   stop
   634;    1832.57;     264.55;    1833.63;     245.63;    1823.58;     245.07;    1822.52;     263.99;       10;    0.40;   stop
  4668;    3735.19;     134.17;    3746.99;     104.94;    3732.93;      99.27;    3721.13;     128.50;       10;    0.40;   stop
   509;     587.24;    1366.19;     592.80;    1340.10;     580.89;    1337.56;     575.32;    1363.65;       10;    0.40;   stop
  1218;    2208.64;    2108.14;    2218.00;    2099.17;    2199.86;    2080.24;    2190.50;    2089.21;       10;    0.40;   stop
   689;    3424.07;     814.58;    3431.71;     792.92;    3420.61;     789.01;    3412.97;     810.67;       10;    0.40;   stop
  6023;    1947.64;      45.78;    1963.39;      44.45;    1960.61;      11.59;    1944.86;      12.92;        9;    0.39;   stop
  6026;     269.29;    1554.76;     270.00;    1544.02;     250.56;    1542.74;     249.85;    1553.48;       10;    0.38;   move
  6140;    3438.53;     783.92;    3447.94;     755.62;    3433.35;     750.77;    3423.93;     779.06;       10;    0.38;   stop
   501;    1909.45;    1446.06;    1924.40;    1444.34;    1919.96;    1405.81;    1905.01;    1407.54;       10;    0.38;   stop
   627;    1351.37;     108.61;    1352.20;      96.20;    1326.13;      94.46;    1325.30;     106.87;       10;    0.38;   stop
   669;    3598.62;    1279.35;    3598.62;    1251.90;    3583.57;    1251.90;    3583.57;    1279.35;       10;    0.38;   stop
   682;    2882.90;    1466.68;    2892.95;    1458.04;    2873.35;    1435.25;    2863.30;    1443.90;       10;    0.37;   stop
   730;    1840.12;    1685.67;    1841.06;    1673.18;    1816.59;    1671.33;    1815.65;    1683.82;       10;    0.37;   stop
  5611;     763.20;    1934.57;     763.24;    1908.45;     750.14;    1908.43;     750.10;    1934.55;       10;    0.37;   stop
  5610;     556.38;    2096.13;     584.01;    2095.35;     583.62;    2081.37;     555.99;    2082.15;       10;    0.37;   stop
   745;    1976.91;    1777.08;    1978.71;    1755.17;    1968.09;    1754.29;    1966.29;    1776.21;       10;    0.37;   stop
  3537;     378.53;    1281.13;     380.45;    1253.93;     366.32;    1252.93;     364.40;    1280.14;       10;    0.37;   stop
  3608;    2196.02;     658.67;    2223.60;     657.82;    2223.17;     644.08;    2195.59;     644.93;       10;    0.37;   stop
  6165;     492.02;    1558.67;     492.58;    1547.41;     470.79;    1546.33;     470.23;    1557.59;       10;    0.36;   stop
  5924;    3263.80;    1097.92;    3275.41;    1076.16;    3263.08;    1069.58;    3251.47;    1091.34;       10;    0.36;   stop
  5669;    3570.66;     494.51;    3580.76;     464.68;    3566.53;     459.86;    3556.42;     489.69;       10;    0.36;   stop
  6184;     283.24;    1575.02;     284.52;    1560.75;     254.88;    1558.11;     253.61;    1572.38;       10;    0.36;   stop
  3605;    1620.44;    1633.36;    1621.26;    1621.85;    1597.06;    1620.14;    1596.24;    1631.65;       10;    0.36;   stop
  5577;    1869.93;      27.94;    1882.21;      27.89;    1882.14;       5.81;    1869.85;       5.86;       10;    0.35;   stop
  6124;    1240.84;    1549.10;    1245.77;    1522.36;    1232.47;    1519.90;    1227.54;    1546.64;       10;    0.35;   stop
  6024;    1887.01;    2038.49;    1898.66;    2015.07;    1886.99;    2009.26;    1875.34;    2032.68;       10;    0.35;   stop
  6065;     668.09;    1189.33;     668.26;    1169.53;     654.72;    1169.42;     654.56;    1189.22;       10;    0.35;   stop