vehicle_id; veh_bb_x1; veh_bb_y1; veh_bb_x2; veh_bb_y2; veh_bb_x3; veh_bb_y3; veh_bb_x4; veh_bb_y4; det_class; conf_score; state
  5764;    2093.69;    1118.73;    2094.55;    1106.13;    2067.31;    1104.27;    2066.45;    1116.87;       10;    0.84;   stop
     2;    2917.55;    1173.86;    2920.00;    1162.58;    2894.95;    1157.14;    2892.50;    1168.42;       10;    0.84;   stop
     3;    3017.97;    1440.66;    3028.81;    1416.35;    3017.28;    1411.21;    3006.44;    1435.52;       10;    0.84;   stop
    19;    2948.81;    1181.35;    2951.73;    1169.16;    2926.69;    1163.15;    2923.77;    1175.34;       10;    0.83;   stop
   244;    3004.55;    1255.87;    3007.73;    1243.28;    2978.95;    1236.01;    2975.77;    1248.59;       10;    0.83;   stop
 10816;    3090.85;    1475.70;    3102.05;    1452.57;    3090.65;    1447.05;    3079.45;    1470.18;       10;    0.83;   stop
     8;    2108.83;    1217.24;    2109.57;    1205.30;    2084.80;    1203.76;    2084.05;    1215.70;       10;    0.83;   stop
 10162;    2564.87;    1145.02;    2566.30;    1131.63;    2537.75;    1128.60;    2536.33;    1141.99;       10;    0.83;   stop
  6409;    2909.32;    1274.51;    2911.99;    1261.62;    2882.93;    1255.61;    2880.26;    1268.50;       10;    0.82;   move
  5893;    2106.90;    1137.20;    2107.49;    1124.26;    2078.10;    1122.93;    2077.51;    1135.87;       10;    0.82;   stop
 10974;    2936.32;    1198.47;    2939.25;    1186.28;    2912.18;    1179.78;    2909.25;    1191.97;       10;    0.82;   move
   303;    3712.64;    1455.94;    3716.99;    1441.03;    3686.11;    1432.03;    3681.76;    1446.94;       10;    0.82;   move
 10342;    2707.40;    1154.44;    2708.95;    1141.92;    2679.85;    1138.31;    2678.30;    1150.83;       10;    0.82;   stop
 10667;    2596.67;    1163.11;    2598.02;    1150.69;    2570.08;    1147.64;    2568.73;    1160.06;       10;    0.82;   move
    20;    1983.51;     375.13;    1984.44;     347.54;    1971.99;     347.12;    1971.06;     374.71;       10;    0.82;   stop
  9876;    1989.24;     681.76;    1993.02;     667.56;    1961.76;     659.24;    1957.98;     673.44;       10;    0.82;   stop
  5596;    2059.82;    1134.89;    2060.72;    1122.60;    2035.18;    1120.73;    2034.28;    1133.03;       10;    0.82;   stop
    45;    3044.43;    1474.85;    3057.08;    1449.53;    3044.82;    1443.40;    3032.17;    1468.72;       10;    0.82;   stop
    30;    1848.43;     658.50;    1848.64;     633.10;    1835.94;     633.00;    1835.73;     658.40;       10;    0.82;   stop
  7879;    1914.51;    1113.04;    1932.69;    1087.32;    1921.74;    1079.58;    1903.56;    1105.30;       10;    0.82;   move
    44;    2696.48;    1253.78;    2698.28;    1241.05;    2669.39;    1236.97;    2667.59;    1249.70;       10;    0.82;   stop
    60;    3036.45;    1532.47;    3046.11;    1509.87;    3034.80;    1505.03;    3025.14;    1527.63;       10;    0.82;   stop
  6011;    3249.10;    1319.28;    3251.87;    1305.96;    3221.53;    1299.63;    3218.75;    1312.95;       10;    0.82;   move
 10312;    3096.98;    1430.69;    3110.39;    1400.87;    3096.15;    1394.47;    3082.74;    1424.29;       10;    0.82;   stop
  9401;    2907.01;    1797.68;    2924.38;    1770.95;    2912.05;    1762.94;    2894.68;    1789.67;       10;    0.82;   move
  9773;    1853.84;     698.98;    1859.56;     687.89;    1836.07;     675.77;    1830.34;     686.86;       10;    0.82;   stop
 10954;    1115.54;    1146.24;    1116.73;    1133.31;    1088.89;    1130.76;    1087.71;    1143.69;       10;    0.82;   move
    35;     937.31;    1169.63;     938.27;    1157.85;     912.47;    1155.75;     911.51;    1167.52;       10;    0.82;   stop
   133;    1980.72;     122.97;    1980.99;      95.97;    1968.78;      95.85;    1968.51;     122.84;       10;    0.81;   stop
   258;    1971.77;     792.67;    1972.77;     767.10;    1959.45;     766.58;    1958.45;     792.15;       10;    0.81;   stop
    23;    1475.91;      73.51;    1476.37;      59.69;    1445.71;      58.67;    1445.26;      72.50;       10;    0.81;   stop
  6003;    2128.77;    1119.70;    2129.85;    1107.74;    2105.73;    1105.55;    2104.65;    1117.51;       10;    0.81;   stop
    56;    2886.55;    1168.45;    2889.34;    1156.19;    2862.95;    1150.17;    2860.16;    1162.44;       10;    0.81;   stop
 10245;    2078.36;    1198.26;    2078.74;    1185.25;    2052.82;    1184.49;    2052.45;    1197.50;       10;    0.81;   move
    59;    2980.17;    1309.92;    2982.92;    1296.29;    2951.58;    1289.96;    2948.83;    1303.58;       10;    0.81;   stop
    37;    2585.80;    1125.47;    2587.30;    1113.14;    2560.70;    1109.90;    2559.20;    1122.24;       10;    0.81;   stop
    39;    2817.67;    1273.95;    2820.37;    1261.98;    2794.58;    1256.17;    2791.88;    1268.14;       10;    0.81;   stop
    41;    1958.75;    1862.36;    1965.18;    1832.77;    1951.94;    1829.89;    1945.51;    1859.48;       10;    0.81;   stop
    29;    3607.42;    1455.55;    3611.62;    1441.11;    3578.51;    1431.48;    3574.31;    1445.92;       10;    0.81;   stop
    25;    1270.26;    1072.95;    1271.06;    1060.60;    1245.24;    1058.93;    1244.44;    1071.28;       10;    0.81;   stop
  2641;    1990.73;    1294.71;    1991.76;    1271.92;    1980.52;    1271.41;    1979.49;    1294.20;       10;    0.81;   stop
 10905;    2882.90;    1187.34;    2885.66;    1175.60;    2859.85;    1169.53;    2857.09;    1181.28;       10;    0.81;   move
    15;    2728.89;    1257.84;    2730.41;    1245.76;    2704.27;    1242.48;    2702.76;    1254.55;       10;    0.81;   stop
    40;    2928.21;    1297.48;    2930.29;    1285.02;    2903.97;    1280.65;    2901.90;    1293.10;       10;    0.81;   stop
    55;    1012.42;    1063.09;    1012.63;    1051.26;     986.99;    1050.79;     986.77;    1062.62;       10;    0.81;   stop
    36;    2479.88;    1115.92;    2480.18;    1104.34;    2455.12;    1103.70;    2454.82;    1115.29;       10;    0.81;   stop
  9910;    2612.80;    1145.39;    2614.20;    1132.65;    2584.32;    1129.36;    2582.92;    1142.10;       10;    0.81;   stop
  9594;    2462.16;    1152.69;    2462.91;    1139.49;    2433.46;    1137.81;    2432.71;    1151.01;       10;    0.81;   stop
  3090;    2990.66;    1271.27;    2993.43;    1258.64;    2963.59;    1252.11;    2960.82;    1264.73;       10;    0.81;   move
    88;     952.68;    1062.60;     980.00;    1062.16;     979.79;    1049.03;     952.47;    1049.47;       10;    0.81;   stop
  6076;    2161.90;    1120.02;    2162.84;    1108.44;    2136.91;    1106.35;    2135.97;    1117.93;       10;    0.81;   stop
  9309;    2490.26;    1136.05;    2490.87;    1123.16;    2462.74;    1121.82;    2462.13;    1134.71;       10;    0.81;   stop
    57;    2592.92;    1242.82;    2593.68;    1229.45;    2562.58;    1227.68;    2561.82;    1241.05;       10;    0.81;   stop
    67;    1967.52;     447.17;    1980.70;     446.99;    1980.29;     417.95;    1967.11;     418.14;       10;    0.81;   stop
    17;    1361.88;    1192.15;    1362.74;    1176.07;    1319.00;    1173.72;    1318.13;    1189.80;        9;    0.81;   stop
 10577;    2767.98;    1163.98;    2769.97;    1152.25;    2744.14;    1147.89;    2742.16;    1159.62;       10;    0.81;   stop
   725;    1971.43;    1311.20;    1972.11;    1284.48;    1960.07;    1284.17;    1959.39;    1310.90;       10;    0.81;   stop
   156;    2151.91;    1218.14;    2152.39;    1206.12;    2127.59;    1205.11;    2127.11;    1217.13;       10;    0.80;   stop
  3286;    2904.47;    1250.33;    2906.87;    1237.47;    2878.50;    1232.17;    2876.10;    1245.03;       10;    0.80;   move
 11047;    2984.50;    1699.70;    2997.02;    1673.84;    2984.56;    1667.80;    2972.04;    1693.66;       10;    0.80;   move
    96;    1352.81;      72.94;    1352.96;      59.02;    1321.32;      58.68;    1321.17;      72.60;       10;    0.80;   stop
  7327;    1894.55;     869.20;    1909.57;     868.54;    1908.13;     836.30;    1893.12;     836.96;       10;    0.80;   stop
  9718;    2530.84;    1139.01;    2532.09;    1126.49;    2500.91;    1123.37;    2499.66;    1135.88;       10;    0.80;   stop
    66;    2457.45;    1232.96;    2457.93;    1220.51;    2432.55;    1219.54;    2432.07;    1231.99;       10;    0.80;   stop
   114;    1975.29;     565.87;    1975.55;     536.76;    1962.21;     536.63;    1961.95;     565.74;       10;    0.80;   stop
  7060;    2276.65;    1144.53;    2276.66;    1132.49;    2251.10;    1132.47;    2251.09;    1144.51;       10;    0.80;   stop
  6842;    1970.47;    1348.77;    1971.27;    1321.21;    1959.07;    1320.86;    1958.26;    1348.41;       10;    0.80;   stop
    74;    3005.84;    1472.06;    3016.57;    1446.75;    3004.66;    1441.69;    2993.93;    1467.00;       10;    0.80;   stop
    80;    3108.02;    1479.40;    3119.31;    1454.44;    3107.23;    1448.98;    3095.94;    1473.93;       10;    0.80;   stop
   237;    1916.37;     107.81;    1929.23;     107.65;    1928.88;      80.07;    1916.02;      80.23;       10;    0.80;   move
   191;    2716.69;    1140.37;    2718.56;    1128.43;    2691.94;    1124.25;    2690.06;    1136.20;       10;    0.80;   stop
   103;    2521.34;    1236.80;    2522.04;    1225.15;    2495.79;    1223.58;    2495.09;    1235.23;       10;    0.80;   stop
  7906;    1856.46;     734.83;    1870.76;     734.74;    1870.57;     704.05;    1856.28;     704.14;       10;    0.80;   stop
  9958;    3109.26;    1441.26;    3121.41;    1414.18;    3108.24;    1408.27;    3096.09;    1435.35;       10;    0.80;   stop
    85;    1947.92;     373.17;    1960.44;     373.11;    1960.33;     346.83;    1947.81;     346.89;       10;    0.80;   stop
  7521;    1966.94;    1607.58;    1967.73;    1576.55;    1952.56;    1576.17;    1951.77;    1607.20;       10;    0.80;   stop
    21;    1817.03;    2028.10;    1829.36;    2002.55;    1818.17;    1997.15;    1805.84;    2022.70;       10;    0.80;   stop
   127;    1974.50;     803.29;    1986.43;     803.21;    1986.25;     778.46;    1974.32;     778.54;       10;    0.80;   stop
    53;     693.37;    1051.83;     693.93;    1039.99;     668.82;    1038.79;     668.26;    1050.64;       10;    0.80;   stop
    11;    1200.07;    1068.26;    1200.92;    1056.79;    1179.30;    1055.18;    1178.45;    1066.65;       10;    0.80;   stop
  8506;    1918.76;     384.09;    1931.25;     383.96;    1930.99;     358.41;    1918.50;     358.54;       10;    0.80;   move
  7828;    1871.06;     766.92;    1871.15;     737.25;    1858.51;     737.21;    1858.42;     766.88;       10;    0.80;   stop
 11105;     811.98;    1135.18;     812.59;    1121.85;     782.15;    1120.44;     781.53;    1133.78;       10;    0.80;   move
    79;     810.65;    1161.31;     810.94;    1150.05;     786.99;    1149.44;     786.70;    1160.70;       10;    0.80;   stop
  1484;    1985.21;    1365.96;    1988.77;    1334.48;    1974.98;    1332.92;    1971.41;    1364.39;       10;    0.80;   stop
    81;    3093.46;    1506.61;    3104.54;    1482.37;    3092.54;    1476.89;    3081.46;    1501.13;       10;    0.80;   stop
  7975;    1945.75;    1819.81;    1950.14;    1792.28;    1937.75;    1790.31;    1933.36;    1817.84;       10;    0.80;   move
    28;    2680.31;    1978.12;    2704.59;    1969.39;    2700.19;    1957.13;    2675.91;    1965.86;       10;    0.80;   stop
    82;    2709.53;    1966.06;    2737.44;    1955.09;    2732.07;    1941.44;    2704.17;    1952.41;       10;    0.80;   stop
   104;    1962.49;     409.41;    1976.02;     408.91;    1975.01;     381.47;    1961.48;     381.97;       10;    0.79;   stop
 11615;    1862.62;     230.63;    1862.65;     199.13;    1848.38;     199.12;    1848.35;     230.62;       10;    0.79;   move
  6616;    2159.66;    1139.67;    2160.66;    1126.71;    2137.84;    1124.96;    2136.84;    1137.91;       10;    0.79;   stop
  7580;    2268.60;    1130.19;    2269.14;    1117.67;    2240.58;    1116.44;    2240.05;    1128.96;       10;    0.79;   stop
 10797;    2810.12;    1896.53;    2836.15;    1880.70;    2828.71;    1868.47;    2802.68;    1884.30;       10;    0.79;   move
 11560;    1870.63;     272.70;    1882.91;     272.66;    1882.84;     248.74;    1870.55;     248.78;       10;    0.79;   move
  6082;    1931.74;     712.61;    1945.00;     712.45;    1944.64;     682.39;    1931.38;     682.55;       10;    0.79;   move
   144;     869.38;    1165.49;     869.76;    1152.77;     844.28;    1152.01;     843.90;    1164.73;       10;    0.79;   stop
   446;    2754.56;    1210.93;    2755.52;    1198.67;    2728.76;    1196.57;    2727.80;    1208.83;       10;    0.79;   move
  4765;    1967.00;    1495.71;    1967.38;    1462.65;    1952.50;    1462.48;    1952.12;    1495.54;       10;    0.79;   stop
   194;    1437.35;      72.70;    1437.72;      59.08;    1411.15;      58.37;    1410.78;      71.98;       10;    0.79;   stop
   159;    1975.07;     774.64;    1987.61;     774.45;    1987.18;     746.36;    1974.64;     746.55;       10;    0.79;   stop
   937;    1923.64;     182.59;    1936.03;     182.23;    1935.30;     157.16;    1922.91;     157.52;       10;    0.79;   move
  9516;    1940.65;     911.72;    1953.64;     911.29;    1952.88;     888.28;    1939.89;     888.71;       10;    0.79;   move
   132;    3011.67;    1545.93;    3023.53;    1521.83;    3012.33;    1516.32;    3000.47;    1540.42;       10;    0.79;   stop
   109;    1403.56;      72.00;    1403.87;      59.21;    1374.06;      58.50;    1373.76;      71.29;       10;    0.79;   stop
   152;    1950.52;      83.89;    1962.72;      83.63;    1962.14;      56.18;    1949.94;      56.43;       10;    0.79;   stop
 11751;    1868.44;     115.27;    1881.96;     115.25;    1881.93;      87.79;    1868.41;      87.81;       10;    0.79;   move
    31;     500.65;    1043.56;     501.13;    1032.13;     477.16;    1031.12;     476.68;    1042.55;       10;    0.79;   stop
  2458;    1987.64;    1327.11;    1988.29;    1295.55;    1974.80;    1295.27;    1974.14;    1326.83;       10;    0.79;   stop
    90;    3126.09;    1453.46;    3138.54;    1428.54;    3125.16;    1421.85;    3112.71;    1446.78;       10;    0.79;   stop
 11446;    1871.21;     342.36;    1884.37;     342.20;    1884.04;     313.52;    1870.88;     313.67;       10;    0.79;   move
 11306;    1869.62;     398.07;    1883.74;     397.97;    1883.56;     372.56;    1869.45;     372.65;       10;    0.79;   stop
 10804;    2002.82;     683.47;    2027.14;     683.42;    2027.12;     671.03;    2002.79;     671.08;       10;    0.79;   stop
    83;    1181.73;    1183.26;    1182.22;    1169.86;    1156.39;    1168.93;    1155.91;    1182.33;       10;    0.79;   stop
    73;    3029.61;    1200.51;    3032.88;    1188.58;    3005.64;    1181.12;    3002.37;    1193.04;       10;    0.79;   stop
  2940;    1970.90;    1396.64;    1971.18;    1366.49;    1957.50;    1366.36;    1957.23;    1396.51;       10;    0.79;   stop
 11305;    3273.50;    1260.32;    3279.29;    1248.46;    3254.32;    1236.25;    3248.52;    1248.10;       10;    0.79;   move
    64;    1803.30;    2059.63;    1817.10;    2032.42;    1805.19;    2026.37;    1791.38;    2053.58;       10;    0.79;   stop
    95;    2922.22;    1527.44;    2933.48;    1521.22;    2919.81;    1496.47;    2908.55;    1502.69;       10;    0.79;   stop
  5141;    1927.63;     569.33;    1940.51;     569.13;    1940.12;     543.30;    1927.24;     543.49;       10;    0.79;   move
   101;    1332.12;    1073.95;    1332.30;    1061.72;    1304.88;    1061.30;    1304.70;    1073.53;       10;    0.79;   stop
    18;    3026.96;    1514.54;    3039.72;    1490.69;    3028.54;    1484.71;    3015.78;    1508.56;       10;    0.79;   stop
 10739;    2828.62;    1176.26;    2831.51;    1161.86;    2796.00;    1154.74;    2793.12;    1169.14;       10;    0.79;   stop
   126;    1833.11;     877.15;    1842.36;     850.25;    1831.02;     846.35;    1821.77;     873.25;       10;    0.79;   stop
 10845;    1894.97;     721.50;    1906.46;     720.43;    1904.07;     694.87;    1892.58;     695.95;       10;    0.79;   stop
 11312;     249.80;    1099.64;     250.52;    1086.21;     222.93;    1084.73;     222.21;    1098.16;       10;    0.79;   move
   174;     751.99;    1189.82;     752.53;    1177.32;     723.20;    1176.06;     722.66;    1188.56;       10;    0.79;   stop
  9028;    1876.59;     774.61;    1889.98;     774.58;    1889.91;     743.01;    1876.52;     743.04;       10;    0.79;   move
    87;    1968.25;     159.32;    1980.76;     159.29;    1980.69;     130.37;    1968.18;     130.40;       10;    0.79;   stop
   208;    1837.38;     738.61;    1850.57;     738.48;    1850.28;     708.14;    1837.09;     708.27;       10;    0.79;   stop
   327;    1090.54;    1176.59;    1091.14;    1164.68;    1065.71;    1163.41;    1065.11;    1175.32;       10;    0.79;   stop
   110;    1042.49;    1063.36;    1042.83;    1052.33;    1020.76;    1051.64;    1020.42;    1062.67;       10;    0.79;   stop
   170;    1240.24;    1069.88;    1241.07;    1058.03;    1217.32;    1056.37;    1216.50;    1068.22;       10;    0.79;   stop
  7077;    2448.19;    1134.33;    2448.68;    1122.33;    2423.81;    1121.30;    2423.32;    1133.30;       10;    0.79;   stop
 10468;    2936.35;    1747.27;    2946.14;    1719.82;    2932.40;    1714.91;    2922.61;    1742.37;       10;    0.79;   move
   160;    1948.41;     432.26;    1960.10;     432.23;    1960.03;     403.62;    1948.34;     403.64;       10;    0.78;   stop
  8526;    1880.61;     921.43;    1892.82;     921.35;    1892.64;     895.44;    1880.43;     895.52;       10;    0.78;   stop
  7303;    1872.27;    1000.54;    1873.02;     975.31;    1861.61;     974.96;    1860.85;    1000.19;       10;    0.78;   stop
  9609;    1870.36;     490.67;    1883.33;     490.20;    1882.26;     461.08;    1869.30;     461.55;       10;    0.78;   stop
   100;     881.25;    1057.42;     881.87;    1045.36;     857.15;    1044.08;     856.53;    1056.14;       10;    0.78;   stop
    48;    2321.41;    1111.07;    2322.11;    1098.70;    2297.47;    1097.30;    2296.77;    1109.67;       10;    0.78;   stop
  9792;    2497.37;    1155.41;    2498.21;    1141.33;    2469.13;    1139.59;    2468.29;    1153.67;       10;    0.78;   stop
  7612;    1956.59;    1560.41;    1970.64;    1560.31;    1970.41;    1528.84;    1956.36;    1528.94;       10;    0.78;   stop
 10240;    2658.12;    1151.33;    2659.99;    1139.29;    2639.94;    1136.17;    2638.07;    1148.21;       10;    0.78;   stop
  4520;    1974.19;    1447.00;    1975.76;    1414.59;    1961.06;    1413.88;    1959.49;    1446.29;       10;    0.78;   stop
   135;    1836.47;     628.55;    1847.94;     628.01;    1846.78;     603.33;    1835.31;     603.86;       10;    0.78;   stop
   117;    1977.61;     874.17;    1990.20;     873.42;    1988.76;     849.33;    1976.18;     850.08;       10;    0.78;   stop
   203;     686.08;    1155.56;     686.25;    1142.61;     658.29;    1142.25;     658.12;    1155.20;       10;    0.78;   stop
  9336;    2434.48;    1199.63;    2434.96;    1184.38;    2394.77;    1183.12;    2394.29;    1198.37;       10;    0.78;   move
  7848;    2635.41;    1958.67;    2661.10;    1948.89;    2656.22;    1936.08;    2630.53;    1945.86;       10;    0.78;   move
   177;    2126.63;     659.05;    2152.88;     659.02;    2152.87;     647.08;    2126.62;     647.11;       10;    0.78;   stop
 10854;    1851.51;     498.35;    1863.97;     498.22;    1863.71;     473.65;    1851.25;     473.78;       10;    0.78;   stop
   189;     664.23;    1049.12;     664.66;    1037.72;     640.77;    1036.82;     640.34;    1048.22;       10;    0.78;   stop
   219;     904.97;    1166.85;     905.13;    1154.34;     880.69;    1154.03;     880.52;    1166.53;       10;    0.78;   stop
 11550;    3405.04;    1316.40;    3408.82;    1303.99;    3377.77;    1294.54;    3373.99;    1306.95;       10;    0.78;   move
 11659;    1869.00;     188.67;    1881.84;     188.59;    1881.65;     161.76;    1868.82;     161.85;       10;    0.78;   move
 11676;    1869.10;     574.34;    1881.64;     573.88;    1880.71;     548.41;    1868.17;     548.87;       10;    0.78;   stop
  2165;    1960.86;    1271.54;    1974.57;    1271.46;    1974.39;    1241.71;    1960.68;    1241.79;       10;    0.78;   stop
   148;    2858.89;    1282.75;    2861.47;    1270.68;    2836.61;    1265.38;    2834.03;    1277.44;       10;    0.78;   stop
    68;     825.71;    1614.60;     826.39;    1601.90;     803.29;    1600.65;     802.61;    1613.35;       10;    0.78;   stop
   151;    1827.46;      68.82;    1827.69;      43.23;    1815.76;      43.12;    1815.52;      68.71;       10;    0.78;   stop
   290;    1832.70;     484.91;    1845.33;     484.43;    1844.27;     456.71;    1831.64;     457.19;       10;    0.78;   stop
 10683;    1894.82;     760.11;    1908.71;     759.17;    1906.47;     726.02;    1892.58;     726.96;       10;    0.78;   stop
  6969;    1923.78;     843.56;    1937.84;     843.23;    1937.12;     812.44;    1923.06;     812.77;       10;    0.78;   move
    47;    1662.20;    1200.00;    1664.06;    1187.76;    1638.55;    1183.88;    1636.69;    1196.11;       10;    0.78;   stop
   145;    1215.06;    1184.37;    1215.58;    1171.47;    1185.69;    1170.26;    1185.17;    1183.15;       10;    0.78;   stop
    14;    1958.19;     912.16;    1970.97;     911.46;    1969.37;     882.22;    1956.60;     882.91;       10;    0.78;   stop
   157;    2487.96;    1343.98;    2488.72;    1331.77;    2462.79;    1330.14;    2462.03;    1342.35;       10;    0.78;   stop
   165;    3296.25;    1197.09;    3301.16;    1184.79;    3273.75;    1173.85;    3268.84;    1186.15;       10;    0.78;   stop
   150;    2282.81;    2142.25;    2311.24;    2130.88;    2305.69;    2117.00;    2277.26;    2128.37;       10;    0.78;   stop
  8144;    1869.07;     670.03;    1869.28;     639.55;    1856.55;     639.47;    1856.34;     669.95;       10;    0.78;   stop
   111;     800.25;    1614.08;     801.08;    1602.93;     777.56;    1601.17;     776.73;    1612.32;       10;    0.78;   stop
  7047;    1922.32;     939.68;    1934.74;     939.27;    1933.81;     910.95;    1921.38;     911.36;       10;    0.78;   move
    65;    2831.01;    1159.09;    2833.37;    1146.79;    2805.99;    1141.54;    2803.63;    1153.84;       10;    0.78;   stop
   185;    2805.47;    1399.78;    2809.33;    1386.26;    2779.78;    1377.84;    2775.92;    1391.36;       10;    0.78;   stop
   192;    1878.29;    1687.98;    1879.18;    1675.35;    1853.34;    1673.52;    1852.44;    1686.15;       10;    0.78;   stop
  8265;    1856.12;     616.88;    1869.28;     616.61;    1868.75;     591.37;    1855.60;     591.64;       10;    0.77;   stop
 10486;    1896.94;     793.88;    1909.24;     793.56;    1908.56;     767.62;    1896.26;     767.94;       10;    0.77;   stop
    54;    1972.56;     911.11;    1985.00;     910.25;    1982.94;     880.45;    1970.50;     881.31;       10;    0.77;   stop
   218;     819.09;     991.42;     819.31;     980.06;     794.16;     979.58;     793.94;     990.94;       10;    0.77;   stop
    92;    1991.84;    1459.50;    1992.04;    1432.97;    1979.41;    1432.88;    1979.21;    1459.40;       10;    0.77;   stop
    51;    1973.56;     839.58;    1986.56;     838.47;    1984.19;     810.79;    1971.19;     811.91;       10;    0.77;   stop
 10043;    1897.07;     904.85;    1910.29;     904.68;    1909.93;     877.15;    1896.71;     877.32;       10;    0.77;   stop
  7715;    1876.33;     960.68;    1890.55;     960.50;    1890.17;     930.44;    1875.95;     930.62;       10;    0.77;   stop
   139;    1428.91;    1078.68;    1429.48;    1066.81;    1403.84;    1065.57;    1403.27;    1077.44;       10;    0.77;   stop
  7794;    2129.98;    1102.50;    2130.73;    1090.50;    2106.77;    1089.00;    2106.02;    1101.00;       10;    0.77;   stop
   200;    3021.96;    1563.43;    3031.21;    1540.23;    3019.29;    1535.48;    3010.04;    1558.67;       10;    0.77;   stop
   118;     726.13;    1052.81;     726.57;    1041.53;     703.56;    1040.63;     703.12;    1051.91;       10;    0.77;   stop
    99;    1973.18;     939.69;    1985.74;     939.10;    1984.57;     914.31;    1972.01;     914.90;       10;    0.77;   stop
    78;    1156.82;    1068.67;    1157.56;    1055.74;    1130.87;    1054.21;    1130.13;    1067.13;       10;    0.77;   stop
   196;    1361.00;    1071.80;    1361.63;    1060.18;    1339.00;    1058.95;    1338.37;    1070.57;       10;    0.77;   stop
   284;    1899.34;    1287.42;    1911.42;    1285.68;    1907.66;    1259.58;    1895.58;    1261.32;       10;    0.77;   stop
   264;    2076.97;    1362.16;    2101.85;    1359.12;    2100.35;    1346.84;    2075.47;    1349.88;       10;    0.77;   stop
   213;    2412.34;    1787.97;    2414.75;    1760.23;    2402.29;    1759.15;    2399.88;    1786.89;       10;    0.77;   stop
 11460;    1850.28;     350.08;    1862.62;     349.98;    1862.41;     324.92;    1850.07;     325.02;       10;    0.77;   move
  8492;    1852.05;     544.08;    1864.49;     543.68;    1863.73;     520.17;    1851.29;     520.57;       10;    0.77;   stop
   143;    1709.51;    1088.44;    1710.10;    1076.22;    1683.49;    1074.93;    1682.90;    1087.15;       10;    0.77;   stop
   197;    2108.00;    1361.94;    2136.56;    1359.75;    2135.50;    1345.93;    2106.94;    1348.12;       10;    0.77;   stop
  8992;    2301.85;    1129.59;    2302.15;    1117.68;    2276.53;    1117.04;    2276.23;    1128.94;       10;    0.77;   stop
  9192;    2225.78;    1198.62;    2226.55;    1185.65;    2200.72;    1184.13;    2199.95;    1197.10;       10;    0.77;   move
   355;    2422.26;    1231.61;    2422.59;    1218.22;    2394.62;    1217.51;    2394.28;    1230.90;       10;    0.77;   stop
   122;    2649.30;    1350.51;    2649.82;    1338.24;    2623.20;    1337.11;    2622.68;    1349.39;       10;    0.77;   stop
   168;    2740.77;    1954.47;    2769.89;    1941.65;    2763.76;    1927.72;    2734.64;    1940.54;       10;    0.77;   stop
   124;    2804.02;    1930.55;    2831.01;    1912.94;    2822.62;    1900.07;    2795.63;    1917.68;       10;    0.77;   stop
   215;    1970.05;     193.37;    1982.82;     192.08;    1980.01;     164.38;    1967.24;     165.67;       10;    0.77;   stop
   179;     525.00;    1044.49;     525.82;    1033.64;     505.32;    1032.07;     504.49;    1042.93;       10;    0.77;   stop
   195;     640.89;    1570.55;     642.25;    1557.85;     616.30;    1555.07;     614.94;    1567.77;       10;    0.77;   stop
  6226;    2194.31;    1124.70;    2195.32;    1112.86;    2169.75;    1110.68;    2168.74;    1122.52;       10;    0.77;   stop
   280;    2184.81;    1221.33;    2185.64;    1208.17;    2157.88;    1206.42;    2157.05;    1219.58;       10;    0.77;   stop
   235;    2443.24;    1415.09;    2444.63;    1387.99;    2431.01;    1387.28;    2429.62;    1414.39;       10;    0.77;   stop
   176;    3391.88;    1039.52;    3392.76;    1026.89;    3363.74;    1024.86;    3362.86;    1037.49;       10;    0.77;   stop
   167;    2875.51;    1884.56;    2901.08;    1862.42;    2889.74;    1849.32;    2864.17;    1871.45;        9;    0.77;   stop
    94;    2772.26;    1941.11;    2795.96;    1929.50;    2789.69;    1916.71;    2766.00;    1928.31;       10;    0.77;   stop
 10580;    1860.78;    1170.98;    1891.04;    1163.74;    1887.72;    1149.90;    1857.46;    1157.14;       10;    0.77;   move
   234;    2374.03;    1366.68;    2374.72;    1354.00;    2346.09;    1352.44;    2345.40;    1365.12;       10;    0.77;   stop
   223;    1818.35;     318.89;    1828.86;     318.37;    1827.78;     296.48;    1817.26;     297.00;       10;    0.77;   stop
  9947;    1898.71;     939.71;    1910.92;     939.53;    1910.54;     914.29;    1898.33;     914.47;       10;    0.77;   stop
 10677;    1673.90;    1162.91;    1674.68;    1149.36;    1648.23;    1147.84;    1647.45;    1161.39;       10;    0.77;   move
 11741;    1927.81;    1888.72;    1935.15;    1863.03;    1923.81;    1859.78;    1916.47;    1885.47;       10;    0.77;   move
   295;    1955.36;     336.28;    1969.26;     336.00;    1968.64;     304.97;    1954.74;     305.25;       10;    0.76;   stop
   524;    3376.69;    1135.52;    3392.39;    1110.86;    3378.93;    1102.29;    3363.23;    1126.96;       10;    0.76;   stop
  9929;    3174.03;    1166.51;    3187.06;    1141.48;    3174.72;    1135.06;    3161.69;    1160.08;       10;    0.76;   stop
   494;    1972.03;     596.42;    1972.64;     571.61;    1960.97;     571.33;    1960.36;     596.14;       10;    0.76;   stop
 10922;    1890.20;     684.29;    1904.24;     682.88;    1901.05;     651.08;    1887.01;     652.49;       10;    0.76;   stop
   292;    3465.29;     722.58;    3477.33;     693.70;    3462.84;     687.66;    3450.80;     716.54;       10;    0.76;   stop
   345;    1820.49;     379.98;    1832.37;     379.42;    1831.26;     355.77;    1819.38;     356.33;       10;    0.76;   stop
   260;    1831.00;     147.78;    1846.64;     147.10;    1845.12;     112.10;    1829.48;     112.78;       10;    0.76;   stop
 11151;    1887.03;     447.06;    1887.30;     421.57;    1875.16;     421.44;    1874.88;     446.93;       10;    0.76;   stop
   134;    1974.49;     481.54;    1987.20;     480.82;    1985.70;     454.46;    1972.99;     455.18;       10;    0.76;   stop
   217;     723.54;    1218.56;     724.17;    1205.29;     695.84;    1203.94;     695.21;    1217.21;       10;    0.76;   stop
  5364;    1957.35;     953.03;    1970.35;     952.60;    1969.37;     923.47;    1956.37;     923.90;       10;    0.76;   stop
   184;    2308.75;    1227.77;    2309.39;    1214.85;    2282.00;    1213.48;    2281.36;    1226.40;       10;    0.76;   stop
   253;    2430.04;    1931.05;    2431.30;    1900.15;    2417.21;    1899.58;    2415.95;    1930.47;       10;    0.76;   stop
    97;    1821.85;     588.52;    1835.17;     588.37;    1834.87;     562.35;    1821.55;     562.51;       10;    0.76;   stop
  7448;    1896.75;     829.37;    1908.71;     828.74;    1907.34;     803.00;    1895.39;     803.64;       10;    0.76;   stop
  7160;    2227.79;    1127.08;    2228.61;    1114.47;    2202.65;    1112.79;    2201.83;    1125.41;       10;    0.76;   stop
   272;    2269.60;    1225.23;    2269.64;    1212.71;    2246.90;    1212.64;    2246.86;    1225.16;       10;    0.76;   stop
   163;    2676.69;    1380.07;    2677.48;    1367.65;    2652.06;    1366.05;    2651.27;    1378.47;       10;    0.76;   stop
   193;    1899.08;    1822.48;    1904.81;    1796.01;    1892.17;    1793.27;    1886.44;    1819.74;       10;    0.76;   stop
   371;    3174.10;    1423.59;    3176.22;    1410.65;    3146.53;    1405.78;    3144.41;    1418.72;       10;    0.76;   stop
   224;    2092.64;     660.02;    2117.52;     659.25;    2117.11;     646.10;    2092.23;     646.88;       10;    0.76;   stop
   256;    1959.32;     209.90;    1970.84;     208.35;    1967.40;     182.73;    1955.88;     184.27;       10;    0.76;   stop
  7586;    1858.63;     817.79;    1872.80;     817.16;    1871.50;     787.59;    1857.32;     788.21;       10;    0.76;   stop
  6473;     400.93;    1070.37;     401.33;    1056.65;     374.85;    1055.88;     374.45;    1069.59;       10;    0.76;   move
  7439;    1858.13;     930.01;    1871.35;     929.57;    1870.30;     898.12;    1857.08;     898.56;       10;    0.76;   stop
   252;    3241.39;    1033.74;    3261.49;    1012.83;    3251.74;    1003.45;    3231.64;    1024.36;       10;    0.76;   stop
   320;    1818.92;     352.66;    1832.07;     352.50;    1831.71;     322.34;    1818.56;     322.50;       10;    0.76;   stop
  8350;    1855.85;     579.45;    1867.37;     578.83;    1866.12;     555.67;    1854.60;     556.30;       10;    0.76;   stop
 10313;    1944.99;     992.47;    1959.46;     990.89;    1956.51;     963.91;    1942.04;     965.49;       10;    0.76;   move
   299;     787.31;    1215.98;     787.58;    1187.14;     774.68;    1187.02;     774.41;    1215.86;       10;    0.76;   stop
   293;    3512.46;    1075.14;    3544.55;    1074.14;    3544.10;    1059.55;    3512.01;    1060.54;       10;    0.76;   stop
   254;    2333.11;    2055.64;    2340.19;    2043.70;    2313.89;    2028.11;    2306.81;    2040.05;       10;    0.76;   stop
   385;    2685.27;    2149.54;    2698.88;    2142.69;    2683.98;    2113.09;    2670.37;    2119.94;       10;    0.76;   stop
 11274;    1864.30;     439.31;    1864.66;     411.36;    1851.76;     411.19;    1851.40;     439.14;       10;    0.76;   move
   211;    3356.72;    1035.73;    3360.00;    1022.17;    3328.59;    1014.58;    3325.31;    1028.14;       10;    0.76;   stop
   296;    1975.12;     513.55;    1987.27;     513.06;    1986.19;     486.57;    1974.05;     487.07;       10;    0.75;   stop
 11209;     340.29;    1104.35;     341.41;    1090.98;     311.28;    1088.46;     310.16;    1101.83;       10;    0.75;   move
   419;     840.91;    1163.40;     841.23;    1151.40;     815.93;    1150.72;     815.61;    1162.72;       10;    0.75;   stop
  9131;    2341.89;    1210.15;    2342.36;    1196.13;    2311.86;    1195.10;    2311.39;    1209.12;       10;    0.75;   move
  5824;    3307.47;    1349.18;    3310.47;    1335.93;    3283.16;    1329.73;    3280.15;    1342.98;       10;    0.75;   move
   123;    2932.20;    1701.66;    2941.47;    1673.89;    2928.58;    1669.59;    2919.32;    1697.36;       10;    0.75;   stop
   266;    1840.63;     845.79;    1853.90;     844.96;    1852.09;     815.84;    1838.82;     816.66;       10;    0.75;   stop
   651;    1954.21;     483.76;    1966.86;     482.89;    1965.29;     460.11;    1952.64;     460.98;       10;    0.75;   stop
 11210;    1831.92;     320.38;    1842.83;     319.98;    1841.95;     296.12;    1831.04;     296.52;       10;    0.75;   stop
   334;    1008.76;    1172.26;    1009.11;    1160.02;     984.37;    1159.30;     984.01;    1171.54;       10;    0.75;   stop
   305;     962.24;    1174.89;     963.74;    1164.84;     942.95;    1161.74;     941.45;    1171.79;       10;    0.75;   stop
   190;    2569.37;    1344.04;    2569.64;    1332.96;    2544.51;    1332.34;    2544.24;    1343.42;       10;    0.75;   stop
  6798;    3365.82;    1200.74;    3367.46;    1185.94;    3335.43;    1182.38;    3333.79;    1197.19;       10;    0.75;   stop
  8748;    2786.12;    1888.65;    2810.74;    1873.54;    2803.26;    1861.35;    2778.64;    1876.46;       10;    0.75;   move
 10883;    1224.25;    1164.22;    1224.68;    1149.76;    1191.69;    1148.78;    1191.25;    1163.24;       10;    0.75;   move
   309;    2107.37;    1325.62;    2107.51;    1313.95;    2082.13;    1313.63;    2081.99;    1325.30;       10;    0.75;   stop
  6913;    1841.01;    2039.47;    1853.72;    2012.80;    1841.87;    2007.15;    1829.15;    2033.82;       10;    0.75;   move
  7449;    2345.20;    1132.47;    2373.92;    1132.17;    2373.80;    1119.78;    2345.08;    1120.08;       10;    0.75;   stop
   205;    2355.11;    1228.80;    2355.61;    1215.81;    2326.77;    1214.70;    2326.27;    1227.69;       10;    0.75;   stop
  5531;    3165.73;    1321.09;    3167.92;    1307.59;    3138.02;    1302.73;    3135.83;    1316.24;       10;    0.75;   move
 11335;    3155.04;    1401.50;    3188.88;    1397.50;    3187.15;    1382.88;    3153.31;    1386.88;       10;    0.75;   stop
  7577;    1870.54;     880.28;    1870.87;     850.11;    1857.71;     849.97;    1857.38;     880.14;       10;    0.75;   stop
   138;     468.36;    1594.05;     469.53;    1581.02;     441.02;    1578.45;     439.85;    1591.48;       10;    0.75;   stop
   164;    2460.07;    1563.06;    2462.31;    1538.55;    2450.18;    1537.44;    2447.94;    1561.95;       10;    0.75;   stop
   329;    3242.94;    1090.44;    3261.31;    1067.04;    3250.18;    1058.31;    3231.81;    1081.71;       10;    0.75;   stop
   532;    3225.86;    1119.30;    3242.73;    1091.77;    3229.77;    1083.83;    3212.90;    1111.35;       10;    0.75;   stop
   349;    1929.89;     239.25;    1930.02;     215.31;    1918.92;     215.25;    1918.79;     239.19;       10;    0.75;   move
   277;     754.75;    1205.62;     755.44;    1193.40;     726.42;    1191.76;     725.72;    1203.97;       10;    0.75;   stop
     9;    2352.70;    1117.84;    2353.10;    1104.91;    2324.67;    1104.04;    2324.27;    1116.97;       10;    0.75;   stop
   214;    1788.16;    2089.03;    1800.77;    2064.58;    1789.67;    2058.85;    1777.05;    2083.30;       10;    0.75;   stop
   108;    2115.90;     281.11;    2141.55;     280.20;    2141.10;     267.33;    2115.45;     268.23;       10;    0.74;   move
   306;     630.67;    1048.92;     631.05;    1035.99;     602.14;    1035.15;     601.77;    1048.07;       10;    0.74;   stop
   162;     890.70;    1620.46;     891.72;    1608.22;     865.71;    1606.04;     864.68;    1618.28;       10;    0.74;   stop
 10763;    1385.21;    1168.28;    1385.59;    1154.59;    1354.17;    1153.72;    1353.79;    1167.41;       10;    0.74;   move
 10544;    2663.65;    1251.59;    2665.32;    1236.22;    2630.23;    1232.41;    2628.56;    1247.78;        9;    0.74;   stop
   340;    3267.51;    1008.62;    3284.05;     985.16;    3272.49;     977.01;    3255.95;    1000.46;       10;    0.74;   stop
   231;    1822.05;     800.25;    1834.24;     800.22;    1834.20;     775.88;    1822.01;     775.90;       10;    0.74;   stop
   313;    1815.11;     157.34;    1827.38;     156.99;    1826.70;     132.91;    1814.43;     133.26;       10;    0.74;   stop
   353;    1820.83;     409.95;    1833.73;     409.60;    1833.08;     385.42;    1820.18;     385.77;       10;    0.74;   stop
    26;    2078.40;    1214.89;    2078.91;    1203.72;    2057.10;    1202.73;    2056.59;    1213.91;       10;    0.74;   stop
   448;    1894.10;    1255.95;    1905.60;    1254.21;    1901.65;    1228.05;    1890.15;    1229.79;       10;    0.74;   stop
   140;     772.25;    1612.53;     772.79;    1601.59;     750.23;    1600.47;     749.69;    1611.41;       10;    0.74;   stop
 10793;    2663.72;    1171.66;    2665.57;    1159.03;    2636.90;    1154.84;    2635.06;    1167.47;       10;    0.74;   move
   342;    2006.71;    1660.70;    2006.97;    1636.80;    1995.10;    1636.67;    1994.85;    1660.58;       10;    0.74;   stop
   396;    1815.27;      99.14;    1826.77;      98.74;    1825.98;      75.80;    1814.48;      76.20;       10;    0.74;   stop
   239;    1838.92;     793.98;    1852.56;     793.50;    1851.55;     764.15;    1837.91;     764.62;       10;    0.74;   stop
   298;     314.13;    1135.61;     314.51;    1122.64;     289.62;    1121.89;     289.24;    1134.86;       10;    0.74;   stop
   335;    1838.32;     968.01;    1851.73;     967.98;    1851.68;     941.12;    1838.27;     941.15;       10;    0.74;   stop
 11091;    2907.89;    1211.48;    2910.71;    1199.20;    2882.11;    1192.64;    2879.29;    1204.93;       10;    0.74;   move
   236;    1192.11;    1822.67;    1192.73;    1800.14;    1181.64;    1799.83;    1181.02;    1822.36;       10;    0.74;   stop
   466;    2088.76;     266.36;    2114.60;     265.56;    2114.24;     253.95;    2088.40;     254.75;       10;    0.74;   stop
   282;     363.58;    1035.38;     364.34;    1023.07;     339.08;    1021.50;     338.31;    1033.81;       10;    0.74;   stop
   240;     403.47;    1043.62;     431.19;    1043.00;     430.91;    1030.13;     403.18;    1030.75;       10;    0.74;   stop
   339;     772.33;    1214.02;     773.44;    1187.23;     761.39;    1186.73;     760.28;    1213.52;       10;    0.74;   stop
   207;    3554.81;    1073.87;    3581.53;    1073.69;    3581.44;    1060.81;    3554.72;    1061.00;       10;    0.74;   stop
   311;    2133.99;    2141.97;    2141.70;    2130.49;    2115.33;    2112.78;    2107.61;    2124.26;       10;    0.74;   stop
  9696;    1808.48;    2156.77;    1819.29;    2130.79;    1808.02;    2126.10;    1797.21;    2152.08;       10;    0.74;   stop
   333;    2443.36;    1114.41;    2443.78;    1102.71;    2419.64;    1101.84;    2419.22;    1113.54;       10;    0.74;   stop
   403;    1934.04;    1935.66;    1943.75;    1908.33;    1931.46;    1903.96;    1921.75;    1931.30;       10;    0.74;   stop
   365;     445.05;    1046.56;     473.67;    1044.67;     472.76;    1030.94;     444.14;    1032.83;       10;    0.74;   stop
   373;    3420.68;    1076.37;    3453.20;    1076.10;    3453.07;    1060.19;    3420.55;    1060.46;       10;    0.74;   stop
   361;    3148.29;    1485.99;    3153.64;    1472.43;    3123.58;    1460.57;    3118.23;    1474.13;       10;    0.74;   stop
  2031;    2165.83;     659.96;    2191.42;     658.86;    2190.92;     647.29;    2165.33;     648.39;       10;    0.74;   stop
   281;     307.32;    1036.48;     307.53;    1024.54;     283.77;    1024.14;     283.57;    1036.08;       10;    0.74;   stop
 11366;     559.89;    1580.73;     561.05;    1567.85;     535.11;    1565.52;     533.95;    1578.40;       10;    0.74;   move
  8037;    1841.71;    1151.44;    1868.19;    1145.24;    1865.16;    1132.31;    1838.69;    1138.51;       10;    0.74;   move
   158;    3215.51;    1053.74;    3236.26;    1036.77;    3227.93;    1026.57;    3207.17;    1043.54;       10;    0.74;   stop
   287;    3005.95;    1597.16;    3015.76;    1576.05;    3004.55;    1570.84;    2994.74;    1591.95;       10;    0.73;   stop
   310;    2407.44;    1113.77;    2408.11;    1101.74;    2381.31;    1100.23;    2380.64;    1112.26;       10;    0.73;   stop
   480;    3333.16;    1374.62;    3336.51;    1363.05;    3309.97;    1355.38;    3306.62;    1366.95;        9;    0.73;   stop
   222;    2435.88;    1856.39;    2437.76;    1827.70;    2424.87;    1826.86;    2422.99;    1855.55;       10;    0.73;   stop
   307;     796.32;    1023.64;     809.46;    1023.14;     808.49;     997.98;     795.35;     998.49;       10;    0.73;   stop
  7132;    3040.50;    1283.81;    3043.32;    1271.31;    3017.25;    1265.44;    3014.43;    1277.94;       10;    0.73;   move
  2547;    2545.03;    2023.91;    2574.05;    2013.19;    2568.84;    1999.09;    2539.82;    2009.81;       10;    0.73;   stop
   129;    1554.88;     785.71;    1558.79;     758.99;    1546.74;     757.23;    1542.84;     783.95;       10;    0.73;   stop
   273;    1911.61;    1498.43;    1924.91;    1498.39;    1924.83;    1471.57;    1911.53;    1471.61;       10;    0.73;   stop
 11232;    3236.98;    1214.35;    3238.83;    1186.62;    3224.27;    1185.65;    3222.42;    1213.38;       10;    0.73;   move
  9342;    3727.59;    1411.28;    3729.88;    1395.81;    3693.66;    1390.44;    3691.36;    1405.91;       10;    0.73;   move
   338;    1856.35;     967.99;    1869.09;     967.20;    1867.40;     940.01;    1854.66;     940.80;       10;    0.73;   stop
  7835;    1897.27;     973.80;    1910.06;     973.66;    1909.73;     945.45;    1896.94;     945.59;       10;    0.73;   stop
   451;    3205.34;    1153.63;    3219.83;    1127.86;    3207.16;    1120.74;    3192.67;    1146.51;       10;    0.73;   stop
 11565;     278.24;    1118.04;     278.60;    1103.76;     244.42;    1102.90;     244.06;    1117.17;       10;    0.73;   move
    98;     571.32;    1566.08;     572.44;    1552.59;     543.36;    1550.17;     542.24;    1563.66;       10;    0.73;   stop
   455;    1968.54;      90.39;    1980.93;      90.05;    1980.21;      63.73;    1967.82;      64.07;       10;    0.73;   stop
  4903;     267.30;    1057.74;     268.29;    1044.44;     238.95;    1042.26;     237.96;    1055.56;       10;    0.73;   move
 11452;     173.34;    1098.93;     173.49;    1087.57;     154.55;    1087.32;     154.40;    1098.68;       10;    0.73;   move
   364;    2978.74;    1761.88;    2988.99;    1738.20;    2975.51;    1732.37;    2965.26;    1756.05;       10;    0.73;   stop
   416;    1273.12;      71.78;    1273.65;      58.22;    1243.51;      57.04;    1242.98;      70.60;       10;    0.73;   stop
   247;     986.90;     675.36;     988.46;     663.29;     963.00;     660.01;     961.45;     672.09;       10;    0.73;   stop
   257;    2059.35;     661.23;    2087.12;     661.01;    2087.02;     648.27;    2059.25;     648.49;       10;    0.73;   stop
   300;     556.47;    1597.75;     557.38;    1585.93;     533.84;    1584.12;     532.93;    1595.94;       10;    0.73;   stop
   204;    1991.41;    1609.98;    1992.74;    1581.11;    1979.84;    1580.52;    1978.51;    1609.39;       10;    0.73;   stop
   301;     855.27;    1616.61;     855.89;    1604.43;     830.69;    1603.14;     830.06;    1615.32;       10;    0.73;   stop
  7722;    1968.79;    1668.40;    1969.21;    1643.81;    1957.08;    1643.60;    1956.67;    1668.19;       10;    0.73;   move
 11690;      93.55;    1103.06;      93.83;    1090.39;      65.36;    1089.76;      65.08;    1102.42;       10;    0.72;   move
   382;    2338.33;    1365.10;    2339.06;    1350.92;    2312.04;    1349.53;    2311.31;    1363.71;       10;    0.72;   stop
 11464;    3297.50;    1290.27;    3300.70;    1277.63;    3274.37;    1270.98;    3271.17;    1283.62;       10;    0.72;   move
   630;    3156.03;    1464.70;    3161.71;    1451.41;    3136.47;    1440.61;    3130.79;    1453.90;       10;    0.72;   stop
   261;    1814.67;     219.05;    1827.50;     218.94;    1827.28;     191.01;    1814.45;     191.12;       10;    0.72;   stop
   372;    1672.82;    1088.22;    1673.13;    1075.81;    1647.06;    1075.15;    1646.74;    1087.56;       10;    0.72;   stop
   245;    2458.02;    1593.50;    2459.06;    1568.26;    2446.61;    1567.75;    2445.56;    1592.99;       10;    0.72;   stop
   439;    1282.03;      74.21;    1309.36;      73.21;    1308.84;      59.10;    1281.51;      60.11;       10;    0.72;   stop
   323;     696.23;    1607.61;     697.25;    1595.03;     672.52;    1593.02;     671.50;    1605.59;       10;    0.72;   stop
    89;    1584.91;    1082.20;    1585.76;    1070.56;    1561.71;    1068.80;    1560.86;    1080.44;       10;    0.72;   stop
   332;    2770.84;     648.39;    2796.44;     648.04;    2796.27;     635.98;    2770.67;     636.34;       10;    0.72;   stop
   269;    1983.04;    1523.12;    1983.31;    1499.88;    1972.46;    1499.76;    1972.19;    1522.99;       10;    0.72;   stop
   386;    2587.97;     653.29;    2615.33;     652.07;    2614.78;     639.90;    2587.42;     641.11;       10;    0.72;   stop
   401;    1822.19;     770.29;    1835.02;     770.04;    1834.53;     745.08;    1821.70;     745.34;       10;    0.72;   stop
   289;    3724.46;    1492.64;    3728.71;    1478.55;    3696.79;    1468.92;    3692.54;    1483.01;       10;    0.72;   stop
   426;    1840.27;     998.94;    1840.87;     973.46;    1829.48;     973.19;    1828.88;     998.67;       10;    0.71;   stop
   181;    2329.31;     656.39;    2354.04;     655.60;    2353.69;     644.67;    2328.96;     645.46;       10;    0.71;   stop
 11693;    3586.23;    1362.25;    3590.45;    1349.30;    3562.21;    1340.09;    3557.99;    1353.04;       10;    0.71;   move
   362;    1814.53;     129.11;    1826.83;     128.82;    1826.16;     100.39;    1813.86;     100.68;       10;    0.71;   stop
  7901;    2364.26;    1152.40;    2391.10;    1149.46;    2389.61;    1135.85;    2362.77;    1138.79;       10;    0.71;   stop
   415;    2433.06;    1894.72;    2434.99;    1864.81;    2420.94;    1863.90;    2419.01;    1893.81;       10;    0.71;   stop
   316;    2535.32;    1062.30;    2535.96;    1037.24;    2524.55;    1036.95;    2523.92;    1062.01;       10;    0.71;   stop
   392;    2391.08;    1229.10;    2391.53;    1217.60;    2367.29;    1216.65;    2366.84;    1228.15;       10;    0.71;   stop
   404;    2151.90;    2128.80;    2158.90;    2118.28;    2136.60;    2103.45;    2129.60;    2113.97;       10;    0.71;   stop
   374;    1720.69;    1641.36;    1721.52;    1629.49;    1698.33;    1627.89;    1697.51;    1639.76;       10;    0.71;   stop
   321;    2545.53;     254.46;    2545.87;     242.96;    2521.10;     242.22;    2520.75;     253.72;       10;    0.71;   stop
   381;    3597.85;     428.41;    3610.22;     401.52;    3597.46;     395.65;    3585.09;     422.54;       10;    0.71;   stop
   221;    1454.85;    1079.12;    1455.42;    1067.34;    1433.02;    1066.26;    1432.45;    1078.03;       10;    0.71;   stop
   472;    1382.27;    1193.19;    1409.71;    1191.55;    1408.85;    1177.18;    1381.41;    1178.83;       10;    0.71;   stop
 11629;    1439.89;    1639.16;    1440.84;    1626.45;    1414.23;    1624.47;    1413.28;    1637.18;       10;    0.71;   move
  7313;    1896.57;    1007.42;    1909.15;    1007.02;    1908.36;     981.58;    1895.78;     981.98;       10;    0.71;   stop
   337;    2835.68;     647.73;    2863.22;     645.48;    2862.21;     633.13;    2834.67;     635.38;       10;    0.71;   stop
   525;    2063.98;     300.31;    2087.68;     299.47;    2087.27;     288.06;    2063.57;     288.90;       10;    0.70;   stop
  8849;    1875.77;     874.38;    1887.58;     874.22;    1887.26;     851.37;    1875.45;     851.53;       10;    0.70;   stop
   588;    3552.21;     527.53;    3562.64;     503.44;    3550.29;     498.09;    3539.86;     522.18;       10;    0.70;   stop
   391;    2740.38;     648.90;    2765.56;     647.89;    2765.09;     636.18;    2739.91;     637.19;       10;    0.70;   stop
   180;     588.15;    1601.64;     589.15;    1587.96;     560.29;    1585.86;     559.29;    1599.54;       10;    0.70;   stop
   328;    2708.14;     648.30;    2733.61;     647.25;    2733.11;     635.32;    2707.64;     636.38;       10;    0.70;   stop
 10378;    1789.89;    1156.65;    1790.22;    1144.65;    1765.72;    1143.97;    1765.39;    1155.97;       10;    0.70;   move
   155;     354.95;    1549.94;     356.38;    1537.45;     329.89;    1534.43;     328.47;    1546.92;       10;    0.70;   stop
   270;     859.85;    1583.80;     860.44;    1571.07;     836.09;    1569.95;     835.50;    1582.68;       10;    0.70;   stop
   413;    2437.07;    1340.27;    2437.28;    1328.67;    2412.43;    1328.23;    2412.22;    1339.83;       10;    0.70;   stop
   560;    1885.79;    1893.28;    1899.37;    1856.25;    1884.27;    1850.72;    1870.70;    1887.75;        9;    0.70;   stop
 10891;    3065.31;    1527.19;    3076.84;    1502.64;    3064.44;    1496.81;    3052.91;    1521.36;       10;    0.70;   stop
  9198;    1878.95;     606.37;    1890.22;     606.00;    1889.43;     581.63;    1878.16;     582.00;       10;    0.70;   stop
   212;     730.19;    1609.23;     730.79;    1596.33;     705.12;    1595.14;     704.53;    1608.05;       10;    0.70;   stop
   302;    1193.79;    1793.59;    1195.64;    1766.76;    1183.34;    1765.91;    1181.48;    1792.74;       10;    0.70;   stop
   308;    1527.75;    1047.07;    1530.70;    1018.66;    1517.63;    1017.30;    1514.68;    1045.71;       10;    0.69;   stop
   501;    1908.51;    1444.28;    1923.58;    1442.68;    1919.49;    1404.22;    1904.42;    1405.82;        9;    0.69;   stop
   675;    1707.77;    1111.77;    1742.17;    1102.18;    1738.11;    1087.60;    1703.70;    1097.20;        9;    0.69;   move
   420;    1440.86;    1194.61;    1441.43;    1182.50;    1417.76;    1181.39;    1417.19;    1193.50;       10;    0.69;   stop
   429;    2718.58;    1381.97;    2719.57;    1368.50;    2691.17;    1366.41;    2690.18;    1379.87;       10;    0.69;   stop
   442;     672.23;    1188.75;     685.59;    1188.58;     685.27;    1163.44;     671.91;    1163.61;       10;    0.69;   stop
  8015;    2340.92;    1132.07;    2341.29;    1118.75;    2311.70;    1117.93;    2311.33;    1131.25;       10;    0.69;   stop
   359;    2764.63;    1870.37;    2771.46;    1858.69;    2746.35;    1844.00;    2739.52;    1855.68;       10;    0.69;   stop
 11849;       7.25;    1106.29;      39.71;    1106.21;      39.68;    1092.15;       7.22;    1092.22;       10;    0.69;   move
   341;    1490.08;    1624.94;    1490.78;    1613.37;    1463.04;    1611.69;    1462.34;    1623.26;       10;    0.69;   stop
   336;    1547.83;    1196.37;    1548.00;    1183.38;    1518.92;    1183.00;    1518.75;    1195.99;       10;    0.69;   stop
   393;    2417.77;    1368.97;    2418.60;    1355.24;    2390.10;    1353.53;    2389.28;    1367.26;       10;    0.69;   stop
   664;    3323.77;     636.24;    3350.27;     634.29;    3349.35;     621.88;    3322.85;     623.84;       10;    0.69;   stop
 11803;    1828.67;     201.46;    1845.17;     201.11;    1844.36;     162.48;    1827.86;     162.83;        9;    0.68;   stop
   428;     229.93;    1132.05;     257.15;    1131.96;     257.10;    1118.88;     229.88;    1118.98;       10;    0.68;   stop
   248;    1610.62;    1197.61;    1610.69;    1185.29;    1586.63;    1185.14;    1586.56;    1197.46;       10;    0.68;   stop
   408;    2622.34;     651.96;    2649.87;     650.03;    2649.03;     638.13;    2621.50;     640.07;       10;    0.68;   stop
   279;    1740.72;     659.46;    1742.62;     646.86;    1715.19;     642.73;    1713.29;     655.33;       10;    0.68;   stop
  5728;    3030.57;    1303.54;    3033.82;    1290.84;    3006.93;    1283.96;    3003.68;    1296.66;       10;    0.68;   move
   468;    1475.84;     109.99;    1476.96;      97.76;    1450.28;      95.32;    1449.16;     107.55;       10;    0.68;   stop
 11074;     404.99;    1120.96;     405.70;    1107.93;     380.16;    1106.54;     379.45;    1119.57;       10;    0.68;   move
   482;     333.20;    1033.96;     333.21;    1021.99;     309.92;    1021.98;     309.91;    1033.94;       10;    0.68;   stop
   519;    2174.22;    2119.86;    2180.56;    2107.35;    2154.96;    2094.39;    2148.63;    2106.90;       10;    0.68;   stop
   175;    1557.92;    1198.56;    1584.74;    1197.47;    1584.20;    1184.19;    1557.38;    1185.28;       10;    0.68;   stop
   369;    2660.59;     688.34;    2686.71;     688.01;    2686.56;     675.96;    2660.44;     676.29;       10;    0.68;   stop
   412;    1124.81;    1178.78;    1126.20;    1165.12;    1097.06;    1162.16;    1095.68;    1175.82;       10;    0.68;   stop
   433;     780.99;    1161.42;     781.34;    1149.00;     752.52;    1148.20;     752.18;    1160.63;        9;    0.68;   stop
   402;    1089.25;     683.32;    1090.42;     671.31;    1060.06;     668.37;    1058.90;     680.37;       10;    0.68;   stop
   367;    2697.97;     649.94;    2698.02;     639.14;    2674.66;     639.03;    2674.61;     649.83;       10;    0.68;   stop
   507;    2650.40;    1349.89;    2650.95;    1338.47;    2639.59;    1337.92;    2639.04;    1349.35;       10;    0.68;   stop
   427;    1186.69;    2088.24;    1199.49;    2087.67;    1198.31;    2061.14;    1185.51;    2061.71;       10;    0.68;   stop
   358;    2447.04;    1718.91;    2449.83;    1687.68;    2436.21;    1686.46;    2433.42;    1717.70;       10;    0.68;   stop
   410;    2352.51;    2044.97;    2358.90;    2032.75;    2333.86;    2019.66;    2327.48;    2031.88;       10;    0.68;   stop
  1409;    1821.73;     559.23;    1833.87;     557.84;    1831.05;     533.15;    1818.91;     534.53;       10;    0.68;   stop
   395;     608.52;    1566.62;     609.30;    1555.01;     584.92;    1553.38;     584.14;    1564.99;       10;    0.68;   stop
   343;    2443.76;    1752.09;    2445.94;    1727.47;    2433.86;    1726.41;    2431.68;    1751.03;       10;    0.68;   stop
 10033;       9.49;    1136.85;      11.71;    1125.91;      -0.39;    1123.46;      -2.61;    1134.40;       10;    0.67;   stop
   423;    1843.41;    1349.90;    1853.99;    1349.56;    1853.24;    1326.47;    1842.67;    1326.82;       10;    0.67;   stop
   351;    1861.77;    1959.21;    1872.13;    1934.20;    1859.07;    1928.79;    1848.71;    1953.80;       10;    0.67;   stop
   384;    2829.95;    1841.08;    2835.33;    1827.54;    2804.19;    1815.16;    2798.81;    1828.71;       10;    0.67;   stop
   492;     551.01;    1044.21;     572.36;    1043.71;     572.11;    1033.29;     550.76;    1033.79;       10;    0.67;   stop
   424;     672.75;    1573.97;     673.69;    1561.24;     645.38;    1559.15;     644.44;    1571.88;       10;    0.67;   stop
   450;     889.46;    1580.54;     890.08;    1568.52;     864.98;    1567.21;     864.35;    1579.23;       10;    0.67;   stop
   467;    3354.72;     633.88;    3379.30;     632.09;    3378.40;     619.79;    3353.83;     621.58;       10;    0.67;   stop
   546;    3144.32;    1108.56;    3159.43;    1103.62;    3149.12;    1072.07;    3134.01;    1077.01;       10;    0.67;   stop
    46;    1294.06;    1647.15;    1294.92;    1635.15;    1269.81;    1633.35;    1268.95;    1645.35;       10;    0.67;   stop
 11673;    2630.75;    2073.37;    2643.06;    2068.71;    2631.63;    2038.51;    2619.32;    2043.17;       10;    0.67;   move
   452;    1546.56;     857.68;    1549.59;     830.67;    1537.07;     829.26;    1534.03;     856.27;       10;    0.67;   stop
   417;    2253.41;    1368.25;    2254.89;    1352.50;    2213.59;    1348.62;    2212.11;    1364.38;        9;    0.67;   stop
  8080;    2246.21;    1113.35;    2247.37;    1099.51;    2207.29;    1096.15;    2206.13;    1109.99;        9;    0.67;   stop
   432;    3419.84;    1039.03;    3447.48;    1038.73;    3447.35;    1026.28;    3419.71;    1026.58;       10;    0.67;   stop
   586;    1904.87;    1401.12;    1919.10;    1399.61;    1915.63;    1366.94;    1901.40;    1368.45;       10;    0.67;   stop
   375;    2549.66;     253.92;    2572.16;     253.79;    2572.09;     242.20;    2549.59;     242.34;       10;    0.67;   stop
   405;    1034.29;     681.23;    1035.27;     669.83;    1009.84;     667.64;    1008.86;     679.04;       10;    0.67;   stop
   479;    2639.31;     690.93;    2653.13;     690.87;    2653.06;     676.41;    2639.25;     676.47;       10;    0.67;   stop
   421;    1187.99;    2119.39;    1199.76;    2118.98;    1198.89;    2093.74;    1187.12;    2094.15;       10;    0.67;   stop
   398;    2418.41;    1573.69;    2429.20;    1573.54;    2428.84;    1547.62;    2418.05;    1547.77;       10;    0.67;   stop
  9906;    3133.37;    1399.90;    3142.88;    1375.86;    3129.13;    1370.41;    3119.62;    1394.46;       10;    0.67;   stop
   511;    2531.13;    1096.06;    2543.14;    1093.59;    2537.74;    1067.32;    2525.73;    1069.78;       10;    0.67;   stop
   409;    3485.58;    1038.74;    3512.46;    1037.62;    3511.92;    1024.70;    3485.04;    1025.82;       10;    0.67;   stop
   487;    3561.23;    1280.03;    3576.11;    1279.95;    3575.96;    1251.22;    3561.08;    1251.30;       10;    0.67;   stop
  7880;    1953.59;    1764.64;    1957.10;    1737.86;    1945.66;    1736.36;    1942.15;    1763.14;       10;    0.67;   move
   443;     753.36;    1222.65;     754.42;    1209.58;     726.72;    1207.35;     725.66;    1220.42;       10;    0.66;   stop
  7841;    3566.33;     629.24;    3596.93;     627.58;    3596.17;     613.65;    3565.57;     615.31;       10;    0.66;   stop
  5199;    3383.32;    1360.45;    3386.49;    1348.27;    3360.11;    1341.42;    3356.95;    1353.61;       10;    0.66;   move
   614;    2506.79;    1982.54;    2515.19;    1971.91;    2492.33;    1953.84;    2483.93;    1964.46;       10;    0.66;   stop
  9681;     781.70;    1162.64;     782.04;    1149.06;     752.05;    1148.30;     751.71;    1161.88;       10;    0.66;   stop
   255;    1136.10;     690.94;    1138.11;     678.95;    1113.33;     674.81;    1111.33;     686.80;       10;    0.66;   stop
   552;    3396.15;     879.11;    3408.66;     851.58;    3395.10;     845.42;    3382.59;     872.95;       10;    0.66;   stop
   360;    2093.47;    2157.14;    2101.41;    2146.64;    2078.22;    2129.11;    2070.28;    2139.61;       10;    0.66;   stop
   318;    2517.68;     728.88;    2530.07;     728.75;    2529.82;     704.37;    2517.43;     704.50;       10;    0.66;   stop
   646;    2365.98;    1338.22;    2366.91;    1325.43;    2340.64;    1323.53;    2339.72;    1336.32;       10;    0.66;   stop
   485;    2667.55;    2108.83;    2679.31;    2103.64;    2665.70;    2072.80;    2653.94;    2077.98;       10;    0.66;   stop
 11827;    2554.33;    1221.78;    2556.01;    1207.22;    2515.67;    1202.59;    2513.99;    1217.16;        9;    0.66;   stop
   506;    2805.22;     647.43;    2825.93;     646.87;    2825.64;     636.24;    2804.93;     636.80;       10;    0.65;   stop
   166;    1322.83;    1649.10;    1323.94;    1637.03;    1299.54;    1634.78;    1298.43;    1646.85;       10;    0.65;   stop
  3201;    3020.56;    1671.35;    3030.57;    1646.99;    3017.87;    1641.77;    3007.87;    1666.14;       10;    0.65;   stop
   115;    1667.61;     651.50;    1668.41;     639.58;    1641.01;     637.75;    1640.22;     649.67;       10;    0.65;   stop
   463;    3790.94;     262.00;    3792.32;     231.85;    3776.56;     231.13;    3775.18;     261.27;       10;    0.65;   stop
   363;    1542.09;     893.19;    1544.73;     869.22;    1533.66;     868.00;    1531.02;     891.97;       10;    0.65;   stop
   537;    2469.90;    2068.15;    2495.16;    2056.11;    2488.72;    2042.60;    2463.46;    2054.64;       10;    0.65;   stop
 10133;    1870.34;    2030.82;    1882.61;    2002.26;    1869.63;    1996.68;    1857.36;    2025.24;       10;    0.65;   stop
   288;    1190.86;    1852.29;    1192.57;    1827.28;    1180.64;    1826.46;    1178.93;    1851.47;       10;    0.65;   stop
   278;    1280.63;    1612.14;    1281.07;    1599.60;    1252.87;    1598.61;    1252.43;    1611.15;       10;    0.65;   stop
   414;    2433.71;    1540.14;    2435.29;    1514.45;    2422.54;    1513.67;    2420.96;    1539.36;       10;    0.65;   stop
   350;    1891.94;    1849.66;    1897.13;    1826.18;    1884.88;    1823.47;    1879.68;    1846.95;       10;    0.65;   stop
   449;     500.51;    1007.60;     515.53;    1007.23;     514.80;     978.03;     499.78;     978.40;       10;    0.64;   stop
   394;    3506.55;    1074.77;    3506.62;    1060.99;    3477.82;    1060.85;    3477.76;    1074.64;       10;    0.64;   stop
   502;    3135.89;    1181.01;    3150.77;    1155.74;    3138.80;    1148.68;    3123.91;    1173.95;       10;    0.64;   stop
 11504;    3445.02;    1383.75;    3448.57;    1371.34;    3416.54;    1362.19;    3413.00;    1374.59;        9;    0.64;   move
   587;    2491.00;    1992.39;    2499.50;    1981.36;    2474.37;    1961.99;    2465.87;    1973.01;       10;    0.64;   stop
   347;     960.64;     674.20;     962.08;     662.19;     936.86;     659.16;     935.42;     671.17;       10;    0.64;   stop
   440;     853.31;    1024.99;     854.33;     998.26;     841.36;     997.76;     840.34;    1024.49;       10;    0.64;   stop
   568;    3301.57;    1004.29;    3314.82;     972.65;    3297.49;     965.40;    3284.25;     997.04;       10;    0.64;   stop
   535;    2439.62;    2082.92;    2466.21;    2071.52;    2460.51;    2058.21;    2433.91;    2069.60;       10;    0.64;   stop
   388;    1501.56;    1079.60;    1502.44;    1067.60;    1477.44;    1065.78;    1476.56;    1077.77;       10;    0.64;   stop
   459;    1477.58;    1194.94;    1477.99;    1183.05;    1453.04;    1182.19;    1452.63;    1194.08;       10;    0.64;   stop
   629;    2654.47;    2075.18;    2665.72;    2070.04;    2653.92;    2044.19;    2642.67;    2049.33;       10;    0.63;   stop
  8339;     729.31;    1609.83;     729.97;    1596.99;     718.92;    1596.42;     718.26;    1609.26;       10;    0.63;   stop
   471;     526.20;    1598.01;     527.19;    1583.93;     499.42;    1581.99;     498.44;    1596.07;       10;    0.62;   stop
   233;     763.34;    1577.99;     764.32;    1567.33;     741.73;    1565.26;     740.76;    1575.92;       10;    0.62;   stop
   508;    1804.48;    1681.74;    1805.75;    1669.32;    1775.88;    1666.26;    1774.61;    1678.68;       10;    0.62;   stop
   518;    3348.71;     988.75;    3357.38;     964.04;    3344.10;     959.38;    3335.43;     984.09;       10;    0.62;   stop
   549;    3532.70;     629.45;    3562.61;     628.74;    3562.30;     615.78;    3532.39;     616.49;       10;    0.62;   stop
   491;    2886.79;     647.10;    2915.51;     645.87;    2914.93;     632.35;    2886.21;     633.58;       10;    0.62;   stop
   516;    1768.70;    1646.71;    1770.24;    1633.67;    1742.61;    1630.41;    1741.07;    1643.45;       10;    0.62;   stop
 11602;     399.10;    1154.10;     402.05;    1127.52;     387.46;    1125.90;     384.51;    1152.48;       10;    0.62;   stop
   232;     525.37;    1561.42;     526.03;    1548.89;     496.51;    1547.33;     495.85;    1559.86;       10;    0.62;   stop
 10111;    2664.31;    1926.68;    2688.41;    1916.08;    2683.57;    1905.07;    2659.46;    1915.67;       10;    0.62;   stop
  4326;    2057.71;     266.18;    2082.48;     265.78;    2082.29;     254.13;    2057.52;     254.53;       10;    0.62;   stop
   379;     766.41;    1935.33;     778.59;    1935.22;     778.35;    1908.80;     766.17;    1908.91;       10;    0.62;   stop
  9525;    1835.24;    2106.35;    1848.27;    2078.18;    1834.70;    2071.90;    1821.67;    2100.07;       10;    0.62;   stop
   447;     498.76;     578.86;     501.52;     567.61;     481.86;     562.78;     479.10;     574.03;       10;    0.62;   stop
   567;    3247.43;    1124.31;    3260.51;    1101.70;    3248.50;    1094.75;    3235.43;    1117.36;       10;    0.62;   stop
   602;    3215.30;    1177.90;    3230.20;    1153.00;    3218.76;    1146.16;    3203.86;    1171.06;       10;    0.62;   stop
   315;    1319.53;    1613.71;    1319.87;    1602.23;    1296.09;    1601.54;    1295.76;    1613.02;       10;    0.61;   stop
   659;    1948.59;    1903.94;    1957.26;    1866.14;    1941.66;    1862.56;    1932.99;    1900.36;       10;    0.61;   stop
   478;     831.93;    1209.31;     833.97;    1195.90;     805.88;    1191.62;     803.84;    1205.03;       10;    0.61;   stop
   571;    3452.40;     751.37;    3463.13;     725.15;    3449.47;     719.57;    3438.75;     745.79;       10;    0.61;   stop
   500;    1940.85;    2107.59;    1955.41;    2107.06;    1954.37;    2078.53;    1939.81;    2079.06;       10;    0.61;   stop
   378;     793.50;    1937.18;     793.72;    1910.43;     780.87;    1910.32;     780.65;    1937.07;       10;    0.61;   stop
   520;    1821.95;     247.30;    1822.93;     225.66;    1812.69;     225.20;    1811.71;     246.84;       10;    0.61;   stop
   569;    2115.83;    2149.90;    2122.35;    2138.48;    2096.92;    2123.97;    2090.40;    2135.39;       10;    0.61;   stop
   499;    1806.69;    1650.45;    1808.47;    1637.54;    1778.73;    1633.43;    1776.95;    1646.34;       10;    0.60;   stop
   617;    2234.80;    2097.83;    2242.20;    2086.07;    2215.32;    2069.17;    2207.93;    2080.93;       10;    0.60;   stop
   456;    3266.88;     227.51;    3297.05;     224.45;    3295.62;     210.30;    3265.45;     213.36;       10;    0.60;   stop
   267;    1175.48;     694.66;    1177.01;     682.30;    1149.89;     678.96;    1148.37;     691.32;       10;    0.60;   stop
   370;     614.77;    1375.84;     617.02;    1362.49;     589.92;    1357.91;     587.67;    1371.26;       10;    0.60;   stop
   669;    3598.02;    1279.53;    3598.11;    1251.76;    3583.23;    1251.72;    3583.14;    1279.49;       10;    0.60;   stop
  1324;    3164.28;     638.92;    3187.78;     637.95;    3187.29;     626.00;    3163.78;     626.98;       10;    0.60;   stop
   589;    1466.77;     925.24;    1468.19;     912.67;    1441.36;     909.64;    1439.94;     922.20;       10;    0.59;   stop
   633;    2240.35;    2163.54;    2268.23;    2152.40;    2262.65;    2138.46;    2234.77;    2149.60;       10;    0.59;   stop
   559;    3495.49;     567.60;    3504.59;     541.36;    3491.70;     536.89;    3482.60;     563.13;       10;    0.59;   stop
   616;     621.99;    1153.20;     646.61;    1152.88;     646.45;    1139.93;     621.83;    1140.24;       10;    0.59;   stop
  3142;     495.81;    1594.16;     496.76;    1581.94;     474.50;    1580.21;     473.55;    1592.44;       10;    0.59;   stop
 10024;       1.87;    1035.94;      22.18;    1033.50;      20.55;    1020.00;       0.25;    1022.44;       10;    0.58;   stop
 10961;    2794.69;    1233.92;    2796.59;    1219.71;    2760.00;    1214.83;    2758.10;    1229.04;        9;    0.58;   move
   434;    1360.15;    1652.84;    1361.12;    1639.79;    1334.23;    1637.79;    1333.26;    1650.83;       10;    0.58;   stop
   276;    2858.80;     242.64;    2888.34;     240.61;    2887.38;     226.58;    2857.83;     228.61;       10;    0.58;   stop
   498;    2949.46;     645.84;    2949.52;     633.04;    2921.16;     632.91;    2921.10;     645.71;       10;    0.58;   stop
   538;    1958.74;    2109.49;    1972.31;    2109.28;    1971.91;    2083.39;    1958.35;    2083.60;       10;    0.58;   stop
   324;    1556.27;     751.78;    1558.26;     728.02;    1546.48;     727.04;    1544.49;     750.79;       10;    0.58;   stop
   692;    1256.51;    1189.33;    1257.63;    1173.55;    1220.74;    1170.92;    1219.62;    1186.70;        9;    0.58;   stop
   541;    1041.87;    1175.93;    1042.62;    1162.33;    1012.94;    1160.69;    1012.19;    1174.29;       10;    0.58;   stop
   625;    3232.16;    1149.34;    3244.54;    1126.76;    3232.84;    1120.35;    3220.46;    1142.93;       10;    0.58;   stop
   577;    1550.42;     818.84;    1554.44;     790.08;    1541.08;     788.22;    1537.06;     816.98;       10;    0.58;   stop
   615;    3383.94;     906.29;    3395.79;     880.98;    3382.93;     874.96;    3371.08;     900.27;       10;    0.58;   stop
   626;    3567.95;    1317.68;    3577.51;    1312.05;    3566.43;    1293.26;    3556.87;    1298.89;       10;    0.58;   stop
   598;    2472.09;    1997.73;    2480.81;    1987.89;    2459.54;    1969.02;    2450.81;    1978.86;       10;    0.58;   stop
   542;    3664.15;     627.34;    3698.11;     624.89;    3697.10;     610.87;    3663.14;     613.31;       10;    0.58;   stop
   620;    2594.58;    1948.05;    2600.20;    1934.82;    2569.92;    1921.95;    2564.30;    1935.18;       10;    0.57;   stop
   575;    1502.01;     929.33;    1503.44;     916.65;    1474.74;     913.42;    1473.31;     926.10;       10;    0.57;   stop
   550;    2403.97;    1893.50;    2406.01;    1866.12;    2392.65;    1865.12;    2390.61;    1892.51;       10;    0.57;   stop
   610;     200.94;    1131.94;     226.56;    1131.01;     226.09;    1118.06;     200.47;    1118.99;       10;    0.57;   stop
   673;    2548.36;    1965.24;    2556.82;    1952.40;    2530.64;    1935.14;    2522.18;    1947.98;       10;    0.57;   stop
   294;     621.38;    1356.52;     623.02;    1342.94;     596.44;    1339.73;     594.79;    1353.31;       10;    0.56;   stop
   613;    1881.44;    1652.72;    1882.02;    1640.26;    1855.81;    1639.03;    1855.23;    1651.49;       10;    0.56;   stop
  4716;    3078.58;    1540.73;    3088.52;    1516.97;    3076.11;    1511.77;    3066.16;    1535.53;       10;    0.56;   stop
 11865;    1846.31;      48.56;    1861.38;      48.18;    1860.47;      12.75;    1845.40;      13.14;       10;    0.56;   stop
   477;    1974.32;     226.27;    1984.56;     226.08;    1984.18;     205.73;    1973.94;     205.92;       10;    0.56;   stop
  8579;     384.44;    1045.30;     393.21;    1035.44;     375.87;    1020.01;     367.10;    1029.88;       10;    0.56;   stop
   723;    3190.61;    1176.24;    3205.01;    1152.36;    3192.82;    1145.01;    3178.43;    1168.89;       10;    0.56;   stop
 11793;     582.06;    1122.49;     582.62;    1101.68;     462.31;    1098.45;     461.75;    1119.26;        9;    0.56;   move
   745;    1977.02;    1778.27;    1978.74;    1757.37;    1967.98;    1756.48;    1966.26;    1777.38;       10;    0.56;   stop
   685;    1979.36;     743.07;    1988.43;     742.91;    1988.14;     726.18;    1979.07;     726.34;       10;    0.55;   stop
   735;    3777.42;     400.02;    3794.53;     399.62;    3793.83;     369.67;    3776.71;     370.07;       10;    0.55;   stop
  8870;     561.73;    1240.74;     591.23;    1239.25;     590.46;    1223.95;     560.96;    1225.43;       10;    0.55;   stop
 11150;    3616.76;     629.47;    3647.74;     627.76;    3646.99;     614.13;    3616.01;     615.84;       10;    0.55;   stop
 10808;    2057.63;     680.38;    2083.36;     679.91;    2083.12;     667.37;    2057.39;     667.84;       10;    0.55;   move
   517;     411.49;    1590.20;     437.10;    1588.11;     436.01;    1574.80;     410.40;    1576.89;       10;    0.55;   stop
   484;    2552.22;     655.68;    2580.40;     654.00;    2579.65;     641.44;    2551.47;     643.13;       10;    0.55;   stop
   526;    2510.83;     348.52;    2523.46;     348.38;    2523.17;     323.10;    2510.54;     323.25;       10;    0.54;   stop
 11386;     505.68;    1078.80;     506.68;    1064.69;     474.94;    1062.45;     473.95;    1076.56;        9;    0.54;   move
   590;    1534.01;     979.00;    1536.49;     954.94;    1524.86;     953.75;    1522.38;     977.81;       10;    0.54;   stop
   475;    1118.51;    1638.36;    1146.52;    1637.56;    1146.11;    1623.02;    1118.10;    1623.81;       10;    0.54;   stop
 11474;    1948.86;    1905.46;    1959.18;    1865.28;    1942.70;    1861.04;    1932.38;    1901.22;        9;    0.54;   stop
   608;    1769.49;    2128.35;    1786.47;    2096.81;    1772.48;    2089.27;    1755.50;    2120.82;        9;    0.54;   stop
   706;    2527.93;    1972.82;    2535.89;    1961.99;    2515.07;    1946.68;    2507.11;    1957.51;       10;    0.54;   stop
   591;    2519.73;     163.51;    2520.49;     136.07;    2508.65;     135.74;    2507.89;     163.18;       10;    0.54;   stop
  9806;      25.55;    1506.94;      26.88;    1495.58;       5.30;    1493.06;       3.97;    1504.42;       10;    0.54;   stop
   599;    2457.91;    2008.36;    2466.38;    1997.79;    2441.09;    1977.52;    2432.62;    1988.08;       10;    0.54;   stop
   476;    1482.80;    1659.54;    1484.13;    1647.47;    1457.95;    1644.58;    1456.62;    1656.66;       10;    0.54;   stop
   680;    2567.57;    1955.03;    2575.48;    1943.45;    2551.93;    1927.35;    2544.02;    1938.93;       10;    0.54;   stop
   658;    1829.74;     200.75;    1845.08;     200.48;    1844.41;     162.06;    1829.08;     162.33;       10;    0.53;   stop
   574;    1936.09;    2103.59;    1936.41;    2077.08;    1922.57;    2076.91;    1922.24;    2103.42;       10;    0.53;   stop
 10127;    1886.28;    2039.13;    1897.97;    2015.69;    1886.03;    2009.74;    1874.34;    2033.18;       10;    0.53;   stop
   648;    2194.45;    2116.86;    2203.66;    2104.43;    2177.49;    2085.02;    2168.27;    2097.44;       10;    0.53;   stop
   460;    1354.33;    1616.09;    1355.72;    1604.49;    1329.92;    1601.41;    1328.53;    1613.01;       10;    0.52;   stop
 11854;    1846.45;      49.53;    1860.94;      49.33;    1860.42;      12.91;    1845.93;      13.11;        9;    0.52;   move
  8751;    1151.92;    1183.10;    1152.67;    1168.59;    1126.21;    1167.21;    1125.45;    1181.72;       10;    0.52;   stop
 11813;    3725.37;     107.07;    3739.23;      79.38;    3725.88;      72.70;    3712.02;     100.39;       10;    0.51;   move
 11401;    3749.91;     206.42;    3779.07;     204.73;    3778.22;     190.14;    3749.06;     191.83;       10;    0.51;   stop
   570;    3202.69;     641.13;    3231.99;     639.98;    3231.38;     624.49;    3202.07;     625.65;       10;    0.51;   stop
  5589;    3792.84;     294.54;    3793.64;     265.57;    3778.41;     265.15;    3777.61;     294.12;       10;    0.51;   stop
   514;    2509.71;     319.63;    2523.26;     319.58;    2523.17;     288.44;    2509.61;     288.48;       10;    0.51;   stop
   584;    1703.55;    1677.63;    1704.68;    1663.71;    1675.95;    1661.37;    1674.82;    1675.29;       10;    0.51;   stop
   418;    1261.41;    1647.52;    1262.87;    1634.78;    1237.21;    1631.85;    1235.76;    1644.60;       10;    0.50;   stop
   656;    2254.98;    2089.02;    2261.38;    2076.65;    2235.64;    2063.35;    2229.25;    2075.72;       10;    0.50;   stop
   649;     569.83;    1041.10;     594.85;    1040.43;     594.55;    1028.90;     569.52;    1029.57;       10;    0.50;   stop
   454;    2987.34;    1505.93;    2999.93;    1476.81;    2987.81;    1471.57;    2975.23;    1500.69;       10;    0.50;   stop
   578;    2410.40;    2148.81;    2412.18;    2121.45;    2398.60;    2120.56;    2396.82;    2147.93;       10;    0.50;   stop
  7108;    3647.56;    1343.99;    3656.84;    1316.88;    3642.44;    1311.95;    3633.16;    1339.06;       10;    0.50;   stop
  2828;    2464.23;    1522.03;    2464.73;    1496.60;    2451.65;    1496.34;    2451.14;    1521.77;       10;    0.50;   stop
 11381;    3426.96;     220.89;    3456.68;     219.76;    3456.16;     206.14;    3426.45;     207.27;       10;    0.49;   stop
  1149;    1604.19;    1667.23;    1605.15;    1654.68;    1578.43;    1652.65;    1577.48;    1665.20;       10;    0.49;   stop
 10719;    3120.71;    1450.15;    3123.56;    1434.87;    3114.79;    1433.23;    3111.94;    1448.51;       10;    0.49;   stop
  5669;    3570.35;     494.81;    3581.53;     465.09;    3566.83;     459.56;    3555.66;     489.29;       10;    0.49;   stop
   558;    1980.22;    2113.62;    1993.37;    2111.35;    1988.40;    2082.63;    1975.25;    2084.90;       10;    0.49;   stop
   545;    2762.93;    1390.74;    2765.44;    1375.18;    2733.45;    1370.01;    2730.93;    1385.57;       10;    0.49;   stop
   707;    2662.95;    1251.90;    2664.99;    1236.74;    2640.16;    1233.41;    2638.13;    1248.57;       10;    0.49;   stop
 11867;    1200.38;    1162.54;    1201.04;    1148.83;    1192.12;    1148.39;    1191.46;    1162.11;       10;    0.48;   stop
   555;    1175.36;    1062.32;    1175.59;    1053.14;    1157.14;    1052.68;    1156.91;    1061.86;       10;    0.48;   stop
   563;    1189.66;    2150.90;    1201.40;    2150.72;    1200.97;    2122.22;    1189.22;    2122.40;       10;    0.48;   stop
   529;    2166.12;    1395.14;    2178.42;    1394.79;    2177.69;    1368.98;    2165.39;    1369.33;       10;    0.48;   stop
  4859;    3579.87;     381.58;    3592.05;     356.57;    3579.82;     350.61;    3567.63;     375.62;       10;    0.48;   stop
   474;     797.39;    1937.27;     809.68;    1937.20;     809.53;    1909.11;     797.24;    1909.18;       10;    0.48;   stop
   462;    2825.48;     243.96;    2851.95;     242.15;    2851.08;     229.48;    2824.61;     231.28;       10;    0.48;   stop
   609;    3756.68;     331.91;    3757.62;     295.74;    3739.57;     295.27;    3738.63;     331.44;       10;    0.48;   stop
   619;    3546.19;    1037.43;    3546.33;    1026.34;    3520.69;    1026.00;    3520.54;    1037.10;       10;    0.47;   stop
  3040;    2704.96;     688.56;    2729.67;     687.08;    2728.79;     672.46;    2704.08;     673.94;       10;    0.47;   stop
   576;    1912.14;    1580.25;    1926.10;    1580.09;    1925.70;    1545.57;    1911.75;    1545.73;       10;    0.46;   stop
  2517;    1989.07;    1647.85;    1990.92;    1623.38;    1979.55;    1622.52;    1977.71;    1646.99;       10;    0.46;   stop
   601;    2459.56;     259.46;    2459.71;     246.54;    2432.69;     246.23;    2432.54;     259.15;       10;    0.46;   stop
   678;     726.24;    1053.02;     726.80;    1039.78;     719.87;    1039.48;     719.31;    1052.72;       10;    0.46;   stop
   497;    2518.54;     763.74;    2531.86;     763.44;    2531.21;     734.76;    2517.89;     735.06;       10;    0.45;   stop
   486;    2529.03;     602.69;    2529.66;     577.74;    2517.34;     577.43;    2516.71;     602.38;       10;    0.45;   stop
  3696;    2649.45;     649.22;    2649.66;     638.88;    2639.35;     638.67;    2639.14;     649.01;       10;    0.45;   stop
   445;     824.94;    1933.97;     825.61;    1908.23;     813.06;    1907.90;     812.39;    1933.65;       10;    0.45;   stop
  8237;    1892.05;    1977.30;    1902.53;    1951.66;    1890.39;    1946.70;    1879.90;    1972.34;       10;    0.45;   move
  5159;    2640.16;    2045.57;    2651.64;    2040.87;    2641.34;    2015.68;    2629.86;    2020.38;       10;    0.45;   stop
   582;    3658.60;     301.94;    3671.75;     273.68;    3657.65;     267.12;    3644.50;     295.38;       10;    0.45;   stop
   647;    2405.27;    1862.84;    2407.09;    1839.27;    2395.85;    1838.41;    2394.04;    1861.98;       10;    0.45;   stop
  8341;    1431.43;     921.12;    1432.12;     909.00;    1406.95;     907.57;    1406.26;     919.69;       10;    0.45;   stop
   683;    1109.79;      79.73;    1132.46;      79.46;    1132.34;      68.77;    1109.66;      69.04;       10;    0.44;   stop
  9793;    3534.81;     215.32;    3561.21;     213.22;    3560.19;     200.46;    3533.79;     202.56;       10;    0.44;   stop
  8490;     587.67;    1208.22;     588.06;    1195.35;     562.64;    1194.59;     562.25;    1207.46;       10;    0.44;   stop
   453;    1252.40;    1475.05;    1257.41;    1446.48;    1245.10;    1444.33;    1240.09;    1472.89;       10;    0.44;   stop
  8268;    3301.57;     223.11;    3330.54;     222.58;    3330.31;     210.02;    3301.34;     210.55;       10;    0.44;   stop
 10387;    1422.58;    1656.91;    1424.43;    1644.44;    1397.80;    1640.47;    1395.94;    1652.93;       10;    0.43;   stop
 11585;    1832.15;     264.16;    1832.83;     244.68;    1822.98;     244.34;    1822.29;     263.82;       10;    0.43;   stop
 11704;     491.90;    1558.65;     492.35;    1547.22;     469.97;    1546.35;     469.52;    1557.78;       10;    0.43;   stop
   600;    3143.25;     157.73;    3143.56;     128.84;    3128.63;     128.68;    3128.32;     157.57;       10;    0.43;   stop
  7500;    3776.72;     462.41;    3792.94;     462.28;    3792.65;     426.34;    3776.44;     426.47;        9;    0.43;   stop
  8569;     625.41;    1605.16;     626.68;    1594.28;     604.59;    1591.71;     603.32;    1602.59;       10;    0.43;   stop
   509;     585.85;    1365.76;     591.63;    1339.76;     579.46;    1337.06;     573.68;    1363.05;       10;    0.43;   stop
 11782;    1256.45;    1188.56;    1257.64;    1173.37;    1221.93;    1170.57;    1220.73;    1185.76;       10;    0.43;   stop
 11297;    3535.37;     568.17;    3545.46;     541.48;    3531.51;     536.21;    3521.42;     562.90;       10;    0.42;   stop
  5610;     555.77;    2096.28;     583.75;    2095.39;     583.30;    2081.22;     555.32;    2082.11;       10;    0.42;   stop
   612;    2509.01;     195.50;    2521.65;     195.49;    2521.62;     168.44;    2508.98;     168.45;       10;    0.42;   stop
 11853;    3788.47;    1382.09;    3793.52;    1357.01;    3780.90;    1354.47;    3775.86;    1379.55;       10;    0.42;   stop
   694;    2533.79;     808.62;    2534.18;     783.45;    2521.58;     783.26;    2521.20;     808.43;       10;    0.41;   stop
 11728;    1909.26;    1445.45;    1924.63;    1443.69;    1920.24;    1405.30;    1904.87;    1407.06;       10;    0.41;   stop
 10052;     211.10;    1529.39;     211.94;    1517.47;     185.70;    1515.61;     184.86;    1527.53;       10;    0.41;   stop
 11857;    1043.03;    1175.89;    1043.75;    1161.90;    1013.85;    1160.36;    1013.13;    1174.35;        9;    0.40;   stop
 11458;    3702.19;     625.73;    3732.75;     624.45;    3732.18;     610.84;    3701.62;     612.11;       10;    0.40;   stop
  8588;    3424.26;     814.63;    3431.47;     793.14;    3420.42;     789.44;    3413.22;     810.92;       10;    0.40;   stop
  5619;     357.61;    1674.24;     371.43;    1674.16;     371.30;    1649.20;     357.48;    1649.28;       10;    0.40;   stop
   631;    1196.87;    1758.00;    1197.83;    1728.80;    1184.76;    1728.37;    1183.80;    1757.57;       10;    0.40;   stop
   431;    2359.79;     656.33;    2383.28;     655.40;    2382.83;     644.17;    2359.35;     645.10;       10;    0.40;   stop
 10184;    1815.22;      34.82;    1826.87;      34.61;    1826.45;      12.43;    1814.80;      12.64;       10;    0.40;   stop
 11712;    3542.75;    1284.50;    3557.99;    1284.00;    3556.94;    1252.37;    3541.70;    1252.88;       10;    0.39;   stop
  9993;    3537.61;     472.83;    3547.99;     448.25;    3535.82;     443.11;    3525.44;     467.68;       10;    0.39;   stop
  3608;    2196.76;     658.07;    2223.24;     657.55;    2222.99;     644.68;    2196.51;     645.20;       10;    0.38;   stop
 10049;     378.37;    1280.63;     379.88;    1253.31;     365.07;    1252.49;     363.56;    1279.81;       10;    0.38;   stop
   583;     522.50;    2096.35;     549.48;    2095.56;     549.06;    2081.15;     522.08;    2081.94;       10;    0.38;   stop
  2970;    2160.83;    2110.74;    2162.92;    2096.00;    2152.42;    2094.51;    2150.33;    2109.25;       10;    0.38;   stop
  9056;    2452.06;    1681.00;    2453.18;    1655.29;    2437.94;    1654.62;    2436.82;    1680.33;       10;    0.38;   stop
 11304;      62.08;    1129.98;      91.75;    1129.27;      91.44;    1116.27;      61.77;    1116.98;       10;    0.37;   stop
 10053;    1840.24;    1686.57;    1841.33;    1673.68;    1816.20;    1671.56;    1815.11;    1684.44;       10;    0.37;   stop
  7183;    1946.91;    1050.36;    1948.15;    1017.92;    1934.34;    1017.39;    1933.10;    1049.83;       10;    0.37;   move
   650;    2592.61;    1428.79;    2598.21;    1399.30;    2584.27;    1396.65;    2578.66;    1426.14;       10;    0.37;   stop
 11825;     794.77;    1048.38;     794.89;    1037.60;     773.41;    1037.37;     773.29;    1048.15;       10;    0.36;   stop
 11776;      61.44;    1793.74;      78.35;    1772.90;      67.46;    1764.07;      50.56;    1784.91;       10;    0.36;   stop
   627;    1351.53;     108.84;    1352.22;      96.21;    1325.97;      94.78;    1325.28;     107.41;       10;    0.35;   stop
  8155;    3734.54;     133.89;    3747.63;     104.37;    3733.58;      98.14;    3720.50;     127.66;       10;    0.35;   stop
 11788;    3582.43;     461.46;    3591.99;     438.91;    3580.07;     433.85;    3570.51;     456.40;       10;    0.35;   stop
  7218;    3005.84;     237.29;    3032.55;     235.39;    3031.66;     222.84;    3004.95;     224.73;       10;    0.35;   stop