vehicle_id; veh_bb_x1; veh_bb_y1; veh_bb_x2; veh_bb_y2; veh_bb_x3; veh_bb_y3; veh_bb_x4; veh_bb_y4; det_class; conf_score; state
 14503;    3079.24;    1495.92;    3091.66;    1471.00;    3079.76;    1465.08;    3067.34;    1490.00;       10;    0.84;   stop
 15467;    3027.33;    1599.58;    3038.15;    1569.05;    3023.67;    1563.92;    3012.85;    1594.45;       10;    0.84;   move
 11849;    3169.72;    1321.54;    3172.56;    1306.64;    3138.72;    1300.17;    3135.87;    1315.08;       10;    0.83;   move
     3;    3018.22;    1440.12;    3028.62;    1415.54;    3017.03;    1410.63;    3006.63;    1435.21;       10;    0.83;   stop
     2;    2918.48;    1174.18;    2920.81;    1163.14;    2896.27;    1157.94;    2893.94;    1168.99;       10;    0.83;   stop
     8;    2108.77;    1217.22;    2109.56;    1205.39;    2085.42;    1203.78;    2084.63;    1215.61;       10;    0.83;   stop
 12367;    2209.75;    1144.91;    2210.59;    1131.77;    2180.75;    1129.84;    2179.91;    1142.98;       10;    0.83;   stop
 14652;    3102.77;    1410.80;    3116.72;    1380.59;    3102.54;    1374.04;    3088.59;    1404.26;       10;    0.82;   stop
  9910;    2081.10;    1120.97;    2081.98;    1108.45;    2054.40;    1106.53;    2053.52;    1119.05;       10;    0.82;   stop
    17;    1362.67;    1192.72;    1363.50;    1176.55;    1319.33;    1174.28;    1318.50;    1190.45;        9;    0.82;   stop
    59;    2980.43;    1309.65;    2983.23;    1295.85;    2951.13;    1289.34;    2948.33;    1303.13;       10;    0.82;   stop
 15780;    2987.14;    1686.77;    3000.76;    1656.98;    2987.08;    1650.73;    2973.46;    1680.52;       10;    0.82;   move
 13137;    2475.74;    1137.26;    2476.57;    1123.67;    2444.63;    1121.74;    2443.81;    1135.33;       10;    0.82;   stop
   258;    1971.94;     792.45;    1972.77;     767.24;    1959.56;     766.80;    1958.73;     792.01;       10;    0.82;   stop
    90;    3126.12;    1454.09;    3138.99;    1428.72;    3126.07;    1422.16;    3113.20;    1447.53;       10;    0.82;   stop
    20;    1983.48;     375.39;    1984.31;     348.36;    1972.02;     347.99;    1971.19;     375.01;       10;    0.82;   stop
   133;    1968.42;     123.05;    1981.11;     123.04;    1981.08;      96.32;    1968.39;      96.34;       10;    0.82;   stop
 11741;    1971.21;    1434.46;    1971.30;    1410.71;    1959.16;    1410.67;    1959.07;    1434.41;       10;    0.82;   stop
 11991;    2879.59;    1227.64;    2881.32;    1215.13;    2854.16;    1211.36;    2852.43;    1223.87;       10;    0.81;   move
    35;     937.74;    1170.21;     938.66;    1158.30;     912.60;    1156.29;     911.68;    1168.20;       10;    0.81;   stop
    19;    2949.68;    1181.07;    2952.36;    1169.47;    2927.04;    1163.62;    2924.36;    1175.22;       10;    0.81;   stop
    23;    1474.98;      73.12;    1475.29;      59.20;    1444.40;      58.51;    1444.09;      72.43;       10;    0.81;   stop
    67;    1967.89;     446.41;    1980.78;     446.27;    1980.48;     418.71;    1967.60;     418.85;       10;    0.81;   stop
    30;    1835.57;     657.89;    1847.86;     657.80;    1847.68;     632.49;    1835.39;     632.57;       10;    0.81;   stop
    25;    1270.69;    1073.51;    1271.50;    1061.22;    1245.37;    1059.49;    1244.56;    1071.78;       10;    0.81;   stop
 12429;    1872.82;     903.97;    1872.86;     877.48;    1861.24;     877.46;    1861.20;     903.95;       10;    0.81;   stop
 11306;    1891.01;     910.01;    1891.20;     882.76;    1878.49;     882.68;    1878.30;     909.92;       10;    0.81;   stop
    57;    2592.84;    1243.50;    2593.74;    1230.22;    2562.66;    1228.12;    2561.76;    1241.40;       10;    0.81;   stop
 12116;    2109.44;    1140.15;    2110.43;    1127.83;    2082.50;    1125.60;    2081.51;    1137.92;       10;    0.81;   stop
    40;    2928.58;    1297.93;    2930.85;    1285.38;    2904.17;    1280.57;    2901.90;    1293.12;       10;    0.81;   stop
    45;    3045.15;    1474.71;    3058.00;    1448.87;    3044.85;    1442.33;    3032.00;    1468.16;       10;    0.81;   stop
 12368;    1936.71;     485.94;    1937.10;     460.38;    1924.48;     460.19;    1924.08;     485.74;       10;    0.81;   move
    29;    3607.15;    1455.54;    3611.30;    1441.08;    3577.85;    1431.49;    3573.70;    1445.95;       10;    0.81;   stop
    60;    3036.58;    1532.35;    3046.14;    1510.06;    3034.67;    1505.15;    3025.11;    1527.44;       10;    0.81;   stop
    55;    1012.55;    1063.18;    1012.79;    1051.21;     987.13;    1050.70;     986.89;    1062.67;       10;    0.81;   stop
 13885;    2608.81;    1146.68;    2609.97;    1135.05;    2584.94;    1132.57;    2583.78;    1144.20;       10;    0.81;   stop
    39;    2817.58;    1274.22;    2820.09;    1262.45;    2794.67;    1257.03;    2792.16;    1268.80;       10;    0.81;   stop
    96;    1352.23;      73.02;    1352.41;      59.01;    1320.77;      58.60;    1320.59;      72.61;       10;    0.80;   stop
 11751;    1877.10;     795.60;    1890.79;     795.43;    1890.43;     767.02;    1876.74;     767.20;       10;    0.80;   stop
    88;     953.34;    1062.43;     980.44;    1062.03;     980.25;    1049.19;     953.15;    1049.60;       10;    0.80;   stop
 10905;    2269.22;    1129.33;    2270.00;    1117.86;    2245.03;    1116.17;    2244.25;    1127.64;       10;    0.80;   stop
 12972;    2566.63;    1207.64;    2568.06;    1193.84;    2539.37;    1190.86;    2537.94;    1204.66;       10;    0.80;   move
    26;    2079.88;    1215.14;    2080.21;    1204.24;    2059.18;    1203.61;    2058.85;    1214.51;       10;    0.80;   stop
 16122;    1848.03;     350.13;    1862.33;     350.04;    1862.12;     315.87;    1847.82;     315.96;       10;    0.80;   move
 15790;    1067.55;    1152.15;    1068.13;    1139.63;    1040.70;    1138.35;    1040.12;    1150.87;       10;    0.80;   move
 15701;    1219.47;    1152.27;    1220.08;    1139.48;    1194.22;    1138.23;    1193.60;    1151.02;       10;    0.80;   move
 15555;    1531.05;    1164.34;    1531.30;    1151.45;    1503.07;    1150.91;    1502.83;    1163.80;       10;    0.80;   move
 15278;    1657.30;    1179.16;    1657.71;    1166.17;    1632.20;    1165.34;    1631.79;    1178.33;       10;    0.80;   move
    41;    1959.07;    1861.81;    1965.26;    1832.03;    1952.18;    1829.32;    1945.99;    1859.09;       10;    0.80;   stop
    37;    2586.32;    1125.29;    2587.60;    1112.94;    2560.18;    1110.09;    2558.90;    1122.44;       10;    0.80;   stop
    74;    3005.62;    1472.48;    3017.35;    1446.85;    3005.16;    1441.27;    2993.43;    1466.90;       10;    0.80;   stop
 15900;    1872.25;     328.51;    1885.89;     328.22;    1885.25;     299.24;    1871.61;     299.53;       10;    0.80;   stop
 16450;    1918.55;     427.26;    1931.34;     427.19;    1931.20;     400.74;    1918.41;     400.81;       10;    0.80;   move
   114;    1975.31;     565.81;    1975.62;     536.84;    1962.19;     536.69;    1961.88;     565.66;       10;    0.80;   stop
 13476;    2569.78;    1143.99;    2570.55;    1131.33;    2542.97;    1129.63;    2542.20;    1142.30;       10;    0.80;   stop
 14012;    2626.48;    1163.80;    2628.03;    1152.43;    2604.40;    1149.20;    2602.84;    1160.57;       10;    0.80;   stop
 12298;    2798.44;    1248.42;    2800.24;    1235.99;    2774.06;    1232.21;    2772.26;    1244.64;       10;    0.80;   move
 15051;    1765.85;    1172.06;    1791.45;    1171.95;    1791.40;    1160.07;    1765.80;    1160.18;       10;    0.80;   move
   284;    1899.45;    1287.36;    1911.32;    1285.63;    1907.55;    1259.64;    1895.68;    1261.37;       10;    0.80;   stop
 11464;    2054.69;    1136.89;    2055.24;    1125.46;    2032.63;    1124.36;    2032.07;    1135.79;       10;    0.80;   stop
    80;    3107.23;    1478.74;    3119.32;    1454.03;    3108.02;    1448.51;    3095.93;    1473.22;       10;    0.80;   stop
    64;    1803.26;    2059.28;    1816.86;    2032.67;    1805.23;    2026.72;    1791.63;    2053.33;       10;    0.80;   stop
    85;    1947.97;     373.02;    1960.52;     372.91;    1960.28;     346.98;    1947.73;     347.09;       10;    0.80;   stop
 14245;    1872.74;     680.28;    1884.38;     674.08;    1871.26;     649.47;    1859.62;     655.67;       10;    0.80;   stop
 14841;    1896.32;     786.08;    1909.51;     785.79;    1908.90;     758.55;    1895.71;     758.84;       10;    0.80;   stop
    44;    2697.40;    1254.45;    2699.24;    1241.73;    2669.60;    1237.43;    2667.76;    1250.14;       10;    0.80;   stop
    15;    2729.20;    1257.49;    2730.74;    1245.13;    2704.78;    1241.89;    2703.24;    1254.24;       10;    0.80;   stop
 10845;    1897.46;     929.11;    1910.31;     928.75;    1909.54;     901.83;    1896.69;     902.19;       10;    0.80;   stop
   103;    2521.30;    1236.64;    2521.95;    1225.22;    2495.82;    1223.73;    2495.17;    1235.16;       10;    0.80;   stop
  7612;    1991.24;    1303.22;    1992.03;    1271.13;    1977.95;    1270.78;    1977.16;    1302.87;       10;    0.80;   stop
  9525;    1958.20;    1570.73;    1972.30;    1570.52;    1971.89;    1543.27;    1957.80;    1543.48;       10;    0.80;   stop
 16077;    1868.50;     273.00;    1880.24;     272.97;    1880.19;     249.56;    1868.45;     249.59;       10;    0.79;   stop
 16542;    1930.20;    1335.21;    1943.97;    1333.40;    1940.27;    1305.17;    1926.50;    1306.97;       10;    0.79;   move
    82;    2709.67;    1966.02;    2737.62;    1955.04;    2732.28;    1941.47;    2704.34;    1952.46;       10;    0.79;   stop
   194;    1436.10;      72.51;    1436.55;      58.86;    1410.15;      57.99;    1409.70;      71.64;       10;    0.79;   stop
 15552;    1884.38;     403.01;    1884.87;     379.11;    1873.12;     378.87;    1872.63;     402.77;       10;    0.79;   stop
    87;    1967.36;     159.90;    1980.63;     159.83;    1980.46;     130.35;    1967.19;     130.42;       10;    0.79;   stop
 15993;     815.93;    1138.75;     816.36;    1125.65;     788.88;    1124.75;     788.45;    1137.85;       10;    0.79;   move
   145;    1214.60;    1184.59;    1215.03;    1172.17;    1186.15;    1171.16;    1185.72;    1183.58;       10;    0.79;   stop
 12228;    2161.46;    1141.34;    2162.02;    1129.05;    2134.54;    1127.79;    2133.98;    1140.07;       10;    0.79;   stop
 15204;    2746.66;    1163.64;    2748.47;    1151.41;    2719.34;    1147.11;    2717.53;    1159.34;       10;    0.79;   stop
  7521;    1957.06;    1282.86;    1972.07;    1282.40;    1971.06;    1249.51;    1956.06;    1249.97;       10;    0.79;   stop
 14505;    3101.44;    1455.82;    3114.93;    1429.68;    3101.53;    1422.77;    3088.04;    1448.91;       10;    0.79;   stop
   152;    1949.84;      83.39;    1962.69;      83.18;    1962.25;      56.67;    1949.40;      56.89;       10;    0.79;   stop
    83;    1182.16;    1183.54;    1182.44;    1170.50;    1157.28;    1169.96;    1157.00;    1183.00;       10;    0.79;   stop
    92;    1992.76;    1459.24;    1992.96;    1433.23;    1980.74;    1433.13;    1980.54;    1459.15;       10;    0.79;   stop
     9;    2353.04;    1117.83;    2353.67;    1105.49;    2325.46;    1104.04;    2324.83;    1116.38;       10;    0.79;   stop
 16280;    3510.28;    1335.37;    3515.04;    1319.92;    3480.66;    1309.32;    3475.90;    1324.77;       10;    0.79;   move
   104;    1961.60;     409.24;    1975.06;     408.56;    1973.65;     380.51;    1960.19;     381.19;       10;    0.79;   stop
   159;    1975.14;     774.70;    1987.68;     774.45;    1987.11;     746.30;    1974.57;     746.55;       10;    0.79;   stop
   101;    1332.60;    1073.91;    1332.77;    1061.73;    1305.53;    1061.34;    1305.35;    1073.52;       10;    0.79;   stop
  7975;    1961.26;    1396.11;    1974.08;    1396.07;    1973.99;    1368.02;    1961.17;    1368.05;       10;    0.79;   stop
 10683;    1896.29;     966.62;    1909.73;     966.26;    1908.93;     935.76;    1895.49;     936.11;       10;    0.79;   stop
 10111;    2411.03;    1151.50;    2412.08;    1138.85;    2386.72;    1136.75;    2385.67;    1149.40;       10;    0.79;   stop
  7880;    1960.23;    1355.57;    1971.31;    1355.43;    1970.99;    1330.93;    1959.91;    1331.07;       10;    0.79;   stop
    28;    2680.19;    1978.52;    2704.16;    1969.77;    2699.53;    1957.10;    2675.56;    1965.85;       10;    0.79;   stop
 15276;    1854.52;     623.45;    1866.02;     622.82;    1864.73;     599.42;    1853.23;     600.05;       10;    0.79;   stop
 15654;    1891.00;     684.61;    1903.41;     683.15;    1900.25;     656.39;    1887.84;     657.85;       10;    0.79;   stop
   239;    1857.04;     829.12;    1870.81;     825.23;    1863.34;     798.76;    1849.57;     802.64;       10;    0.79;   stop
 15685;    1841.25;     103.96;    1841.97;      78.06;    1829.81;      77.73;    1829.09;     103.63;       10;    0.79;   stop
   170;    1240.52;    1069.88;    1241.39;    1058.14;    1217.61;    1056.37;    1216.73;    1068.11;       10;    0.79;   stop
    79;     812.18;    1161.69;     812.65;    1150.07;     787.85;    1149.06;     787.38;    1160.68;       10;    0.79;   stop
 14164;    1923.81;     899.39;    1937.80;     899.33;    1937.66;     868.55;    1923.67;     868.61;       10;    0.79;   move
 12755;    3095.57;    1291.32;    3097.48;    1279.06;    3070.18;    1274.80;    3068.27;    1287.06;       10;    0.79;   move
 15117;    2631.80;    1996.79;    2641.72;    1972.78;    2629.45;    1967.71;    2619.53;    1991.72;       10;    0.79;   stop
    21;    1817.04;    2027.87;    1829.12;    2002.63;    1818.16;    1997.38;    1806.08;    2022.62;       10;    0.79;   stop
 16328;    1868.42;     182.43;    1882.85;     182.20;    1882.33;     149.44;    1867.90;     149.67;       10;    0.79;   stop
    51;    1974.60;     839.58;    1987.29;     838.54;    1985.02;     810.79;    1972.34;     811.83;       10;    0.79;   stop
 10486;    1897.40;    1002.76;    1909.86;    1002.64;    1909.60;     977.24;    1897.14;     977.36;       10;    0.79;   stop
    36;    2480.26;    1116.13;    2480.70;    1104.49;    2454.74;    1103.50;    2454.30;    1115.13;       10;    0.79;   stop
    56;    2886.77;    1168.16;    2889.28;    1155.90;    2862.73;    1150.47;    2860.22;    1162.73;       10;    0.79;   stop
   148;    2860.35;    1282.66;    2862.75;    1270.47;    2837.40;    1265.47;    2835.00;    1277.65;       10;    0.79;   stop
 15815;    1851.36;     555.20;    1865.54;     554.73;    1864.51;     523.67;    1850.34;     524.14;       10;    0.79;   stop
  1484;    1971.98;     984.86;    1985.97;     984.77;    1985.77;     954.64;    1971.78;     954.73;       10;    0.79;   stop
   139;    1428.97;    1078.83;    1429.62;    1066.81;    1403.78;    1065.42;    1403.13;    1077.44;       10;    0.79;   stop
    73;    3029.75;    1201.05;    3032.97;    1189.10;    3005.50;    1181.70;    3002.28;    1193.65;       10;    0.79;   stop
 15705;    3411.23;    1300.75;    3415.15;    1286.63;    3380.96;    1277.14;    3377.04;    1291.27;       10;    0.79;   move
    94;    2772.01;    1941.50;    2795.86;    1929.98;    2789.71;    1917.25;    2765.86;    1928.77;       10;    0.79;   stop
   320;    1818.45;     353.44;    1831.69;     353.16;    1831.05;     322.69;    1817.81;     322.97;       10;    0.79;   stop
   177;    2126.73;     658.98;    2152.82;     658.86;    2152.77;     647.15;    2126.68;     647.27;       10;    0.79;   stop
   160;    1947.94;     433.19;    1959.79;     433.13;    1959.65;     403.81;    1947.81;     403.87;       10;    0.79;   stop
 15167;    1894.74;     751.94;    1907.34;     751.29;    1905.98;     725.18;    1893.38;     725.84;       10;    0.79;   stop
   127;    1974.56;     802.88;    1986.39;     802.78;    1986.19;     778.87;    1974.36;     778.97;       10;    0.79;   stop
 14673;    1894.77;     823.79;    1907.77;     823.08;    1906.23;     795.08;    1893.23;     795.80;       10;    0.79;   stop
   156;    2152.00;    1217.97;    2152.41;    1206.14;    2127.50;    1205.28;    2127.09;    1217.11;       10;    0.79;   stop
   214;    1788.87;    2088.51;    1800.92;    2065.11;    1789.76;    2059.37;    1777.71;    2082.76;       10;    0.79;   stop
  7327;    3836.88;    1497.45;    3841.36;    1481.73;    3807.49;    1472.08;    3803.01;    1487.80;       10;    0.79;   move
    95;    2922.62;    1527.58;    2933.87;    1521.27;    2919.88;    1496.33;    2908.63;    1502.64;       10;    0.79;   stop
   208;    1836.39;     740.30;    1850.54;     740.17;    1850.24;     707.58;    1836.09;     707.71;       10;    0.78;   stop
   126;    1832.37;     877.18;    1841.96;     850.37;    1830.63;     846.32;    1821.04;     873.13;       10;    0.78;   stop
 15476;    1852.59;     587.33;    1864.97;     586.85;    1864.04;     562.42;    1851.65;     562.90;       10;    0.78;   stop
    48;    2321.61;    1110.98;    2322.35;    1098.94;    2297.26;    1097.40;    2296.52;    1109.43;       10;    0.78;   stop
 10342;    2153.77;    1122.71;    2154.46;    1109.73;    2125.36;    1108.17;    2124.66;    1121.14;       10;    0.78;   stop
   109;    1402.90;      71.91;    1403.13;      59.11;    1373.60;      58.59;    1373.37;      71.39;       10;    0.78;   stop
 14429;    2210.41;    1205.14;    2211.04;    1193.69;    2184.59;    1192.23;    2183.96;    1203.68;       10;    0.78;   move
    66;    2457.91;    1233.35;    2458.26;    1220.99;    2433.22;    1220.28;    2432.87;    1232.64;       10;    0.78;   stop
 15673;    2825.53;    1195.21;    2828.24;    1183.50;    2802.75;    1177.61;    2800.04;    1189.32;       10;    0.78;   move
   123;    2931.86;    1701.22;    2940.97;    1673.34;    2927.98;    1669.10;    2918.87;    1696.97;       10;    0.78;   stop
 15699;    1882.82;     365.81;    1883.20;     336.36;    1870.18;     336.19;    1869.80;     365.64;       10;    0.78;   stop
   117;    1979.81;     874.45;    1991.75;     873.18;    1989.19;     849.05;    1977.25;     850.32;       10;    0.78;   stop
 16311;    1849.81;     246.15;    1862.50;     246.07;    1862.31;     219.03;    1849.62;     219.12;       10;    0.78;   move
 11602;    1920.10;     714.69;    1934.27;     714.29;    1933.50;     687.06;    1919.32;     687.46;       10;    0.78;   move
 12600;    1859.33;     790.43;    1871.42;     790.40;    1871.36;     762.07;    1859.26;     762.10;       10;    0.78;   stop
 12501;    1859.57;     865.55;    1874.57;     865.24;    1873.93;     834.33;    1858.93;     834.64;       10;    0.78;   stop
    99;    1973.07;     939.10;    1985.56;     938.64;    1984.68;     914.90;    1972.19;     915.36;       10;    0.78;   stop
   124;    2804.30;    1930.34;    2829.92;    1912.58;    2821.40;    1900.29;    2795.78;    1918.04;       10;    0.78;   stop
  2031;    2165.88;     659.68;    2189.66;     658.67;    2189.19;     647.57;    2165.41;     648.58;       10;    0.78;   stop
   110;    1042.69;    1063.40;    1043.02;    1052.26;    1021.13;    1051.60;    1020.79;    1062.74;       10;    0.78;   stop
    81;    3093.00;    1506.29;    3104.61;    1481.53;    3093.00;    1476.08;    3081.39;    1500.84;       10;    0.78;   stop
 10133;    1967.75;    1529.05;    1968.47;    1499.77;    1955.60;    1499.45;    1954.88;    1528.73;       10;    0.78;   stop
 15311;    3065.91;    1533.39;    3076.15;    1509.35;    3063.84;    1504.11;    3053.60;    1528.15;       10;    0.78;   stop
 13812;    2539.01;    1151.64;    2539.18;    1133.76;    2487.12;    1133.24;    2486.94;    1151.12;        9;    0.78;   stop
   122;    2649.78;    1350.43;    2650.31;    1338.38;    2623.85;    1337.20;    2623.31;    1349.25;       10;    0.78;   stop
   213;    2412.15;    1787.68;    2414.67;    1760.58;    2402.47;    1759.45;    2399.95;    1786.54;       10;    0.78;   stop
 16630;    1846.08;      39.05;    1858.05;      38.77;    1857.42;      12.13;    1845.45;      12.41;       10;    0.78;   move
 11210;    1827.92;     290.49;    1828.68;     267.33;    1817.08;     266.95;    1816.32;     290.11;       10;    0.78;   stop
   151;    1815.60;      68.65;    1827.38;      68.63;    1827.33;      42.72;    1815.56;      42.74;       10;    0.78;   stop
   143;    1710.09;    1088.64;    1710.91;    1076.55;    1684.04;    1074.74;    1683.22;    1086.82;       10;    0.78;   stop
   197;    2108.00;    1362.37;    2136.51;    1360.27;    2135.50;    1346.63;    2106.99;    1348.73;       10;    0.78;   stop
   295;    1955.25;     336.60;    1969.03;     336.48;    1968.75;     305.77;    1954.97;     305.90;       10;    0.78;   stop
   196;    1361.44;    1071.62;    1361.97;    1060.16;    1339.69;    1059.13;    1339.16;    1070.59;       10;    0.78;   stop
   309;    2107.09;    1325.42;    2107.19;    1314.03;    2082.41;    1313.83;    2082.31;    1325.22;       10;    0.78;   stop
 14791;    2003.49;    1198.57;    2003.99;    1182.22;    1957.82;    1180.80;    1957.32;    1197.16;        9;    0.78;   move
   185;    2805.62;    1399.90;    2809.51;    1386.19;    2779.63;    1377.72;    2775.74;    1391.44;       10;    0.78;   stop
   165;    3296.68;    1196.85;    3301.43;    1184.89;    3274.26;    1174.09;    3269.51;    1186.05;       10;    0.78;   stop
 16514;    1848.72;     119.66;    1860.54;     119.56;    1860.31;      94.65;    1848.49;      94.76;       10;    0.77;   move
   134;    1973.73;     480.85;    1986.90;     480.35;    1985.90;     454.02;    1972.73;     454.52;       10;    0.77;   stop
 12927;    1877.27;     833.36;    1890.35;     832.71;    1888.86;     802.39;    1875.78;     803.04;       10;    0.77;   stop
   327;    1090.76;    1176.68;    1091.25;    1164.34;    1065.49;    1163.32;    1065.00;    1175.66;       10;    0.77;   stop
   174;     752.33;    1190.33;     752.91;    1178.03;     723.85;    1176.67;     723.27;    1188.97;       10;    0.77;   stop
 10577;    2191.60;    1124.44;    2192.31;    1112.49;    2166.28;    1110.93;    2165.56;    1122.88;       10;    0.77;   stop
   157;    2488.42;    1343.99;    2489.15;    1331.65;    2463.46;    1330.14;    2462.73;    1342.47;       10;    0.77;   stop
 13677;    1947.85;    1643.01;    1949.77;    1615.83;    1937.90;    1614.99;    1935.98;    1642.17;       10;    0.77;   move
   260;    1831.10;     148.76;    1846.14;     148.04;    1844.47;     113.36;    1829.42;     114.09;       10;    0.77;   stop
    53;     694.05;    1051.65;     694.51;    1039.93;     670.01;    1038.97;     669.55;    1050.69;       10;    0.77;   stop
   100;     881.53;    1058.20;     882.28;    1045.91;     857.72;    1044.42;     856.97;    1056.71;       10;    0.77;   stop
    11;    1208.12;    1069.52;    1208.81;    1057.26;    1179.70;    1055.60;    1179.00;    1067.87;       10;    0.77;   stop
   205;    2355.35;    1229.45;    2355.89;    1216.40;    2326.53;    1215.18;    2325.98;    1228.23;       10;    0.77;   stop
   355;    2422.28;    1232.24;    2422.69;    1218.85;    2394.59;    1218.01;    2394.19;    1231.40;       10;    0.77;   stop
 15143;    2139.69;    1186.82;    2140.42;    1172.79;    2109.63;    1171.18;    2108.90;    1185.21;       10;    0.77;   move
   224;    2093.15;     660.02;    2117.37;     658.92;    2116.79;     646.10;    2092.57;     647.20;       10;    0.77;   stop
   524;    3377.40;    1135.77;    3392.35;    1110.92;    3379.16;    1102.98;    3364.21;    1127.83;       10;    0.77;   stop
   192;    1878.22;    1687.97;    1879.17;    1675.49;    1853.40;    1673.53;    1852.46;    1686.01;       10;    0.77;   stop
 16211;    1869.24;     225.56;    1883.04;     225.34;    1882.54;     194.07;    1868.74;     194.29;       10;    0.77;   stop
    31;     501.18;    1043.63;     501.70;    1032.17;     477.57;    1031.06;     477.05;    1042.52;       10;    0.77;   stop
   419;     841.75;    1163.51;     842.10;    1151.33;     817.06;    1150.61;     816.71;    1162.80;       10;    0.77;   stop
 12374;    1869.45;     931.44;    1869.85;     910.93;    1859.83;     910.74;    1859.44;     931.25;       10;    0.77;   stop
 13747;    2425.41;    1133.64;    2426.05;    1121.16;    2398.21;    1119.73;    2397.57;    1132.21;       10;    0.77;   stop
   132;    3011.37;    1545.97;    3023.79;    1522.07;    3012.63;    1516.28;    3000.21;    1540.18;       10;    0.77;   stop
    97;    1821.83;     589.09;    1835.08;     588.99;    1834.89;     562.91;    1821.64;     563.01;       10;    0.77;   stop
    89;    1584.14;    1082.51;    1584.90;    1071.19;    1561.36;    1069.62;    1560.60;    1080.94;       10;    0.77;   stop
   144;     869.37;    1164.97;     869.77;    1153.41;     844.28;    1152.53;     843.88;    1164.09;       10;    0.77;   stop
    68;     825.68;    1614.22;     826.32;    1602.27;     803.32;    1601.03;     802.68;    1612.98;       10;    0.77;   stop
  9609;    1891.15;     948.47;    1891.27;     920.77;    1879.20;     920.71;    1879.07;     948.42;       10;    0.77;   stop
 11693;    2385.73;    1133.48;    2386.13;    1121.85;    2361.39;    1121.02;    2361.00;    1132.65;       10;    0.77;   stop
   190;    2569.85;    1344.13;    2570.21;    1333.06;    2545.15;    1332.25;    2544.79;    1343.32;       10;    0.77;   stop
 11560;    1893.44;     714.21;    1905.09;     713.35;    1903.35;     689.79;    1891.69;     690.65;       10;    0.77;   stop
    54;    1972.59;     910.62;    1984.86;     909.81;    1982.91;     880.38;    1970.64;     881.19;       10;    0.77;   stop
 15923;     957.29;    1137.96;     959.01;    1125.80;     933.27;    1122.16;     931.55;    1134.32;       10;    0.77;   move
   264;    2077.92;    1361.67;    2103.93;    1358.90;    2102.58;    1346.21;    2076.57;    1348.98;       10;    0.77;   stop
   184;    2308.96;    1227.75;    2309.57;    1214.82;    2281.79;    1213.50;    2281.18;    1226.43;       10;    0.77;   stop
   163;    2676.79;    1380.21;    2677.76;    1367.96;    2651.96;    1365.92;    2650.99;    1378.17;       10;    0.77;   stop
 16399;    1851.02;     178.75;    1863.57;     178.50;    1863.08;     153.69;    1850.52;     153.94;       10;    0.77;   move
   218;     819.43;     991.33;     819.69;     980.25;     794.24;     979.67;     793.99;     990.75;       10;    0.77;   stop
   204;    1991.43;    1609.60;    1992.43;    1581.35;    1979.82;    1580.90;    1978.82;    1609.15;       10;    0.77;   stop
 15390;    2850.04;    1185.16;    2853.55;    1166.59;    2801.21;    1156.72;    2797.70;    1175.29;        9;    0.77;   stop
 15887;    2902.04;    1815.61;    2918.56;    1793.46;    2907.65;    1785.33;    2891.13;    1807.48;       10;    0.77;   move
   223;    1818.31;     319.27;    1829.44;     318.46;    1827.82;     296.11;    1816.68;     296.92;       10;    0.76;   stop
   135;    1836.47;     628.07;    1848.08;     627.47;    1846.78;     602.68;    1835.17;     603.28;       10;    0.76;   stop
   215;    1969.86;     193.96;    1982.59;     192.64;    1979.64;     164.35;    1966.91;     165.68;       10;    0.76;   stop
    47;    1662.92;    1199.85;    1664.56;    1187.62;    1637.83;    1184.03;    1636.19;    1196.26;       10;    0.76;   stop
   280;    2183.53;    1221.12;    2184.48;    1208.68;    2157.47;    1206.63;    2156.52;    1219.07;       10;    0.76;   stop
  8237;    1967.96;    1489.97;    1968.79;    1462.42;    1955.94;    1462.03;    1955.12;    1489.58;       10;    0.76;   stop
   273;    1911.89;    1499.66;    1924.99;    1499.58;    1924.83;    1472.59;    1911.72;    1472.67;       10;    0.76;   stop
   234;    2373.77;    1366.57;    2374.38;    1353.91;    2346.36;    1352.56;    2345.75;    1365.21;       10;    0.76;   stop
   176;    3391.14;    1040.05;    3392.04;    1027.26;    3363.54;    1025.27;    3362.65;    1038.05;       10;    0.76;   stop
   168;    2740.52;    1954.88;    2770.05;    1941.95;    2763.73;    1927.50;    2734.20;    1940.42;       10;    0.76;   stop
   651;    1955.75;     483.07;    1968.19;     481.90;    1966.00;     458.56;    1953.56;     459.72;       10;    0.76;   stop
   115;    1666.63;     651.41;    1667.48;     639.80;    1640.87;     637.84;    1640.02;     649.45;       10;    0.76;   stop
   335;    1852.69;     968.53;    1852.81;     941.78;    1839.19;     941.72;    1839.06;     968.47;       10;    0.76;   stop
 10922;    1895.91;     896.06;    1909.85;     895.59;    1908.84;     866.25;    1894.90;     866.72;       10;    0.76;   stop
 15221;    1906.16;    1176.16;    1907.00;    1163.32;    1880.59;    1161.59;    1879.75;    1174.43;       10;    0.76;   move
   296;    1975.08;     514.03;    1987.55;     513.43;    1986.23;     486.09;    1973.76;     486.70;       10;    0.76;   stop
 11988;    1870.51;     999.55;    1871.22;     971.75;    1859.61;     971.45;    1858.91;     999.25;       10;    0.76;   stop
   235;    2443.02;    1414.97;    2444.66;    1388.23;    2431.23;    1387.41;    2429.59;    1414.14;       10;    0.76;   stop
   253;    2430.02;    1929.89;    2430.92;    1900.02;    2417.23;    1899.61;    2416.33;    1929.48;       10;    0.76;   stop
 12387;    1878.91;     570.96;    1890.55;     569.62;    1887.59;     543.91;    1875.95;     545.26;       10;    0.76;   stop
 13913;    1857.74;     711.45;    1869.86;     711.10;    1869.01;     682.42;    1856.89;     682.78;       10;    0.76;   stop
 14581;    1931.53;     988.89;    1945.89;     988.57;    1945.22;     958.48;    1930.86;     958.80;       10;    0.76;   move
 14937;    1837.44;    1194.82;    1839.02;    1182.36;    1812.06;    1178.93;    1810.48;    1191.39;       10;    0.76;   move
 11615;    1924.90;    1544.22;    1939.67;    1543.56;    1938.35;    1513.53;    1923.58;    1514.19;       10;    0.76;   stop
    14;    1958.13;     911.53;    1970.60;     910.90;    1969.15;     882.28;    1956.68;     882.91;       10;    0.76;   stop
 12132;    1859.71;     962.26;    1871.84;     962.25;    1871.82;     936.74;    1859.69;     936.75;       10;    0.76;   stop
 14995;    2266.52;    1193.06;    2266.95;    1178.13;    2238.17;    1177.31;    2237.74;    1192.25;       10;    0.76;   move
    65;    2831.37;    1159.18;    2833.86;    1145.88;    2805.12;    1140.50;    2802.63;    1153.81;       10;    0.76;   stop
   245;    2458.04;    1593.98;    2459.30;    1567.89;    2446.59;    1567.27;    2445.33;    1593.36;       10;    0.76;   stop
    78;    1156.76;    1068.46;    1157.42;    1055.75;    1131.49;    1054.41;    1130.83;    1067.13;       10;    0.76;   stop
   299;     787.74;    1216.03;     788.05;    1187.11;     775.10;    1186.97;     774.79;    1215.89;       10;    0.76;   stop
   111;     800.41;    1613.03;     801.22;    1601.65;     777.69;    1599.97;     776.88;    1611.35;       10;    0.76;   stop
    46;    1293.59;    1647.51;    1294.63;    1635.12;    1269.16;    1632.99;    1268.12;    1645.38;       10;    0.76;   stop
   231;    1834.44;     799.81;    1834.89;     775.41;    1822.94;     775.19;    1822.49;     799.59;       10;    0.76;   stop
   401;    1822.35;     770.25;    1835.30;     770.05;    1834.93;     745.13;    1821.98;     745.32;       10;    0.76;   stop
   189;     665.40;    1049.83;     665.94;    1038.19;     641.48;    1037.05;     640.93;    1048.68;       10;    0.76;   stop
   236;    1192.02;    1822.13;    1192.69;    1799.57;    1181.73;    1799.24;    1181.06;    1821.80;       10;    0.76;   stop
   342;    2006.45;    1660.40;    2006.68;    1635.95;    1994.80;    1635.85;    1994.57;    1660.30;       10;    0.76;   stop
 16547;    1432.75;    1141.00;    1433.35;    1129.40;    1409.00;    1128.13;    1408.40;    1139.73;       10;    0.75;   move
   191;    2716.57;    1141.67;    2718.32;    1128.78;    2692.05;    1125.21;    2690.30;    1138.10;       10;    0.75;   stop
   329;    3242.84;    1090.84;    3261.34;    1067.69;    3250.29;    1058.85;    3231.78;    1082.00;       10;    0.75;   stop
 14031;    1864.68;    2027.45;    1875.14;    2001.49;    1863.19;    1996.68;    1852.74;    2022.64;       10;    0.75;   move
   256;    1959.11;     210.35;    1970.78;     208.80;    1967.33;     182.84;    1955.65;     184.39;       10;    0.75;   stop
   217;     724.23;    1218.55;     724.75;    1205.05;     696.08;    1203.95;     695.57;    1217.45;       10;    0.75;   stop
 15345;    1575.60;    1145.03;    1575.75;    1132.27;    1549.65;    1131.97;    1549.50;    1144.73;       10;    0.75;   move
 12605;    2274.34;    1145.83;    2274.96;    1133.55;    2250.03;    1132.29;    2249.41;    1144.57;       10;    0.75;   stop
 12731;    2343.13;    1152.31;    2343.34;    1138.62;    2315.12;    1138.19;    2314.91;    1151.88;       10;    0.75;   stop
   293;    3512.99;    1075.77;    3545.07;    1074.54;    3544.51;    1059.85;    3512.43;    1061.08;       10;    0.75;   stop
 12668;    2310.04;    1145.53;    2310.20;    1132.92;    2284.08;    1132.60;    2283.93;    1145.21;       10;    0.75;   stop
  7722;    1960.03;    1321.16;    1972.43;    1321.11;    1972.31;    1293.34;    1959.91;    1293.39;       10;    0.75;   stop
 12655;    2472.17;    1430.80;    2474.08;    1402.88;    2460.58;    1401.95;    2458.67;    1429.87;       10;    0.75;   stop
    18;    3027.26;    1514.03;    3039.19;    1490.87;    3028.24;    1485.22;    3016.31;    1508.38;       10;    0.75;   stop
   207;    3580.93;    1074.09;    3581.01;    1061.69;    3555.32;    1061.53;    3555.24;    1073.94;       10;    0.75;   stop
   162;     890.60;    1620.26;     891.50;    1608.15;     865.81;    1606.24;     864.90;    1618.35;       10;    0.75;   stop
 12451;    2242.70;    1147.46;    2243.54;    1134.62;    2217.55;    1132.92;    2216.71;    1145.76;       10;    0.75;   stop
 14244;    2455.23;    1205.25;    2455.79;    1192.19;    2428.02;    1191.00;    2427.46;    1204.06;       10;    0.75;   move
   164;    2460.03;    1563.09;    2462.30;    1538.52;    2450.22;    1537.41;    2447.95;    1561.98;       10;    0.75;   stop
 15007;    2493.82;    2023.28;    2521.45;    2010.99;    2515.43;    1997.47;    2487.80;    2009.76;       10;    0.75;   move
 11690;    3244.84;    1323.60;    3247.95;    1311.13;    3220.16;    1304.22;    3217.05;    1316.68;       10;    0.75;   move
 12781;    1933.28;     536.95;    1933.61;     511.71;    1920.88;     511.55;    1920.55;     536.79;       10;    0.75;   move
   257;    2087.36;     661.15;    2087.45;     648.54;    2059.57;     648.35;    2059.49;     660.96;       10;    0.75;   stop
   310;    2408.18;    1113.80;    2408.71;    1101.36;    2381.70;    1100.20;    2381.17;    1112.64;       10;    0.75;   stop
   290;    1832.52;     485.61;    1845.81;     484.99;    1844.45;     456.02;    1831.16;     456.64;       10;    0.75;   stop
 16257;     433.03;    1110.43;     433.82;    1097.15;     406.51;    1095.51;     405.71;    1108.79;       10;    0.75;   move
   140;     772.46;    1612.73;     773.08;    1601.51;     750.36;    1600.27;     749.75;    1611.49;       10;    0.75;   stop
   287;    3007.47;    1596.38;    3016.94;    1574.39;    3005.28;    1569.37;    2995.81;    1591.36;       10;    0.75;   stop
 11565;    3015.64;    1259.84;    3018.49;    1246.29;    2988.11;    1239.91;    2985.26;    1253.46;       10;    0.75;   stop
 13184;    1883.89;    1981.37;    1894.82;    1955.76;    1882.52;    1950.51;    1871.59;    1976.12;       10;    0.75;   move
   150;    2283.53;    2142.26;    2311.70;    2130.90;    2306.09;    2116.99;    2277.92;    2128.35;       10;    0.75;   stop
 12499;    1965.61;    1693.15;    1967.67;    1665.87;    1955.76;    1664.98;    1953.71;    1692.25;       10;    0.75;   move
 15947;    1850.13;     468.84;    1863.73;     468.29;    1862.56;     439.03;    1848.95;     439.58;       10;    0.74;   stop
   305;     962.90;    1175.68;     964.46;    1165.25;     943.13;    1162.07;     941.57;    1172.50;       10;    0.74;   stop
   175;    1558.65;    1198.57;    1585.14;    1197.50;    1584.60;    1184.18;    1558.11;    1185.25;       10;    0.74;   stop
 16125;    1784.28;    1149.20;    1784.43;    1137.12;    1759.47;    1136.80;    1759.32;    1148.88;       10;    0.74;   stop
   200;    3021.59;    1562.66;    3030.98;    1539.65;    3019.19;    1534.84;    3009.80;    1557.85;       10;    0.74;   stop
 11335;    3123.20;    1366.90;    3137.79;    1365.03;    3133.67;    1332.86;    3119.08;    1334.73;       10;    0.74;   stop
 16600;    3813.64;    1447.42;    3818.13;    1433.58;    3787.61;    1423.68;    3783.12;    1437.52;       10;    0.74;   move
   158;    3215.29;    1054.16;    3236.33;    1037.28;    3228.15;    1027.09;    3207.11;    1043.97;       10;    0.74;   stop
   222;    2435.98;    1855.56;    2437.53;    1827.26;    2424.77;    1826.57;    2423.22;    1854.86;       10;    0.74;   stop
   254;    2333.53;    2056.14;    2340.59;    2044.48;    2314.59;    2028.74;    2307.53;    2040.40;       10;    0.74;   stop
  1409;    1820.63;     558.60;    1833.30;     558.05;    1832.25;     533.78;    1819.58;     534.33;       10;    0.74;   stop
   339;     772.65;    1214.06;     773.74;    1187.19;     761.57;    1186.69;     760.48;    1213.56;       10;    0.74;   stop
 11550;    2347.91;    1132.44;    2348.58;    1120.28;    2319.34;    1118.68;    2318.67;    1130.85;       10;    0.74;   stop
  7448;    3719.35;    1458.73;    3723.11;    1446.18;    3696.27;    1438.15;    3692.52;    1450.70;       10;    0.74;   move
 16199;    1930.99;    1867.54;    1936.66;    1843.07;    1925.41;    1840.46;    1919.74;    1864.93;       10;    0.74;   move
   203;     686.45;    1155.76;     686.69;    1142.56;     657.92;    1142.05;     657.69;    1155.25;       10;    0.74;   stop
   403;    1933.74;    1936.75;    1944.10;    1908.53;    1931.76;    1904.00;    1921.40;    1932.22;       10;    0.74;   stop
   167;    2875.34;    1885.22;    2901.12;    1862.49;    2889.91;    1849.78;    2864.13;    1872.51;        9;    0.74;   stop
 12704;    1856.98;     753.94;    1868.68;     753.57;    1867.89;     728.81;    1856.19;     729.18;       10;    0.74;   stop
 16618;    1879.79;      46.37;    1880.49;      14.68;    1866.93;      14.38;    1866.23;      46.07;       10;    0.74;   move
   195;     641.30;    1569.64;     642.66;    1556.85;     616.82;    1554.11;     615.46;    1566.90;       10;    0.74;   stop
   248;    1611.15;    1197.48;    1611.17;    1185.31;    1587.23;    1185.27;    1587.21;    1197.44;       10;    0.74;   stop
   311;    2134.37;    2141.74;    2141.84;    2130.49;    2115.50;    2113.01;    2108.04;    2124.26;       10;    0.74;   stop
   448;    1894.02;    1256.25;    1905.57;    1254.52;    1901.73;    1228.88;    1890.18;    1230.61;       10;    0.74;   stop
   396;    1814.95;      98.05;    1826.15;      97.98;    1826.01;      75.76;    1814.82;      75.83;       10;    0.73;   stop
   118;     725.87;    1052.60;     726.33;    1041.79;     703.82;    1040.84;     703.36;    1051.65;       10;    0.73;   stop
   336;    1546.82;    1196.85;    1547.00;    1184.06;    1518.81;    1183.65;    1518.62;    1196.44;       10;    0.73;   stop
 12609;    1959.86;    1750.48;    1962.47;    1719.07;    1948.29;    1717.89;    1945.68;    1749.30;       10;    0.73;   move
 13713;    2257.46;    2111.33;    2280.40;    2103.23;    2275.92;    2090.55;    2252.98;    2098.65;       10;    0.73;   move
   289;    3725.50;    1492.54;    3729.69;    1478.78;    3697.63;    1469.02;    3693.44;    1482.79;       10;    0.73;   stop
   416;    1272.83;      71.90;    1273.59;      58.00;    1243.23;      56.35;    1242.47;      70.25;       10;    0.73;   stop
  9773;    1835.09;     839.46;    1847.25;     838.41;    1844.78;     809.79;    1832.63;     810.84;       10;    0.73;   stop
   129;    1554.32;     785.69;    1558.27;     759.04;    1546.18;     757.24;    1542.23;     783.90;       10;    0.73;   stop
 10240;    2112.99;    1122.93;    2113.80;    1110.86;    2087.39;    1109.07;    2086.57;    1121.14;       10;    0.73;   stop
   351;    1861.54;    1959.36;    1871.78;    1933.88;    1858.74;    1928.64;    1848.51;    1954.12;       10;    0.73;   stop
   525;    2063.76;     300.36;    2087.93;     299.44;    2087.49;     288.02;    2063.32;     288.94;       10;    0.73;   stop
   313;    1814.96;     158.05;    1827.20;     157.60;    1826.29;     132.76;    1814.05;     133.21;       10;    0.73;   stop
   277;     755.16;    1205.80;     755.98;    1193.57;     726.47;    1191.58;     725.64;    1203.80;       10;    0.73;   stop
   193;    1898.98;    1821.85;    1904.13;    1795.31;    1891.05;    1792.77;    1885.90;    1819.31;       10;    0.73;   stop
 16010;    2589.48;    1163.13;    2590.47;    1150.81;    2564.89;    1148.75;    2563.90;    1161.06;       10;    0.73;   stop
   252;    3242.20;    1033.98;    3261.73;    1013.62;    3251.86;    1004.15;    3232.33;    1024.51;       10;    0.73;   stop
   211;    3356.38;    1036.09;    3359.69;    1022.84;    3328.93;    1015.16;    3325.63;    1028.41;       10;    0.73;   stop
   321;    2544.67;     254.60;    2544.98;     243.32;    2520.83;     242.65;    2520.52;     253.93;       10;    0.73;   stop
   386;    2587.66;     653.14;    2614.49;     651.94;    2613.96;     640.05;    2587.13;     641.25;       10;    0.73;   stop
   384;    2828.91;    1840.92;    2834.25;    1827.65;    2803.59;    1815.33;    2798.25;    1828.60;       10;    0.73;   stop
 11452;    3414.66;    1373.66;    3417.80;    1362.28;    3396.28;    1356.34;    3393.14;    1367.72;       10;    0.73;   move
   426;    1840.39;     998.58;    1841.34;     972.86;    1829.55;     972.42;    1828.60;     998.14;       10;    0.73;   stop
   371;    3174.47;    1423.96;    3177.02;    1410.71;    3147.10;    1404.95;    3144.55;    1418.20;       10;    0.73;   stop
   468;    1475.64;     110.02;    1476.92;      97.55;    1449.36;      94.73;    1448.08;     107.20;       10;    0.73;   stop
   219;     905.56;    1166.64;     905.74;    1154.60;     881.50;    1154.23;     881.32;    1166.27;       10;    0.73;   stop
   301;     855.22;    1616.32;     855.68;    1604.39;     830.73;    1603.43;     830.28;    1615.36;       10;    0.72;   stop
 12807;    2376.08;    1150.52;    2376.24;    1138.06;    2350.79;    1137.73;    2350.63;    1150.19;       10;    0.72;   stop
   373;    3420.58;    1076.36;    3453.36;    1075.99;    3453.17;    1060.20;    3420.39;    1060.57;       10;    0.72;   stop
   451;    3205.62;    1154.19;    3220.36;    1128.26;    3207.82;    1121.13;    3193.07;    1147.05;       10;    0.72;   stop
   466;    2088.83;     266.26;    2114.48;     265.56;    2114.17;     254.05;    2088.52;     254.75;       10;    0.72;   stop
   308;    1528.78;    1047.30;    1531.13;    1019.32;    1517.72;    1018.20;    1515.37;    1046.18;       10;    0.72;   stop
   221;    1454.98;    1079.10;    1455.48;    1067.25;    1432.90;    1066.28;    1432.39;    1078.12;       10;    0.72;   stop
  3608;    2195.72;     658.48;    2222.20;     657.61;    2221.78;     644.83;    2195.30;     645.71;       10;    0.72;   stop
   372;    1672.42;    1087.93;    1672.65;    1075.93;    1647.45;    1075.44;    1647.22;    1087.45;       10;    0.72;   stop
   307;     798.72;    1026.43;     811.44;    1024.94;     808.35;     998.57;     795.63;    1000.06;       10;    0.72;   stop
 12397;    1967.65;    1623.74;    1968.09;    1596.21;    1955.70;    1596.01;    1955.25;    1623.54;       10;    0.72;   stop
   353;    1820.11;     410.54;    1833.90;     410.35;    1833.52;     382.58;    1819.73;     382.77;       10;    0.72;   stop
   472;    1382.62;    1192.86;    1409.50;    1190.86;    1408.50;    1177.52;    1381.63;    1179.52;       10;    0.72;   stop
 16134;    3000.47;     662.55;    3028.24;     662.13;    3028.03;     648.64;    3000.26;     649.06;       10;    0.72;   move
   333;    2443.49;    1114.28;    2443.89;    1102.81;    2419.51;    1101.97;    2419.11;    1113.44;       10;    0.72;   stop
 10739;    2231.18;    1129.72;    2232.27;    1114.82;    2199.26;    1112.41;    2198.17;    1127.31;       10;    0.72;   stop
   439;    1281.46;      73.94;    1309.29;      73.09;    1308.85;      58.81;    1281.02;      59.66;       10;    0.72;   stop
   179;     525.17;    1044.39;     525.87;    1033.51;     505.14;    1032.17;     504.44;    1043.05;       10;    0.72;   stop
   272;    2247.33;    1226.07;    2270.48;    1225.75;    2270.30;    1212.93;    2247.15;    1213.25;       10;    0.72;   stop
   382;    2338.14;    1365.16;    2338.98;    1351.05;    2312.23;    1349.47;    2311.40;    1363.58;       10;    0.72;   stop
 14962;    2708.25;    1162.33;    2711.08;    1144.12;    2661.52;    1136.42;    2658.69;    1154.63;        9;    0.72;   stop
   345;    1820.59;     374.89;    1830.90;     374.47;    1830.03;     352.99;    1819.72;     353.41;       10;    0.71;   stop
   180;     588.68;    1601.56;     589.56;    1587.78;     560.70;    1585.94;     559.82;    1599.72;       10;    0.71;   stop
   316;    2535.14;    1061.81;    2535.62;    1037.66;    2524.74;    1037.44;    2524.26;    1061.59;       10;    0.71;   stop
   340;    3268.15;    1008.20;    3284.29;     984.24;    3272.79;     976.49;    3256.65;    1000.45;       10;    0.71;   stop
   480;    3333.38;    1374.65;    3336.67;    1362.85;    3309.74;    1355.35;    3306.46;    1367.15;        9;    0.71;   stop
   374;    1720.56;    1641.24;    1721.28;    1629.41;    1698.12;    1628.01;    1697.40;    1639.84;       10;    0.71;   stop
   415;    2432.89;    1894.45;    2434.85;    1865.09;    2421.11;    1864.17;    2419.15;    1893.53;       10;    0.71;   stop
   358;    2447.15;    1718.85;    2449.76;    1687.67;    2436.10;    1686.53;    2433.49;    1717.70;       10;    0.71;   stop
   300;     556.50;    1598.33;     556.99;    1586.42;     532.87;    1585.42;     532.38;    1597.33;       10;    0.71;   stop
 10974;    2305.07;    1130.88;    2305.09;    1118.04;    2278.93;    1118.00;    2278.91;    1130.84;       10;    0.71;   stop
   332;    2770.57;     648.47;    2795.83;     647.98;    2795.60;     636.14;    2770.34;     636.63;       10;    0.71;   stop
   292;    3464.83;     722.87;    3476.79;     694.06;    3462.36;     688.06;    3450.39;     716.88;       10;    0.71;   stop
   519;    2173.84;    2119.95;    2180.28;    2107.46;    2154.79;    2094.30;    2148.34;    2106.79;       10;    0.71;   stop
   359;    2764.46;    1870.14;    2771.13;    1858.67;    2746.28;    1844.23;    2739.61;    1855.70;       10;    0.71;   stop
   240;     403.57;    1043.46;     431.01;    1043.01;     430.80;    1030.29;     403.37;    1030.74;       10;    0.71;   stop
   413;    2437.72;    1340.15;    2437.83;    1328.60;    2412.91;    1328.35;    2412.79;    1339.90;       10;    0.71;   stop
   532;    3226.87;    1119.41;    3243.30;    1092.34;    3230.63;    1084.65;    3214.20;    1111.72;       10;    0.71;   stop
   255;    1136.23;     690.64;    1137.99;     678.78;    1113.21;     675.11;    1111.45;     686.97;       10;    0.71;   stop
   452;    1547.22;     857.60;    1550.08;     830.68;    1537.53;     829.34;    1534.67;     856.26;       10;    0.71;   stop
  3201;    3021.02;    1670.20;    3030.22;    1646.84;    3017.88;    1641.98;    3008.69;    1665.35;       10;    0.71;   stop
   334;    1008.47;    1172.86;    1008.83;    1161.09;     986.15;    1160.39;     985.79;    1172.16;       10;    0.70;   stop
   423;    1843.80;    1350.12;    1854.50;    1349.76;    1853.70;    1326.25;    1843.00;    1326.62;       10;    0.70;   stop
 11659;    1877.59;     867.25;    1890.44;     866.87;    1889.66;     840.50;    1876.81;     840.88;       10;    0.70;   stop
 16534;     139.01;    1102.13;     139.28;    1089.34;     113.65;    1088.81;     113.38;    1101.60;       10;    0.70;   move
    98;     571.17;    1564.82;     572.04;    1551.48;     542.58;    1549.55;     541.71;    1562.90;       10;    0.70;   stop
   279;    1741.01;     659.37;    1742.82;     646.82;    1715.11;     642.82;    1713.29;     655.37;       10;    0.70;   stop
   181;    2328.74;     656.95;    2353.68;     655.72;    2353.14;     644.67;    2328.19;     645.91;       10;    0.70;   stop
 12309;    1908.90;    1962.74;    1921.45;    1930.43;    1908.13;    1925.26;    1895.58;    1957.57;       10;    0.70;   stop
   485;    2665.87;    2105.58;    2677.71;    2100.47;    2666.19;    2073.79;    2654.35;    2078.90;       10;    0.70;   stop
   298;     314.27;    1135.92;     314.88;    1122.73;     289.95;    1121.58;     289.34;    1134.77;       10;    0.70;   stop
   440;     853.66;    1025.77;     854.56;     998.54;     841.43;     998.11;     840.54;    1025.34;       10;    0.70;   stop
   318;    2517.94;     728.09;    2529.87;     727.94;    2529.56;     704.03;    2517.63;     704.19;       10;    0.70;   stop
   409;    3485.51;    1039.15;    3512.53;    1038.02;    3511.99;    1025.23;    3484.97;    1026.36;       10;    0.70;   stop
   369;    2660.22;     688.51;    2686.22;     688.00;    2685.99;     676.02;    2659.99;     676.53;       10;    0.70;   stop
   362;    1814.45;     129.18;    1826.28;     128.97;    1825.81;     102.57;    1813.99;     102.78;       10;    0.70;   stop
   270;     860.21;    1582.69;     860.64;    1570.38;     836.99;    1569.56;     836.57;    1581.87;       10;    0.70;   stop
 16475;    2224.82;     677.74;    2255.76;     677.55;    2255.68;     664.39;    2224.74;     664.58;       10;    0.70;   move
   302;    1193.80;    1793.11;    1195.64;    1766.10;    1183.33;    1765.26;    1181.48;    1792.27;       10;    0.70;   stop
   412;    1124.29;    1179.57;    1125.81;    1165.89;    1097.03;    1162.68;    1095.50;    1176.36;       10;    0.70;   stop
   343;    2443.64;    1752.25;    2446.08;    1727.44;    2433.99;    1726.25;    2431.55;    1751.06;       10;    0.70;   stop
   428;     230.56;    1133.38;     257.64;    1132.90;     257.41;    1119.44;     230.33;    1119.92;       10;    0.69;   stop
 14216;    2376.44;    1212.84;    2376.83;    1201.05;    2353.81;    1200.29;    2353.42;    1212.08;       10;    0.69;   move
   306;     630.91;    1049.55;     631.30;    1036.33;     601.90;    1035.45;     601.51;    1048.67;       10;    0.69;   stop
  9929;    3435.74;    1405.58;    3439.41;    1392.86;    3411.76;    1384.89;    3408.09;    1397.61;       10;    0.69;   stop
   420;    1441.23;    1194.43;    1441.67;    1182.41;    1418.52;    1181.57;    1418.08;    1193.59;       10;    0.69;   stop
   417;    2253.54;    1368.29;    2255.04;    1352.47;    2214.02;    1348.59;    2212.52;    1364.41;        9;    0.69;   stop
   337;    2835.63;     647.51;    2862.69;     645.51;    2861.79;     633.35;    2834.73;     635.35;       10;    0.69;   stop
   630;    3156.49;    1465.30;    3162.30;    1452.15;    3136.95;    1440.95;    3131.14;    1454.10;       10;    0.69;   stop
   455;    1968.30;      90.70;    1979.83;      90.55;    1979.51;      66.24;    1967.98;      66.39;       10;    0.69;   stop
   363;    1541.89;     893.10;    1544.64;     869.33;    1533.86;     868.09;    1531.11;     891.85;       10;    0.69;   stop
   501;    1908.64;    1444.34;    1923.86;    1442.67;    1919.65;    1404.16;    1904.43;    1405.83;        9;    0.69;   stop
   261;    1815.42;     220.05;    1827.89;     219.52;    1826.67;     190.58;    1814.20;     191.10;       10;    0.69;   stop
   269;    1983.17;    1522.27;    1983.60;    1499.69;    1972.33;    1499.48;    1971.90;    1522.06;       10;    0.69;   stop
   402;    1088.94;     683.32;    1090.06;     671.16;    1059.81;     668.37;    1058.69;     680.53;       10;    0.69;   stop
   364;    2978.80;    1762.21;    2988.82;    1738.93;    2975.45;    1733.17;    2965.43;    1756.45;       10;    0.69;   stop
   138;     468.00;    1592.99;     468.94;    1579.59;     440.91;    1577.63;     439.97;    1591.03;       10;    0.69;   stop
   388;    1501.61;    1079.51;    1502.40;    1067.50;    1477.39;    1065.86;    1476.60;    1077.88;       10;    0.69;   stop
 12320;    1889.93;     977.00;    1890.05;     953.56;    1878.73;     953.50;    1878.61;     976.94;       10;    0.69;   stop
   391;    2740.06;     649.03;    2765.08;     647.98;    2764.59;     636.29;    2739.57;     637.33;       10;    0.69;   stop
   247;     986.81;     675.33;     988.30;     663.11;     963.10;     660.04;     961.61;     672.27;       10;    0.68;   stop
   341;    1490.16;    1624.89;    1490.78;    1613.20;    1462.96;    1611.73;    1462.34;    1623.42;       10;    0.68;   stop
   408;    2622.76;     651.71;    2649.42;     649.84;    2648.61;     638.39;    2621.96;     640.25;       10;    0.68;   stop
 12511;    2246.05;    1114.11;    2247.35;    1100.26;    2207.45;    1096.52;    2206.15;    1110.36;        9;    0.68;   stop
   385;    2684.63;    2149.45;    2698.34;    2142.52;    2683.50;    2113.17;    2669.79;    2120.11;       10;    0.68;   stop
   361;    3147.91;    1486.45;    3153.54;    1472.78;    3123.97;    1460.59;    3118.33;    1474.25;       10;    0.68;   stop
   267;    1175.24;     694.79;    1176.94;     682.68;    1149.58;     678.84;    1147.87;     690.94;       10;    0.68;   stop
 13061;    3396.12;     879.18;    3408.53;     851.92;    3395.13;     845.82;    3382.72;     873.08;       10;    0.68;   stop
   427;    1186.70;    2088.98;    1199.40;    2088.45;    1198.30;    2062.27;    1185.60;    2062.80;       10;    0.68;   stop
   586;    1904.90;    1401.25;    1918.95;    1399.83;    1915.60;    1366.81;    1901.55;    1368.23;       10;    0.68;   stop
 15619;    1301.70;    1146.31;    1333.47;    1145.41;    1333.05;    1130.69;    1301.28;    1131.59;       10;    0.68;   move
   459;    1477.26;    1194.81;    1477.58;    1182.97;    1453.36;    1182.32;    1453.05;    1194.16;       10;    0.68;   stop
   367;    2697.44;     649.88;    2697.61;     639.17;    2674.06;     638.81;    2673.89;     649.51;       10;    0.68;   stop
   421;    1188.03;    2119.57;    1199.79;    2119.14;    1198.85;    2093.55;    1187.09;    2093.98;       10;    0.68;   stop
   288;    1190.64;    1852.45;    1192.34;    1827.11;    1180.30;    1826.30;    1178.60;    1851.64;       10;    0.68;   stop
   398;    2418.53;    1573.02;    2429.15;    1572.83;    2428.72;    1547.73;    2418.10;    1547.92;       10;    0.68;   stop
   328;    2707.77;     648.67;    2732.91;     647.51;    2732.36;     635.51;    2707.21;     636.68;       10;    0.68;   stop
  7841;    3566.40;     629.28;    3596.77;     627.82;    3596.10;     613.85;    3565.73;     615.30;       10;    0.68;   stop
   166;    1323.05;    1648.94;    1324.00;    1636.89;    1299.33;    1634.94;    1298.37;    1646.98;       10;    0.68;   stop
   499;    1805.30;    1650.21;    1806.90;    1637.23;    1778.01;    1633.67;    1776.41;    1646.65;       10;    0.68;   stop
 16004;    2720.30;    1914.98;    2745.23;    1905.46;    2740.17;    1892.21;    2715.24;    1901.73;       10;    0.68;   move
   479;    2639.38;     690.59;    2653.07;     690.54;    2653.02;     676.29;    2639.33;     676.33;       10;    0.67;   stop
   432;    3420.81;    1039.48;    3448.52;    1038.88;    3448.25;    1026.77;    3420.54;    1027.37;       10;    0.67;   stop
 12831;    1912.40;    1918.27;    1922.85;    1892.71;    1910.35;    1887.60;    1899.90;    1913.16;       10;    0.67;   move
  2547;    2545.04;    2024.01;    2573.22;    2012.58;    2567.71;    1998.99;    2539.53;    2010.42;       10;    0.67;   stop
   629;    2653.59;    2074.81;    2664.94;    2069.73;    2653.69;    2044.57;    2642.34;    2049.64;       10;    0.67;   stop
   375;    2549.06;     254.24;    2571.67;     254.03;    2571.56;     242.45;    2548.96;     242.66;       10;    0.67;   stop
   429;    2719.16;    1382.12;    2720.15;    1368.29;    2691.71;    1366.25;    2690.72;    1380.09;       10;    0.67;   stop
   404;    2152.16;    2129.14;    2159.29;    2118.51;    2136.34;    2103.11;    2129.21;    2113.74;       10;    0.67;   stop
   414;    2433.75;    1540.01;    2434.99;    1514.41;    2422.50;    1513.80;    2421.26;    1539.40;       10;    0.67;   stop
   394;    3506.91;    1075.33;    3507.06;    1061.54;    3478.40;    1061.24;    3478.25;    1075.02;       10;    0.67;   stop
   405;    1033.97;     681.47;    1034.97;     670.16;    1010.16;     667.97;    1009.16;     679.28;       10;    0.67;   stop
 16570;    2663.47;    1251.51;    2665.06;    1236.06;    2630.41;    1232.49;    2628.81;    1247.94;        9;    0.67;   stop
   450;     889.43;    1580.62;     890.08;    1568.48;     865.01;    1567.13;     864.36;    1579.27;       10;    0.67;   stop
   350;    1892.03;    1848.90;    1896.96;    1825.69;    1884.78;    1823.10;    1879.85;    1846.31;       10;    0.67;   stop
 11074;    1903.21;    1888.33;    1911.89;    1864.36;    1900.32;    1860.17;    1891.64;    1884.14;       10;    0.67;   move
 13986;    1867.67;     471.61;    1886.88;     471.23;    1885.80;     416.01;    1866.59;     416.39;        9;    0.67;   stop
 15250;     613.17;    1126.97;     613.56;    1113.55;     584.95;    1112.72;     584.56;    1126.13;       10;    0.66;   move
   494;    1972.33;     597.02;    1972.61;     573.12;    1960.67;     572.98;    1960.39;     596.88;       10;    0.66;   stop
 16394;    1921.67;     826.68;    1933.70;     826.09;    1932.58;     803.44;    1920.55;     804.04;       10;    0.66;   move
   392;    2390.06;    1229.14;    2390.53;    1217.56;    2367.19;    1216.61;    2366.72;    1228.19;       10;    0.66;   stop
   529;    2166.60;    1396.23;    2178.75;    1395.79;    2177.78;    1369.02;    2165.62;    1369.46;       10;    0.66;   stop
   507;    2651.22;    1350.39;    2651.80;    1338.97;    2639.71;    1338.36;    2639.13;    1349.78;       10;    0.66;   stop
   315;    1319.61;    1613.65;    1319.94;    1602.30;    1296.01;    1601.60;    1295.68;    1612.95;       10;    0.66;   stop
 13117;    2185.57;    1105.44;    2186.05;    1093.78;    2162.74;    1092.81;    2162.26;    1104.47;       10;    0.66;   stop
 10245;    2218.84;    1222.69;    2219.33;    1210.54;    2194.72;    1209.56;    2194.24;    1221.71;       10;    0.66;   stop
   664;    3322.79;     636.54;    3350.22;     634.72;    3349.40;     622.29;    3321.97;     624.10;       10;    0.66;   stop
   360;    2094.03;    2157.05;    2101.76;    2146.62;    2078.22;    2129.20;    2070.49;    2139.63;       10;    0.66;   stop
   520;    1821.95;     247.75;    1823.15;     224.75;    1812.41;     224.19;    1811.21;     247.19;       10;    0.65;   stop
   365;     444.78;    1046.21;     473.69;    1044.79;     473.03;    1031.29;     444.12;    1032.71;       10;    0.65;   stop
 16033;     461.34;    1575.17;     461.69;    1562.39;     436.79;    1561.70;     436.43;    1574.48;       10;    0.65;   stop
   324;    1555.94;     751.29;    1557.77;     726.73;    1545.68;     725.83;    1543.85;     750.39;       10;    0.65;   stop
   410;    2352.39;    2044.70;    2358.61;    2032.99;    2333.98;    2019.92;    2327.77;    2031.64;       10;    0.65;   stop
   546;    3144.79;    1108.60;    3160.00;    1103.57;    3149.59;    1072.03;    3134.37;    1077.05;       10;    0.65;   stop
   567;    3247.29;    1123.53;    3260.37;    1101.57;    3248.65;    1094.59;    3235.57;    1116.55;       10;    0.65;   stop
   155;     355.30;    1549.97;     356.70;    1537.44;     329.54;    1534.40;     328.14;    1546.94;       10;    0.65;   stop
   395;     608.67;    1566.57;     609.37;    1554.90;     584.77;    1553.43;     584.07;    1565.10;       10;    0.65;   stop
  6798;    2472.92;    1154.43;    2474.06;    1141.96;    2446.33;    1139.45;    2445.19;    1151.91;       10;    0.65;   stop
 12945;    3348.57;     989.14;    3357.29;     964.54;    3344.25;     959.92;    3335.53;     984.52;       10;    0.65;   stop
 14322;    3125.59;    1411.00;    3136.68;    1387.40;    3123.79;    1381.34;    3112.69;    1404.94;       10;    0.64;   stop
 15574;     729.72;    1609.65;     730.37;    1597.19;     718.91;    1596.60;     718.27;    1609.06;       10;    0.64;   stop
   588;    3551.96;     528.12;    3561.97;     503.47;    3549.60;     498.45;    3539.59;     523.09;       10;    0.64;   stop
   692;    1256.98;    1189.27;    1258.08;    1173.54;    1221.40;    1170.98;    1220.30;    1186.71;        9;    0.64;   stop
   233;     763.18;    1577.98;     764.25;    1567.49;     742.42;    1565.27;     741.36;    1575.76;       10;    0.64;   stop
 14185;    3171.42;    1164.16;    3177.80;    1124.39;    3159.51;    1121.46;    3153.14;    1161.24;        9;    0.64;   stop
   506;    2804.84;     647.23;    2825.26;     646.90;    2825.08;     636.44;    2804.67;     636.78;       10;    0.64;   stop
   487;    3561.62;    1280.19;    3576.54;    1280.17;    3576.50;    1251.06;    3561.59;    1251.08;       10;    0.64;   stop
   379;     766.28;    1935.63;     778.70;    1935.56;     778.55;    1908.49;     766.14;    1908.56;       10;    0.64;   stop
   281;     307.66;    1036.42;     307.75;    1024.37;     283.90;    1024.21;     283.82;    1036.25;       10;    0.63;   stop
   508;    1803.44;    1681.46;    1804.62;    1669.40;    1775.37;    1666.54;    1774.19;    1678.60;       10;    0.63;   stop
 16445;     232.59;    1101.41;     233.26;    1088.98;     208.50;    1087.65;     207.83;    1100.08;       10;    0.63;   move
   568;    3301.78;    1004.57;    3314.74;     973.28;    3297.28;     966.05;    3284.32;     997.34;       10;    0.63;   stop
   491;    2886.20;     647.36;    2915.26;     645.92;    2914.58;     632.33;    2885.53;     633.77;       10;    0.63;   stop
   617;    2234.88;    2098.35;    2242.19;    2086.72;    2215.25;    2069.77;    2207.93;    2081.40;       10;    0.63;   stop
   516;    1769.03;    1646.13;    1770.46;    1632.95;    1742.15;    1629.87;    1740.72;    1643.05;       10;    0.62;   stop
   659;    1949.15;    1905.15;    1959.42;    1865.54;    1943.26;    1861.35;    1932.98;    1900.96;        9;    0.62;   stop
   569;    2116.38;    2149.58;    2122.55;    2138.20;    2096.93;    2124.30;    2090.76;    2135.68;       10;    0.62;   stop
   443;     753.90;    1222.69;     754.98;    1209.62;     726.88;    1207.31;     725.80;    1220.38;       10;    0.62;   stop
   620;    2594.38;    1947.85;    2599.92;    1934.74;    2570.12;    1922.15;    2564.58;    1935.26;       10;    0.62;   stop
 11585;    1831.58;     263.91;    1833.32;     244.92;    1823.54;     244.03;    1821.81;     263.02;       10;    0.62;   stop
   323;     696.94;    1607.46;     697.73;    1594.72;     672.75;    1593.17;     671.95;    1605.90;       10;    0.62;   stop
   434;    1361.73;    1652.75;    1362.56;    1639.64;    1334.90;    1637.87;    1334.06;    1650.99;       10;    0.62;   stop
  5728;    2499.82;    2046.66;    2525.20;    2036.28;    2519.55;    2022.46;    2494.17;    2032.84;       10;    0.62;   stop
   535;    2439.52;    2082.86;    2466.22;    2071.67;    2460.60;    2058.27;    2433.90;    2069.46;       10;    0.62;   stop
 14485;    1896.99;     861.61;    1909.87;     861.14;    1908.79;     831.52;    1895.91;     831.99;       10;    0.61;   stop
   589;    1467.00;     925.10;    1468.32;     912.48;    1442.25;     909.77;    1440.93;     922.40;       10;    0.61;   stop
   475;    1118.70;    1638.50;    1146.95;    1637.62;    1146.49;    1622.87;    1118.24;    1623.75;       10;    0.61;   stop
   476;    1483.51;    1659.51;    1484.74;    1647.27;    1458.37;    1644.62;    1457.13;    1656.85;       10;    0.61;   stop
   608;    1769.31;    2127.24;    1786.85;    2095.65;    1773.31;    2088.13;    1755.77;    2119.73;        9;    0.61;   stop
  4326;    2058.90;     266.25;    2083.57;     265.79;    2083.35;     254.06;    2058.68;     254.53;       10;    0.61;   stop
 16334;     355.45;    1117.25;     356.29;    1102.77;     323.77;    1100.87;     322.93;    1115.36;       10;    0.61;   move
   467;    3354.82;     634.19;    3379.44;     631.89;    3378.30;     619.71;    3353.68;     622.01;       10;    0.61;   stop
   418;    1262.01;    1646.33;    1262.92;    1633.78;    1237.18;    1631.92;    1236.27;    1644.47;       10;    0.61;   stop
   477;    1973.90;     226.30;    1984.17;     226.23;    1984.04;     206.26;    1973.76;     206.33;       10;    0.61;   stop
 13917;    2949.10;     645.68;    2949.10;     632.84;    2920.59;     632.84;    2920.59;     645.68;       10;    0.60;   stop
   602;    3215.16;    1178.35;    3230.16;    1153.42;    3218.90;    1146.65;    3203.90;    1171.58;       10;    0.60;   stop
   648;    2194.04;    2116.65;    2203.12;    2104.51;    2177.33;    2085.22;    2168.25;    2097.37;       10;    0.60;   stop
   549;    3532.89;     629.44;    3562.35;     628.89;    3562.11;     616.02;    3532.65;     616.58;       10;    0.60;   stop
 12282;    1880.71;     600.75;    1891.67;     600.06;    1890.29;     578.25;    1879.33;     578.94;       10;    0.60;   stop
   591;    2519.93;     163.48;    2520.47;     136.57;    2508.44;     136.33;    2507.90;     163.24;       10;    0.60;   stop
   278;    1280.66;    1611.92;    1281.02;    1599.66;    1253.40;    1598.83;    1253.04;    1611.09;       10;    0.60;   stop
   378;     793.60;    1936.67;     793.89;    1909.84;     781.11;    1909.71;     780.83;    1936.53;       10;    0.59;   stop
   212;     730.05;    1609.26;     730.65;    1596.35;     704.33;    1595.12;     703.72;    1608.02;       10;    0.59;   stop
 15044;    1814.34;      34.55;    1827.34;      33.90;    1825.93;       5.95;    1812.93;       6.60;       10;    0.59;   stop
   575;    1501.28;     929.24;    1502.71;     916.75;    1474.34;     913.51;    1472.92;     926.00;       10;    0.59;   stop
   282;     362.99;    1035.51;     363.81;    1023.07;     337.79;    1021.37;     336.98;    1033.81;       10;    0.59;   stop
   424;     685.40;    1573.48;     685.89;    1560.77;     657.10;    1559.65;     656.61;    1572.35;       10;    0.59;   stop
 15667;    1375.93;    1167.56;    1395.12;    1167.23;    1394.94;    1156.69;    1375.75;    1157.02;       10;    0.59;   move
  4716;    3079.79;    1539.95;    3088.75;    1516.73;    3076.96;    1512.18;    3068.00;    1535.40;       10;    0.58;   stop
   587;    2491.21;    1992.32;    2499.43;    1981.83;    2474.16;    1962.06;    2465.95;    1972.55;       10;    0.58;   stop
  1324;    3163.99;     639.31;    3188.30;     637.86;    3187.57;     625.61;    3163.27;     627.06;       10;    0.58;   stop
   550;    2404.10;    1892.64;    2405.88;    1865.74;    2392.53;    1864.86;    2390.75;    1891.76;       10;    0.58;   stop
   658;    1834.62;     211.72;    1849.91;     208.75;    1841.88;     167.40;    1826.59;     170.38;        9;    0.58;   stop
   497;    2518.47;     763.42;    2531.67;     763.23;    2531.28;     735.08;    2518.08;     735.27;       10;    0.58;   stop
   600;    3142.90;     157.84;    3143.15;     128.69;    3128.03;     128.56;    3127.79;     157.71;       10;    0.58;   stop
 12478;    3169.37;    1207.15;    3179.30;    1174.95;    3164.38;    1170.35;    3154.45;    1202.55;       10;    0.58;   stop
   393;    2418.36;    1368.74;    2419.15;    1355.53;    2389.51;    1353.76;    2388.72;    1366.97;       10;    0.58;   stop
 13040;    3383.16;     907.18;    3395.00;     880.95;    3381.84;     875.01;    3370.00;     901.23;       10;    0.57;   stop
   500;    1940.05;    2109.06;    1954.96;    2108.62;    1954.05;    2078.19;    1939.14;    2078.63;       10;    0.57;   stop
   610;     201.68;    1131.98;     226.26;    1131.58;     226.05;    1118.96;     201.48;    1119.35;       10;    0.57;   stop
   613;    1881.74;    1652.72;    1882.34;    1640.27;    1856.64;    1639.03;    1856.03;    1651.48;       10;    0.57;   stop
   442;     673.29;    1188.68;     686.33;    1188.54;     686.08;    1164.45;     673.04;    1164.58;       10;    0.57;   stop
 16643;    3366.74;     895.98;    3378.27;     869.82;    3365.45;     864.17;    3353.92;     890.34;       10;    0.57;   move
   584;    1701.73;    1676.99;    1702.97;    1663.37;    1675.52;    1660.88;    1674.28;    1674.50;       10;    0.57;   stop
   619;    3545.94;    1037.67;    3546.04;    1026.96;    3520.94;    1026.70;    3520.83;    1037.42;       10;    0.56;   stop
   478;     832.35;    1209.27;     834.39;    1195.97;     806.40;    1191.67;     804.36;    1204.97;       10;    0.56;   stop
   625;    3232.10;    1149.44;    3244.54;    1126.59;    3232.90;    1120.25;    3220.46;    1143.10;       10;    0.56;   stop
   616;     622.29;    1153.14;     647.20;    1152.91;     647.09;    1139.99;     622.17;    1140.22;       10;    0.56;   stop
 15112;    2710.30;    1178.45;    2712.74;    1165.08;    2683.08;    1159.68;    2680.64;    1173.04;       10;    0.56;   stop
   614;    2507.08;    1982.47;    2515.55;    1971.99;    2493.17;    1953.90;    2484.70;    1964.39;       10;    0.56;   stop
 12147;    3031.15;    1292.88;    3033.66;    1278.61;    3006.35;    1273.81;    3003.84;    1288.08;       10;    0.56;   move
 15808;    1833.56;     211.38;    1849.42;     208.81;    1842.94;     168.87;    1827.08;     171.44;       10;    0.56;   stop
 13205;    3451.88;     750.89;    3462.28;     724.87;    3449.06;     719.58;    3438.65;     745.60;       10;    0.56;   stop
   656;    2254.64;    2087.86;    2260.48;    2075.73;    2234.86;    2063.39;    2229.02;    2075.52;       10;    0.56;   stop
   232;     523.87;    1561.33;     524.57;    1548.98;     497.07;    1547.42;     496.37;    1559.77;       10;    0.55;   stop
   745;    1976.70;    1777.77;    1978.39;    1756.71;    1967.73;    1755.86;    1966.05;    1776.92;       10;    0.55;   stop
   542;    3663.73;     627.61;    3698.46;     625.32;    3697.52;     611.06;    3662.79;     613.36;       10;    0.55;   stop
   559;    3496.32;     566.47;    3504.46;     541.30;    3491.81;     537.20;    3483.66;     562.37;       10;    0.55;   stop
 12603;    3321.56;    1161.05;    3327.31;    1148.33;    3293.44;    1133.01;    3287.69;    1145.73;       10;    0.55;   stop
   447;     498.09;     578.46;     500.77;     567.31;     481.59;     562.71;     478.92;     573.86;       10;    0.55;   stop
   460;    1353.46;    1615.97;    1354.78;    1604.37;    1329.66;    1601.53;    1328.35;    1613.13;       10;    0.55;   stop
   381;    3597.68;     428.97;    3609.66;     401.72;    3596.69;     396.03;    3584.72;     423.28;       10;    0.54;   stop
   492;     551.18;    1044.77;     573.26;    1044.04;     572.88;    1032.73;     550.81;    1033.46;       10;    0.54;   stop
   433;     889.79;    1151.92;     890.13;    1138.27;     857.05;    1137.45;     856.72;    1151.11;       10;    0.54;   move
   570;    3202.91;     641.04;    3231.66;     640.08;    3231.16;     625.05;    3202.40;     626.01;       10;    0.54;   stop
  5159;    2639.69;    2045.18;    2650.95;    2040.43;    2640.69;    2016.07;    2629.42;    2020.82;       10;    0.54;   stop
 16012;    1948.98;    1903.61;    1958.36;    1865.66;    1942.58;    1861.76;    1933.20;    1899.71;       10;    0.54;   stop
 15241;    1153.09;    1183.06;    1153.82;    1169.60;    1127.85;    1168.19;    1127.11;    1181.65;       10;    0.54;   stop
   669;    3598.30;    1279.72;    3598.67;    1251.72;    3583.89;    1251.53;    3583.52;    1279.53;       10;    0.54;   stop
 16297;    1536.61;     304.15;    1536.77;     277.55;    1524.52;     277.48;    1524.36;     304.07;       10;    0.54;   move
 14192;    2551.24;     656.13;    2579.30;     654.19;    2578.39;     640.99;    2550.33;     642.93;       10;    0.54;   stop
   502;    3136.87;    1181.25;    3150.17;    1155.84;    3137.82;    1149.37;    3124.51;    1174.78;       10;    0.54;   stop
   723;    3191.27;    1176.79;    3205.18;    1152.24;    3193.10;    1145.40;    3179.19;    1169.94;       10;    0.54;   stop
   545;    2763.12;    1390.57;    2765.65;    1375.38;    2734.38;    1370.18;    2731.85;    1385.37;       10;    0.54;   stop
 16032;    2858.71;     243.06;    2888.65;     241.08;    2887.69;     226.63;    2857.76;     228.60;       10;    0.53;   stop
   680;    2567.43;    1954.94;    2575.33;    1943.47;    2552.07;    1927.44;    2544.17;    1938.91;       10;    0.53;   stop
   577;    1550.49;     819.12;    1554.36;     789.70;    1541.01;     787.94;    1537.14;     817.36;       10;    0.53;   stop
   590;    1534.48;     978.87;    1536.83;     953.81;    1525.52;     952.75;    1523.17;     977.81;       10;    0.53;   stop
   538;    1958.88;    2109.72;    1972.70;    2109.38;    1972.05;    2083.16;    1958.24;    2083.50;       10;    0.53;   stop
   673;    2548.41;    1965.67;    2556.75;    1952.88;    2530.59;    1935.83;    2522.25;    1948.62;       10;    0.53;   stop
   370;     615.23;    1375.76;     617.45;    1362.53;     590.39;    1357.99;     588.17;    1371.22;       10;    0.53;   stop
  7794;    2129.62;    1101.90;    2129.87;    1090.08;    2107.13;    1089.60;    2106.88;    1101.42;       10;    0.53;   stop
 14113;    2649.03;     649.23;    2649.19;     638.81;    2639.37;     638.66;    2639.21;     649.08;       10;    0.53;   stop
   463;    3791.89;     262.51;    3793.63;     232.00;    3777.48;     231.08;    3775.75;     261.59;       10;    0.52;   stop
   707;    2663.28;    1251.93;    2665.28;    1236.68;    2640.10;    1233.38;    2638.10;    1248.63;       10;    0.52;   stop
  1149;    1604.92;    1667.40;    1605.90;    1654.53;    1578.83;    1652.48;    1577.85;    1665.34;       10;    0.52;   stop
  2828;    2464.16;    1521.92;    2464.38;    1497.14;    2451.72;    1497.02;    2451.49;    1521.80;       10;    0.52;   stop
 15430;    2526.09;     478.37;    2526.49;     454.47;    2513.54;     454.25;    2513.13;     478.15;       10;    0.52;   stop
 11401;    3749.86;     206.38;    3779.03;     204.87;    3778.27;     190.19;    3749.10;     191.70;       10;    0.52;   stop
   449;     500.81;    1007.64;     516.10;    1007.29;     515.44;     977.99;     500.15;     978.33;       10;    0.51;   stop
   294;     621.97;    1356.61;     623.69;    1343.04;     596.78;    1339.64;     595.06;    1353.21;       10;    0.51;   stop
 13833;    1843.55;     935.85;    1843.60;     915.36;    1832.95;     915.33;    1832.90;     935.83;       10;    0.51;   stop
 15511;    3050.80;     641.73;    3075.32;     639.67;    3074.36;     628.11;    3049.83;     630.17;       10;    0.51;   stop
   482;     310.17;    1034.08;     333.46;    1034.00;     333.42;    1021.86;     310.13;    1021.93;       10;    0.51;   stop
   706;    2528.28;    1972.88;    2536.09;    1962.09;    2514.72;    1946.62;    2506.91;    1957.41;       10;    0.51;   stop
   486;    2528.45;     602.37;    2529.68;     578.36;    2517.93;     577.75;    2516.69;     601.77;       10;    0.51;   stop
   347;     959.02;     672.59;     960.35;     661.80;     936.32;     658.85;     935.00;     669.64;       10;    0.51;   stop
 16446;    1833.87;    2115.24;    1857.09;    2059.68;    1838.13;    2051.76;    1814.91;    2107.32;        9;    0.51;   move
   537;    2470.16;    2068.41;    2495.23;    2055.98;    2488.47;    2042.34;    2463.40;    2054.77;       10;    0.51;   stop
   560;    1885.61;    1892.22;    1898.38;    1855.72;    1883.89;    1850.65;    1871.12;    1887.15;        9;    0.51;   stop
   599;    2457.22;    2008.83;    2465.68;    1998.33;    2440.66;    1978.17;    2432.20;    1988.67;       10;    0.51;   stop
   541;    1042.35;    1176.43;    1043.05;    1162.86;    1013.03;    1161.32;    1012.33;    1174.89;        9;    0.50;   stop
   626;    3567.85;    1317.94;    3577.69;    1312.23;    3566.53;    1293.00;    3556.68;    1298.71;       10;    0.50;   stop
   456;    3266.00;     227.30;    3295.67;     225.02;    3294.62;     211.45;    3264.96;     213.73;       10;    0.50;   stop
   563;    1190.31;    2148.34;    1201.36;    2147.88;    1200.32;    2122.91;    1189.27;    2123.37;       10;    0.50;   stop
   576;    1912.43;    1580.11;    1926.02;    1579.96;    1925.70;    1548.52;    1912.10;    1548.66;       10;    0.50;   stop
 16653;     888.29;    1152.63;     888.75;    1138.72;     857.33;    1137.68;     856.87;    1151.59;        9;    0.50;   stop
  7821;    1619.07;    1632.96;    1620.05;    1621.45;    1596.18;    1619.42;    1595.20;    1630.92;       10;    0.50;   stop
   578;    2410.26;    2149.57;    2412.28;    2120.75;    2398.74;    2119.80;    2396.72;    2148.63;       10;    0.49;   stop
   612;    2508.49;     195.54;    2521.03;     195.53;    2521.01;     168.96;    2508.47;     168.97;       10;    0.49;   stop
   526;    2510.37;     349.08;    2523.00;     348.83;    2522.50;     323.67;    2509.88;     323.92;       10;    0.49;   stop
   636;    2407.87;    1827.82;    2409.92;    1802.41;    2397.75;    1801.43;    2395.70;    1826.84;       10;    0.49;   stop
   574;    1922.88;    2103.41;    1937.04;    2103.19;    1936.62;    2075.97;    1922.46;    2076.18;       10;    0.49;   stop
   462;    2826.62;     243.36;    2851.36;     242.38;    2850.88;     230.27;    2826.14;     231.25;       10;    0.49;   stop
   601;    2432.20;     259.95;    2459.20;     259.38;    2458.92;     246.30;    2431.93;     246.87;       10;    0.48;   stop
   514;    2523.05;     320.08;    2523.13;     288.58;    2509.82;     288.55;    2509.75;     320.05;       10;    0.48;   stop
 16341;     561.67;    1241.05;     591.64;    1238.84;     590.52;    1223.63;     560.54;    1225.85;       10;    0.48;   stop
   678;     726.18;    1053.03;     726.79;    1039.79;     719.85;    1039.47;     719.23;    1052.71;       10;    0.48;   stop
   474;     809.67;    1936.78;     809.69;    1908.48;     797.53;    1908.47;     797.51;    1936.77;       10;    0.48;   stop
 15914;    2603.50;     250.80;    2626.37;     250.56;    2626.25;     239.70;    2603.38;     239.94;       10;    0.47;   stop
   431;    2359.88;     656.05;    2383.07;     655.38;    2382.75;     644.45;    2359.56;     645.12;       10;    0.47;   stop
   445;     824.74;    1933.17;     825.56;    1907.98;     813.26;    1907.58;     812.44;    1932.77;       10;    0.47;   stop
  8341;    1431.54;     920.85;    1432.37;     909.06;    1406.83;     907.27;    1406.01;     919.07;       10;    0.47;   stop
 12562;    2781.68;    1864.69;    2788.68;    1853.86;    2764.81;    1838.43;    2757.81;    1849.27;       10;    0.47;   stop
 13494;    3648.37;    1343.96;    3657.55;    1316.71;    3643.51;    1311.98;    3634.32;    1339.22;       10;    0.47;   stop
 13086;    2425.13;    1627.03;    2427.45;    1602.88;    2415.37;    1601.72;    2413.05;    1625.87;       10;    0.47;   stop
   694;    2533.26;     808.09;    2533.65;     782.85;    2520.99;     782.66;    2520.60;     807.90;       10;    0.46;   stop
 16371;    2703.87;     688.65;    2728.84;     685.59;    2727.25;     672.60;    2702.28;     675.66;       10;    0.46;   stop
 15573;      62.75;    1129.84;      89.82;    1128.83;      89.36;    1116.41;      62.29;    1117.42;       10;    0.46;   stop
   517;     410.17;    1589.45;     435.80;    1588.78;     435.45;    1575.55;     409.83;    1576.22;       10;    0.46;   stop
   631;    1196.83;    1757.23;    1197.84;    1728.48;    1184.80;    1728.02;    1183.78;    1756.77;       10;    0.46;   stop
   558;    1980.39;    2113.89;    1994.07;    2111.19;    1988.61;    2083.49;    1974.93;    2086.19;       10;    0.46;   stop
   646;    2366.12;    1338.08;    2366.91;    1325.31;    2340.51;    1323.67;    2339.71;    1336.44;       10;    0.46;   stop
   735;    3776.85;     400.59;    3793.74;     399.91;    3792.52;     370.03;    3775.63;     370.72;       10;    0.46;   stop
   555;    1175.45;    1062.60;    1175.53;    1053.51;    1157.05;    1053.34;    1156.97;    1062.43;       10;    0.46;   stop
 14903;    3776.15;     462.17;    3793.29;     462.14;    3793.22;     426.58;    3776.08;     426.61;        9;    0.45;   stop
  3142;     496.31;    1594.12;     497.02;    1581.56;     474.00;    1580.26;     473.29;    1592.81;       10;    0.45;   stop
   685;    1979.17;     743.28;    1988.13;     743.07;    1987.77;     727.10;    1978.81;     727.30;       10;    0.44;   stop
   649;     570.60;    1040.52;     594.99;    1039.92;     594.72;    1028.54;     570.32;    1029.14;       10;    0.44;   stop
   453;    1252.36;    1474.86;    1257.26;    1446.61;    1245.14;    1444.51;    1240.24;    1472.76;       10;    0.44;   stop
 13227;    1844.74;    1466.12;    1868.96;    1465.97;    1868.88;    1453.25;    1844.66;    1453.40;       10;    0.44;   stop
 11150;    3626.99;     632.77;    3648.30;     624.85;    3642.39;     608.95;    3621.08;     616.87;       10;    0.44;   stop
   598;    2471.67;    1998.14;    2480.68;    1987.98;    2458.83;    1968.61;    2449.82;    1978.77;       10;    0.44;   stop
   454;    2986.74;    1505.89;    2999.80;    1476.97;    2987.94;    1471.61;    2974.89;    1500.53;       10;    0.43;   stop
 16574;    1256.81;    1188.99;    1257.81;    1173.56;    1222.13;    1171.26;    1221.13;    1186.69;       10;    0.43;   stop
   650;    2592.26;    1428.75;    2598.45;    1399.63;    2584.61;    1396.68;    2578.42;    1425.81;       10;    0.43;   stop
   683;    1131.82;      79.35;    1131.83;      68.61;    1108.61;      68.59;    1108.60;      79.33;       10;    0.42;   stop
 14095;    3785.18;     203.53;    3811.54;     201.29;    3810.44;     188.35;    3784.08;     190.58;       10;    0.42;   stop
 15563;    2208.29;    2108.26;    2217.67;    2099.04;    2199.08;    2080.12;    2189.70;    2089.33;       10;    0.42;   stop
 16351;    3426.59;     220.81;    3456.08;     219.76;    3455.59;     206.22;    3426.11;     207.27;       10;    0.42;   stop
 15911;    2414.81;    1742.20;    2417.15;    1717.14;    2405.44;    1716.05;    2403.10;    1741.11;       10;    0.42;   stop
 13453;    3756.41;     332.35;    3757.99;     295.62;    3739.84;     294.84;    3738.26;     331.57;       10;    0.41;   stop
 14661;    3260.21;    1099.46;    3274.89;    1076.68;    3262.92;    1068.97;    3248.24;    1091.75;       10;    0.41;   stop
  5589;    3793.00;     293.90;    3793.95;     265.85;    3778.25;     265.32;    3777.30;     293.37;       10;    0.41;   stop
 13139;    3424.24;     814.77;    3431.66;     793.13;    3420.44;     789.29;    3413.03;     810.94;       10;    0.41;   stop
   647;    2405.40;    1862.81;    2406.94;    1839.17;    2395.73;    1838.44;    2394.19;    1862.08;       10;    0.40;   stop
 14846;    3077.60;     642.09;    3102.80;     637.40;    3100.53;     625.17;    3075.32;     629.87;       10;    0.40;   stop
   583;     522.92;    2096.23;     549.90;    2095.62;     549.58;    2081.27;     522.60;    2081.88;       10;    0.40;   stop
 14457;    2453.77;    1633.69;    2455.01;    1608.02;    2442.98;    1607.44;    2441.74;    1633.11;       10;    0.40;   stop
 15872;    1632.61;     647.46;    1633.73;     636.34;    1609.64;     633.91;    1608.52;     645.04;       10;    0.40;   stop
 13721;    2451.40;    1680.84;    2452.25;    1655.28;    2437.47;    1654.79;    2436.63;    1680.35;       10;    0.39;   stop
 16654;    1043.05;    1175.58;    1043.61;    1161.90;    1013.83;    1160.67;    1013.26;    1174.35;       10;    0.39;   stop
 15983;    2527.63;     510.07;    2528.18;     481.32;    2514.24;     481.05;    2513.69;     509.81;       10;    0.39;   stop
 14075;    3701.62;     626.58;    3731.84;     624.49;    3730.88;     610.69;    3700.66;     612.78;       10;    0.38;   stop
 16602;    2747.62;    1228.24;    2749.03;    1215.94;    2723.51;    1213.01;    2722.10;    1225.31;        9;    0.38;   move
 10387;    1422.40;    1656.70;    1424.30;    1644.63;    1399.10;    1640.67;    1397.20;    1652.75;       10;    0.38;   stop
 16249;    3119.70;    1407.76;    3122.52;    1388.02;    3113.55;    1386.74;    3110.73;    1406.48;       10;    0.38;   stop
   627;    1350.75;     109.20;    1351.42;      96.90;    1326.75;      95.55;    1326.08;     107.85;       10;    0.37;   stop
 16646;    1909.25;    1445.45;    1924.64;    1443.69;    1920.25;    1405.30;    1904.86;    1407.06;       10;    0.37;   stop
 16620;    3686.10;    1036.65;    3716.68;    1036.00;    3716.40;    1023.04;    3685.82;    1023.69;       10;    0.37;   stop
 15253;    1886.74;    2039.29;    1898.00;    2016.58;    1886.14;    2010.71;    1874.88;    2033.42;       10;    0.37;   stop
 16403;    1840.51;    1686.47;    1841.57;    1673.70;    1817.05;    1671.66;    1815.99;    1684.43;       10;    0.37;   stop
   702;    1982.22;    1525.96;    1991.34;    1525.92;    1991.28;    1507.04;    1982.16;    1507.08;       10;    0.37;   stop
   633;    2238.67;    2160.73;    2267.61;    2152.45;    2263.76;    2139.02;    2234.83;    2147.30;       10;    0.37;   stop
  5611;     763.16;    1934.97;     763.18;    1909.17;     749.89;    1909.16;     749.87;    1934.96;       10;    0.36;   stop
 14206;    2669.86;    1170.70;    2671.31;    1156.59;    2640.07;    1153.36;    2638.62;    1167.48;       10;    0.36;   stop
 16650;    3438.55;     783.72;    3447.63;     755.59;    3433.33;     750.97;    3424.25;     779.10;       10;    0.36;   stop
 16623;     555.52;    2095.95;     583.00;    2095.14;     582.60;    2081.55;     555.12;    2082.36;       10;    0.36;   stop
 14180;     378.42;    1280.68;     380.10;    1253.31;     365.95;    1252.44;     364.27;    1279.81;       10;    0.35;   stop
 16495;    2422.06;     655.32;    2422.16;     643.14;    2397.06;     642.93;    2396.96;     655.11;       10;    0.35;   stop