vehicle_id; veh_bb_x1; veh_bb_y1; veh_bb_x2; veh_bb_y2; veh_bb_x3; veh_bb_y3; veh_bb_x4; veh_bb_y4; det_class; conf_score; state
 14503;    3080.87;    1496.02;    3092.73;    1470.79;    3080.38;    1464.98;    3068.52;    1490.21;       10;    0.84;   stop
     2;    2918.60;    1173.86;    2921.09;    1162.70;    2896.15;    1157.14;    2893.66;    1168.30;       10;    0.83;   stop
 14995;    3142.56;    1296.00;    3144.21;    1281.04;    3111.50;    1277.43;    3109.86;    1292.40;       10;    0.83;   move
     3;    3018.18;    1440.81;    3028.80;    1416.10;    3017.07;    1411.06;    3006.45;    1435.77;       10;    0.83;   stop
 15117;    2967.90;    1726.12;    2978.15;    1703.02;    2966.01;    1697.63;    2955.75;    1720.73;       10;    0.83;   move
     8;    2108.49;    1217.16;    2109.21;    1205.30;    2085.14;    1203.84;    2084.42;    1215.70;       10;    0.83;   stop
 15204;    2696.04;    1155.29;    2697.95;    1142.91;    2669.83;    1138.58;    2667.93;    1150.97;       10;    0.83;   stop
 14652;    3102.93;    1410.95;    3117.02;    1380.44;    3102.85;    1373.89;    3088.76;    1404.40;       10;    0.83;   stop
    17;    1362.78;    1192.74;    1363.63;    1176.61;    1319.22;    1174.26;    1318.37;    1190.39;        9;    0.82;   stop
 14429;    3105.56;    1315.36;    3107.88;    1302.60;    3078.19;    1297.22;    3075.87;    1309.97;       10;    0.82;   move
 13137;    2459.56;    1136.43;    2460.15;    1122.77;    2429.31;    1121.45;    2428.72;    1135.10;       10;    0.82;   stop
    30;    1847.65;     658.64;    1847.83;     632.94;    1835.60;     632.86;    1835.42;     658.56;       10;    0.82;   stop
 11550;    2124.14;    1120.55;    2125.26;    1108.51;    2096.49;    1105.83;    2095.36;    1117.87;       10;    0.82;   move
 11741;    1971.11;    1434.35;    1971.36;    1410.90;    1959.27;    1410.77;    1959.02;    1434.22;       10;    0.82;   stop
    20;    1983.59;     375.32;    1984.34;     348.40;    1971.91;     348.06;    1971.16;     374.98;       10;    0.82;   stop
   133;    1981.10;     122.69;    1981.10;      95.56;    1968.40;      95.56;    1968.40;     122.69;       10;    0.82;   stop
    59;    2980.22;    1309.35;    2982.89;    1295.37;    2950.40;    1289.17;    2947.73;    1303.14;       10;    0.82;   stop
 15390;    2778.09;    1172.15;    2781.53;    1153.70;    2730.66;    1144.22;    2727.22;    1162.68;        9;    0.82;   stop
    35;     937.46;    1169.57;     938.37;    1157.83;     912.32;    1155.81;     911.41;    1167.55;       10;    0.82;   stop
 12429;    1872.53;     903.82;    1872.68;     877.12;    1860.97;     877.06;    1860.82;     903.76;       10;    0.81;   stop
 10111;    2224.03;    1143.94;    2224.72;    1132.26;    2200.22;    1130.81;    2199.53;    1142.49;       10;    0.81;   move
 14012;    2623.81;    1163.23;    2625.29;    1151.70;    2601.44;    1148.65;    2599.96;    1160.17;       10;    0.81;   stop
    57;    2591.48;    1243.58;    2592.51;    1230.45;    2561.77;    1228.04;    2560.74;    1241.17;       10;    0.81;   stop
 16786;    1866.36;      93.62;    1880.35;      93.39;    1879.89;      65.01;    1865.90;      65.23;       10;    0.81;   stop
    45;    3044.64;    1474.21;    3056.92;    1448.89;    3044.61;    1442.92;    3032.33;    1468.24;       10;    0.81;   stop
    19;    2949.73;    1181.11;    2952.44;    1169.52;    2926.99;    1163.57;    2924.28;    1175.17;       10;    0.81;   stop
 11991;    2973.13;    1249.11;    2975.81;    1236.63;    2947.65;    1230.58;    2944.97;    1243.06;       10;    0.81;   stop
    90;    3126.46;    1453.09;    3138.49;    1428.45;    3125.72;    1422.22;    3113.69;    1446.86;       10;    0.81;   stop
 11751;    1877.20;     795.55;    1890.87;     795.43;    1890.61;     767.07;    1876.94;     767.20;       10;    0.81;   stop
 15790;    2143.07;    1189.16;    2143.64;    1176.85;    2116.18;    1175.59;    2115.61;    1187.90;       10;    0.81;   move
    55;    1012.34;    1062.44;    1012.53;    1050.72;     987.06;    1050.31;     986.88;    1062.03;       10;    0.81;   stop
    25;    1270.23;    1073.03;    1271.13;    1060.76;    1245.27;    1058.85;    1244.37;    1071.12;       10;    0.81;   stop
 16534;     888.48;    1138.77;     889.10;    1125.98;     863.15;    1124.73;     862.53;    1137.52;       10;    0.81;   move
 11306;    1890.90;     909.71;    1891.06;     882.49;    1878.60;     882.41;    1878.44;     909.64;       10;    0.81;   stop
    56;    2886.77;    1168.33;    2889.39;    1155.92;    2862.73;    1150.30;    2860.11;    1162.71;       10;    0.81;   stop
    29;    3607.03;    1455.44;    3611.13;    1441.07;    3577.97;    1431.60;    3573.87;    1445.96;       10;    0.81;   stop
    40;    2928.66;    1297.70;    2930.70;    1285.12;    2904.09;    1280.80;    2902.05;    1293.38;       10;    0.81;   stop
   156;    2151.88;    1217.91;    2152.27;    1206.15;    2127.62;    1205.34;    2127.23;    1217.10;       10;    0.81;   stop
 15552;    1884.59;     403.18;    1884.70;     378.75;    1872.91;     378.69;    1872.80;     403.13;       10;    0.81;   stop
    67;    1967.63;     447.33;    1981.06;     447.18;    1980.75;     417.80;    1967.31;     417.94;       10;    0.81;   stop
 13476;    2563.50;    1144.05;    2564.25;    1131.18;    2536.88;    1129.58;    2536.12;    1142.45;       10;    0.81;   stop
 13885;    2607.72;    1146.14;    2608.87;    1134.45;    2583.78;    1131.98;    2582.63;    1143.67;       10;    0.81;   stop
 14791;    2808.83;    1254.56;    2811.88;    1237.55;    2763.43;    1228.88;    2760.39;    1245.89;        9;    0.81;   move
 16600;    3302.11;    1304.34;    3306.48;    1290.54;    3277.27;    1281.29;    3272.90;    1295.08;       10;    0.81;   stop
    23;    1475.08;      73.19;    1475.53;      59.43;    1445.42;      58.44;    1444.97;      72.19;       10;    0.80;   stop
 16211;    1869.13;     230.13;    1883.00;     230.10;    1882.93;     200.74;    1869.06;     200.78;       10;    0.80;   stop
   258;    1958.51;     786.39;    1971.73;     786.00;    1971.02;     761.61;    1957.80;     762.00;       10;    0.80;   stop
    74;    3005.58;    1471.95;    3016.56;    1446.90;    3004.92;    1441.80;    2993.94;    1466.85;       10;    0.80;   stop
   114;    1975.38;     565.95;    1975.65;     536.67;    1962.12;     536.55;    1961.85;     565.83;       10;    0.80;   stop
    88;     953.08;    1061.86;     980.11;    1061.52;     979.95;    1048.64;     952.92;    1048.98;       10;    0.80;   stop
    44;    2697.31;    1254.39;    2699.11;    1241.62;    2669.69;    1237.48;    2667.89;    1250.26;       10;    0.80;   stop
 15467;    3086.84;    1447.56;    3101.27;    1418.35;    3087.07;    1411.34;    3072.64;    1440.55;       10;    0.80;   stop
 16280;    2877.02;    1187.48;    2880.40;    1173.27;    2849.98;    1166.02;    2846.60;    1180.23;       10;    0.80;   move
    73;    3029.94;    1200.97;    3033.06;    1189.07;    3005.31;    1181.78;    3002.19;    1193.68;       10;    0.80;   stop
  7521;    1956.89;    1282.32;    1971.81;    1281.93;    1970.96;    1248.93;    1956.04;    1249.32;       10;    0.80;   stop
 15476;    1853.69;     631.45;    1866.28;     631.12;    1865.56;     603.80;    1852.97;     604.13;       10;    0.80;   stop
 16845;    1860.07;     240.24;    1860.77;     214.57;    1849.53;     214.26;    1848.82;     239.93;       10;    0.80;   stop
    66;    2457.53;    1232.95;    2458.02;    1220.57;    2432.47;    1219.55;    2431.98;    1231.93;       10;    0.80;   stop
  7612;    1991.45;    1303.17;    1992.01;    1271.08;    1977.74;    1270.83;    1977.18;    1302.92;       10;    0.80;   stop
  7880;    1960.11;    1355.54;    1971.26;    1355.47;    1971.11;    1330.96;    1959.96;    1331.03;       10;    0.80;   stop
    60;    3034.85;    1532.71;    3045.14;    1509.70;    3034.15;    1504.79;    3023.86;    1527.80;       10;    0.80;   stop
    85;    1947.91;     373.08;    1960.37;     373.06;    1960.34;     346.92;    1947.88;     346.94;       10;    0.80;   stop
 14841;    1896.17;     786.47;    1909.52;     786.11;    1908.77;     758.15;    1895.42;     758.51;       10;    0.80;   stop
  9525;    1958.52;    1570.71;    1972.58;    1570.48;    1972.14;    1543.29;    1958.08;    1543.52;       10;    0.80;   stop
    41;    1958.84;    1861.53;    1965.10;    1832.38;    1952.13;    1829.59;    1945.86;    1858.74;       10;    0.80;   stop
 14031;    1927.16;    1882.99;    1935.44;    1856.78;    1923.90;    1853.13;    1915.63;    1879.35;       10;    0.80;   stop
    64;    1802.80;    2059.11;    1816.34;    2032.72;    1804.98;    2026.89;    1791.44;    2053.28;       10;    0.80;   stop
   239;    1857.68;     829.21;    1871.44;     825.28;    1863.82;     798.66;    1850.06;     802.60;       10;    0.80;   stop
 16618;    1866.89;     131.27;    1880.98;     131.26;    1880.96;      99.92;    1866.86;      99.93;       10;    0.80;   stop
 15167;    1893.94;     752.71;    1907.33;     752.03;    1905.93;     724.42;    1892.54;     725.09;       10;    0.80;   stop
 12501;    1859.39;     865.61;    1874.44;     865.45;    1874.11;     834.27;    1859.06;     834.43;       10;    0.80;   stop
 15887;    3013.27;    1623.47;    3024.76;    1597.86;    3012.04;    1592.15;    3000.55;    1617.76;       10;    0.80;   stop
   110;    1042.64;    1063.33;    1042.94;    1052.28;    1020.61;    1051.67;    1020.31;    1062.72;       10;    0.80;   stop
   144;     869.17;    1165.55;     869.64;    1152.90;     844.21;    1151.95;     843.73;    1164.60;       10;    0.80;   stop
 15993;    1911.57;    1182.85;    1912.01;    1170.50;    1884.18;    1169.52;    1883.74;    1181.87;       10;    0.80;   move
    37;    2586.02;    1125.33;    2587.41;    1113.09;    2560.48;    1110.04;    2559.09;    1122.28;       10;    0.80;   stop
 12831;    1953.35;    1776.10;    1957.04;    1747.97;    1944.12;    1746.28;    1940.43;    1774.41;       10;    0.80;   stop
 15900;    1872.08;     328.34;    1885.59;     328.26;    1885.42;     299.41;    1871.91;     299.49;       10;    0.80;   stop
 15815;    1851.91;     588.84;    1866.30;     588.31;    1865.09;     555.29;    1850.70;     555.81;       10;    0.80;   stop
 16077;    1868.59;     273.56;    1880.27;     273.48;    1880.10;     248.44;    1868.41;     248.52;       10;    0.80;   stop
    15;    2728.73;    1257.75;    2730.21;    1245.68;    2704.79;    1242.56;    2703.31;    1254.63;       10;    0.80;   stop
    82;    2709.60;    1965.95;    2737.30;    1955.15;    2732.00;    1941.55;    2704.30;    1952.35;       10;    0.80;   stop
 16334;    1236.59;    1163.84;    1237.39;    1149.83;    1205.78;    1148.04;    1204.99;    1162.04;       10;    0.79;   move
 10683;    1895.83;     966.08;    1909.51;     965.77;    1908.83;     935.17;    1895.15;     935.48;       10;    0.79;   stop
 16311;    1850.30;     416.41;    1862.59;     416.24;    1862.20;     389.09;    1849.91;     389.26;       10;    0.79;   stop
 17227;    1847.55;     120.32;    1861.11;     119.77;    1859.79;      87.24;    1846.23;      87.79;       10;    0.79;   move
   117;    1977.81;     874.63;    1990.53;     873.31;    1988.00;     848.87;    1975.28;     850.19;       10;    0.79;   stop
 12367;    1673.31;    1115.57;    1674.20;    1102.64;    1645.44;    1100.68;    1644.55;    1113.61;       10;    0.79;   move
    79;     811.27;    1161.69;     811.77;    1150.12;     787.22;    1149.06;     786.72;    1160.63;       10;    0.79;   stop
 11693;    2216.32;    1126.48;    2217.06;    1114.87;    2193.87;    1113.39;    2193.13;    1125.00;       10;    0.79;   move
   103;    2521.36;    1236.74;    2522.01;    1225.10;    2495.77;    1223.63;    2495.12;    1235.27;       10;    0.79;   stop
 13184;    1939.26;    1847.32;    1945.99;    1819.87;    1933.45;    1816.80;    1926.73;    1844.26;       10;    0.79;   stop
   104;    1962.51;     409.38;    1976.12;     408.82;    1974.99;     381.49;    1961.38;     382.06;       10;    0.79;   stop
  9910;    1922.52;     712.59;    1934.98;     711.96;    1933.60;     684.66;    1921.15;     685.29;       10;    0.79;   move
 12228;    1556.95;    1108.10;    1557.64;    1096.09;    1532.30;    1094.65;    1531.61;    1106.66;       10;    0.79;   move
 15250;    1497.77;    1157.93;    1498.43;    1144.04;    1469.98;    1142.69;    1469.32;    1156.58;       10;    0.79;   move
    83;    1181.44;    1182.93;    1181.85;    1170.27;    1156.31;    1169.44;    1155.90;    1182.11;       10;    0.79;   stop
    48;    2321.00;    1110.38;    2321.69;    1098.28;    2296.75;    1096.87;    2296.06;    1108.97;       10;    0.79;   stop
 15555;    2515.28;    1205.51;    2516.16;    1192.74;    2487.22;    1190.74;    2486.34;    1203.51;       10;    0.79;   move
 15276;    1854.39;     667.19;    1866.68;     666.84;    1865.99;     642.31;    1853.70;     642.66;       10;    0.79;   stop
   177;    2126.69;     659.05;    2152.83;     659.00;    2152.81;     647.08;    2126.67;     647.13;       10;    0.79;   stop
   126;    1832.43;     877.06;    1842.02;     850.58;    1830.57;     846.44;    1820.98;     872.92;       10;    0.79;   stop
 10845;    1898.69;     927.96;    1911.15;     927.67;    1910.56;     902.42;    1898.10;     902.71;       10;    0.79;   stop
    99;    1971.78;     938.08;    1984.40;     937.70;    1983.72;     914.79;    1971.10;     915.17;       10;    0.79;   stop
    47;    1663.09;    1200.03;    1664.99;    1187.98;    1638.79;    1183.84;    1636.89;    1195.90;       10;    0.79;   stop
 11615;    1927.73;    1551.87;    1941.73;    1550.06;    1937.77;    1519.38;    1923.77;    1521.19;       10;    0.79;   stop
   191;    2716.81;    1140.27;    2718.53;    1128.13;    2691.81;    1124.35;    2690.10;    1136.49;       10;    0.79;   stop
    26;    2079.64;    1214.70;    2080.02;    1203.66;    2058.86;    1202.93;    2058.48;    1213.97;       10;    0.79;   stop
 16122;    1850.70;     481.92;    1865.42;     481.30;    1864.05;     448.46;    1849.33;     449.07;       10;    0.79;   stop
   152;    1949.81;      84.16;    1962.44;      83.97;    1962.01;      55.34;    1949.37;      55.53;       10;    0.79;   stop
    87;    1967.65;     159.42;    1980.99;     159.30;    1980.72;     129.70;    1967.38;     129.82;       10;    0.79;   stop
  1484;    1971.99;     984.50;    1985.98;     984.39;    1985.76;     953.88;    1971.77;     953.98;       10;    0.79;   stop
   100;     881.20;    1057.47;     881.85;    1045.35;     857.21;    1044.03;     856.56;    1056.15;       10;    0.79;   stop
   139;    1428.32;    1079.06;    1429.14;    1066.92;    1403.30;    1065.19;    1402.49;    1077.33;       10;    0.79;   stop
 16547;    1718.77;    1146.92;    1719.53;    1136.26;    1696.14;    1134.58;    1695.38;    1145.24;       10;    0.79;   stop
   148;    2859.53;    1282.27;    2862.00;    1269.93;    2835.97;    1264.73;    2833.50;    1277.07;       10;    0.79;   stop
    80;    3107.53;    1477.87;    3119.14;    1453.75;    3107.72;    1448.25;    3096.11;    1472.37;       10;    0.79;   stop
    18;    3026.09;    1514.47;    3038.44;    1490.62;    3027.16;    1484.78;    3014.81;    1508.63;       10;    0.79;   stop
    96;    1352.83;      72.55;    1352.90;      58.68;    1321.30;      58.51;    1321.22;      72.38;       10;    0.79;   stop
   101;    1331.62;    1073.23;    1331.68;    1061.02;    1304.25;    1060.89;    1304.20;    1073.11;       10;    0.79;   stop
     9;    2353.60;    1118.56;    2353.93;    1105.15;    2324.90;    1104.44;    2324.57;    1117.85;       10;    0.79;   stop
 12609;    1963.41;    1696.37;    1965.12;    1668.20;    1951.59;    1667.38;    1949.88;    1695.55;       10;    0.79;   stop
 12309;    1949.77;    1813.13;    1954.93;    1780.13;    1940.48;    1777.87;    1935.32;    1810.87;       10;    0.79;   stop
    21;    1816.24;    2028.58;    1828.59;    2003.07;    1817.69;    1997.80;    1805.34;    2023.30;       10;    0.79;   stop
 16399;    1861.89;     352.94;    1861.91;     327.70;    1849.95;     327.69;    1849.94;     352.93;       10;    0.79;   stop
 14245;    1875.82;     753.38;    1889.55;     752.78;    1888.34;     724.87;    1874.61;     725.47;       10;    0.79;   stop
    89;    1583.93;    1081.97;    1584.72;    1070.63;    1561.57;    1069.03;    1560.78;    1080.37;       10;    0.79;   stop
    65;    2831.14;    1158.57;    2833.53;    1146.34;    2805.86;    1140.93;    2803.47;    1153.16;       10;    0.79;   stop
 14505;    3101.13;    1455.93;    3114.77;    1429.60;    3101.37;    1422.66;    3087.73;    1448.99;       10;    0.79;   stop
 15699;    1882.88;     365.65;    1883.23;     336.51;    1870.12;     336.35;    1869.77;     365.49;       10;    0.79;   stop
   208;    1850.95;     740.03;    1850.98;     707.86;    1836.80;     707.85;    1836.77;     740.02;       10;    0.79;   stop
    78;    1156.56;    1068.02;    1157.41;    1055.53;    1131.13;    1053.73;    1130.27;    1066.22;       10;    0.79;   stop
   143;    1710.29;    1088.72;    1711.06;    1076.35;    1683.83;    1074.66;    1683.06;    1087.02;       10;    0.79;   stop
  7975;    1961.35;    1396.08;    1974.07;    1396.00;    1973.90;    1368.05;    1961.18;    1368.13;       10;    0.79;   stop
 15221;    2807.20;    1231.28;    2809.30;    1219.07;    2782.55;    1214.47;    2780.45;    1226.68;       10;    0.79;   move
    39;    2817.47;    1273.82;    2820.09;    1261.85;    2794.78;    1256.31;    2792.16;    1268.28;       10;    0.79;   stop
   192;    1878.33;    1687.97;    1879.27;    1675.50;    1853.30;    1673.53;    1852.35;    1686.00;       10;    0.79;   stop
   124;    2804.21;    1930.39;    2829.83;    1912.53;    2821.26;    1900.23;    2795.64;    1918.09;       10;    0.79;   stop
   109;    1402.95;      71.74;    1403.25;      58.88;    1373.55;      58.20;    1373.25;      71.06;       10;    0.78;   stop
   159;    1975.09;     775.80;    1987.74;     775.55;    1987.16;     746.32;    1974.51;     746.58;       10;    0.78;   stop
   160;    1960.09;     432.34;    1960.11;     403.55;    1948.35;     403.54;    1948.33;     432.33;       10;    0.78;   stop
   127;    1974.79;     803.39;    1986.71;     803.01;    1985.96;     779.49;    1974.04;     779.86;       10;    0.78;   stop
    51;    1974.81;     839.87;    1987.45;     838.69;    1984.82;     810.51;    1972.17;     811.69;       10;    0.78;   stop
    31;     500.61;    1043.45;     501.00;    1032.06;     477.20;    1031.24;     476.81;    1042.62;       10;    0.78;   stop
   174;     751.75;    1189.80;     752.25;    1177.21;     723.23;    1176.07;     722.74;    1188.67;       10;    0.78;   stop
 10905;    1928.03;    1112.36;    1928.67;    1100.77;    1903.72;    1099.39;    1903.08;    1110.98;       10;    0.78;   move
 15345;    1749.39;    1149.09;    1749.82;    1136.65;    1724.61;    1135.78;    1724.18;    1148.22;       10;    0.78;   stop
   122;    2649.68;    1350.48;    2650.23;    1338.36;    2623.95;    1337.15;    2623.39;    1349.27;       10;    0.78;   stop
 12499;    1969.28;    1646.15;    1970.15;    1620.12;    1958.57;    1619.72;    1957.69;    1645.76;       10;    0.78;   stop
    28;    2680.05;    1978.56;    2704.25;    1969.70;    2699.62;    1957.06;    2675.42;    1965.92;       10;    0.78;   stop
 16328;    1868.48;     193.04;    1882.98;     192.72;    1882.27;     161.33;    1867.77;     161.66;       10;    0.78;   stop
   224;    2093.12;     660.52;    2117.89;     659.54;    2117.38;     646.73;    2092.61;     647.71;       10;    0.78;   stop
 12600;    1871.35;     791.32;    1871.53;     762.38;    1859.61;     762.31;    1859.44;     791.24;       10;    0.78;   stop
 10486;    1897.44;    1002.60;    1909.69;    1002.54;    1909.56;     977.40;    1897.31;     977.46;       10;    0.78;   stop
    36;    2480.80;    1115.68;    2480.95;    1104.30;    2455.33;    1103.95;    2455.17;    1115.33;       10;    0.78;   stop
   157;    2488.45;    1343.95;    2489.21;    1331.80;    2463.43;    1330.17;    2462.66;    1342.33;       10;    0.78;   stop
 12397;    1967.66;    1611.41;    1968.54;    1583.99;    1956.25;    1583.59;    1955.37;    1611.01;       10;    0.78;   stop
    68;     825.98;    1615.06;     826.62;    1602.49;     803.58;    1601.32;     802.95;    1613.89;       10;    0.78;   stop
 15685;    1830.08;      93.71;    1842.62;      93.34;    1841.83;      66.04;    1829.28;      66.41;       10;    0.78;   stop
    92;    1980.54;    1460.02;    1993.07;    1459.97;    1992.96;    1433.48;    1980.43;    1433.53;       10;    0.78;   stop
   204;    1991.19;    1609.65;    1992.62;    1581.49;    1980.06;    1580.85;    1978.63;    1609.01;       10;    0.78;   stop
 16010;    2588.04;    1162.96;    2589.19;    1150.15;    2562.96;    1147.79;    2561.81;    1160.60;       10;    0.78;   stop
   184;    2308.84;    1227.80;    2309.53;    1214.94;    2281.91;    1213.45;    2281.22;    1226.31;       10;    0.78;   stop
   132;    3011.43;    1544.99;    3023.66;    1520.56;    3012.57;    1515.01;    3000.34;    1539.44;       10;    0.78;   stop
  6798;    2388.49;    1149.82;    2388.81;    1136.81;    2363.14;    1136.18;    2362.82;    1149.19;       10;    0.78;   move
   214;    1788.32;    2088.28;    1800.20;    2065.29;    1789.18;    2059.60;    1777.30;    2082.58;       10;    0.78;   stop
   194;    1437.21;      72.19;    1437.59;      58.47;    1411.29;      57.74;    1410.91;      71.47;       10;    0.78;   stop
   134;    1973.47;     480.84;    1986.74;     480.54;    1986.15;     454.04;    1972.88;     454.33;       10;    0.78;   stop
   197;    2107.63;    1361.77;    2136.96;    1359.83;    2136.05;    1346.11;    2106.73;    1348.04;       10;    0.78;   stop
 16630;    1847.24;     275.87;    1858.94;     275.67;    1858.51;     250.63;    1846.81;     250.83;       10;    0.78;   stop
   151;    1827.51;      67.89;    1827.53;      42.37;    1815.70;      42.36;    1815.68;      67.88;       10;    0.78;   stop
   215;    1970.11;     193.58;    1982.94;     192.21;    1979.96;     164.17;    1967.13;     165.54;       10;    0.78;   stop
 14673;    1894.39;     823.12;    1907.05;     822.51;    1905.77;     795.75;    1893.10;     796.36;       10;    0.78;   stop
 12451;    1752.56;    1121.04;    1753.52;    1108.39;    1728.19;    1106.46;    1727.23;    1119.11;       10;    0.78;   move
   219;     905.75;    1167.32;     905.99;    1153.98;     881.59;    1153.55;     881.36;    1166.89;       10;    0.78;   stop
   145;    1214.31;    1184.67;    1214.78;    1172.17;    1185.88;    1171.08;    1185.41;    1183.58;       10;    0.78;   stop
   335;    1852.10;     968.31;    1852.78;     941.16;    1839.22;     940.82;    1838.53;     967.97;       10;    0.78;   stop
   135;    1835.87;     628.16;    1847.31;     627.68;    1846.26;     602.59;    1834.82;     603.07;       10;    0.78;   stop
    11;    1200.33;    1068.26;    1201.09;    1056.62;    1179.05;    1055.18;    1178.29;    1066.82;       10;    0.78;   stop
   309;    2107.25;    1324.93;    2107.31;    1313.33;    2082.25;    1313.20;    2082.19;    1324.79;       10;    0.78;   stop
  7722;    1972.36;    1320.93;    1972.41;    1293.59;    1959.98;    1293.57;    1959.94;    1320.91;       10;    0.78;   stop
   185;    2805.57;    1399.77;    2809.38;    1386.14;    2779.68;    1377.85;    2775.87;    1391.48;       10;    0.78;   stop
 16542;    1844.50;    2028.74;    1856.34;    2003.24;    1844.28;    1997.64;    1832.44;    2023.13;       10;    0.78;   move
   327;    1090.70;    1176.74;    1091.29;    1164.49;    1065.55;    1163.26;    1064.96;    1175.51;       10;    0.78;   stop
   218;     819.19;     991.50;     819.50;     980.20;     794.20;     979.50;     793.89;     990.80;       10;    0.78;   stop
 14937;    1949.36;    1605.80;    1950.80;    1580.86;    1939.39;    1580.20;    1937.95;    1605.14;       10;    0.78;   move
   213;    2412.14;    1787.69;    2414.62;    1760.54;    2402.48;    1759.43;    2400.00;    1786.58;       10;    0.78;   stop
   223;    1818.28;     318.61;    1829.46;     317.80;    1827.85;     295.64;    1816.66;     296.45;       10;    0.77;   stop
    53;     693.83;    1051.45;     694.40;    1039.43;     669.29;    1038.23;     668.72;    1050.26;       10;    0.77;   stop
 16125;    1786.07;    1149.03;    1786.16;    1137.16;    1761.06;    1136.97;    1760.97;    1148.84;       10;    0.77;   stop
   190;    2570.23;    1344.19;    2570.55;    1332.92;    2544.77;    1332.19;    2544.45;    1343.46;       10;    0.77;   stop
  8237;    1967.59;    1490.48;    1968.64;    1463.13;    1956.04;    1462.65;    1954.99;    1490.00;       10;    0.77;   stop
 10133;    1968.01;    1529.37;    1968.61;    1499.39;    1955.61;    1499.13;    1955.02;    1529.11;       10;    0.77;   stop
   123;    2931.97;    1701.29;    2941.21;    1673.27;    2928.34;    1669.03;    2919.10;    1697.05;       10;    0.77;   stop
 11210;    1828.49;     290.66;    1829.30;     267.19;    1817.63;     266.78;    1816.82;     290.25;       10;    0.77;   stop
   115;    1666.71;     651.36;    1667.49;     639.68;    1640.79;     637.89;    1640.01;     649.57;       10;    0.77;   stop
 12387;    1880.18;     572.98;    1891.85;     571.67;    1888.76;     544.14;    1877.09;     545.45;       10;    0.77;   stop
  2031;    2165.61;     660.21;    2189.82;     659.41;    2189.45;     648.17;    2165.24;     648.97;       10;    0.77;   stop
   170;    1239.85;    1069.68;    1240.56;    1057.99;    1217.15;    1056.57;    1216.44;    1068.26;       10;    0.77;   stop
   305;     962.82;    1175.17;     964.42;    1164.70;     943.21;    1161.45;     941.61;    1171.92;       10;    0.77;   stop
   284;    1899.36;    1287.35;    1911.33;    1285.65;    1907.64;    1259.65;    1895.67;    1261.35;       10;    0.77;   stop
    14;    1958.12;     911.79;    1970.76;     911.09;    1969.16;     882.03;    1956.52;     882.72;       10;    0.77;   stop
 15278;    2610.80;    1222.97;    2611.77;    1210.18;    2585.20;    1208.15;    2584.23;    1220.95;       10;    0.77;   move
   163;    2676.08;    1380.01;    2676.83;    1367.64;    2651.55;    1366.11;    2650.80;    1378.48;       10;    0.77;   stop
    81;    3093.26;    1506.16;    3104.34;    1481.42;    3092.74;    1476.22;    3081.66;    1500.96;       10;    0.77;   stop
 16855;    3255.67;    1270.21;    3259.23;    1256.96;    3229.01;    1248.85;    3225.46;    1262.10;       10;    0.77;   move
 11335;    3123.24;    1366.62;    3138.04;    1364.61;    3133.64;    1332.21;    3118.83;    1334.22;       10;    0.77;   stop
    95;    2922.53;    1527.53;    2933.84;    1521.22;    2919.97;    1496.38;    2908.66;    1502.69;       10;    0.77;   stop
   231;    1834.21;     799.28;    1835.05;     775.00;    1823.16;     774.59;    1822.32;     798.87;       10;    0.77;   stop
    54;    1972.64;     910.63;    1984.88;     909.80;    1982.86;     880.37;    1970.62;     881.20;       10;    0.77;   stop
   111;     800.06;    1614.06;     800.88;    1602.89;     777.61;    1601.19;     776.80;    1612.36;       10;    0.77;   stop
  9609;    1890.92;     947.65;    1891.13;     920.51;    1879.14;     920.42;    1878.93;     947.56;       10;    0.77;   stop
 14962;    2663.26;    1154.04;    2665.55;    1137.29;    2618.24;    1130.83;    2615.95;    1147.58;        9;    0.77;   stop
   205;    2354.90;    1228.63;    2355.40;    1216.01;    2326.98;    1214.87;    2326.48;    1227.49;       10;    0.77;   stop
   264;    2077.32;    1362.30;    2102.17;    1359.04;    2100.55;    1346.70;    2075.70;    1349.96;       10;    0.77;   stop
   310;    2406.82;    1113.71;    2407.39;    1101.52;    2380.80;    1100.29;    2380.24;    1112.48;       10;    0.77;   stop
   165;    3296.42;    1196.86;    3301.11;    1184.69;    3273.58;    1174.07;    3268.89;    1186.24;       10;    0.77;   stop
    94;    2771.83;    1941.53;    2795.61;    1930.14;    2789.42;    1917.22;    2765.64;    1928.61;       10;    0.77;   stop
   168;    2739.33;    1954.37;    2769.60;    1941.78;    2763.80;    1927.82;    2733.53;    1940.41;       10;    0.77;   stop
   295;    1955.25;     336.83;    1969.14;     336.65;    1968.75;     305.54;    1954.86;     305.72;       10;    0.77;   stop
 13913;    1857.12;     710.05;    1869.48;     709.78;    1868.88;     682.70;    1856.52;     682.97;       10;    0.77;   stop
   280;    2184.53;    1221.21;    2185.32;    1208.19;    2158.16;    1206.54;    2157.37;    1219.56;       10;    0.77;   stop
 16199;    1959.89;    1741.97;    1962.67;    1716.42;    1951.07;    1715.16;    1948.30;    1740.71;       10;    0.77;   stop
 10577;    1927.92;     873.14;    1939.13;     872.46;    1937.58;     846.98;    1926.37;     847.66;       10;    0.77;   move
 12927;    1877.26;     833.82;    1890.47;     833.11;    1888.86;     803.06;    1875.66;     803.76;       10;    0.77;   stop
   196;    1361.22;    1071.28;    1361.97;    1059.77;    1339.90;    1058.35;    1339.16;    1069.85;       10;    0.77;   stop
 15923;    1624.39;    1145.21;    1624.75;    1132.53;    1598.73;    1131.79;    1598.37;    1144.47;       10;    0.77;   stop
 13812;    2478.09;    1151.55;    2531.52;    1150.50;    2531.16;    1132.20;    2477.73;    1133.25;        9;    0.77;   stop
   234;    2373.64;    1366.45;    2374.19;    1353.89;    2346.48;    1352.68;    2345.93;    1365.23;       10;    0.77;   stop
   254;    2333.00;    2055.25;    2339.82;    2043.51;    2314.00;    2028.50;    2307.18;    2040.24;       10;    0.77;   stop
   260;    1831.70;     147.78;    1846.91;     146.83;    1844.80;     113.22;    1829.59;     114.17;       10;    0.77;   stop
 15947;    1852.47;     534.70;    1866.02;     534.51;    1865.65;     508.18;    1852.11;     508.37;       10;    0.77;   stop
 14164;    1920.50;     549.17;    1933.96;     549.08;    1933.75;     518.46;    1920.29;     518.55;       10;    0.77;   move
 11988;    1870.45;     999.41;    1871.19;     971.90;    1859.68;     971.59;    1858.94;     999.10;       10;    0.77;   stop
 12668;    1989.92;    1134.48;    1990.50;    1122.42;    1964.08;    1121.15;    1963.50;    1133.20;       10;    0.77;   move
   272;    2269.78;    1225.23;    2269.79;    1212.66;    2246.72;    1212.64;    2246.71;    1225.21;       10;    0.77;   stop
   355;    2422.35;    1231.80;    2422.88;    1218.50;    2393.40;    1217.33;    2392.87;    1230.62;       10;    0.77;   stop
 14244;    3530.22;    1402.62;    3534.23;    1388.03;    3502.91;    1379.41;    3498.89;    1394.00;       10;    0.77;   move
   235;    2443.06;    1414.87;    2444.51;    1388.23;    2431.19;    1387.50;    2429.74;    1414.15;       10;    0.76;   stop
 12655;    2472.08;    1430.80;    2473.99;    1402.86;    2460.67;    1401.95;    2458.76;    1429.89;       10;    0.76;   stop
 12972;    3635.61;    1431.10;    3639.98;    1417.99;    3613.14;    1409.06;    3608.77;    1422.17;       10;    0.76;   move
   320;    1818.96;     352.86;    1832.05;     352.69;    1831.66;     322.14;    1818.58;     322.31;       10;    0.76;   stop
 10922;    1896.75;     897.37;    1911.10;     896.96;    1910.25;     866.63;    1895.90;     867.04;       10;    0.76;   stop
 10342;    1921.18;     790.32;    1933.80;     790.20;    1933.54;     762.18;    1920.92;     762.30;       10;    0.76;   move
   333;    2442.85;    1115.12;    2443.30;    1103.19;    2419.03;    1102.26;    2418.57;    1114.19;       10;    0.76;   stop
 15780;    3047.85;    1546.35;    3056.84;    1517.80;    3043.65;    1513.65;    3034.66;    1542.20;       10;    0.76;   stop
   193;    1899.06;    1822.34;    1904.66;    1796.07;    1892.19;    1793.41;    1886.59;    1819.68;       10;    0.76;   stop
 10240;    1421.48;    1096.55;    1422.58;    1084.92;    1397.77;    1082.57;    1396.67;    1094.20;       10;    0.76;   move
 12132;    1871.46;     962.47;    1871.66;     936.63;    1859.51;     936.53;    1859.31;     962.37;       10;    0.76;   stop
   273;    1912.17;    1499.39;    1925.31;    1499.16;    1924.83;    1471.74;    1911.69;    1471.97;       10;    0.76;   stop
   164;    2459.95;    1562.96;    2462.27;    1538.68;    2450.30;    1537.54;    2447.98;    1561.82;       10;    0.76;   stop
 11565;    3016.15;    1259.87;    3018.90;    1246.13;    2987.60;    1239.88;    2984.85;    1253.62;       10;    0.76;   stop
   150;    2282.60;    2142.28;    2311.42;    2130.76;    2305.90;    2116.97;    2277.08;    2128.49;       10;    0.76;   stop
   256;    1959.28;     211.16;    1971.03;     209.60;    1967.44;     182.59;    1955.69;     184.15;       10;    0.76;   stop
   290;    1832.42;     484.89;    1845.28;     484.42;    1844.26;     456.73;    1831.40;     457.21;       10;    0.76;   stop
   401;    1822.27;     769.90;    1835.40;     769.84;    1835.30;     744.35;    1822.16;     744.41;       10;    0.76;   stop
 12605;    1898.45;    1129.65;    1899.57;    1117.02;    1873.58;    1114.72;    1872.46;    1127.36;       10;    0.76;   move
 17241;    1816.08;    2140.26;    1829.11;    2113.67;    1817.01;    2107.74;    1803.99;    2134.33;       10;    0.76;   stop
 16445;    1024.26;    1140.55;    1025.00;    1127.83;     998.86;    1126.32;     998.13;    1139.05;       10;    0.76;   move
   299;     787.59;    1216.14;     787.66;    1186.89;     774.61;    1186.86;     774.55;    1216.11;       10;    0.76;   stop
   140;     772.67;    1612.61;     773.21;    1601.51;     750.37;    1600.39;     749.83;    1611.49;       10;    0.76;   stop
   162;     890.36;    1620.39;     891.38;    1608.25;     865.77;    1606.11;     864.75;    1618.25;       10;    0.76;   stop
 14216;    3448.35;    1382.21;    3451.94;    1368.65;    3424.46;    1361.39;    3420.88;    1374.94;       10;    0.76;   move
   189;     664.25;    1049.27;     664.69;    1037.57;     640.75;    1036.67;     640.31;    1048.37;       10;    0.76;   stop
   311;    2133.97;    2141.72;    2141.50;    2130.33;    2115.34;    2113.03;    2107.81;    2124.42;       10;    0.76;   stop
 16475;    2032.68;     681.72;    2033.06;     667.96;    2003.82;     667.15;    2003.44;     680.92;       10;    0.75;   stop
   253;    2429.67;    1929.36;    2431.00;    1899.61;    2417.58;    1899.01;    2416.25;    1928.76;       10;    0.75;   stop
   651;    1954.25;     480.63;    1968.41;     479.99;    1967.50;     459.87;    1953.34;     460.51;       10;    0.75;   stop
   329;    3242.49;    1090.07;    3260.61;    1067.40;    3249.69;    1058.68;    3231.58;    1081.35;       10;    0.75;   stop
   200;    3021.26;    1562.76;    3031.09;    1539.67;    3019.52;    1534.74;    3009.69;    1557.83;       10;    0.75;   stop
    46;    1294.05;    1647.56;    1295.10;    1635.11;    1269.26;    1632.94;    1268.22;    1645.39;       10;    0.75;   stop
   296;    1975.19;     513.60;    1987.36;     513.04;    1986.12;     486.52;    1973.96;     487.09;       10;    0.75;   stop
    97;    1821.53;     589.03;    1835.22;     588.88;    1834.91;     561.84;    1821.22;     562.00;       10;    0.75;   stop
 11560;    1893.63;     715.74;    1905.37;     714.80;    1903.43;     690.51;    1891.69;     691.45;       10;    0.75;   stop
   211;    3355.68;    1035.71;    3359.09;    1022.39;    3328.70;    1014.60;    3325.28;    1027.93;       10;    0.75;   stop
   222;    2435.93;    1855.71;    2437.63;    1827.18;    2424.82;    1826.41;    2423.12;    1854.94;       10;    0.75;   stop
   158;    3215.03;    1053.53;    3235.64;    1036.93;    3227.46;    1026.79;    3206.86;    1043.39;       10;    0.75;   stop
 11659;    1877.50;     867.39;    1889.76;     867.03;    1889.00;     841.48;    1876.74;     841.84;       10;    0.75;   stop
   240;     402.99;    1043.53;     430.71;    1042.95;     430.45;    1030.22;     402.73;    1030.80;       10;    0.75;   stop
   245;    2457.74;    1593.63;    2459.12;    1568.29;    2446.89;    1567.62;    2445.50;    1592.96;       10;    0.75;   stop
   307;     796.61;    1023.75;     809.54;    1023.20;     808.48;     997.88;     795.55;     998.42;       10;    0.75;   stop
   293;    3513.13;    1075.03;    3544.73;    1074.26;    3544.37;    1059.66;    3512.77;    1060.43;       10;    0.75;   stop
   207;    3554.73;    1073.96;    3582.53;    1073.79;    3582.45;    1060.73;    3554.65;    1060.90;       10;    0.75;   stop
   451;    3205.69;    1153.54;    3220.53;    1127.06;    3207.75;    1119.90;    3192.91;    1146.38;       10;    0.75;   stop
 16714;    3139.60;    1253.19;    3141.84;    1240.56;    3115.40;    1235.87;    3113.16;    1248.50;       10;    0.75;   move
   339;     772.65;    1213.83;     773.52;    1187.32;     761.29;    1186.92;     760.42;    1213.43;       10;    0.74;   stop
   318;    2517.79;     728.12;    2529.88;     728.04;    2529.71;     704.01;    2517.62;     704.09;       10;    0.74;   stop
 13747;    2306.80;    1132.23;    2307.28;    1118.72;    2280.57;    1117.77;    2280.10;    1131.28;       10;    0.74;   move
   252;    3241.37;    1033.66;    3261.48;    1012.99;    3251.75;    1003.52;    3231.64;    1024.20;       10;    0.74;   stop
   176;    3390.45;    1039.38;    3391.25;    1026.75;    3363.30;    1024.99;    3362.50;    1037.62;       10;    0.74;   stop
   371;    3174.51;    1423.90;    3177.02;    1410.68;    3147.05;    1405.01;    3144.55;    1418.23;       10;    0.74;   stop
   419;     841.38;    1163.45;     841.76;    1151.47;     816.30;    1150.67;     815.93;    1162.65;       10;    0.74;   stop
   287;    3005.89;    1597.09;    3016.27;    1575.18;    3004.89;    1569.79;    2994.51;    1591.69;       10;    0.74;   stop
 12374;    1869.32;     931.55;    1869.76;     910.85;    1859.68;     910.63;    1859.24;     931.34;       10;    0.74;   stop
   426;    1839.91;     998.37;    1840.75;     973.02;    1829.18;     972.63;    1828.34;     997.98;       10;    0.74;   stop
 10974;    2030.21;    1109.18;    2034.04;    1097.25;    2008.54;    1089.07;    2004.71;    1101.00;       10;    0.74;   move
 15112;    2702.12;    1176.25;    2704.36;    1163.13;    2675.00;    1158.13;    2672.77;    1171.25;       10;    0.74;   stop
 10245;    2219.83;    1222.27;    2220.45;    1210.15;    2194.85;    1208.86;    2194.24;    1220.97;       10;    0.74;   stop
   524;    3376.66;    1135.45;    3392.33;    1110.90;    3378.96;    1102.37;    3363.29;    1126.91;       10;    0.74;   stop
 15051;    2690.77;    1213.23;    2691.39;    1200.25;    2664.11;    1198.96;    2663.50;    1211.93;       10;    0.74;   move
   313;    1815.24;     157.82;    1827.48;     157.30;    1826.44;     132.43;    1814.20;     132.95;       10;    0.74;   stop
   118;     725.92;    1052.52;     726.19;    1041.49;     702.83;    1040.92;     702.56;    1051.95;       10;    0.74;   stop
   392;    2390.65;    1229.06;    2391.05;    1217.55;    2366.60;    1216.69;    2366.20;    1228.20;       10;    0.74;   stop
   236;    1192.01;    1822.31;    1192.76;    1799.43;    1181.74;    1799.07;    1180.99;    1821.94;       10;    0.74;   stop
 16446;    1914.02;    1946.80;    1931.70;    1892.03;    1913.23;    1886.07;    1895.55;    1940.84;        9;    0.74;   stop
 15654;    1892.18;     684.46;    1903.96;     683.30;    1901.32;     656.54;    1889.54;     657.70;       10;    0.74;   stop
 11464;    1200.03;    1086.34;    1200.69;    1075.04;    1177.09;    1073.66;    1176.43;    1084.96;       10;    0.74;   move
   364;    2979.06;    1761.39;    2988.45;    1738.23;    2975.19;    1732.86;    2965.80;    1756.02;       10;    0.74;   stop
 16514;    1859.06;     314.26;    1859.27;     288.28;    1848.01;     288.18;    1847.79;     314.16;       10;    0.73;   stop
 15705;    3435.31;    1057.12;    3466.60;    1057.05;    3466.57;    1042.88;    3435.28;    1042.95;       10;    0.73;   move
   316;    2535.23;    1062.04;    2535.74;    1037.44;    2524.65;    1037.21;    2524.14;    1061.81;       10;    0.73;   stop
   448;    1893.66;    1255.86;    1905.46;    1254.08;    1901.71;    1229.26;    1889.91;    1231.04;       10;    0.73;   stop
   217;     724.20;    1218.57;     724.77;    1205.16;     696.12;    1203.93;     695.54;    1217.34;       10;    0.73;   stop
   277;     754.86;    1205.55;     755.55;    1193.50;     726.52;    1191.82;     725.83;    1203.88;       10;    0.73;   stop
   203;     686.17;    1155.35;     686.47;    1142.15;     658.20;    1141.53;     657.91;    1154.72;       10;    0.73;   stop
  1409;    1820.59;     558.64;    1833.25;     558.14;    1832.29;     533.73;    1819.62;     534.23;       10;    0.73;   stop
   321;    2544.97;     254.74;    2545.30;     243.24;    2520.53;     242.51;    2520.20;     254.01;       10;    0.73;   stop
   301;     855.08;    1616.36;     855.63;    1604.54;     830.59;    1603.39;     830.04;    1615.21;       10;    0.73;   stop
   340;    3267.54;    1008.47;    3283.87;     985.14;    3272.46;     977.15;    3256.13;    1000.49;       10;    0.73;   stop
   494;    1972.29;     596.18;    1972.61;     571.73;    1960.71;     571.57;    1960.39;     596.02;       10;    0.73;   stop
  9773;    1835.24;     839.04;    1847.31;     837.87;    1844.64;     810.21;    1832.57;     811.38;       10;    0.73;   stop
   179;     524.87;    1043.96;     525.59;    1033.05;     504.50;    1031.66;     503.78;    1042.57;       10;    0.73;   stop
   221;    1454.94;    1079.12;    1455.42;    1067.17;    1432.94;    1066.26;    1432.45;    1078.20;       10;    0.73;   stop
   336;    1547.69;    1197.04;    1547.99;    1184.16;    1517.94;    1183.46;    1517.64;    1196.34;       10;    0.73;   stop
   255;    1135.90;     690.65;    1137.64;     678.70;    1112.98;     675.10;    1111.23;     687.05;       10;    0.72;   stop
   413;    2437.56;    1339.51;    2437.66;    1328.07;    2413.07;    1327.86;    2412.97;    1339.31;       10;    0.72;   stop
   532;    3226.46;    1118.90;    3242.24;    1091.85;    3229.16;    1084.22;    3213.39;    1111.28;       10;    0.72;   stop
   404;    2151.96;    2129.30;    2158.85;    2118.97;    2136.54;    2104.08;    2129.65;    2114.41;       10;    0.72;   stop
   485;    2665.71;    2106.27;    2677.97;    2101.10;    2666.17;    2073.11;    2653.91;    2078.27;       10;    0.72;   stop
 17010;    1866.74;      53.91;    1879.18;      53.52;    1878.29;      24.84;    1865.85;      25.23;       10;    0.72;   stop
   362;    1814.60;     128.78;    1826.97;     128.32;    1825.94;     100.72;    1813.58;     101.18;       10;    0.72;   stop
   129;    1554.28;     784.61;    1558.12;     758.99;    1546.22;     757.20;    1542.38;     782.83;       10;    0.72;   stop
   308;    1528.09;    1047.13;    1530.46;    1018.33;    1517.28;    1017.24;    1514.91;    1046.05;       10;    0.72;   stop
 17012;    2246.88;    1113.50;    2248.17;    1099.83;    2207.75;    1096.00;    2206.45;    1109.67;        9;    0.72;   stop
   630;    3156.54;    1465.09;    3162.37;    1452.12;    3136.89;    1440.69;    3131.07;    1453.66;       10;    0.72;   stop
   345;    1820.97;     376.11;    1831.67;     375.65;    1830.78;     355.14;    1820.08;     355.60;       10;    0.72;   stop
   343;    2443.52;    1751.98;    2445.91;    1727.68;    2434.10;    1726.52;    2431.71;    1750.82;       10;    0.72;   stop
   353;    1820.39;     410.39;    1833.88;     410.21;    1833.51;     383.86;    1820.03;     384.04;       10;    0.72;   stop
   386;    2587.53;     653.89;    2614.85;     652.22;    2614.09;     639.86;    2586.78;     641.53;       10;    0.72;   stop
   423;    1843.95;    1350.05;    1854.44;    1349.77;    1853.83;    1327.45;    1843.34;    1327.73;       10;    0.72;   stop
   560;    1886.34;    1891.90;    1899.37;    1853.74;    1884.66;    1848.72;    1871.63;    1886.88;        9;    0.72;   stop
 12704;    1856.72;     753.34;    1868.60;     753.13;    1868.16;     728.28;    1856.28;     728.49;       10;    0.72;   stop
   396;    1815.01;      97.80;    1826.56;      97.49;    1825.96;      75.45;    1814.41;      75.76;       10;    0.72;   stop
   334;    1007.93;    1172.59;    1008.47;    1160.56;     985.57;    1159.54;     985.03;    1171.57;       10;    0.72;   stop
   181;    2328.79;     656.87;    2353.56;     655.80;    2353.08;     644.76;    2328.32;     645.82;       10;    0.72;   stop
 16134;    2512.94;     755.89;    2513.06;     730.86;    2500.81;     730.80;    2500.69;     755.83;       10;    0.72;   move
   351;    1861.67;    1959.32;    1871.67;    1933.79;    1858.61;    1928.68;    1848.61;    1954.21;       10;    0.72;   stop
   468;    1475.47;     109.77;    1476.59;      97.44;    1449.53;      94.98;    1448.41;     107.31;       10;    0.71;   stop
   257;    2087.04;     661.25;    2087.08;     648.33;    2059.34;     648.25;    2059.30;     661.17;       10;    0.71;   stop
 12807;    2160.07;    1140.77;    2160.80;    1128.33;    2141.93;    1127.23;    2141.20;    1139.67;       10;    0.71;   move
   472;    1382.25;    1193.03;    1409.74;    1191.33;    1408.88;    1177.35;    1381.38;    1179.05;       10;    0.71;   stop
   420;    1441.52;    1194.08;    1442.02;    1181.77;    1418.23;    1180.80;    1417.73;    1193.11;       10;    0.71;   stop
   382;    2338.32;    1365.16;    2339.04;    1350.83;    2312.06;    1349.47;    2311.33;    1363.79;       10;    0.71;   stop
   332;    2770.89;     648.54;    2796.10;     647.81;    2795.75;     635.83;    2770.54;     636.57;       10;    0.71;   stop
   247;     986.88;     675.21;     988.41;     663.36;     963.58;     660.16;     962.06;     672.02;       10;    0.71;   stop
   270;     859.87;    1583.82;     860.42;    1571.76;     837.05;    1570.68;     836.50;    1582.74;       10;    0.71;   stop
   292;    3465.00;     722.73;    3476.78;     693.94;    3462.19;     687.97;    3450.41;     716.77;       10;    0.71;   stop
   432;    3419.46;    1039.03;    3447.82;    1038.80;    3447.72;    1026.29;    3419.36;    1026.52;       10;    0.71;   stop
   359;    2764.74;    1870.28;    2771.47;    1858.66;    2746.36;    1844.10;    2739.62;    1855.72;       10;    0.71;   stop
 17420;    3119.68;    1292.44;    3120.50;    1277.56;    3111.32;    1277.06;    3110.50;    1291.94;       10;    0.71;   stop
   384;    2828.80;    1840.71;    2834.02;    1827.54;    2803.70;    1815.54;    2798.48;    1828.71;       10;    0.71;   stop
   328;    2708.30;     648.45;    2733.38;     647.53;    2732.95;     635.74;    2707.87;     636.66;       10;    0.71;   stop
   361;    3147.64;    1486.39;    3153.17;    1472.88;    3123.30;    1460.64;    3117.76;    1474.15;       10;    0.71;   stop
   416;    1273.26;      71.69;    1273.79;      57.71;    1243.36;      56.56;    1242.84;      70.54;       10;    0.71;   stop
   455;    1968.61;      89.95;    1980.55;      89.75;    1980.14;      64.18;    1968.20;      64.37;       10;    0.71;   stop
   175;    1557.68;    1198.61;    1584.99;    1197.51;    1584.45;    1184.14;    1557.14;    1185.24;       10;    0.71;   stop
   279;    1741.48;     659.80;    1743.28;     646.85;    1715.20;     642.95;    1713.40;     655.90;       10;    0.71;   stop
 17320;    2663.38;    1251.47;    2665.02;    1236.25;    2630.49;    1232.53;    2628.85;    1247.75;        9;    0.71;   stop
   586;    1904.98;    1400.77;    1919.08;    1399.23;    1915.52;    1366.73;    1901.42;    1368.27;       10;    0.70;   stop
   408;    2622.47;     651.88;    2649.75;     649.90;    2648.90;     638.21;    2621.62;     640.19;       10;    0.70;   stop
   417;    2253.38;    1368.28;    2254.88;    1352.53;    2213.62;    1348.60;    2212.12;    1364.34;        9;    0.70;   stop
   367;    2697.59;     649.93;    2697.69;     639.28;    2673.91;     639.04;    2673.81;     649.69;       10;    0.70;   stop
   480;    3332.90;    1374.61;    3336.17;    1362.83;    3309.29;    1355.39;    3306.02;    1367.17;        9;    0.70;   stop
   415;    2432.73;    1894.31;    2434.81;    1865.28;    2421.27;    1864.31;    2419.19;    1893.35;       10;    0.70;   stop
   372;    1673.74;    1087.74;    1674.04;    1075.17;    1647.26;    1074.51;    1646.96;    1087.08;       10;    0.70;   stop
 16374;    2530.98;    1095.72;    2542.85;    1093.44;    2537.90;    1067.65;    2526.02;    1069.93;       10;    0.70;   stop
   393;    2417.19;    1368.63;    2417.97;    1355.57;    2389.56;    1353.87;    2388.78;    1366.93;       10;    0.70;   stop
   617;    2234.72;    2097.99;    2242.13;    2086.29;    2214.84;    2069.01;    2207.43;    2080.71;       10;    0.70;   stop
   519;    2174.33;    2119.78;    2180.66;    2107.35;    2155.42;    2094.47;    2149.09;    2106.90;       10;    0.70;   stop
   439;    1281.48;      73.57;    1309.26;      72.72;    1308.83;      58.62;    1281.05;      59.47;       10;    0.70;   stop
   402;    1088.93;     683.29;    1090.06;     671.24;    1059.82;     668.40;    1058.69;     680.45;       10;    0.70;   stop
   248;    1586.75;    1197.61;    1610.58;    1197.47;    1610.50;    1185.14;    1586.67;    1185.28;       10;    0.70;   stop
   373;    3452.49;    1075.86;    3452.61;    1060.98;    3420.33;    1060.70;    3420.20;    1075.59;       10;    0.70;   stop
   414;    2433.59;    1540.15;    2435.36;    1514.54;    2422.66;    1513.67;    2420.89;    1539.27;       10;    0.70;   stop
   450;     889.46;    1580.60;     890.12;    1568.52;     864.98;    1567.15;     864.32;    1579.23;       10;    0.70;   stop
   358;    2446.81;    1719.00;    2449.71;    1687.60;    2436.44;    1686.37;    2433.54;    1717.78;       10;    0.70;   stop
   440;     853.24;    1025.14;     854.20;     998.06;     841.43;     997.61;     840.48;    1024.69;       10;    0.69;   stop
   529;    2166.38;    1396.84;    2178.77;    1396.24;    2177.44;    1368.41;    2165.04;    1369.01;       10;    0.69;   stop
   306;     630.84;    1049.59;     631.34;    1036.54;     601.98;    1035.41;     601.47;    1048.46;       10;    0.69;   stop
   429;    2718.59;    1382.07;    2719.62;    1368.45;    2691.16;    1366.30;    2690.13;    1379.93;       10;    0.69;   stop
   369;    2660.23;     688.32;    2686.19;     687.99;    2686.04;     676.21;    2660.08;     676.54;       10;    0.69;   stop
   374;    1720.63;    1641.23;    1721.36;    1629.44;    1698.36;    1628.02;    1697.63;    1639.81;       10;    0.69;   stop
   466;    2088.71;     266.33;    2114.63;     265.56;    2114.29;     253.98;    2088.37;     254.75;       10;    0.69;   stop
 12320;    1889.81;     976.16;    1889.99;     952.18;    1878.57;     952.09;    1878.38;     976.07;       10;    0.69;   stop
   467;    3354.10;     634.02;    3378.84;     632.51;    3378.09;     620.12;    3353.35;     621.63;       10;    0.69;   stop
   166;    1322.94;    1648.99;    1323.95;    1636.94;    1299.43;    1634.88;    1298.42;    1646.94;       10;    0.69;   stop
   302;    1193.81;    1793.30;    1195.64;    1765.90;    1183.31;    1765.08;    1181.48;    1792.47;       10;    0.69;   stop
   398;    2418.61;    1573.00;    2429.28;    1572.72;    2428.64;    1547.75;    2417.97;    1548.03;       10;    0.69;   stop
   525;    2063.77;     300.30;    2087.88;     299.45;    2087.48;     288.07;    2063.37;     288.92;       10;    0.69;   stop
   180;     588.58;    1601.63;     589.60;    1588.04;     560.80;    1585.87;     559.77;    1599.46;       10;    0.69;   stop
   289;    3725.60;    1492.93;    3729.86;    1478.99;    3697.53;    1469.10;    3693.27;    1483.04;       10;    0.69;   stop
   261;    1815.53;     219.79;    1828.05;     219.21;    1826.70;     190.27;    1814.19;     190.85;       10;    0.68;   stop
   501;    1908.67;    1444.93;    1923.83;    1443.28;    1919.61;    1404.69;    1904.45;    1406.35;        9;    0.68;   stop
 12603;    3318.21;    1160.24;    3324.35;    1147.06;    3293.98;    1132.89;    3287.83;    1146.07;       10;    0.68;   stop
   421;    1188.04;    2119.35;    1199.82;    2118.89;    1198.84;    2093.77;    1187.05;    2094.23;       10;    0.68;   stop
  2547;    2544.91;    2023.92;    2574.12;    2013.42;    2568.96;    1999.08;    2539.75;    2009.58;       10;    0.68;   stop
   375;    2549.53;     254.28;    2572.34;     254.05;    2572.22;     242.40;    2549.41;     242.64;       10;    0.68;   stop
   391;    2738.91;     649.45;    2765.58;     648.95;    2765.34;     636.14;    2738.67;     636.65;       10;    0.68;   stop
   365;     443.91;    1046.15;     473.09;    1044.85;     472.49;    1031.35;     443.31;    1032.65;       10;    0.68;   stop
   412;    1124.41;    1177.69;    1125.65;    1163.93;    1097.47;    1161.37;    1096.22;    1175.13;       10;    0.68;   stop
   452;    1546.45;     857.38;    1549.55;     829.83;    1537.18;     828.44;    1534.08;     855.98;       10;    0.68;   stop
   233;     762.95;    1577.97;     764.03;    1567.53;     742.37;    1565.28;     741.29;    1575.72;       10;    0.68;   stop
   388;    1501.79;    1079.49;    1502.60;    1067.62;    1477.21;    1065.88;    1476.40;    1077.76;       10;    0.68;   stop
   545;    2761.76;    1387.83;    2763.54;    1374.25;    2733.39;    1370.30;    2731.61;    1383.88;       10;    0.68;   stop
   167;    2874.85;    1886.10;    2901.62;    1863.07;    2890.40;    1850.02;    2863.63;    1873.06;        9;    0.68;   stop
   300;     556.56;    1597.34;     557.08;    1585.60;     532.81;    1584.54;     532.30;    1596.27;       10;    0.68;   stop
   267;    1175.22;     694.68;    1176.80;     682.47;    1149.59;     678.95;    1148.01;     691.15;       10;    0.68;   stop
   315;    1319.01;    1613.51;    1319.27;    1602.29;    1295.49;    1601.74;    1295.23;    1612.96;       10;    0.68;   stop
   427;    1186.57;    2089.15;    1199.57;    2088.59;    1198.43;    2062.10;    1185.43;    2062.66;       10;    0.68;   stop
  3201;    3020.63;    1670.95;    3030.25;    1647.21;    3017.81;    1642.17;    3008.19;    1665.92;       10;    0.68;   stop
   363;    1541.95;     892.65;    1544.46;     869.12;    1533.80;     867.98;    1531.29;     891.50;       10;    0.68;   stop
 13061;    3395.61;     879.20;    3408.08;     851.91;    3394.70;     845.80;    3382.23;     873.09;       10;    0.67;   stop
   629;    2654.22;    2075.40;    2665.50;    2070.21;    2653.44;    2043.98;    2642.15;    2049.17;       10;    0.67;   stop
   269;    1983.27;    1522.88;    1983.55;    1500.13;    1972.23;    1500.00;    1971.95;    1522.74;       10;    0.67;   stop
   405;    1033.91;     681.21;    1034.91;     669.90;    1009.66;     667.67;    1008.66;     678.98;       10;    0.67;   stop
 14322;    3125.97;    1410.81;    3137.30;    1387.31;    3124.35;    1381.06;    3113.01;    1404.56;       10;    0.67;   stop
 15701;    2343.70;    1195.15;    2344.89;    1183.49;    2319.05;    1180.85;    2317.86;    1192.51;       10;    0.67;   move
   350;    1892.04;    1848.85;    1896.96;    1825.61;    1885.33;    1823.15;    1880.42;    1846.39;       10;    0.67;   stop
 16727;    1878.69;    2009.61;    1891.97;    1978.70;    1878.44;    1972.89;    1865.16;    2003.80;       10;    0.67;   stop
    98;     571.25;    1564.75;     572.10;    1551.51;     542.50;    1549.62;     541.65;    1562.87;       10;    0.67;   stop
   403;    1934.13;    1935.94;    1943.96;    1908.13;    1931.37;    1903.68;    1921.54;    1931.49;       10;    0.67;   stop
   410;    2352.02;    2044.66;    2358.14;    2032.75;    2333.23;    2019.96;    2327.11;    2031.88;       10;    0.67;   stop
   546;    3144.43;    1108.65;    3159.55;    1103.61;    3149.01;    1071.98;    3133.89;    1077.02;       10;    0.67;   stop
   520;    1822.28;     246.93;    1823.15;     224.85;    1812.92;     224.45;    1812.06;     246.53;       10;    0.66;   stop
   409;    3485.82;    1038.54;    3512.23;    1037.36;    3511.68;    1024.90;    3485.27;    1026.07;       10;    0.66;   stop
 13677;    1777.53;    2153.96;    1791.47;    2129.17;    1781.03;    2123.29;    1767.09;    2148.08;       10;    0.66;   move
   282;     363.25;    1035.23;     364.20;    1022.65;     338.46;    1020.71;     337.52;    1033.29;       10;    0.66;   stop
   692;    1256.97;    1189.40;    1258.09;    1173.45;    1220.84;    1170.85;    1219.73;    1186.80;        9;    0.66;   stop
   337;    2837.11;     648.34;    2862.09;     646.36;    2861.02;     632.75;    2836.03;     634.73;       10;    0.66;   stop
   658;    1834.71;     213.79;    1850.52;     210.82;    1842.91;     170.39;    1827.11;     173.37;        9;    0.66;   stop
   138;     467.60;    1592.89;     468.59;    1579.85;     440.84;    1577.74;     439.85;    1590.78;       10;    0.66;   stop
  3608;    2196.11;     658.50;    2223.39;     657.85;    2223.08;     644.81;    2195.80;     645.46;       10;    0.66;   stop
   664;    3323.02;     636.29;    3349.93;     634.59;    3349.17;     622.54;    3322.26;     624.24;       10;    0.66;   stop
   608;    1768.73;    2127.98;    1786.15;    2095.92;    1772.54;    2088.52;    1755.11;    2120.58;        9;    0.66;   stop
 17369;    2642.11;    2095.53;    2653.46;    2090.24;    2640.52;    2062.47;    2629.17;    2067.76;       10;    0.66;   move
 16865;     654.55;    1124.92;     655.23;    1112.52;     627.95;    1111.01;     627.27;    1123.42;       10;    0.66;   move
 12116;    1331.31;    1104.06;    1331.86;    1092.00;    1305.69;    1090.81;    1305.14;    1102.88;       10;    0.66;   move
 15311;    3068.99;    1529.65;    3077.96;    1505.90;    3065.26;    1501.10;    3056.29;    1524.85;       10;    0.66;   stop
 10739;    1936.67;    1016.65;    1951.11;    1013.83;    1944.77;     981.35;    1930.33;     984.17;        9;    0.66;   move
 12298;    3784.33;    1477.56;    3788.11;    1464.01;    3760.67;    1456.35;    3756.89;    1469.90;       10;    0.66;   move
 16822;    2070.86;     681.62;    2097.54;     681.44;    2097.45;     668.38;    2070.77;     668.56;       10;    0.65;   stop
   324;    1555.70;     751.18;    1557.73;     726.94;    1545.93;     725.95;    1543.89;     750.19;       10;    0.65;   stop
 12731;    2052.98;    1138.68;    2054.22;    1126.08;    2029.83;    1123.69;    2028.60;    1136.30;       10;    0.65;   move
   646;    2365.77;    1337.97;    2366.48;    1325.22;    2340.86;    1323.78;    2340.14;    1336.53;       10;    0.65;   stop
   479;    2639.38;     690.84;    2652.75;     690.81;    2652.72;     676.27;    2639.35;     676.30;       10;    0.65;   stop
   507;    2650.52;    1350.33;    2651.20;    1339.13;    2639.50;    1338.42;    2638.82;    1349.62;       10;    0.65;   stop
 17016;    1835.74;    2100.77;    1847.99;    2075.12;    1836.45;    2069.61;    1824.20;    2095.26;       10;    0.65;   stop
   360;    2093.86;    2156.85;    2101.33;    2146.08;    2077.26;    2129.40;    2069.79;    2140.17;       10;    0.65;   stop
   487;    3576.05;    1280.13;    3576.07;    1251.13;    3561.14;    1251.12;    3561.12;    1280.12;       10;    0.65;   stop
 14485;    1897.85;     861.40;    1909.13;     860.94;    1908.21;     838.48;    1896.94;     838.93;       10;    0.65;   stop
   212;     730.55;    1610.19;     731.26;    1597.49;     705.70;    1596.06;     704.99;    1608.76;       10;    0.65;   stop
   278;    1279.97;    1611.87;    1280.41;    1599.85;    1253.53;    1598.88;    1253.09;    1610.90;       10;    0.65;   stop
   656;    2255.33;    2088.19;    2261.28;    2075.68;    2234.74;    2063.06;    2228.79;    2075.57;       10;    0.65;   stop
   459;    1477.30;    1194.72;    1477.68;    1183.21;    1453.33;    1182.40;    1452.95;    1193.92;       10;    0.65;   stop
 13986;    1867.71;     471.38;    1886.39;     470.97;    1885.20;     416.25;    1866.51;     416.65;        9;    0.65;   stop
   281;     306.95;    1036.13;     307.22;    1024.09;     283.20;    1023.56;     282.94;    1035.60;       10;    0.65;   stop
   378;     793.57;    1937.03;     793.77;    1910.56;     781.08;    1910.47;     780.88;    1936.94;       10;    0.65;   stop
 15619;    1685.29;    1147.92;    1685.87;    1133.80;    1652.58;    1132.45;    1652.01;    1146.57;        9;    0.65;   stop
   497;    2518.14;     763.25;    2531.88;     763.11;    2531.61;     734.69;    2517.87;     734.82;       10;    0.65;   stop
 15673;    2741.72;    1180.29;    2743.73;    1168.47;    2718.65;    1164.21;    2716.65;    1176.03;       10;    0.65;   stop
   506;    2804.94;     647.59;    2825.44;     647.17;    2825.22;     636.55;    2804.72;     636.97;       10;    0.65;   stop
 14185;    3171.35;    1163.93;    3177.53;    1124.51;    3159.59;    1121.69;    3153.40;    1161.11;        9;    0.65;   stop
   379;     766.39;    1935.35;     778.59;    1935.28;     778.44;    1908.77;     766.24;    1908.84;       10;    0.65;   stop
   516;    1768.50;    1646.16;    1770.05;    1633.18;    1742.11;    1629.84;    1740.56;    1642.82;       10;    0.65;   stop
   385;    2684.85;    2149.59;    2698.41;    2142.67;    2683.28;    2113.03;    2669.71;    2119.96;       10;    0.65;   stop
   443;     753.93;    1222.74;     755.05;    1209.64;     727.52;    1207.26;     726.40;    1220.36;       10;    0.64;   stop
   567;    3247.03;    1123.62;    3259.94;    1101.48;    3247.97;    1094.50;    3235.06;    1116.65;       10;    0.64;   stop
   478;     831.94;    1209.27;     833.87;    1195.63;     805.87;    1191.67;     803.95;    1205.31;       10;    0.64;   stop
   341;    1490.04;    1624.97;    1490.71;    1613.23;    1463.08;    1611.66;    1462.42;    1623.40;       10;    0.64;   stop
   602;    3215.35;    1177.86;    3230.11;    1152.96;    3218.71;    1146.20;    3203.95;    1171.10;       10;    0.64;   stop
   508;    1804.12;    1681.59;    1805.39;    1669.55;    1775.67;    1666.41;    1774.40;    1678.45;       10;    0.63;   stop
  9929;    3436.23;    1405.48;    3439.80;    1392.69;    3412.21;    1384.99;    3408.64;    1397.78;       10;    0.63;   stop
   288;    1190.61;    1852.36;    1192.35;    1827.22;    1180.32;    1826.39;    1178.58;    1851.53;       10;    0.63;   stop
   395;     609.25;    1566.59;     609.92;    1554.82;     585.13;    1553.41;     584.46;    1565.18;       10;    0.63;   stop
   323;     697.40;    1607.60;     698.24;    1594.72;     672.29;    1593.03;     671.45;    1605.90;       10;    0.63;   stop
  7794;    2129.31;    1102.41;    2130.12;    1090.64;    2107.44;    1089.09;    2106.63;    1100.86;       10;    0.63;   stop
   535;    2439.60;    2082.99;    2466.27;    2071.50;    2460.52;    2058.14;    2433.85;    2069.63;       10;    0.63;   stop
  7841;    3566.46;     628.50;    3596.66;     627.07;    3596.04;     613.92;    3565.84;     615.35;       10;    0.63;   stop
 15143;    3010.12;    1279.61;    3013.09;    1265.70;    2982.38;    1259.14;    2979.41;    1273.05;       10;    0.63;   move
   591;    2520.55;     163.06;    2521.03;     135.84;    2508.95;     135.63;    2508.47;     162.85;       10;    0.62;   stop
   428;     229.69;    1133.12;     257.57;    1132.66;     257.34;    1118.75;     229.46;    1119.21;       10;    0.62;   stop
   195;     641.00;    1570.62;     642.40;    1557.87;     616.18;    1555.01;     614.79;    1567.75;       10;    0.62;   stop
   569;    2116.40;    2149.52;    2122.43;    2137.94;    2096.35;    2124.36;    2090.32;    2135.93;       10;    0.62;   stop
   499;    1806.21;    1650.40;    1807.95;    1637.61;    1777.67;    1633.47;    1775.92;    1646.27;       10;    0.62;   stop
   589;    1467.24;     924.99;    1468.69;     912.39;    1442.01;     909.33;    1440.56;     921.93;       10;    0.62;   stop
   550;    2404.01;    1893.52;    2405.87;    1866.00;    2392.62;    1865.11;    2390.76;    1892.62;       10;    0.62;   stop
   648;    2194.33;    2116.59;    2203.26;    2104.24;    2177.05;    2085.29;    2168.12;    2097.64;       10;    0.62;   stop
   477;    1974.21;     226.25;    1984.44;     226.18;    1984.29;     205.75;    1974.06;     205.82;       10;    0.62;   stop
   394;    3477.80;    1074.74;    3506.60;    1074.68;    3506.57;    1060.89;    3477.77;    1060.94;       10;    0.62;   stop
   342;    2003.39;    1705.60;    2014.35;    1700.68;    2003.86;    1677.28;    1992.90;    1682.19;       10;    0.61;   stop
   456;    3266.04;     227.97;    3295.88;     225.20;    3294.59;     211.25;    3264.75;     214.01;       10;    0.61;   stop
 13040;    3383.65;     905.99;    3395.06;     881.12;    3382.29;     875.26;    3370.88;     900.13;       10;    0.61;   stop
 15241;    1152.78;    1182.70;    1153.39;    1168.76;    1127.22;    1167.61;    1126.61;    1181.56;       10;    0.61;   stop
 16960;    1949.70;    1902.43;    1958.20;    1865.35;    1942.80;    1861.82;    1934.30;    1898.90;       10;    0.61;   stop
   568;    3301.79;    1004.04;    3314.53;     972.66;    3297.28;     965.65;    3284.53;     997.03;       10;    0.61;   stop
 12945;    3347.91;     988.91;    3357.14;     964.12;    3343.97;     959.21;    3334.73;     984.00;       10;    0.61;   stop
   588;    3551.68;     527.91;    3562.06;     503.93;    3549.88;     498.65;    3539.50;     522.63;       10;    0.60;   stop
   460;    1353.77;    1616.21;    1355.21;    1604.48;    1329.36;    1601.29;    1327.91;    1613.02;       10;    0.60;   stop
 12478;    3169.14;    1206.72;    3179.52;    1174.67;    3164.61;    1169.84;    3154.23;    1201.90;       10;    0.60;   stop
   475;    1119.46;    1638.19;    1146.66;    1637.48;    1146.29;    1623.18;    1119.09;    1623.89;       10;    0.60;   stop
 14206;    2666.71;    1170.03;    2668.16;    1155.98;    2640.15;    1153.09;    2638.71;    1167.14;       10;    0.60;   stop
   449;     500.26;    1007.70;     515.64;    1007.39;     515.05;     977.93;     499.67;     978.23;       10;    0.60;   stop
  4326;    2057.85;     266.24;    2082.39;     265.73;    2082.15;     254.08;    2057.61;     254.58;       10;    0.60;   stop
   549;    3532.85;     629.68;    3562.51;     628.84;    3562.15;     616.02;    3532.49;     616.87;       10;    0.60;   stop
  5728;    2500.20;    2046.20;    2524.61;    2036.18;    2519.18;    2022.93;    2494.76;    2032.94;       10;    0.60;   stop
   482;     332.96;    1033.58;     333.02;    1021.53;     309.23;    1021.42;     309.17;    1033.47;       10;    0.59;   stop
 16257;    1253.87;    1146.64;    1254.97;    1136.08;    1232.38;    1133.74;    1231.28;    1144.29;       10;    0.59;   move
   298;     313.93;    1135.58;     314.22;    1122.48;     289.35;    1121.92;     289.06;    1135.02;       10;    0.59;   stop
   745;    1977.00;    1777.87;    1978.72;    1756.62;    1968.00;    1755.75;    1966.28;    1777.01;       10;    0.59;   stop
   625;    3231.63;    1149.23;    3243.98;    1126.82;    3232.44;    1120.46;    3220.08;    1142.87;       10;    0.59;   stop
   491;    2886.34;     647.73;    2915.64;     646.17;    2914.91;     632.42;    2885.61;     633.98;       10;    0.59;   stop
   669;    3598.27;    1279.08;    3598.63;    1251.43;    3583.91;    1251.23;    3583.55;    1278.89;       10;    0.59;   stop
 17159;    1920.45;     464.80;    1931.20;     464.21;    1930.05;     443.08;    1919.30;     443.66;       10;    0.58;   move
   442;     672.43;    1188.05;     686.21;    1187.93;     686.01;    1163.20;     672.22;    1163.32;       10;    0.58;   stop
   559;    3496.11;     567.01;    3504.77;     541.73;    3492.01;     537.36;    3483.36;     562.64;       10;    0.58;   stop
   613;    1881.29;    1652.47;    1881.86;    1640.46;    1857.09;    1639.28;    1856.51;    1651.29;       10;    0.58;   stop
   620;    2595.44;    1948.14;    2601.03;    1934.61;    2570.18;    1921.86;    2564.59;    1935.39;       10;    0.58;   stop
 15044;    1814.52;      35.24;    1827.73;      34.46;    1826.02;       5.26;    1812.82;       6.04;       10;    0.58;   stop
 13227;    1844.68;    1465.95;    1868.96;    1465.92;    1868.94;    1453.43;    1844.67;    1453.46;       10;    0.58;   stop
 16903;    1852.14;    2065.73;    1864.27;    2038.26;    1851.55;    2032.65;    1839.42;    2060.11;       10;    0.58;   stop
   575;    1500.09;     928.99;    1501.60;     916.49;    1474.41;     913.20;    1472.90;     925.70;       10;    0.57;   stop
   542;    3662.86;     627.63;    3697.55;     625.07;    3696.51;     611.04;    3661.83;     613.60;       10;    0.57;   stop
   584;    1700.95;    1676.82;    1702.08;    1663.31;    1675.18;    1661.05;    1674.04;    1674.57;       10;    0.57;   stop
   537;    2470.01;    2068.28;    2495.21;    2056.12;    2488.62;    2042.47;    2463.42;    2054.63;       10;    0.57;   stop
 11150;    3616.58;     629.63;    3647.86;     628.08;    3647.17;     614.20;    3615.89;     615.74;       10;    0.57;   stop
 17413;    2723.61;    1898.51;    2753.11;    1893.08;    2750.46;    1878.67;    2720.95;    1884.11;       10;    0.57;   stop
   587;    2491.82;    1991.66;    2499.90;    1981.33;    2474.68;    1961.59;    2466.60;    1971.92;       10;    0.57;   stop
   434;    1360.09;    1652.11;    1361.01;    1639.32;    1334.29;    1637.39;    1333.37;    1650.18;       10;    0.56;   stop
   590;    1534.01;     978.27;    1536.28;     954.44;    1524.87;     953.35;    1522.60;     977.19;       10;    0.56;   stop
  1324;    3164.41;     638.93;    3187.84;     637.57;    3187.15;     625.76;    3163.72;     627.11;       10;    0.56;   stop
 13205;    3451.30;     751.82;    3462.10;     724.98;    3448.70;     719.59;    3437.90;     746.42;       10;    0.56;   stop
  5159;    2639.58;    2044.24;    2650.78;    2039.51;    2640.80;    2015.88;    2629.59;    2020.62;       10;    0.56;   stop
   347;     960.31;     674.39;     961.81;     662.08;     936.25;     658.97;     934.75;     671.28;       10;    0.55;   stop
   492;     550.81;    1044.13;     571.63;    1043.62;     571.38;    1033.37;     550.56;    1033.88;       10;    0.55;   stop
   476;    1481.78;    1659.45;    1483.16;    1647.62;    1457.84;    1644.67;    1456.46;    1656.51;       10;    0.55;   stop
 12282;    1880.91;     601.51;    1892.97;     600.40;    1890.84;     577.49;    1878.78;     578.60;       10;    0.55;   stop
   418;    1261.72;    1647.02;    1262.83;    1634.57;    1238.03;    1632.36;    1236.92;    1644.81;       10;    0.55;   stop
   500;    1940.95;    2107.31;    1955.49;    2106.67;    1954.27;    2078.82;    1939.72;    2079.46;       10;    0.55;   stop
   707;    2663.03;    1251.95;    2665.06;    1236.67;    2640.11;    1233.36;    2638.08;    1248.64;       10;    0.54;   stop
   723;    3191.20;    1176.85;    3205.35;    1152.37;    3193.17;    1145.34;    3179.03;    1169.82;       10;    0.54;   stop
   612;    2508.98;     195.35;    2521.75;     195.30;    2521.64;     168.58;    2508.87;     168.64;       10;    0.54;   stop
 14192;    2551.88;     656.19;    2578.52;     654.68;    2577.74;     640.93;    2551.10;     642.44;       10;    0.54;   stop
 17007;    2858.79;     242.94;    2888.91;     241.21;    2888.09;     226.75;    2857.96;     228.47;       10;    0.54;   stop
   570;    3203.15;     640.89;    3231.41;     639.95;    3230.91;     624.97;    3202.65;     625.91;       10;    0.54;   stop
   447;     498.37;     578.59;     501.04;     567.03;     481.32;     562.47;     478.65;     574.03;       10;    0.53;   stop
   626;    3567.64;    1317.50;    3577.55;    1312.00;    3566.74;    1292.50;    3556.82;    1298.00;       10;    0.53;   stop
  2828;    2463.93;    1522.23;    2464.46;    1498.11;    2451.95;    1497.84;    2451.41;    1521.95;       10;    0.53;   stop
   614;    2506.81;    1982.34;    2515.08;    1971.65;    2492.31;    1954.03;    2484.04;    1964.72;       10;    0.53;   stop
 11585;    1832.51;     263.68;    1833.60;     245.43;    1823.37;     244.82;    1822.28;     263.07;       10;    0.53;   stop
   673;    2548.41;    1965.13;    2556.75;    1952.41;    2530.59;    1935.25;    2522.25;    1947.97;       10;    0.53;   stop
   600;    3143.50;     158.09;    3143.59;     128.83;    3128.37;     128.78;    3128.28;     158.05;       10;    0.53;   stop
   558;    1980.58;    2113.89;    1994.10;    2111.11;    1988.42;    2083.49;    1974.90;    2086.27;       10;    0.53;   stop
   381;    3597.96;     428.96;    3610.17;     401.81;    3597.35;     396.04;    3585.14;     423.19;       10;    0.52;   stop
   526;    2510.08;     349.50;    2522.85;     349.47;    2522.79;     323.25;    2510.02;     323.28;       10;    0.52;   stop
   599;    2457.15;    2008.20;    2465.58;    1997.77;    2440.73;    1977.68;    2432.29;    1988.11;       10;    0.52;   stop
 17284;    1937.00;     677.39;    1957.21;     677.32;    1956.81;     561.23;    1936.60;     561.30;        9;    0.52;   stop
   463;    3792.07;     262.58;    3793.66;     231.86;    3777.30;     231.02;    3775.72;     261.74;       10;    0.52;   stop
   563;    1188.70;    2149.53;    1200.35;    2149.40;    1200.05;    2121.72;    1188.40;    2121.85;       10;    0.52;   stop
   538;    1958.87;    2109.67;    1972.42;    2109.34;    1971.78;    2083.21;    1958.23;    2083.54;       10;    0.51;   stop
 13917;    2920.59;     646.21;    2948.28;     645.96;    2948.16;     633.00;    2920.47;     633.26;       10;    0.51;   stop
   706;    2528.00;    1973.05;    2536.16;    1961.81;    2515.00;    1946.45;    2506.84;    1957.69;       10;    0.51;   stop
   232;     524.30;    1561.46;     525.04;    1548.97;     496.64;    1547.29;     495.90;    1559.78;       10;    0.51;   stop
   454;    2987.11;    1505.93;    2999.96;    1476.83;    2988.05;    1471.57;    2975.20;    1500.67;       10;    0.51;   stop
   474;     797.75;    1936.03;     810.01;    1935.97;     809.87;    1909.22;     797.61;    1909.28;       10;    0.51;   stop
   576;    1912.89;    1580.37;    1926.01;    1580.04;    1925.23;    1548.82;    1912.11;    1549.14;       10;    0.51;   stop
   685;    1979.52;     743.19;    1988.28;     743.04;    1987.98;     726.06;    1979.22;     726.21;       10;    0.50;   stop
   578;    2410.46;    2149.51;    2412.17;    2120.68;    2398.54;    2119.87;    2396.83;    2148.70;       10;    0.50;   stop
 15914;    2603.38;     250.96;    2626.54;     250.61;    2626.38;     239.54;    2603.21;     239.89;       10;    0.50;   stop
   294;     621.85;    1356.58;     623.49;    1342.83;     596.90;    1339.67;     595.26;    1353.42;       10;    0.49;   stop
 13833;    1832.97;     935.90;    1843.68;     935.82;    1843.53;     914.73;    1832.82;     914.80;       10;    0.49;   stop
 11401;    3750.08;     205.73;    3778.57;     204.64;    3778.04;     190.83;    3749.56;     191.93;       10;    0.48;   stop
   445;     824.47;    1933.77;     825.17;    1908.44;     812.97;    1908.10;     812.27;    1933.44;       10;    0.48;   stop
   680;    2566.96;    1954.94;    2574.83;    1943.39;    2551.41;    1927.44;    2543.54;    1938.98;       10;    0.48;   stop
   502;    3136.28;    1180.50;    3149.50;    1155.57;    3137.47;    1149.19;    3124.25;    1174.11;       10;    0.48;   stop
 15872;    1632.58;     647.43;    1633.70;     636.37;    1609.67;     633.95;    1608.55;     645.00;       10;    0.47;   stop
   649;     570.82;    1040.30;     594.76;    1039.70;     594.49;    1028.77;     570.55;    1029.36;       10;    0.47;   stop
   370;     615.24;    1375.88;     617.51;    1362.45;     590.38;    1357.87;     588.12;    1371.30;       10;    0.47;   stop
 15563;    2208.04;    2107.74;    2217.37;    2098.69;    2198.77;    2079.51;    2189.44;    2088.56;       10;    0.47;   stop
 13494;    3648.53;    1343.12;    3657.51;    1316.69;    3643.34;    1311.88;    3634.37;    1338.31;       10;    0.47;   stop
 17256;    1909.27;    1445.66;    1924.71;    1443.85;    1920.23;    1405.65;    1904.79;    1407.46;       10;    0.47;   stop
   598;    2471.37;    1997.39;    2480.36;    1987.47;    2459.13;    1968.23;    2450.14;    1978.15;       10;    0.47;   stop
   514;    2522.87;     320.25;    2523.15;     289.06;    2510.01;     288.94;    2509.72;     320.12;       10;    0.45;   stop
 16678;    3301.72;     223.64;    3330.32;     223.27;    3330.16;     210.42;    3301.55;     210.79;       10;    0.45;   stop
  1149;    1604.35;    1667.50;    1605.43;    1654.66;    1578.28;    1652.38;    1577.20;    1665.22;       10;    0.45;   stop
 15808;    1838.06;     214.82;    1852.34;     211.29;    1842.94;     173.30;    1828.66;     176.84;       10;    0.45;   stop
 16850;    2827.77;     243.53;    2852.58;     242.31;    2851.98;     230.10;    2827.17;     231.32;       10;    0.45;   stop
   577;    1549.90;     818.76;    1554.24;     789.20;    1540.47;     787.18;    1536.13;     816.74;       10;    0.44;   stop
 17405;    2507.29;     358.70;    2507.49;     325.38;    2494.09;     325.30;    2493.88;     358.62;       10;    0.44;   move
   659;    1949.13;    1905.39;    1958.98;    1865.16;    1942.43;    1861.11;    1932.58;    1901.34;        9;    0.44;   stop
 12562;    2781.39;    1864.43;    2788.10;    1853.77;    2764.16;    1838.69;    2757.44;    1849.35;       10;    0.44;   stop
 13086;    2425.82;    1626.69;    2427.97;    1601.99;    2415.80;    1600.94;    2413.66;    1625.63;       10;    0.44;   stop
   647;    2405.36;    1862.44;    2407.00;    1838.45;    2395.76;    1837.68;    2394.12;    1861.67;       10;    0.44;   stop
 16941;    1886.73;    2038.53;    1897.39;    2015.73;    1885.86;    2010.34;    1875.20;    2033.14;       10;    0.44;   stop
 17127;    3426.84;     221.00;    3456.87;     219.73;    3456.29;     206.03;    3426.26;     207.30;       10;    0.44;   stop
 14075;    3702.87;     626.14;    3732.16;     624.69;    3731.51;     611.59;    3702.22;     613.05;       10;    0.44;   stop
  2517;    1988.95;    1646.60;    1990.74;    1623.48;    1980.05;    1622.65;    1978.26;    1645.77;       10;    0.44;   stop
   631;    1196.91;    1757.06;    1197.74;    1728.57;    1184.72;    1728.19;    1183.89;    1756.68;       10;    0.44;   stop
   574;    1922.63;    2102.50;    1936.33;    2102.49;    1936.31;    2076.88;    1922.61;    2076.89;       10;    0.44;   stop
   555;    1174.04;    1062.16;    1174.22;    1053.19;    1156.59;    1052.84;    1156.41;    1061.81;       10;    0.43;   stop
   678;     725.99;    1052.84;     726.62;    1039.98;     719.99;    1039.66;     719.37;    1052.52;       10;    0.43;   stop
  8341;    1431.48;     920.62;    1432.29;     908.67;    1406.90;     906.94;    1406.08;     918.89;       10;    0.43;   stop
   619;    3545.63;    1037.31;    3545.75;    1026.42;    3520.31;    1026.12;    3520.18;    1037.02;       10;    0.43;   stop
   694;    2533.77;     808.50;    2534.17;     783.58;    2521.61;     783.38;    2521.21;     808.30;       10;    0.43;   stop
 17202;    2704.29;     688.66;    2729.12;     687.24;    2728.29;     672.59;    2703.45;     674.01;       10;    0.43;   stop
 14661;    3260.63;    1098.93;    3274.64;    1075.97;    3262.50;    1068.57;    3248.49;    1091.52;       10;    0.42;   stop
 17379;    2415.08;    1742.66;    2417.19;    1717.73;    2405.17;    1716.72;    2403.06;    1741.64;       10;    0.42;   stop
  5611;     750.17;    1934.95;     763.20;    1934.94;     763.17;    1909.17;     750.14;    1909.19;       10;    0.42;   stop
 17329;     562.05;    1240.48;     591.08;    1238.71;     590.14;    1223.27;     561.10;    1225.04;       10;    0.42;   stop
   702;    1983.32;    1527.16;    1992.76;    1527.00;    1992.43;    1508.09;    1982.99;    1508.25;       10;    0.41;   stop
 14095;    3785.03;     203.44;    3811.59;     201.40;    3810.59;     188.43;    3784.04;     190.47;       10;    0.41;   stop
   650;    2592.43;    1428.73;    2598.39;    1399.56;    2584.44;    1396.71;    2578.48;    1425.88;       10;    0.41;   stop
  7821;    1619.61;    1633.39;    1620.50;    1621.95;    1596.77;    1620.11;    1595.88;    1631.55;       10;    0.40;   stop
 14903;    3793.15;     462.15;    3793.26;     426.65;    3776.22;     426.60;    3776.11;     462.10;        9;    0.39;   stop
   610;     201.02;    1131.37;     226.02;    1130.44;     225.55;    1117.69;     200.54;    1118.63;       10;    0.39;   stop
 16403;    1840.49;    1686.49;    1841.56;    1673.76;    1816.23;    1671.63;    1815.16;    1684.37;       10;    0.39;   stop
 13139;    3424.11;     814.58;    3431.66;     792.87;    3420.57;     789.02;    3413.03;     810.73;       10;    0.39;   stop
   424;     447.92;    1575.72;     447.92;    1563.05;     421.15;    1563.03;     421.14;    1575.70;       10;    0.39;   stop
 14113;    2649.18;     649.33;    2649.39;     639.00;    2639.34;     638.80;    2639.14;     649.13;       10;    0.39;   stop
   616;     647.04;    1152.67;     647.06;    1139.56;     622.33;    1139.52;     622.31;    1152.63;       10;    0.39;   stop
  4716;    3079.54;    1539.17;    3088.46;    1516.20;    3077.21;    1511.83;    3068.29;    1534.80;       10;    0.38;   stop
   627;    1350.88;     108.63;    1351.63;      96.56;    1326.62;      95.00;    1325.87;     107.07;       10;    0.38;   stop
   735;    3777.49;     401.10;    3794.20;     399.78;    3791.89;     370.46;    3775.18;     371.78;       10;    0.38;   stop
 17086;    1421.61;    1656.31;    1423.56;    1644.07;    1397.64;    1639.94;    1395.69;    1652.18;       10;    0.38;   stop
 13721;    2452.34;    1680.91;    2452.78;    1656.11;    2437.66;    1655.84;    2437.22;    1680.64;       10;    0.38;   stop
 17274;    3792.47;     293.96;    3793.33;     265.29;    3776.90;     264.79;    3776.04;     293.46;       10;    0.37;   stop
 16418;    1112.41;    1018.96;    1112.67;     992.67;    1099.91;     992.54;    1099.64;    1018.83;       10;    0.36;   stop
 14457;    2453.82;    1634.04;    2454.91;    1608.72;    2442.93;    1608.21;    2441.84;    1633.53;       10;    0.36;   stop
   683;    1132.22;      79.63;    1132.42;      69.32;    1109.91;      68.87;    1109.70;      79.18;       10;    0.36;   stop
 13453;    3756.70;     332.03;    3757.80;     296.19;    3739.55;     295.63;    3738.45;     331.47;       10;    0.36;   stop
  3142;     496.19;    1594.00;     496.76;    1581.38;     474.12;    1580.38;     473.56;    1592.99;       10;    0.36;   stop
 17396;    3050.57;     641.11;    3075.51;     639.12;    3074.59;     627.56;    3049.65;     629.55;       10;    0.36;   stop
   155;     354.98;    1550.13;     356.53;    1537.44;     330.33;    1534.25;     328.78;    1546.94;       10;    0.36;   stop
   517;     413.43;    1588.90;     436.06;    1588.69;     435.94;    1576.10;     413.31;    1576.31;       10;    0.36;   stop
 16249;    3120.00;    1407.32;    3121.97;    1387.48;    3113.25;    1386.62;    3111.28;    1406.45;       10;    0.36;   stop
 17018;    2846.54;    1824.18;    2848.70;    1812.42;    2822.99;    1807.70;    2820.83;    1819.45;       10;    0.36;   stop
   636;    2407.68;    1827.35;    2409.83;    1801.77;    2397.94;    1800.78;    2395.80;    1826.35;       10;    0.36;   stop
 17205;    1884.97;     643.85;    1897.49;     641.63;    1892.78;     615.03;    1880.26;     617.24;       10;    0.36;   stop
 15984;     357.13;    1673.87;     371.63;    1673.69;     371.31;    1648.63;     356.81;    1648.81;       10;    0.35;   stop