vehicle_id;veh_bb_x1;veh_bb_y1;veh_bb_x2;veh_bb_y2;veh_bb_x3;veh_bb_y3;veh_bb_x4;veh_bb_y4;det_class;conf_score;state;parking_zone;timestamp_in;timestamp_out
1;3280.01;1167.17;3281.97;1152.06;3246.87;1147.51;3244.91;1162.62;10;0.81;move;-1;;
3;3145.74;1198.3;3147.84;1182.26;3110.2;1177.33;3108.09;1193.36;10;0.82;stop;11;1;7518
7;854.93;1172.15;855.18;1158.05;826.01;1157.53;825.76;1171.64;10;0.82;stop;-1;;
10;2951.97;1036.66;2953.4;1021.43;2920.53;1018.34;2919.1;1033.57;10;0.81;stop;6;1;7518
15;2681.51;1152.33;2681.51;1138.17;2652.86;1138.17;2652.86;1152.33;10;0.81;stop;11;1;7518
19;1977.3;668.95;1991.9;667.78;1989.64;639.43;1975.04;640.59;10;0.82;stop;9;1;7518
21;2824.23;1155.55;2824.87;1140.92;2791.4;1139.45;2790.76;1154.08;10;0.81;stop;11;1;7518
22;1960.49;680.05;1974.57;679.09;1972.42;647.45;1958.34;648.41;10;0.8;stop;9;1;7518
23;1075.03;639.93;1075.43;626.0;1045.03;625.14;1044.63;639.06;10;0.81;stop;-1;;
26;1957.78;640.16;1973.84;638.75;1970.9;605.22;1954.85;606.62;10;0.82;stop;9;1;7518
27;2725.89;1153.83;2726.38;1137.73;2691.74;1136.67;2691.24;1152.77;10;0.81;stop;11;1;7518
32;3499.43;1067.64;3503.84;1052.65;3469.95;1042.67;3465.53;1057.67;10;0.81;stop;6;1;7518
36;992.53;635.65;993.37;622.27;966.85;620.6;966.01;633.98;10;0.81;stop;-1;;
37;3428.91;930.7;3446.71;903.07;3433.59;894.61;3415.79;922.25;10;0.81;stop;6;1;7518
40;1993.19;895.84;2007.79;895.7;2007.5;864.79;1992.9;864.92;10;0.81;stop;9;1;7518
44;3500.29;1048.65;3505.84;1033.21;3472.84;1021.35;3467.29;1036.79;10;0.8;stop;6;1;5352
46;1783.68;1659.85;1783.87;1645.77;1755.57;1645.4;1755.38;1659.48;10;0.8;stop;14;1;7518
49;1145.13;1055.12;1145.4;1040.19;1113.87;1039.63;1113.6;1054.56;10;0.81;stop;10;1;7518
53;2832.94;1028.12;2834.06;1013.01;2798.43;1010.38;2797.32;1025.49;10;0.81;stop;6;1;7518
56;3356.16;1360.78;3361.31;1347.09;3332.9;1336.41;3327.75;1350.09;10;0.79;stop;11;1;7518
57;1790.17;233.82;1806.02;232.74;1804.21;206.05;1788.35;207.13;10;0.78;stop;1;1;7132
59;2969.06;1287.34;2974.23;1271.52;2937.94;1259.66;2932.77;1275.48;10;0.8;stop;13;1;7518
60;1999.11;1259.68;2013.03;1258.49;2010.39;1227.7;1996.47;1228.89;10;0.82;move;-1;;
64;1464.69;1655.35;1494.15;1655.17;1494.06;1640.9;1464.6;1641.08;10;0.75;stop;14;1;7518
65;2013.95;1241.21;2027.9;1240.07;2025.55;1211.29;2011.6;1212.43;10;0.78;move;-1;;
66;3261.42;1399.25;3275.3;1367.43;3258.89;1360.28;3245.01;1392.1;10;0.81;stop;-1;;
67;1983.49;741.31;1997.87;739.78;1994.7;709.94;1980.31;711.47;10;0.82;stop;9;1;7518
68;3734.1;895.45;3769.45;891.51;3767.77;876.43;3732.42;880.36;10;0.8;stop;6;1;7518
72;3475.76;826.72;3493.25;798.33;3480.49;790.47;3463.0;818.85;10;0.8;stop;6;1;7518
74;2894.66;1029.58;2895.78;1015.63;2868.34;1013.42;2867.22;1027.37;10;0.81;stop;6;1;7518
76;2496.69;1153.0;2529.75;1152.35;2529.44;1136.38;2496.38;1137.02;10;0.79;stop;11;1;7518
79;3142.4;447.7;3170.34;442.86;3167.92;428.86;3139.97;433.7;10;0.8;stop;8;1;7518
80;3781.24;889.92;3813.87;886.81;3812.51;872.58;3779.88;875.69;10;0.8;stop;6;1;7518
84;1848.8;812.04;1864.89;810.66;1862.2;779.27;1846.11;780.65;10;0.78;move;-1;;
86;2748.33;482.49;2782.49;478.01;2780.58;463.45;2746.42;467.92;10;0.78;stop;7;1;7518
87;888.35;1173.84;888.44;1158.84;859.15;1158.66;859.06;1173.66;10;0.79;stop;-1;;
90;3410.48;965.6;3426.42;933.61;3411.71;926.28;3395.77;958.27;10;0.79;stop;6;1;7518
91;2041.66;1382.76;2043.46;1353.0;2028.78;1352.11;2026.97;1381.87;10;0.81;stop;15;1;7518
92;938.66;1060.18;965.61;1059.81;965.41;1045.44;938.46;1045.81;10;0.79;stop;10;1;7518
93;397.6;1073.47;397.75;1058.71;367.4;1058.4;367.25;1073.17;10;0.8;stop;10;1;7518
96;1861.15;2149.49;1874.94;2121.45;1862.6;2115.38;1848.81;2143.43;10;0.66;stop;-1;;
97;1979.88;703.28;1993.61;702.1;1991.37;675.97;1977.64;677.15;10;0.81;stop;9;1;7518
98;2651.87;492.12;2681.11;488.66;2679.54;475.38;2650.3;478.84;10;0.81;stop;7;1;7518
101;1875.85;2116.12;1888.57;2090.25;1877.15;2084.63;1864.43;2110.5;10;0.65;stop;-1;;
109;1996.64;1218.78;2010.32;1216.96;2006.86;1190.97;1993.18;1192.79;10;0.77;move;-1;;
110;2914.18;1304.85;2915.43;1287.68;2881.92;1285.23;2880.66;1302.4;10;0.78;stop;13;1;7518
111;1991.46;852.76;2004.46;851.72;2002.29;824.62;1989.29;825.65;10;0.78;stop;9;1;7518
112;1983.92;822.91;1999.14;820.24;1993.71;789.22;1978.49;791.88;10;0.8;stop;9;1;7518
114;3058.18;1050.4;3060.17;1037.13;3033.32;1033.1;3031.33;1046.37;10;0.78;stop;6;1;7518
117;2572.11;1696.76;2574.8;1660.22;2559.77;1659.12;2557.07;1695.65;10;0.74;stop;16;1;7518
118;1967.9;1837.79;1973.22;1804.07;1957.42;1801.58;1952.1;1835.3;10;0.76;stop;-1;;
119;1949.44;253.4;1963.05;252.24;1960.69;224.72;1947.08;225.89;10;0.8;stop;2;1;7518
120;2740.36;525.42;2773.26;522.09;2771.76;507.33;2738.87;510.66;10;0.79;stop;7;1;7518
124;1994.47;929.47;2008.48;929.16;2007.9;903.15;1993.9;903.46;10;0.76;stop;9;1;7518
125;1818.49;1017.16;1840.46;990.48;1828.76;980.84;1806.79;1007.52;10;0.76;stop;-1;;
126;3024.92;1048.31;3027.44;1032.58;2994.58;1027.31;2992.06;1043.05;10;0.81;stop;6;1;7518
130;2642.13;1150.3;2642.14;1135.72;2611.24;1135.7;2611.23;1150.28;10;0.79;stop;11;1;7518
131;2696.25;1023.41;2697.08;1008.02;2664.61;1006.28;2663.78;1021.67;10;0.81;stop;6;1;7518
132;2687.32;488.51;2718.43;484.83;2716.81;471.11;2685.7;474.79;10;0.78;stop;7;1;7518
133;2393.81;514.51;2422.4;511.39;2420.81;496.86;2392.23;499.99;10;0.78;stop;7;1;7518
135;3584.91;681.58;3597.88;651.25;3583.22;644.98;3570.24;675.31;10;0.8;stop;6;1;7518
136;1294.28;1045.54;1318.12;1045.23;1317.97;1033.46;1294.13;1033.77;10;0.79;stop;10;1;7518
141;3252.91;1366.49;3263.69;1335.62;3249.59;1330.7;3238.81;1361.57;10;0.83;stop;-1;;
142;1824.87;685.01;1839.07;683.53;1835.78;652.06;1821.59;653.54;10;0.78;stop;1;1;7518
145;2084.78;1033.5;2117.01;1031.28;2115.97;1016.25;2083.74;1018.47;10;0.69;stop;-1;;
148;1277.16;1182.37;1325.9;1179.97;1324.96;1161.0;1276.23;1163.41;9;0.74;stop;12;1;7518
150;2346.97;1154.25;2347.05;1139.79;2316.9;1139.62;2316.83;1154.09;10;0.79;stop;11;1;7518
151;953.14;632.65;953.77;620.32;926.55;618.91;925.91;631.25;10;0.77;stop;-1;;
152;1987.23;779.5;2000.0;778.4;1997.71;751.63;1984.93;752.72;10;0.78;stop;9;1;7518
153;904.59;1061.28;934.49;1059.88;933.85;1046.22;903.95;1047.62;10;0.78;stop;10;1;7518
158;1914.5;2028.46;1923.91;2004.56;1912.75;2000.17;1903.34;2024.06;10;0.72;stop;-1;;
159;3008.78;1304.75;3016.18;1289.6;2981.47;1272.63;2974.07;1287.77;10;0.77;stop;13;1;7518
160;792.95;1184.57;823.45;1184.28;823.3;1168.55;792.8;1168.84;10;0.79;stop;12;1;7518
161;765.28;1063.83;793.29;1062.31;792.57;1048.92;764.55;1050.44;10;0.76;stop;10;1;7518
163;3045.85;1341.83;3059.3;1327.1;3023.53;1294.42;3010.07;1309.15;10;0.68;stop;13;1;7518
166;3178.05;441.51;3204.56;437.32;3202.57;424.74;3176.06;428.93;10;0.79;stop;8;1;7518
167;1178.54;1181.86;1207.87;1180.23;1207.02;1164.89;1177.69;1166.52;10;0.77;stop;12;2655;7518
168;1972.07;1521.46;1985.58;1520.5;1983.43;1490.17;1969.92;1491.12;10;0.77;stop;-1;;
171;752.15;1185.01;779.64;1183.54;778.9;1169.62;751.41;1171.09;10;0.78;stop;12;1;7518
172;2754.59;1023.37;2754.94;1008.02;2721.47;1007.25;2721.11;1022.6;10;0.79;stop;6;1;7518
175;1960.47;1875.17;1965.92;1845.47;1952.28;1842.96;1946.83;1872.66;10;0.73;stop;-1;;
176;3784.46;150.08;3796.69;119.82;3783.04;114.3;3770.81;144.56;10;0.8;stop;6;1;7518
177;3420.83;867.57;3441.33;844.71;3430.42;834.93;3409.92;857.79;10;0.78;stop;6;1;7518
179;3101.07;1191.06;3103.01;1175.31;3071.43;1171.44;3069.49;1187.19;10;0.81;stop;11;1;7518
180;3018.9;1178.98;3021.01;1164.52;2989.35;1159.89;2987.24;1174.36;10;0.79;stop;11;1;7518
181;1745.71;1658.21;1746.03;1643.19;1715.91;1642.54;1715.59;1657.56;10;0.8;stop;14;1;7518
183;2786.99;477.47;2819.47;474.02;2818.09;460.97;2785.6;464.42;10;0.8;stop;7;1;7518
184;865.06;1064.27;894.68;1062.58;893.88;1048.48;864.25;1050.17;10;0.78;stop;10;1;7518
185;2194.09;1158.53;2221.48;1152.14;2218.35;1138.72;2190.96;1145.11;10;0.8;stop;11;1;5030
188;3751.99;236.49;3762.31;205.65;3748.01;200.86;3737.69;231.7;10;0.78;stop;6;1;7518
190;3282.43;516.2;3296.75;515.86;3296.01;484.11;3281.69;484.45;10;0.78;stop;8;1;7518
195;945.06;1186.22;977.63;1184.37;976.72;1168.4;944.15;1170.25;10;0.77;stop;12;1;7518
196;2354.71;1154.71;2385.03;1153.68;2384.54;1139.16;2354.22;1140.2;10;0.78;stop;11;1;7518
197;2394.03;1153.75;2423.1;1153.27;2422.85;1137.87;2393.78;1138.35;10;0.78;stop;11;1;7518
198;2538.51;1150.96;2568.78;1150.61;2568.61;1136.16;2538.35;1136.51;10;0.78;stop;11;1;7518
200;2960.54;1993.69;2974.21;1982.61;2950.96;1953.93;2937.29;1965.01;10;0.78;stop;-1;;
203;1827.9;822.46;1844.96;820.55;1839.6;772.79;1822.54;774.7;9;0.77;stop;1;1;6071
204;1922.3;55.5;1936.07;54.34;1933.82;27.75;1920.05;28.91;10;0.8;stop;2;1;7518
205;3402.3;886.18;3427.11;878.07;3422.7;864.6;3397.89;872.71;10;0.75;stop;6;1;5018
210;2278.44;1155.6;2306.12;1154.57;2305.56;1139.4;2277.88;1140.43;10;0.78;stop;11;1;7518
211;2577.53;1551.54;2578.3;1517.83;2562.22;1517.46;2561.45;1551.17;10;0.77;stop;16;1;7518
212;1771.81;190.35;1786.24;188.93;1783.52;161.22;1769.08;162.64;10;0.75;stop;1;1;7518
213;2859.68;472.46;2893.59;468.85;2892.07;454.54;2858.16;458.15;10;0.8;stop;7;1;7518
217;1610.99;1657.21;1640.27;1657.18;1640.26;1642.42;1610.98;1642.44;10;0.74;stop;14;1;7518
218;1288.6;1692.57;1316.94;1692.48;1316.9;1679.05;1288.56;1679.14;10;0.64;stop;14;1;7518
220;1767.62;145.88;1781.43;145.44;1780.54;117.37;1766.73;117.81;10;0.77;stop;1;1;7518
221;1712.17;561.33;1713.03;546.35;1681.22;544.54;1680.37;559.53;10;0.77;stop;-1;;
222;1812.12;712.01;1827.65;709.78;1823.22;679.05;1807.69;681.29;10;0.79;stop;1;1;7518
223;513.76;1069.95;543.93;1069.57;543.74;1054.42;513.57;1054.81;10;0.8;stop;10;1;7518
228;1794.04;1166.83;1825.08;1164.26;1823.87;1149.55;1792.82;1152.11;10;0.78;stop;12;1;7518
230;3184.62;945.97;3222.78;942.44;3221.32;926.69;3183.16;930.22;10;0.77;stop;6;1;7518
231;1905.0;1699.95;1933.58;1699.79;1933.5;1685.17;1904.92;1685.34;10;0.74;stop;14;1;7518
232;2574.71;1645.54;2576.2;1616.58;2561.66;1615.83;2560.17;1644.8;10;0.75;stop;16;1;7518
233;1790.98;468.3;1806.53;466.81;1803.39;433.95;1787.84;435.44;10;0.75;stop;1;1;7518
234;2572.81;438.7;2585.33;437.4;2582.69;411.8;2570.17;413.1;10;0.78;stop;7;1;7518
235;797.78;1063.85;827.47;1062.42;826.72;1046.65;797.03;1048.08;10;0.75;stop;10;1;7518
236;2227.73;1157.47;2261.05;1156.6;2260.64;1140.91;2227.32;1141.78;10;0.78;stop;11;1;7518
237;1946.38;218.27;1959.54;217.23;1957.37;190.1;1944.21;191.15;10;0.78;stop;2;1;7518
238;1777.92;92.91;1790.92;92.21;1789.37;63.46;1776.36;64.16;10;0.76;stop;1;1;7518
239;3207.88;439.21;3238.14;435.39;3236.49;422.35;3206.24;426.17;10;0.79;stop;8;1;7518
241;1085.36;1056.16;1085.36;1041.97;1057.76;1041.97;1057.76;1056.16;10;0.77;stop;10;1;7518
242;1220.78;1056.35;1253.0;1054.27;1251.97;1038.4;1219.75;1040.48;10;0.76;stop;10;1;7518
245;3079.4;1376.27;3092.68;1363.19;3059.35;1329.35;3046.07;1342.44;9;0.78;stop;13;1;7518
247;796.25;1650.63;796.68;1636.15;768.44;1635.31;768.01;1649.79;10;0.73;stop;18;1;7518
248;1905.99;1661.55;1937.05;1661.45;1937.01;1645.95;1905.95;1646.05;10;0.77;stop;14;1;7518
250;2466.55;507.19;2492.58;503.99;2490.95;490.68;2464.92;493.89;10;0.78;stop;7;1;7518
251;3654.88;491.98;3664.19;461.01;3650.12;456.77;3640.81;487.74;10;0.76;stop;6;1;7518
254;2191.33;1320.34;2222.36;1315.69;2219.98;1299.78;2188.95;1304.44;10;0.8;stop;13;1;7518
255;1958.5;1492.34;1972.28;1490.23;1967.94;1461.91;1954.16;1464.02;10;0.76;stop;14;1;7518
256;2857.88;1158.1;2858.75;1144.27;2831.1;1142.53;2830.23;1156.36;10;0.78;stop;11;1;7518
257;3297.69;432.25;3330.62;427.87;3328.56;412.43;3295.63;416.82;10;0.77;stop;8;1;7518
258;708.07;1020.71;713.19;1008.4;689.74;998.66;684.63;1010.98;10;0.75;stop;10;1;7518
261;3119.6;1438.71;3140.45;1424.21;3105.4;1373.79;3084.55;1388.29;9;0.74;stop;13;1;7518
262;2824.07;474.59;2853.03;470.71;2851.18;456.91;2822.22;460.79;10;0.78;stop;7;1;7518
263;3554.17;867.11;3586.03;864.57;3584.9;850.39;3553.03;852.93;10;0.76;stop;6;1;7518
264;1391.71;1048.29;1423.73;1046.65;1423.04;1032.96;1391.02;1034.6;10;0.77;stop;10;1;7518
265;1447.63;1051.08;1481.23;1050.1;1480.74;1033.54;1447.15;1034.52;10;0.77;stop;10;1;7518
266;1920.02;1217.28;1932.87;1212.54;1922.98;1185.72;1910.13;1190.46;10;0.77;stop;-1;;
267;2458.08;1152.28;2488.94;1150.67;2488.17;1135.97;2457.31;1137.58;10;0.75;stop;11;1;7518
268;3214.72;1348.1;3215.5;1320.42;3201.53;1320.03;3200.75;1347.7;10;0.79;move;-1;;
271;2630.66;991.68;2630.78;964.75;2617.09;964.69;2616.97;991.62;10;0.77;stop;6;1;7518
273;764.78;1688.34;764.97;1673.54;735.72;1673.16;735.53;1687.96;10;0.73;stop;18;1;7518
276;2579.06;1149.43;2604.89;1148.78;2604.56;1135.45;2578.73;1136.09;10;0.77;stop;11;1;6732
278;2428.6;510.74;2460.82;506.93;2459.15;492.76;2426.93;496.57;10;0.78;stop;7;1;7518
280;476.47;1070.87;508.19;1070.27;507.91;1055.38;476.19;1055.98;10;0.77;stop;10;1;7518
282;2511.17;1021.19;2541.52;1019.79;2540.83;1004.93;2510.48;1006.34;10;0.75;stop;6;3260;5737
283;2640.13;41.04;2668.74;37.92;2667.24;24.21;2638.64;27.33;10;0.77;stop;4;1;7518
285;2783.15;1157.29;2783.6;1137.66;2745.06;1136.77;2744.6;1156.41;9;0.8;stop;11;1;7518
286;2013.41;1974.79;2022.42;1937.62;2005.28;1933.46;1996.27;1970.63;10;0.75;stop;15;1;7518
287;3211.83;1510.84;3220.3;1474.31;3203.49;1470.41;3195.02;1506.94;10;0.56;stop;-1;;
288;989.91;1184.2;1016.62;1181.82;1015.41;1168.18;988.69;1170.56;10;0.74;stop;12;1;7518
289;2616.09;952.26;2631.49;950.36;2627.16;915.24;2611.76;917.14;10;0.77;stop;6;1;7518
290;2153.84;1159.3;2185.12;1157.72;2184.35;1142.45;2153.06;1144.03;10;0.78;stop;11;1;7518
291;2436.18;1306.07;2466.38;1305.67;2466.19;1291.0;2435.99;1291.39;10;0.72;stop;13;1;7518
293;1807.63;677.85;1822.2;676.53;1819.56;647.4;1804.99;648.72;10;0.74;stop;1;1;7518
296;1325.6;1692.77;1354.22;1692.64;1354.15;1677.73;1325.53;1677.86;10;0.65;stop;14;1;7518
298;3693.52;896.51;3727.16;893.47;3725.86;879.11;3692.22;882.16;10;0.76;stop;6;1;7518
299;1036.2;637.73;1037.09;624.39;1009.61;622.55;1008.72;635.9;10;0.75;stop;-1;;
300;582.13;1068.5;613.94;1066.88;613.18;1052.12;581.38;1053.74;10;0.71;stop;10;1;7518
301;1787.56;223.93;1787.6;195.15;1773.07;195.13;1773.02;223.91;10;0.76;stop;1;1;7518
302;2362.28;514.45;2389.71;511.39;2388.22;498.05;2360.79;501.11;10;0.77;stop;7;1;7518
303;2935.63;466.35;2964.13;462.52;2962.37;449.4;2933.87;453.23;10;0.76;stop;7;1;7518
304;339.15;1074.6;366.0;1073.44;365.39;1059.15;338.53;1060.31;10;0.71;stop;10;1;7191
305;155.0;1188.24;185.2;1187.53;184.84;1172.39;154.65;1173.09;10;0.77;stop;-1;;
308;1465.22;1173.54;1494.65;1171.13;1493.53;1157.46;1464.1;1159.87;10;0.73;stop;12;1;7518
309;3059.81;1185.02;3061.93;1170.85;3031.13;1166.23;3029.01;1180.4;10;0.79;stop;11;1;7518
310;1267.28;1653.9;1267.71;1639.87;1238.65;1638.98;1238.22;1653.01;10;0.65;stop;14;1;7518
311;3294.07;1361.84;3306.03;1325.55;3288.11;1319.65;3276.16;1355.93;10;0.78;stop;11;1;7518
312;2210.03;528.63;2241.66;525.17;2240.1;510.87;2208.47;514.33;10;0.77;stop;7;1;7518
313;720.18;1183.51;746.36;1182.57;745.83;1167.74;719.66;1168.68;10;0.78;stop;12;1;7518
314;1928.16;1247.57;1941.81;1244.3;1935.09;1216.18;1921.44;1219.45;10;0.7;stop;-1;;
315;2099.91;1284.39;2131.25;1281.24;2129.72;1265.99;2098.38;1269.14;10;0.77;stop;13;1;7518
316;2584.7;619.17;2598.46;617.92;2595.55;585.71;2581.79;586.95;10;0.72;stop;7;1;7518
318;3390.62;1001.05;3404.21;974.27;3391.25;967.7;3377.67;994.48;10;0.75;stop;6;1;7518
319;766.35;2046.51;782.06;2046.16;781.37;2014.74;765.66;2015.09;10;0.72;stop;-1;;
320;2502.0;504.28;2531.04;501.5;2529.75;487.97;2500.71;490.75;10;0.76;stop;7;1;7518
321;3286.59;549.93;3300.22;548.59;3297.47;520.69;3283.84;522.03;10;0.76;stop;8;1;7518
324;2103.0;535.94;2129.46;532.52;2127.75;519.31;2101.29;522.73;10;0.77;stop;7;1;7518
325;2140.23;534.22;2168.96;531.3;2167.58;517.66;2138.85;520.57;10;0.76;stop;7;1;7518
326;2564.99;406.67;2579.34;405.6;2577.01;374.08;2562.66;375.15;10;0.73;stop;7;1;7518
328;3435.33;967.57;3447.15;941.73;3434.67;936.02;3422.85;961.87;10;0.77;stop;6;1;7518
329;762.33;2046.6;763.11;2015.04;747.45;2014.65;746.68;2046.21;10;0.72;stop;-1;;
331;3485.27;415.44;3513.95;411.76;3512.23;398.31;3483.55;401.99;10;0.72;stop;6;1;7518
332;2582.32;579.93;2595.44;579.0;2593.43;550.7;2580.31;551.63;10;0.71;stop;7;1;7518
333;2589.22;670.98;2603.72;670.25;2602.28;641.89;2587.78;642.63;10;0.72;stop;7;1;7518
334;573.49;1070.13;573.94;1055.97;549.64;1055.19;549.18;1069.34;10;0.71;stop;10;1;7518
336;1279.75;1692.66;1280.0;1678.37;1250.37;1677.84;1250.12;1692.13;10;0.67;stop;14;1;7518
337;1164.08;1894.35;1179.44;1894.27;1179.29;1866.53;1163.93;1866.61;10;0.73;stop;-1;;
338;1799.58;352.87;1814.18;351.72;1811.67;319.88;1797.07;321.03;10;0.71;stop;1;1;7518
339;3691.96;855.67;3724.17;854.6;3723.66;839.33;3691.45;840.4;10;0.75;stop;6;1;7518
340;1268.3;1057.96;1286.75;1047.51;1278.13;1032.29;1259.69;1042.74;10;0.7;stop;10;1;7518
343;1792.16;1660.05;1820.63;1659.21;1820.21;1645.2;1791.75;1646.04;10;0.76;stop;14;1;7518
344;3642.34;524.58;3652.31;495.54;3638.28;490.73;3628.32;519.77;10;0.74;stop;6;1;7518
346;1730.86;1698.87;1731.68;1684.45;1704.09;1682.88;1703.27;1697.3;10;0.75;stop;14;1;7518
347;784.54;631.03;785.65;617.78;758.19;615.47;757.07;628.72;10;0.76;stop;-1;;
348;2583.9;47.92;2612.3;45.18;2610.97;31.39;2582.57;34.13;10;0.76;stop;4;1;7518
349;1163.42;1929.97;1180.82;1929.71;1180.33;1896.9;1162.93;1897.16;10;0.72;stop;-1;;
350;1777.1;266.94;1792.13;265.58;1789.19;233.12;1774.16;234.48;10;0.75;stop;1;1;7518
351;2573.14;474.33;2586.66;473.89;2585.74;445.92;2572.22;446.36;10;0.72;stop;7;1;7518
352;2900.01;468.86;2927.43;466.11;2926.08;452.7;2898.67;455.45;10;0.76;stop;7;1;7518
354;2039.7;1605.39;2056.03;1604.88;2054.92;1569.36;2038.6;1569.87;10;0.73;stop;15;1;7518
355;2566.9;366.66;2579.25;365.71;2577.35;340.96;2565.0;341.91;10;0.72;stop;7;1;7518
357;1344.56;1179.02;1376.3;1177.7;1375.69;1163.23;1343.95;1164.55;10;0.71;stop;12;1;7518
358;1672.5;1168.9;1701.7;1168.22;1701.38;1154.23;1672.17;1154.91;10;0.77;stop;12;1;7518
359;2607.44;908.61;2623.51;907.6;2621.18;870.58;2605.11;871.59;10;0.74;stop;6;3065;7518
360;1763.4;61.88;1777.53;61.09;1775.85;30.94;1761.72;31.72;10;0.7;stop;1;1;5613
362;3566.55;610.86;3577.63;583.34;3564.08;577.89;3553.0;605.41;10;0.75;stop;6;1;7518
367;3310.64;1043.95;3327.54;1012.96;3313.73;1005.42;3296.83;1036.42;10;0.69;stop;6;1;7518
369;1330.38;1051.71;1360.93;1051.07;1360.62;1036.29;1330.07;1036.93;10;0.73;stop;10;1;7518
370;1934.1;1976.13;1938.2;1948.77;1924.65;1946.74;1920.55;1974.1;10;0.71;stop;-1;;
371;666.97;1061.5;694.26;1057.38;692.4;1045.06;665.11;1049.18;10;0.74;stop;10;1;7518
374;1341.45;1652.85;1341.97;1639.96;1315.8;1638.9;1315.28;1651.79;10;0.5;stop;14;1;7518
375;2175.12;533.82;2207.37;529.08;2205.25;514.68;2173.01;519.42;10;0.7;stop;7;1;7518
376;2133.0;1322.25;2161.06;1320.35;2160.0;1304.63;2131.94;1306.52;10;0.72;stop;13;1;7518
378;2478.92;1307.21;2505.32;1305.83;2504.46;1289.29;2478.05;1290.67;10;0.7;stop;13;1;7518
379;3316.98;959.57;3332.96;952.87;3318.64;918.71;3302.66;925.41;10;0.65;stop;6;1;7518
380;3187.39;1204.09;3189.7;1187.69;3154.8;1182.78;3152.49;1199.19;10;0.73;stop;11;1;7518
381;2044.45;1645.3;2057.8;1645.04;2057.3;1619.45;2043.95;1619.71;10;0.64;stop;15;1;7518
384;2455.82;63.04;2485.14;59.98;2483.68;46.08;2454.36;49.14;10;0.71;stop;4;1;7518
386;1278.33;1652.65;1304.97;1652.03;1304.67;1639.1;1278.03;1639.72;10;0.41;stop;14;1;7518
388;436.35;1645.78;436.72;1632.45;410.21;1631.72;409.85;1645.05;10;0.73;stop;18;1;7518
389;2099.0;1159.56;2135.74;1158.04;2135.13;1143.31;2098.39;1144.84;10;0.73;stop;11;1;7518
390;1179.22;1858.72;1179.69;1828.15;1163.59;1827.91;1163.12;1858.47;10;0.69;stop;-1;;
391;3738.52;271.83;3746.74;245.66;3733.36;241.45;3725.13;267.63;10;0.73;stop;6;1;7518
392;3689.38;439.59;3722.63;435.17;3720.62;420.09;3687.37;424.52;10;0.69;stop;6;1;7518
395;556.33;1186.37;585.83;1184.02;584.6;1168.63;555.11;1170.98;10;0.66;stop;12;1;5709
396;520.64;1185.69;551.55;1184.33;550.92;1170.25;520.02;1171.61;10;0.73;stop;12;1;7518
397;2537.72;1823.69;2539.6;1791.84;2524.41;1790.94;2522.52;1822.79;10;0.64;stop;16;1;7518
400;2007.61;995.51;2022.29;992.26;2015.57;961.99;2000.9;965.24;10;0.72;stop;9;1;7518
401;2337.97;71.94;2370.25;68.51;2368.66;53.49;2336.37;56.93;10;0.69;stop;4;1;7518
402;85.85;1190.98;140.76;1189.42;140.2;1169.65;85.29;1171.21;9;0.7;stop;-1;;
403;690.17;1648.78;690.6;1636.16;664.51;1635.28;664.09;1647.9;10;0.67;stop;18;1;7518
404;335.56;559.54;338.27;544.06;305.22;538.27;302.51;553.75;10;0.63;stop;-1;;
405;3375.48;1032.1;3391.02;1003.03;3377.33;995.71;3361.79;1024.78;10;0.69;stop;6;2952;7518
406;2289.72;521.18;2318.29;518.2;2316.78;503.7;2288.21;506.68;10;0.73;stop;7;1;7518
407;214.29;1072.44;214.5;1058.92;187.2;1058.5;186.99;1072.02;10;0.69;stop;10;1;5188
408;1391.58;1177.81;1420.61;1176.23;1419.79;1161.07;1390.76;1162.64;10;0.71;stop;12;1;7518
409;1683.15;1041.06;1712.84;1039.62;1712.1;1024.44;1682.41;1025.88;10;0.72;stop;10;1;7518
410;2994.28;459.89;3022.24;456.67;3020.72;443.48;2992.76;446.71;10;0.7;stop;7;1;7518
412;361.5;1683.88;362.29;1669.29;332.72;1667.68;331.92;1682.27;10;0.73;stop;18;1;7518
413;3576.51;711.56;3583.5;684.04;3570.05;680.63;3563.07;708.15;10;0.72;stop;6;1;7518
414;187.14;1188.0;217.72;1187.36;217.39;1171.69;186.81;1172.33;10;0.73;stop;-1;;
415;1708.5;1168.7;1738.9;1167.85;1738.5;1153.3;1708.1;1154.15;10;0.77;stop;12;1;7518
416;2800.78;1264.23;2830.17;1262.74;2829.47;1249.02;2800.08;1250.51;10;0.74;stop;13;1;7518
418;3543.41;803.08;3552.76;774.02;3537.52;769.11;3528.17;798.17;10;0.74;stop;6;1;7518
420;3347.8;916.09;3380.12;902.17;3374.07;888.13;3341.75;902.05;10;0.71;stop;6;1;7518
421;2705.83;1365.55;2721.07;1339.64;2708.42;1332.2;2693.18;1358.11;10;0.72;stop;13;1;7518
423;3766.8;196.64;3776.62;169.65;3763.2;164.76;3753.38;191.76;10;0.71;stop;6;1;7518
424;1469.5;193.31;1482.06;191.18;1476.88;160.51;1464.31;162.63;10;0.66;stop;-1;;
425;3519.73;412.16;3549.36;407.63;3547.14;393.15;3517.52;397.68;10;0.69;stop;6;1;7518
426;624.7;1236.2;653.71;1234.95;653.11;1220.99;624.1;1222.24;10;0.68;stop;12;1;7518
427;1595.26;1693.82;1624.51;1693.8;1624.49;1678.93;1595.24;1678.95;10;0.66;stop;14;1;7518
428;628.15;1218.11;655.37;1217.94;655.28;1203.45;628.07;1203.62;10;0.7;stop;12;1;7518
433;473.29;1646.2;473.52;1632.74;445.46;1632.24;445.23;1645.7;10;0.69;stop;18;1;7518
434;2537.54;1861.72;2539.38;1828.02;2523.46;1827.15;2521.62;1860.85;10;0.47;stop;16;1;7518
436;2560.64;333.37;2574.73;332.1;2572.36;305.63;2558.27;306.9;10;0.71;stop;7;1;7518
438;1794.04;267.34;1808.63;265.86;1805.72;237.23;1791.14;238.71;10;0.73;stop;1;4861;5031
439;2331.23;1316.63;2331.72;1298.49;2287.65;1297.31;2287.16;1315.44;9;0.72;stop;13;1;7518
440;3649.42;1269.92;3653.3;1256.14;3621.83;1247.27;3617.95;1261.05;10;0.74;stop;11;1;7518
441;631.72;1649.35;662.13;1649.16;662.03;1633.78;631.62;1633.97;10;0.63;stop;18;1;7518
442;1811.31;556.22;1826.07;556.19;1826.01;528.28;1811.24;528.31;10;0.67;stop;1;1;7518
443;676.8;1243.49;676.96;1214.72;661.94;1214.64;661.79;1243.41;10;0.69;stop;12;1;7518
444;3032.22;1366.32;3042.95;1351.47;3009.78;1327.5;2999.05;1342.34;10;0.64;stop;13;1;7518
445;2611.56;494.58;2644.49;491.14;2642.94;476.3;2610.01;479.73;10;0.7;stop;7;1;7518
446;125.17;1078.17;150.96;1076.67;150.22;1064.01;124.43;1065.52;10;0.67;stop;10;1;7518
447;3226.87;1078.12;3229.74;1059.46;3174.38;1050.94;3171.51;1069.61;9;0.69;move;-1;;
449;2066.55;97.37;2099.66;93.95;2098.2;79.82;2065.09;83.24;10;0.72;stop;4;1;7518
450;421.54;1075.63;449.69;1071.33;447.52;1057.18;419.37;1061.49;10;0.42;stop;10;1;4900
451;2354.59;560.41;2387.67;556.37;2385.79;540.97;2352.71;545.01;10;0.65;stop;7;1;7518
453;1962.94;1574.84;1977.6;1574.49;1976.81;1541.41;1962.15;1541.76;10;0.47;move;-1;;
454;2573.02;1775.01;2573.35;1744.16;2557.73;1743.99;2557.4;1774.84;10;0.55;stop;16;1;7518
455;2035.35;1893.42;2040.0;1851.49;2021.59;1849.45;2016.94;1891.38;10;0.41;stop;15;1;7518
456;3755.98;115.09;3766.23;86.36;3753.4;81.79;3743.15;110.51;10;0.73;stop;6;1;7518
457;3725.29;191.84;3738.21;158.67;3724.08;153.16;3711.17;186.33;10;0.72;stop;6;1;7518
459;366.75;1684.37;393.18;1684.23;393.09;1669.07;366.67;1669.21;10;0.63;stop;18;1;7518
460;482.19;1645.96;506.96;1645.78;506.87;1632.48;482.1;1632.66;10;0.7;stop;18;1;7518
463;1220.83;1514.57;1223.39;1484.78;1209.17;1483.56;1206.61;1513.35;10;0.61;stop;14;1;7518
464;279.46;1188.71;311.87;1186.03;310.7;1171.91;278.29;1174.59;10;0.69;stop;-1;;
465;1428.87;1654.35;1452.56;1653.8;1452.25;1640.77;1428.57;1641.32;10;0.44;stop;14;1;7518
466;1127.68;1182.86;1160.27;1181.91;1159.82;1166.52;1127.23;1167.47;10;0.62;stop;12;1;7518
468;2000.82;2008.53;2009.69;1979.53;1995.18;1975.1;1986.31;2004.09;10;0.51;stop;15;1;7518
469;2540.35;1724.05;2541.33;1693.02;2527.4;1692.58;2526.42;1723.61;10;0.54;stop;16;1;7518
471;1244.78;1691.73;1245.28;1677.47;1218.41;1676.52;1217.9;1690.78;10;0.53;stop;14;1;7518
475;2038.55;1515.56;2052.59;1514.49;2050.45;1486.5;2036.41;1487.57;10;0.49;stop;15;1;5151
476;1232.85;1652.95;1233.21;1640.68;1207.27;1639.93;1206.92;1652.19;10;0.41;stop;14;1;7518
479;1363.01;1692.19;1388.92;1691.83;1388.74;1678.31;1362.83;1678.67;10;0.42;stop;14;1;7518
480;2036.47;98.68;2062.1;95.95;2060.78;83.57;2035.15;86.3;10;0.64;stop;4;1;7518
481;3346.35;897.53;3357.64;887.34;3336.15;863.56;3324.86;873.75;10;0.62;stop;6;1;7518
483;3030.34;458.61;3064.86;455.28;3063.41;440.26;3028.89;443.59;10;0.58;stop;7;1;7518
484;1087.33;1048.58;1108.41;1048.36;1108.29;1037.36;1087.22;1037.58;10;0.66;stop;10;1;7518
485;3120.81;1056.49;3122.37;1044.68;3107.94;1042.76;3106.38;1054.57;10;0.62;stop;6;1;7518
489;654.61;1689.61;656.27;1674.7;626.02;1671.33;624.35;1686.23;10;0.54;stop;18;1;7518
490;1759.54;1696.73;1760.28;1683.02;1734.71;1681.65;1733.97;1695.35;10;0.64;stop;14;1;7518
492;876.44;632.33;877.1;618.96;848.75;617.55;848.08;630.91;10;0.61;stop;-1;;
494;425.45;1684.48;425.77;1669.55;398.14;1668.95;397.82;1683.89;10;0.65;stop;18;1;7518
495;1950.52;1426.1;1967.64;1423.24;1959.98;1377.4;1942.86;1380.26;9;0.8;stop;14;1;7518
497;2408.45;1275.38;2440.05;1272.37;2438.8;1259.24;2407.2;1262.26;10;0.68;stop;-1;;
499;904.14;1184.92;934.27;1183.58;933.55;1167.46;903.42;1168.8;10;0.59;stop;12;1;7243
501;1460.39;1694.49;1461.03;1680.68;1433.11;1679.39;1432.47;1693.2;10;0.47;stop;14;1;7518
502;728.21;2046.6;729.03;2018.31;719.55;2018.03;718.72;2046.32;10;0.56;stop;-1;;
504;3404.01;1043.45;3419.42;1010.78;3403.18;1003.11;3387.76;1035.78;9;0.59;stop;6;1;7518
505;1424.06;1692.46;1424.73;1679.45;1397.44;1678.04;1396.77;1691.05;10;0.36;stop;14;1;7518
506;3119.09;1194.69;3120.25;1178.71;3109.66;1177.94;3108.5;1193.92;10;0.64;stop;11;1;7518
507;3347.52;1262.8;3360.51;1226.07;3342.48;1219.7;3329.49;1256.43;10;0.49;stop;11;1;7518
508;151.69;1674.92;152.62;1657.9;118.07;1656.01;117.14;1673.04;10;0.57;stop;17;1;7518
509;1471.33;226.0;1484.08;224.91;1481.79;198.13;1469.04;199.22;10;0.62;stop;-1;;
510;181.0;1072.25;181.68;1060.13;156.03;1058.69;155.35;1070.81;10;0.48;stop;10;1;5272
512;1461.74;877.88;1462.69;864.07;1431.76;861.93;1430.81;875.75;10;0.67;stop;10;1;7518
513;1210.11;1558.16;1219.83;1528.79;1206.39;1524.34;1196.67;1553.71;10;0.59;stop;14;1;5102
515;2377.37;1309.24;2409.15;1309.2;2409.13;1292.89;2377.35;1292.92;10;0.72;stop;13;1;7518
516;1213.49;1592.55;1213.92;1564.4;1200.76;1564.2;1200.33;1592.35;10;0.52;stop;14;1;7518
517;832.9;1479.24;833.05;1464.79;803.97;1464.51;803.83;1478.95;10;0.57;stop;-1;;
518;3096.35;1449.63;3108.43;1442.46;3091.9;1414.62;3079.82;1421.79;10;0.6;stop;13;1;7518
519;2970.32;1956.12;2998.55;1940.15;2990.68;1926.25;2962.45;1942.23;10;0.62;stop;-1;;
520;1429.98;1174.55;1460.41;1173.98;1460.14;1159.83;1429.72;1160.4;10;0.7;stop;12;1;7518
522;2876.21;1259.99;2901.14;1259.98;2901.13;1246.88;2876.2;1246.9;10;0.66;stop;13;1;7518
523;689.95;1687.41;690.22;1673.08;663.8;1672.59;663.53;1686.92;10;0.37;stop;18;1;7518
524;385.37;513.19;389.15;482.54;373.07;480.56;369.29;511.21;10;0.57;stop;-1;;
526;3419.1;1001.0;3432.4;971.36;3418.09;964.94;3404.79;994.58;10;0.6;stop;6;1;7518
527;3805.43;1126.14;3821.76;1124.41;3818.31;1091.98;3801.99;1093.72;10;0.59;stop;-1;;
529;3207.03;95.18;3221.83;93.61;3218.6;63.25;3203.8;64.83;10;0.57;stop;-1;;
530;1024.69;1186.37;1063.7;1183.14;1062.19;1164.88;1023.18;1168.11;9;0.58;stop;12;4747;4919
531;3582.23;753.53;3591.63;730.25;3578.39;724.91;3569.0;748.19;10;0.53;stop;6;1;7518
533;513.26;1433.5;514.24;1417.05;481.43;1415.09;480.45;1431.54;10;0.59;stop;-1;;
536;1423.07;875.7;1423.62;861.88;1395.06;860.74;1394.51;874.56;10;0.61;stop;10;1;7518
537;743.51;2047.92;745.42;2018.7;732.13;2017.83;730.23;2047.05;10;0.51;stop;-1;;
539;2541.32;46.37;2554.83;45.12;2552.3;17.76;2538.79;19.01;10;0.69;stop;4;1;7518
541;478.12;1263.9;478.45;1249.27;448.13;1248.6;447.8;1263.23;10;0.5;stop;-1;;
542;1032.92;1005.83;1047.53;1005.38;1046.64;976.42;1032.03;976.87;10;0.59;stop;10;1;7518
543;858.15;1690.12;858.84;1674.96;829.35;1673.63;828.66;1688.79;10;0.57;stop;18;1;7518
546;3451.08;932.91;3461.14;908.74;3448.92;903.66;3438.86;927.82;10;0.59;stop;6;1;7518
548;883.56;1187.31;883.88;1176.75;863.0;1176.13;862.68;1186.68;10;0.69;stop;12;1;7518
549;375.32;1644.49;398.91;1643.88;398.58;1631.14;374.99;1631.75;10;0.57;stop;18;1;7518
552;1169.99;1052.51;1193.03;1051.54;1192.51;1039.06;1169.47;1040.02;10;0.77;stop;-1;;
553;2577.91;1500.66;2578.29;1476.3;2564.09;1476.09;2563.71;1500.45;10;0.58;stop;16;1;7518
556;2041.69;1854.27;2046.92;1805.05;2028.56;1803.1;2023.33;1852.32;9;0.75;stop;15;1;7518
558;529.07;1648.58;557.03;1647.65;556.56;1633.61;528.6;1634.54;10;0.42;stop;18;1;7518
559;2558.45;302.91;2572.64;301.7;2570.05;271.4;2555.86;272.61;10;0.53;stop;7;1;7518
560;2108.51;2098.47;2109.12;2081.14;2071.81;2079.83;2071.2;2097.16;10;0.35;stop;-1;;
561;443.09;1248.9;470.8;1248.29;470.5;1234.54;442.79;1235.15;10;0.46;stop;-1;;
562;2529.72;1534.52;2543.15;1534.24;2542.53;1504.66;2529.1;1504.95;10;0.62;stop;16;1;7518
564;2546.8;121.63;2559.39;120.43;2556.95;94.93;2544.36;96.13;10;0.64;stop;4;1;7518
566;1560.96;1783.34;1565.52;1770.24;1537.29;1760.41;1532.73;1773.51;10;0.44;stop;14;1;7518
567;2288.7;1280.13;2289.51;1266.5;2258.18;1264.62;2257.36;1278.25;10;0.46;stop;13;1;7518
568;2309.01;561.46;2339.49;558.13;2337.99;544.41;2307.51;547.74;10;0.59;stop;7;1;7518
569;3654.11;900.61;3684.44;897.14;3682.77;882.52;3652.44;885.98;10;0.61;stop;6;1;7518
570;1602.59;1651.28;1602.75;1639.68;1578.91;1639.35;1578.75;1650.95;10;0.39;stop;14;1;7518
573;862.25;1614.28;876.49;1612.92;873.63;1582.97;859.39;1584.33;10;0.44;stop;-1;;
575;1060.04;1652.23;1060.47;1639.25;1034.71;1638.4;1034.28;1651.38;10;0.42;stop;14;1;7518
578;93.1;877.95;95.57;849.46;78.58;847.99;76.11;876.47;10;0.4;stop;-1;;
580;3608.01;905.19;3639.74;903.67;3638.86;885.44;3607.14;886.96;10;0.61;stop;6;1;7518
583;3532.95;838.01;3542.82;803.96;3523.62;798.4;3513.74;832.44;10;0.43;stop;6;1;7517
584;1502.05;970.22;1504.49;937.8;1489.32;936.65;1486.88;969.08;10;0.51;stop;10;1;6420
591;825.99;1690.21;826.38;1673.1;796.54;1672.41;796.15;1689.53;10;0.39;stop;18;1;7518
592;1825.1;887.12;1841.04;885.58;1837.81;852.13;1821.87;853.67;10;0.62;stop;1;1;7518
595;700.46;1687.3;728.35;1687.18;728.29;1672.7;700.4;1672.82;10;0.36;stop;18;1;5762
598;850.98;1953.21;882.29;1951.71;881.52;1935.54;850.21;1937.04;10;0.45;stop;-1;;
603;2552.92;87.37;2578.76;83.08;2576.7;70.69;2550.86;74.98;10;0.55;stop;4;1;7518
607;2152.89;1158.48;2160.52;1158.4;2160.36;1143.27;2152.73;1143.35;10;0.5;stop;11;1;5011
611;3708.35;245.83;3723.67;206.3;3707.27;199.95;3691.96;239.48;9;0.57;stop;6;1;7518
613;3414.58;1288.06;3456.11;1279.99;3452.6;1261.94;3411.08;1270.01;9;0.41;stop;11;1;7518
615;3721.39;319.16;3729.97;292.22;3714.86;287.41;3706.28;314.35;10;0.46;stop;6;1;7518
617;737.44;1216.76;737.75;1202.58;710.06;1201.99;709.75;1216.17;10;0.37;stop;12;1;5232
624;3513.74;170.91;3529.23;167.65;3522.19;134.25;3506.71;137.51;10;0.44;stop;-1;;
625;615.26;1686.8;616.16;1672.95;591.3;1671.33;590.4;1685.17;10;0.46;stop;18;1;7518
626;552.78;1686.26;579.11;1685.66;578.78;1670.93;552.45;1671.53;10;0.52;stop;18;1;7518
627;459.2;1684.76;460.18;1671.46;435.17;1669.61;434.19;1682.92;10;0.48;stop;18;1;7518
628;1688.57;1657.52;1689.26;1641.38;1679.82;1640.98;1679.13;1657.12;10;0.45;stop;14;1;6586
653;1498.88;1005.97;1501.36;975.2;1486.87;974.03;1484.39;1004.8;10;0.6;stop;10;5;7518
718;46.29;1631.51;70.77;1629.88;69.85;1615.99;45.36;1617.62;10;0.41;stop;17;21;5141
853;1967.82;765.94;1981.61;764.62;1978.87;735.94;1965.08;737.26;10;0.81;stop;9;2920;7518
874;2094.53;1092.88;2122.61;1090.79;2121.6;1077.24;2093.52;1079.33;10;0.76;move;-1;;
884;2084.03;1054.84;2145.04;1051.47;2143.91;1030.91;2082.9;1034.28;9;0.66;move;-1;;
1070;3232.78;1369.28;3245.79;1336.47;3231.29;1330.72;3218.27;1363.53;10;0.81;stop;-1;;
1363;2172.21;1071.38;2206.01;1068.62;2204.79;1053.74;2170.99;1056.51;10;0.77;move;-1;;
1436;2084.72;1072.15;2112.76;1069.53;2111.53;1056.35;2083.49;1058.97;10;0.72;move;-1;;
1461;2217.0;1048.8;2245.92;1047.86;2245.5;1034.7;2216.58;1035.64;10;0.81;move;-1;;
1465;2545.89;154.02;2561.67;153.76;2561.23;127.23;2545.46;127.49;10;0.52;stop;4;381;7518
1496;85.82;1100.5;122.03;1099.83;121.72;1082.94;85.51;1083.61;10;0.75;move;-1;;
1516;3245.19;1280.48;3249.69;1250.32;3233.87;1247.96;3229.37;1278.12;10;0.78;move;-1;;
1573;2123.39;1069.62;2149.84;1068.66;2149.36;1055.5;2122.91;1056.47;10;0.75;move;-1;;
1653;3583.84;1251.94;3587.37;1236.71;3560.84;1230.56;3557.31;1245.79;10;0.44;stop;11;445;6116
1738;2254.58;1067.32;2284.88;1066.41;2284.42;1051.06;2254.12;1051.96;10;0.8;move;-1;;
1778;2211.61;1068.94;2246.68;1068.28;2246.39;1052.81;2211.32;1053.47;10;0.77;move;-1;;
1783;2266.8;1046.14;2296.48;1044.76;2295.82;1030.61;2266.15;1031.99;10;0.79;move;-1;;
1880;2301.9;1047.11;2328.77;1045.98;2328.23;1033.02;2301.36;1034.14;10;0.81;move;-1;;
1887;2000.41;1301.3;2015.52;1300.29;2013.59;1271.57;1998.48;1272.59;10;0.77;move;-1;;
1981;2717.67;34.55;2744.43;31.41;2742.8;17.48;2716.04;20.62;10;0.49;stop;4;602;7518
2017;2813.6;21.63;2841.97;19.14;2840.7;4.62;2812.33;7.11;10;0.71;stop;4;621;7518
2038;2849.09;16.79;2876.68;14.54;2875.52;0.32;2847.93;2.57;10;0.73;stop;4;631;7518
2067;2903.04;13.09;2932.57;10.73;2931.49;-2.78;2901.96;-0.42;10;0.56;stop;4;643;6885
2081;2767.98;28.48;2803.16;23.69;2801.01;7.85;2765.82;12.64;10;0.41;stop;4;647;5633
2113;2002.28;1345.25;2018.06;1344.73;2016.97;1312.0;2001.19;1312.52;10;0.77;move;-1;;
2129;1958.31;989.6;1959.75;956.23;1943.19;955.52;1941.75;988.89;10;0.79;move;-1;;
2334;2024.57;1382.69;2027.95;1349.11;2013.81;1347.68;2010.42;1381.26;10;0.78;move;-1;;
2363;177.52;1100.47;213.83;1099.09;213.18;1082.03;176.88;1083.41;10;0.76;move;-1;;
2452;2007.84;1415.8;2022.49;1415.47;2021.91;1389.39;2007.26;1389.72;10;0.79;move;-1;;
2483;2400.59;1037.88;2427.9;1037.11;2427.54;1024.25;2400.23;1025.01;10;0.79;move;-1;;
2567;2011.96;1452.28;2026.14;1452.14;2025.85;1422.1;2011.67;1422.24;10;0.8;move;-1;;
2703;2011.49;1492.89;2026.25;1492.14;2024.63;1460.24;2009.88;1460.99;10;0.77;move;-1;;
2718;1889.32;219.14;1903.73;218.33;1901.93;185.86;1887.52;186.67;10;0.77;move;-1;;
2843;2014.71;1544.32;2031.17;1544.13;2030.79;1511.18;2014.33;1511.37;10;0.8;move;-1;;
3040;1963.92;403.83;1966.2;370.07;1951.08;369.05;1948.8;402.81;10;0.77;move;-1;;
3089;293.18;1096.36;293.45;1081.06;262.75;1080.51;262.48;1095.82;10;0.79;move;-1;;
3107;2052.11;1794.03;2052.4;1769.0;2038.58;1768.84;2038.29;1793.87;10;0.51;stop;15;1214;6364
3134;2133.5;1088.02;2161.0;1087.66;2160.82;1073.11;2133.31;1073.47;10;0.75;move;-1;;
3187;3520.22;1222.8;3522.59;1206.15;3483.84;1200.64;3481.47;1217.29;10;0.79;move;-1;;
3316;3570.91;1210.36;3573.96;1195.13;3541.91;1188.7;3538.85;1203.94;10;0.79;move;-1;;
3593;3316.41;1194.3;3318.48;1178.7;3281.71;1173.82;3279.64;1189.42;10;0.82;move;-1;;
3724;2395.81;1064.5;2425.42;1062.61;2424.44;1047.12;2394.83;1049.01;10;0.77;move;-1;;
3927;1928.58;622.67;1943.3;621.66;1941.05;588.95;1926.32;589.97;10;0.8;move;-1;;
4074;3788.27;1270.48;3792.38;1254.42;3758.61;1245.77;3754.49;1261.83;10;0.68;move;-1;;
4203;3427.09;1190.44;3429.3;1175.32;3394.16;1170.19;3391.95;1185.31;10;0.81;move;-1;;
4423;2316.86;1066.4;2350.27;1064.05;2349.26;1049.73;2315.86;1052.07;10;0.77;move;-1;;
4460;2805.72;1125.29;2806.06;1110.8;2776.16;1110.09;2775.81;1124.58;10;0.81;move;-1;;
4573;2248.2;1134.49;2277.55;1133.99;2277.3;1120.01;2247.95;1120.51;10;0.81;move;-1;;
4599;518.68;1687.29;540.14;1686.53;539.76;1675.52;518.29;1676.28;10;0.35;stop;18;2003;5946
4625;3741.55;148.49;3751.36;123.23;3739.7;118.7;3729.89;143.96;10;0.52;stop;6;2017;5641
4632;2436.96;1062.6;2472.0;1060.49;2471.04;1044.53;2436.0;1046.64;10;0.76;move;-1;;
4739;341.7;1095.73;375.3;1095.14;375.02;1079.27;341.42;1079.86;10;0.71;move;-1;;
4779;2438.13;1039.2;2470.64;1037.47;2469.87;1022.92;2437.36;1024.66;10;0.77;move;-1;;
4914;418.73;1095.04;469.68;1093.54;469.09;1073.39;418.13;1074.9;9;0.69;move;-1;;
4955;1908.64;936.56;1923.5;935.29;1920.86;904.5;1906.0;905.77;10;0.78;move;-1;;
4961;2508.02;1040.4;2508.12;1025.29;2477.6;1025.1;2477.51;1040.21;10;0.75;move;-1;;
5003;2565.77;1062.6;2597.26;1061.01;2596.48;1045.65;2564.99;1047.24;10;0.68;move;-1;;
5035;2519.22;1040.59;2554.2;1040.51;2554.16;1023.78;2519.18;1023.86;10;0.79;move;-1;;
5056;1900.82;897.41;1917.15;896.07;1914.24;860.4;1897.91;861.74;10;0.81;move;-1;;
5072;1901.88;2125.79;1915.78;2095.51;1902.87;2089.59;1888.97;2119.86;10;0.75;stop;-1;;
5154;2118.27;1136.23;2146.23;1134.61;2145.48;1121.64;2117.52;1123.26;10;0.79;move;-1;;
5214;1145.65;1138.47;1181.29;1134.86;1179.72;1119.4;1144.08;1123.01;10;0.8;stop;-1;;
5239;275.29;55.82;306.74;53.0;305.5;39.1;274.04;41.92;10;0.62;stop;-1;;
5301;503.24;1090.64;532.06;1090.03;531.76;1075.93;502.94;1076.53;10;0.79;move;-1;;
5312;2977.45;1172.15;2979.51;1149.62;2920.55;1144.23;2918.49;1166.75;9;0.82;stop;11;2379;7518
5328;1104.05;1142.65;1135.88;1140.14;1134.7;1125.16;1102.87;1127.67;10;0.79;move;-1;;
5340;2527.63;1061.95;2555.48;1060.35;2554.74;1047.43;2526.89;1049.02;10;0.71;move;-1;;
5341;3162.65;1497.0;3177.98;1496.85;3177.67;1463.63;3162.33;1463.78;10;0.69;stop;-1;;
5360;235.45;63.22;266.9;59.28;265.18;45.53;233.73;49.47;10;0.69;stop;-1;;
5375;2628.85;1042.64;2629.16;1024.64;2591.9;1023.99;2591.59;1041.98;10;0.8;move;-1;;
5382;379.6;1112.44;406.57;1110.66;405.56;1095.37;378.59;1097.15;10;0.5;move;-1;;
5391;2024.63;1142.09;2059.99;1140.08;2059.12;1124.79;2023.76;1126.79;10;0.73;move;-1;;
5451;1785.27;113.95;1785.49;95.44;1773.01;95.3;1772.79;113.81;10;0.5;stop;1;2439;7518
5465;1921.47;696.75;1936.55;695.92;1934.94;666.75;1919.86;667.58;10;0.76;move;-1;;
5467;2354.62;1066.43;2388.02;1063.97;2386.88;1048.57;2353.48;1051.03;10;0.81;move;-1;;
5469;2606.94;1063.32;2638.82;1062.8;2638.56;1047.18;2606.68;1047.7;10;0.74;move;-1;;
5496;1057.66;1142.8;1084.47;1141.47;1083.78;1127.45;1056.97;1128.78;10;0.77;move;-1;;
5520;2097.14;1119.53;2131.65;1117.09;2130.61;1102.34;2096.1;1104.79;10;0.79;move;-1;;
5559;2667.76;1038.99;2668.43;1024.83;2640.24;1023.51;2639.58;1037.67;10;0.83;move;-1;;
5561;1475.64;1675.21;1503.41;1675.11;1503.36;1661.54;1475.59;1661.64;10;0.78;move;-1;;
5580;1982.39;1885.73;1989.39;1854.68;1975.36;1851.52;1968.36;1882.57;10;0.74;move;-1;;
5663;1928.84;2055.8;1941.87;2025.46;1926.73;2018.95;1913.69;2049.29;10;0.81;stop;-1;;
5682;3181.77;1438.06;3193.13;1409.41;3178.23;1403.5;3166.87;1432.15;10;0.79;stop;13;4558;4891
5697;648.01;1092.16;675.56;1090.59;674.8;1077.21;647.25;1078.79;10;0.75;move;-1;;
5741;2705.64;1041.32;2706.29;1026.19;2676.84;1024.93;2676.19;1040.06;10;0.82;move;-1;;
5767;1020.04;1144.55;1048.68;1143.77;1048.28;1129.08;1019.64;1129.86;10;0.8;move;-1;;
5834;1959.46;1967.45;1968.02;1938.92;1955.54;1935.18;1946.98;1963.7;10;0.73;move;-1;;
5896;1921.6;1070.88;1942.72;1045.87;1932.65;1037.37;1911.53;1062.38;10;0.77;move;-1;;
5900;2677.76;1063.04;2678.12;1047.09;2645.37;1046.33;2645.0;1062.29;10;0.8;move;-1;;
5902;1497.74;1693.7;1498.25;1680.16;1468.88;1679.05;1468.37;1692.59;10;0.63;stop;14;2656;7518
5929;2760.0;1043.93;2760.56;1028.12;2729.06;1027.01;2728.5;1042.82;10;0.8;move;-1;;
5966;1865.03;942.29;1866.14;909.45;1849.91;908.9;1848.8;941.74;10;0.82;move;-1;;
6091;1870.61;1098.44;1898.5;1087.92;1893.64;1075.06;1865.75;1085.58;10;0.78;move;-1;;
6121;1932.13;1143.97;1967.42;1143.31;1967.12;1127.4;1931.83;1128.07;10;0.8;move;-1;;
6170;1802.41;1107.27;1832.78;1104.22;1831.34;1089.86;1800.97;1092.91;10;0.77;move;-1;;
6179;937.63;1143.88;967.26;1142.18;966.43;1127.68;936.8;1129.38;10;0.78;move;-1;;
6202;2012.36;1583.58;2028.4;1582.99;2027.14;1548.42;2011.1;1549.01;10;0.8;move;-1;;
6218;1594.22;552.81;1594.32;541.16;1571.53;540.97;1571.43;552.62;10;0.56;stop;-1;;
6258;1629.15;556.53;1629.3;543.23;1598.47;542.87;1598.32;556.18;10;0.54;stop;-1;;
6313;1551.67;1111.4;1578.55;1110.45;1578.08;1096.98;1551.2;1097.92;10;0.77;move;-1;;
6318;1820.12;1148.47;1854.0;1147.31;1853.48;1131.91;1819.59;1133.06;10;0.77;move;-1;;
6333;1849.93;891.31;1865.38;891.14;1865.0;855.81;1849.55;855.98;10;0.79;move;-1;;
6339;1941.92;1374.98;1957.29;1373.05;1952.83;1337.4;1937.46;1339.32;9;0.48;stop;14;2871;7518
6423;2019.51;1663.16;2035.21;1663.06;2034.99;1627.47;2019.29;1627.56;10;0.79;move;-1;;
6505;2814.33;1044.34;2815.33;1030.57;2786.29;1028.47;2785.3;1042.24;10;0.83;move;-1;;
6518;1655.26;1040.74;1677.38;1040.09;1676.99;1027.01;1654.87;1027.66;10;0.46;stop;10;2942;7518
6533;1900.92;851.06;1917.65;849.72;1914.71;812.82;1897.97;814.15;10;0.76;move;-1;;
6537;2651.48;1018.58;2654.55;1005.38;2630.02;999.67;2626.95;1012.87;10;0.64;stop;6;3198;7518
6570;1470.57;1118.01;1499.59;1115.53;1498.31;1100.49;1469.28;1102.97;10;0.79;move;-1;;
6608;2718.32;1064.1;2718.8;1048.5;2686.93;1047.52;2686.45;1063.12;10;0.79;move;-1;;
6626;2026.54;1734.44;2029.02;1700.11;2014.46;1699.06;2011.98;1733.39;10;0.81;move;-1;;
6627;1661.61;1147.19;1690.28;1146.14;1689.76;1132.06;1661.09;1133.11;10;0.79;move;-1;;
6640;888.78;1143.87;922.07;1142.68;921.53;1127.69;888.24;1128.88;10;0.77;move;-1;;
6648;1589.21;1693.62;1590.0;1679.58;1561.92;1678.01;1561.13;1692.04;10;0.38;stop;14;3019;7518
6692;2919.17;1053.95;2920.84;1038.68;2888.83;1035.18;2887.16;1050.45;10;0.83;move;-1;;
6723;2025.61;1801.59;2029.77;1772.33;2015.39;1770.29;2011.23;1799.54;10;0.73;move;-1;;
6752;2565.74;1038.84;2587.05;1021.25;2578.51;1010.91;2557.2;1028.5;10;0.81;move;-1;;
6768;1818.06;1127.23;1850.84;1124.16;1849.44;1109.27;1816.66;1112.34;10;0.78;move;-1;;
6791;3238.28;1322.9;3257.38;1293.6;3244.53;1285.22;3225.43;1314.53;10;0.78;stop;-1;;
6861;1965.23;942.31;1980.08;941.04;1977.52;911.13;1962.67;912.4;10;0.77;move;-1;;
6864;727.12;1687.59;727.2;1671.69;719.58;1671.66;719.51;1687.56;10;0.39;stop;18;3111;7518
6886;2191.68;1118.06;2225.97;1116.42;2225.26;1101.56;2190.97;1103.21;10;0.78;move;-1;;
6913;2991.97;1064.13;2994.35;1048.08;2960.03;1042.99;2957.65;1059.04;10;0.83;move;-1;;
6952;1847.08;848.85;1861.66;848.16;1860.26;818.4;1845.69;819.09;10;0.79;move;-1;;
6960;2002.8;1915.94;2010.4;1883.24;1995.64;1879.81;1988.04;1912.51;10;0.79;move;-1;;
6969;2760.86;1065.65;2761.13;1049.87;2730.19;1049.35;2729.93;1065.13;10;0.79;move;-1;;
7050;3810.58;96.61;3826.93;53.74;3807.54;46.36;3791.2;89.22;9;0.67;stop;6;3193;7518
7070;3038.26;1070.99;3040.32;1054.86;3008.24;1050.76;3006.18;1066.89;10;0.83;move;-1;;
7217;3078.43;1074.57;3081.0;1058.17;3046.82;1052.81;3044.25;1069.2;10;0.83;move;-1;;
7247;1968.18;2024.07;1980.11;1995.35;1967.07;1989.93;1955.14;2018.65;10;0.69;move;-1;;
7263;1362.67;1119.29;1394.77;1116.54;1393.58;1102.58;1361.48;1105.33;10;0.8;move;-1;;
7272;2156.73;1050.65;2187.86;1047.86;2186.52;1032.85;2155.39;1035.64;10;0.76;move;-1;;
7280;2843.67;1069.13;2844.44;1053.1;2811.33;1051.5;2810.56;1067.53;10;0.78;move;-1;;
7284;3657.92;364.14;3667.91;334.03;3654.58;329.61;3644.58;359.72;10;0.4;stop;-1;;
7329;2178.51;1138.57;2206.52;1134.76;2204.11;1117.05;2176.1;1120.86;10;0.76;move;-1;;
7354;3128.87;1082.04;3131.43;1065.79;3095.66;1060.15;3093.1;1076.4;10;0.82;move;-1;;
7385;977.45;1142.17;1008.53;1141.43;1008.17;1126.58;977.1;1127.32;10;0.78;move;-1;;
7389;2797.18;1066.89;2797.77;1052.11;2768.06;1050.92;2767.47;1065.7;10;0.74;move;-1;;
7390;3617.29;2085.74;3649.47;2069.78;3640.84;2052.38;3608.66;2068.34;10;0.55;stop;-1;;
7391;2008.72;1687.08;2009.92;1643.47;1990.28;1642.92;1989.08;1686.53;9;0.81;move;-1;;
7464;1278.72;1124.76;1314.14;1121.48;1312.72;1106.11;1277.29;1109.39;10;0.78;move;-1;;
7479;2911.87;1074.04;2913.44;1058.74;2882.63;1055.59;2881.06;1070.89;10;0.83;move;-1;;
7492;3174.07;1089.54;3177.12;1072.08;3140.93;1065.77;3137.88;1083.23;10;0.82;move;-1;;
7514;1944.66;905.41;1966.79;903.88;1962.93;847.91;1940.8;849.43;9;0.83;move;-1;;
7534;2597.28;1007.26;2605.57;981.21;2593.1;977.24;2584.8;1003.29;10;0.78;move;-1;;
7538;1932.39;22.23;1945.25;21.99;1944.83;-0.57;1931.97;-0.34;10;0.46;stop;2;3389;5808
7610;3120.25;1390.05;3124.46;1377.3;3113.0;1373.52;3108.79;1386.26;10;0.35;stop;13;3424;7518
7618;3212.18;1093.57;3214.25;1078.04;3183.44;1073.93;3181.37;1089.46;10;0.78;move;-1;;
7647;2815.81;2055.58;2830.5;2048.53;2816.22;2018.79;2801.53;2025.85;10;0.66;stop;-1;;
7673;1446.48;1155.61;1482.65;1153.87;1481.9;1138.27;1445.73;1140.0;10;0.77;move;-1;;
7689;1849.37;769.76;1864.39;769.16;1863.04;735.49;1848.01;736.09;10;0.79;move;-1;;
7701;3128.01;1630.87;3137.65;1595.3;3119.49;1590.38;3109.85;1625.95;10;0.72;stop;-1;;
7742;451.63;32.1;483.69;28.79;482.12;13.6;450.06;16.92;10;0.55;stop;-1;;
7744;1987.09;1495.2;2002.34;1492.94;1997.66;1461.3;1982.41;1463.56;10;0.83;move;-1;;
7763;3292.11;587.8;3305.08;586.38;3302.27;560.64;3289.29;562.06;10;0.6;stop;8;3503;7518
7830;486.72;27.11;517.82;24.24;516.41;8.98;485.31;11.86;10;0.45;stop;-1;;
7878;2347.15;1041.79;2380.5;1039.94;2379.73;1025.96;2346.38;1027.81;10;0.76;move;-1;;
7990;1982.06;1122.75;2014.55;1121.38;2013.94;1107.0;1981.45;1108.37;10;0.76;move;-1;;
8008;1845.08;725.82;1859.55;724.94;1857.49;691.11;1843.01;692.0;10;0.78;move;-1;;
8022;3824.22;1157.35;3839.01;1156.37;3837.03;1126.4;3822.24;1127.38;10;0.62;stop;-1;;
8044;2984.2;1083.04;2986.03;1068.22;2956.55;1064.58;2954.72;1079.4;10;0.82;move;-1;;
8115;1873.06;1130.38;1910.62;1128.19;1909.66;1111.75;1872.1;1113.94;9;0.72;move;-1;;
8181;2147.26;1286.85;2196.71;1283.49;2195.43;1264.65;2145.98;1268.01;9;0.77;stop;13;3717;7081
8196;1842.0;686.16;1863.77;684.08;1854.75;589.59;1832.98;591.67;9;0.78;move;-1;;
8305;2286.96;76.19;2318.57;73.27;2317.29;59.37;2285.68;62.3;10;0.42;stop;4;3777;6879
8317;2595.59;966.08;2609.93;965.36;2608.29;932.92;2593.94;933.64;10;0.74;stop;6;3812;5765
8337;1884.05;927.51;1900.4;925.86;1896.98;892.17;1880.64;893.83;10;0.8;move;-1;;
8470;1878.13;880.51;1894.38;879.84;1892.87;843.55;1876.62;844.23;10;0.77;move;-1;;
8500;3827.53;40.84;3837.08;14.67;3824.35;10.02;3814.8;36.19;10;0.76;stop;6;3851;6522
8513;3819.33;382.87;3842.29;379.15;3840.04;365.25;3817.08;368.97;10;0.5;stop;6;3862;5617
8538;2628.57;2087.27;2639.34;2066.71;2593.3;2042.61;2582.54;2063.16;9;0.76;stop;-1;;
8545;1361.54;1155.65;1396.49;1154.23;1395.84;1138.23;1360.89;1139.65;10;0.79;move;-1;;
8559;1898.35;806.65;1913.5;805.4;1910.9;773.97;1895.75;775.23;10;0.75;move;-1;;
8591;1893.0;710.61;1907.87;709.31;1905.19;678.77;1890.32;680.07;10;0.79;move;-1;;
8595;2558.49;255.37;2569.82;254.46;2567.76;228.62;2556.43;229.53;10;0.35;stop;7;3911;6054
8648;1272.61;1159.67;1305.26;1157.42;1304.2;1142.08;1271.55;1144.33;10;0.75;move;-1;;
8726;1220.02;1152.84;1256.11;1150.28;1254.98;1134.29;1218.89;1136.85;10;0.77;move;-1;;
8769;1877.79;831.61;1891.59;830.92;1890.02;799.64;1876.22;800.33;10;0.78;move;-1;;
8832;1888.75;789.94;1893.78;761.55;1880.47;759.19;1875.44;787.57;10;0.76;move;-1;;
8850;854.5;1143.68;880.98;1143.37;880.82;1129.75;854.33;1130.07;10;0.78;move;-1;;
8883;810.26;1151.21;828.69;1143.94;821.98;1126.92;803.55;1134.18;10;0.55;stop;-1;;
8886;3033.87;1944.84;3046.95;1936.69;3030.63;1910.53;3017.55;1918.69;10;0.38;stop;-1;;
8909;1972.39;557.2;1979.5;546.57;1957.43;531.8;1950.31;542.43;10;0.81;move;-1;;
8968;1064.32;1185.75;1096.41;1184.38;1095.68;1167.38;1063.59;1168.74;10;0.41;stop;12;4108;4955
8973;774.7;1148.11;801.19;1143.92;799.18;1131.14;772.68;1135.33;10;0.69;move;-1;;
8987;1870.44;755.23;1887.68;753.96;1884.81;715.14;1867.57;716.42;10;0.79;move;-1;;
9017;1894.34;754.11;1910.33;753.27;1908.63;720.76;1892.64;721.6;10;0.8;move;-1;;
9021;1983.61;569.01;2013.21;566.47;2012.02;552.62;1982.42;555.15;10;0.78;move;-1;;
9046;790.58;1163.57;820.82;1160.35;819.3;1146.06;789.06;1149.28;10;0.79;move;-1;;
9047;1889.07;34.28;1902.8;32.86;1899.93;5.09;1886.2;6.51;10;0.74;move;-1;;
9053;2872.24;1051.49;2873.77;1034.28;2833.62;1030.69;2832.09;1047.91;9;0.75;move;-1;;
9060;845.86;631.71;846.81;618.82;822.65;617.04;821.7;629.93;10;0.38;stop;-1;;
9074;578.85;1225.84;579.4;1192.25;562.55;1191.97;562.01;1225.56;10;0.37;stop;12;4161;7518
9184;2639.66;492.25;2646.43;492.17;2646.28;478.07;2639.51;478.14;10;0.4;stop;7;4207;5328
9199;1836.91;574.06;1852.13;572.68;1849.34;541.94;1834.12;543.32;10;0.77;move;-1;;
9203;682.69;1147.01;712.39;1146.85;712.31;1132.05;682.61;1132.21;10;0.75;move;-1;;
9256;1572.82;1149.23;1601.31;1148.19;1600.81;1134.52;1572.32;1135.56;10;0.74;move;-1;;
9285;636.88;1146.52;665.17;1144.95;664.37;1130.67;636.08;1132.24;10;0.69;move;-1;;
9311;1828.95;588.08;1831.43;574.59;1804.01;569.55;1801.53;583.04;10;0.73;move;-1;;
9317;734.1;1651.67;734.2;1635.4;702.15;1635.2;702.05;1651.48;10;0.78;stop;18;4511;5490
9324;1962.32;1631.97;1984.03;1630.96;1981.55;1577.65;1959.85;1578.66;9;0.73;stop;14;4279;5109
9329;1870.31;703.21;1885.12;701.99;1882.69;672.66;1867.88;673.89;10;0.81;move;-1;;
9333;2030.86;1439.72;2048.54;1438.47;2045.2;1391.34;2027.52;1392.59;9;0.74;stop;15;4285;5134
9369;559.8;1149.18;607.86;1147.92;607.39;1129.88;559.33;1131.14;9;0.59;move;-1;;
9402;201.44;1638.56;202.54;1626.33;176.02;1623.94;174.92;1636.17;10;0.4;stop;17;4321;5762
9428;693.51;1164.28;720.25;1164.26;720.24;1151.34;693.5;1151.36;10;0.82;move;-1;;
9467;1867.82;652.54;1883.22;651.1;1880.3;619.84;1864.9;621.28;10;0.79;move;-1;;
9471;511.87;1148.22;542.98;1147.89;542.82;1132.71;511.71;1133.05;10;0.77;move;-1;;
9473;1836.26;529.54;1852.61;528.01;1849.24;491.96;1832.89;493.49;10;0.81;move;-1;;
9512;1930.05;2122.79;1940.5;2096.07;1928.7;2091.46;1918.25;2118.18;10;0.54;stop;-1;;
9523;1750.86;1170.5;1786.03;1169.16;1785.48;1154.88;1750.32;1156.21;10;0.64;move;-1;;
9542;470.18;1148.68;503.56;1147.41;502.94;1131.32;469.57;1132.59;10;0.75;move;-1;;
9552;3120.73;1104.41;3123.54;1085.43;3080.36;1079.03;3077.55;1098.01;10;0.8;move;-1;;
9591;1831.02;478.86;1845.12;477.5;1842.29;448.14;1828.19;449.5;10;0.81;move;-1;;
9646;1864.84;589.61;1880.7;587.58;1876.53;555.08;1860.68;557.11;10;0.8;move;-1;;
9652;2602.85;819.08;2616.48;818.21;2614.52;787.42;2600.89;788.29;10;0.4;stop;6;4430;5421
9658;1546.75;1173.2;1576.63;1170.11;1575.13;1155.55;1545.24;1158.64;10;0.37;stop;12;4432;4971
9671;1825.94;436.49;1841.13;435.16;1838.19;401.64;1823.0;402.97;10;0.8;move;-1;;
9707;3447.97;1007.36;3461.43;974.02;3446.4;967.96;3432.95;1001.29;10;0.81;move;-1;;
9738;3840.04;1306.88;3843.23;1292.54;3823.08;1288.05;3819.89;1302.38;10;0.38;stop;11;4475;5369
9744;2510.48;41.5;2511.62;19.35;2498.77;18.69;2497.63;40.84;10;0.47;stop;4;4480;6384
9745;1501.81;1175.15;1535.83;1172.37;1534.57;1156.97;1500.55;1159.75;10;0.46;stop;12;4480;5086
9759;3761.49;151.04;3773.02;120.45;3759.14;115.21;3747.6;145.8;10;0.78;move;-1;;
9765;3200.93;1114.54;3203.21;1097.32;3165.63;1092.33;3163.35;1109.55;10;0.81;move;-1;;
9777;123.43;79.35;156.12;75.93;154.54;60.81;121.85;64.22;10;0.6;stop;-1;;
9809;1820.79;387.09;1838.5;385.92;1835.37;338.53;1817.66;339.7;9;0.76;move;-1;;
9820;3339.79;1109.89;3341.34;1093.92;3305.21;1090.42;3303.66;1106.39;10;0.8;move;-1;;
9823;2566.6;505.21;2569.09;477.02;2555.15;475.79;2552.66;503.98;10;0.75;move;-1;;
9840;526.22;1107.69;560.75;1106.83;560.35;1090.75;525.82;1091.61;10;0.75;move;-1;;
9857;636.53;1167.61;669.08;1166.34;668.47;1150.82;635.92;1152.1;10;0.77;move;-1;;
9878;1954.19;1517.59;1965.61;1517.44;1965.31;1494.03;1953.89;1494.18;10;0.5;stop;14;4553;7518
9893;1816.96;319.78;1832.52;318.13;1829.16;286.59;1813.61;288.25;10;0.82;move;-1;;
9911;1853.45;440.55;1867.81;439.29;1865.14;408.82;1850.78;410.08;10;0.77;move;-1;;
9922;1662.62;1172.76;1665.49;1156.34;1631.38;1150.36;1628.51;1166.79;10;0.75;stop;12;4842;4904
9926;3403.58;1119.89;3406.53;1105.55;3375.48;1099.17;3372.53;1113.51;10;0.8;move;-1;;
9933;548.7;1166.93;584.2;1166.01;583.8;1150.57;548.3;1151.49;10;0.73;move;-1;;
9955;1818.22;270.79;1832.57;270.17;1831.28;240.52;1816.93;241.15;10;0.78;move;-1;;
9994;518.51;1164.78;518.54;1151.84;492.11;1151.78;492.08;1164.72;10;0.77;move;-1;;
10002;1942.16;59.39;1953.61;57.85;1950.34;33.43;1938.89;34.96;10;0.45;stop;2;4624;7518
10003;3710.04;1280.06;3712.55;1264.77;3681.21;1259.63;3678.7;1274.92;10;0.42;stop;11;4625;4976
10019;1846.62;364.01;1861.46;362.78;1859.04;333.49;1844.2;334.72;10;0.67;move;-1;;
10067;2581.24;1371.41;2581.31;1337.63;2565.26;1337.59;2565.19;1371.37;10;0.56;stop;-1;;
10074;343.06;1156.51;377.6;1154.16;376.48;1137.56;341.93;1139.9;10;0.74;move;-1;;
10086;1152.11;1653.29;1152.25;1639.49;1126.02;1639.21;1125.87;1653.01;10;0.39;stop;14;4665;5278
10088;3736.49;851.59;3760.65;849.88;3759.76;837.32;3735.6;839.03;10;0.49;stop;6;4665;5207
10093;3422.6;1146.91;3425.29;1131.32;3392.09;1125.59;3389.4;1141.18;10;0.82;move;-1;;
10103;3329.93;1130.67;3332.06;1115.12;3294.45;1109.96;3292.31;1125.5;10;0.81;move;-1;;
10105;1023.64;1186.38;1062.16;1183.84;1060.98;1165.99;1022.46;1168.54;10;0.53;stop;12;4824;4922
10138;725.3;1153.3;761.41;1151.59;760.63;1135.14;724.52;1136.85;10;0.78;stop;-1;;
10152;162.64;1675.69;188.43;1675.45;188.31;1661.81;162.51;1662.05;10;0.36;stop;17;4704;5761
10158;1820.84;209.17;1836.94;208.97;1836.44;169.95;1820.34;170.15;10;0.79;move;-1;;
10165;3839.29;1203.92;3842.79;1186.85;3823.84;1182.95;3820.33;1200.03;10;0.58;stop;-1;;
10173;3563.17;2084.65;3595.2;2064.83;3585.27;2048.78;3553.24;2068.61;10;0.59;stop;-1;;
10193;3553.27;1169.35;3556.37;1154.23;3522.04;1147.21;3518.95;1162.34;10;0.8;move;-1;;
10196;1866.46;1349.81;1878.49;1345.07;1868.54;1319.82;1856.51;1324.56;10;0.7;stop;14;4730;4993
10198;3572.99;653.51;3583.72;628.36;3569.82;622.43;3559.09;647.57;10;0.74;move;-1;;
10237;2359.78;1116.51;2394.33;1115.98;2394.1;1100.86;2359.54;1101.39;10;0.76;move;-1;;
10249;1867.11;1368.23;1890.17;1364.19;1888.14;1352.58;1865.08;1356.62;10;0.41;stop;14;4766;4921
10251;1803.13;120.88;1818.74;119.27;1815.2;85.0;1799.59;86.61;10;0.81;move;-1;;
10260;3536.97;175.0;3550.45;170.18;3539.27;139.0;3525.8;143.83;10;0.36;stop;-1;;
10263;625.19;1254.11;655.24;1252.6;654.5;1237.77;624.45;1239.28;10;0.45;stop;12;4774;6316
10266;3332.54;985.26;3348.19;985.22;3348.08;951.61;3332.44;951.66;10;0.77;move;-1;;
10270;3632.26;1184.07;3635.72;1168.84;3599.62;1160.62;3596.15;1175.84;10;0.79;move;-1;;
10271;1849.58;1698.79;1850.74;1684.39;1819.05;1681.83;1817.88;1696.24;10;0.51;stop;14;4781;5042
10283;2052.02;564.18;2078.53;560.57;2076.73;547.32;2050.22;550.93;10;0.7;move;-1;;
10296;3046.91;1341.18;3059.16;1327.73;3024.34;1296.01;3012.09;1309.46;9;0.47;stop;13;4793;4894
10325;2645.73;1149.62;2645.83;1135.11;2639.67;1135.07;2639.56;1149.57;10;0.36;stop;11;4807;4920
10326;1827.53;106.97;1841.58;105.63;1838.84;76.97;1824.8;78.31;10;0.78;move;-1;;
10344;3714.73;1205.74;3717.8;1188.92;3680.27;1182.08;3677.2;1198.89;10;0.75;move;-1;;
10347;3471.39;1130.68;3514.65;1116.37;3508.95;1098.85;3465.68;1113.15;10;0.41;move;-1;;
10349;58.01;1189.01;88.06;1187.59;87.31;1171.61;57.25;1173.03;10;0.37;stop;-1;;
10386;3348.17;1261.83;3360.11;1225.79;3341.83;1219.73;3329.89;1255.77;9;0.38;stop;11;4842;4890
10389;89.19;83.36;118.16;80.42;116.6;65.0;87.62;67.94;10;0.37;stop;-1;;
10406;2650.12;1019.47;2651.84;1004.7;2639.51;1003.27;2637.8;1018.04;10;0.42;stop;6;4851;4901
10408;1663.62;1656.3;1689.72;1656.2;1689.66;1642.31;1663.57;1642.41;10;0.36;stop;14;4852;4928
10410;376.22;40.57;399.31;25.03;391.6;13.57;368.5;29.11;10;0.36;stop;-1;;
10416;1805.23;48.13;1817.43;46.82;1815.02;24.43;1802.82;25.74;10;0.61;move;-1;;
10421;304.84;1684.34;330.63;1680.32;328.44;1666.28;302.65;1670.31;10;0.47;stop;18;4860;5761
10424;3643.37;397.1;3654.31;375.12;3642.88;369.44;3631.94;391.42;10;0.37;stop;6;4861;4893
10427;1225.6;1478.6;1230.42;1450.02;1215.65;1447.53;1210.83;1476.11;10;0.37;stop;14;4862;4893
10428;2748.1;1358.16;2769.34;1357.86;2768.73;1313.72;2747.49;1314.01;9;0.46;stop;13;4862;5139
10430;33.84;79.41;38.85;69.52;19.66;59.81;14.65;69.7;10;0.37;stop;-1;;
10436;1902.19;408.75;1916.46;407.96;1914.84;378.75;1900.57;379.54;10;0.73;move;-1;;
10442;445.01;1065.71;470.3;1062.4;468.58;1049.29;443.29;1052.6;10;0.39;stop;10;4871;7518
10444;362.82;1022.86;380.03;1020.37;375.33;987.82;358.12;990.31;10;0.39;stop;10;4873;5067
10445;1942.17;1374.3;1957.64;1371.86;1952.48;1339.2;1937.01;1341.64;10;0.49;stop;14;4873;4886
10447;2035.27;1892.62;2040.18;1852.52;2021.67;1850.26;2016.76;1890.35;9;0.49;stop;15;4874;4887
10449;2879.36;1300.57;2880.46;1282.43;2834.14;1279.62;2833.04;1297.76;9;0.37;stop;13;4875;5108
10458;1690.51;1146.41;1690.62;1131.8;1678.81;1131.71;1678.7;1146.32;10;0.73;stop;-1;;
10459;3413.95;1288.15;3455.9;1280.42;3452.3;1260.92;3410.35;1268.64;10;0.39;stop;11;4886;4889
