vehicle_id;veh_bb_x1;veh_bb_y1;veh_bb_x2;veh_bb_y2;veh_bb_x3;veh_bb_y3;veh_bb_x4;veh_bb_y4;det_class;conf_score;state;parking_zone;timestamp_in;timestamp_out
1;3392.98;1182.08;3394.95;1166.12;3358.89;1161.67;3356.93;1177.63;10;0.81;move;-1;;
3;3145.66;1198.33;3147.8;1182.3;3110.28;1177.29;3108.14;1193.32;10;0.82;stop;11;1;7518
7;854.91;1172.1;855.2;1158.22;826.03;1157.59;825.73;1171.47;10;0.83;stop;-1;;
10;2951.74;1037.29;2953.15;1021.58;2920.29;1018.65;2918.89;1034.36;10;0.83;stop;6;1;7518
15;2680.6;1152.11;2680.6;1138.39;2653.78;1138.39;2653.78;1152.11;10;0.81;stop;11;1;7518
19;1977.28;669.04;1991.77;667.97;1989.66;639.34;1975.16;640.41;10;0.82;stop;9;1;7518
21;2824.24;1155.85;2824.76;1141.5;2791.39;1140.27;2790.86;1154.62;10;0.81;stop;11;1;7518
22;1960.55;679.45;1974.5;678.5;1972.36;646.93;1958.4;647.88;10;0.8;stop;9;1;7518
23;1075.06;640.07;1075.44;626.1;1045.0;625.28;1044.63;639.25;10;0.8;stop;-1;;
26;1957.99;640.59;1973.91;639.1;1970.7;604.78;1954.78;606.27;10;0.81;stop;9;1;7518
27;2725.64;1153.88;2726.15;1137.7;2691.98;1136.62;2691.47;1152.8;10;0.81;stop;11;1;7518
32;3499.37;1067.16;3503.79;1052.15;3470.0;1042.21;3465.59;1057.22;10;0.81;stop;6;1;7518
36;992.66;636.11;993.42;622.6;966.72;621.08;965.95;634.59;10;0.8;stop;-1;;
37;3428.9;930.4;3446.51;903.3;3433.6;894.91;3415.99;922.01;10;0.81;stop;6;1;7518
40;1992.87;896.59;2007.44;896.5;2007.25;865.16;1992.68;865.25;10;0.81;stop;9;1;7518
44;3500.44;1048.19;3505.96;1032.74;3472.68;1020.87;3467.17;1036.32;10;0.8;stop;6;1;5352
46;1784.33;1659.89;1784.46;1645.62;1756.04;1645.36;1755.91;1659.63;10;0.8;stop;14;1;7518
49;1145.38;1054.98;1145.57;1040.18;1114.18;1039.78;1113.99;1054.57;10;0.81;stop;10;1;7518
53;2832.74;1028.56;2833.93;1012.57;2798.64;1009.94;2797.45;1025.93;10;0.8;stop;6;1;7518
56;3356.26;1360.72;3361.31;1346.87;3332.8;1336.47;3327.75;1350.32;10;0.8;stop;11;1;7518
57;1790.32;234.83;1804.06;234.34;1802.93;202.79;1789.19;203.28;10;0.78;stop;1;1;7132
59;2969.14;1287.25;2974.22;1271.42;2937.86;1259.75;2932.78;1275.58;10;0.8;stop;13;1;7518
60;1997.86;1259.68;2011.86;1258.57;2009.39;1227.69;1995.39;1228.81;10;0.81;move;-1;;
64;1494.14;1655.99;1494.38;1641.89;1464.61;1641.38;1464.37;1655.49;10;0.78;stop;14;1;7518
65;2013.38;1240.83;2027.71;1239.73;2025.56;1211.67;2011.22;1212.77;10;0.77;move;-1;;
66;3259.18;1403.52;3274.57;1372.53;3258.32;1364.45;3242.93;1395.44;10;0.78;stop;-1;;
67;1983.56;741.26;1997.79;739.74;1994.63;709.99;1980.4;711.51;10;0.82;stop;9;1;7518
68;3733.92;895.26;3769.41;891.87;3767.96;876.62;3732.46;880.01;10;0.79;stop;6;1;7518
72;3475.65;826.46;3493.2;798.7;3480.6;790.73;3463.05;818.49;10;0.8;stop;6;1;7518
74;2894.64;1029.5;2895.61;1015.36;2868.36;1013.5;2867.39;1027.64;10;0.82;stop;6;1;7518
76;2496.68;1153.02;2529.72;1152.45;2529.44;1136.36;2496.4;1136.93;10;0.79;stop;11;1;7518
79;3142.51;447.45;3170.04;443.02;3167.8;429.11;3140.27;433.55;10;0.79;stop;8;1;7518
80;3781.12;889.95;3813.97;886.88;3812.63;872.55;3779.78;875.62;10;0.79;stop;6;1;7518
84;1849.24;812.35;1864.99;810.72;1861.76;779.53;1846.01;781.15;10;0.78;move;-1;;
86;2748.51;481.65;2782.8;477.53;2781.1;463.35;2746.81;467.47;10;0.78;stop;7;1;7518
87;888.48;1173.78;888.49;1158.75;859.02;1158.72;859.01;1173.75;10;0.79;stop;-1;;
90;3410.45;965.74;3426.58;933.58;3411.73;926.13;3395.61;958.29;10;0.79;stop;6;1;7518
91;2041.55;1384.06;2043.61;1352.95;2028.32;1351.94;2026.27;1383.05;10;0.81;stop;15;1;7518
92;938.52;1060.11;965.71;1059.8;965.54;1045.52;938.36;1045.83;10;0.8;stop;10;1;7518
93;367.11;1074.86;396.59;1074.66;396.49;1058.89;367.0;1059.09;10;0.76;stop;10;1;7518
96;1861.05;2149.36;1874.88;2121.57;1862.7;2115.51;1848.87;2143.3;10;0.69;stop;-1;;
97;1979.88;703.43;1993.81;702.14;1991.37;675.82;1977.44;677.11;10;0.81;stop;9;1;7518
98;2652.53;491.94;2681.14;488.75;2679.67;475.56;2651.07;478.75;10;0.8;stop;7;1;7518
101;1875.97;2116.01;1888.47;2090.31;1877.03;2084.74;1864.53;2110.44;10;0.67;stop;-1;;
109;1996.36;1220.56;2012.27;1218.22;2008.82;1194.81;1992.92;1197.15;10;0.75;move;-1;;
110;2914.12;1304.7;2915.55;1287.74;2881.98;1284.9;2880.54;1301.87;10;0.8;stop;13;1;7518
111;1991.78;851.84;2004.35;850.7;2001.97;824.41;1989.4;825.55;10;0.78;stop;9;1;7518
112;1983.85;822.66;1998.82;820.2;1993.78;789.47;1978.81;791.92;10;0.8;stop;9;1;7518
114;3058.28;1050.28;3060.21;1037.23;3033.22;1033.22;3031.29;1046.27;10;0.79;stop;6;1;7518
117;2571.77;1696.59;2574.6;1660.42;2560.11;1659.28;2557.27;1695.45;10;0.75;stop;16;1;7518
118;1967.79;1838.27;1972.97;1804.6;1957.52;1802.23;1952.34;1835.9;10;0.75;stop;-1;;
119;1949.37;253.45;1963.01;252.34;1960.75;224.67;1947.11;225.79;10;0.79;stop;2;1;7518
120;2740.31;525.46;2773.34;522.05;2771.81;507.29;2738.79;510.7;10;0.79;stop;7;1;7518
124;1994.53;930.34;2008.37;929.76;2007.29;903.98;1993.45;904.55;10;0.79;stop;9;1;7518
125;1818.0;1017.24;1839.83;990.22;1828.13;980.76;1806.29;1007.78;10;0.76;stop;-1;;
126;3023.98;1047.73;3026.44;1031.95;2993.27;1026.77;2990.81;1042.55;10;0.81;stop;6;1;7518
130;2641.82;1149.54;2641.86;1135.43;2611.56;1135.33;2611.51;1149.45;10;0.79;stop;11;1;7518
131;2695.9;1023.17;2696.57;1007.91;2664.61;1006.51;2663.94;1021.78;10;0.79;stop;6;1;7518
132;2687.33;488.59;2718.48;484.78;2716.8;471.04;2685.65;474.84;10;0.78;stop;7;1;7518
133;2393.91;514.7;2423.58;511.14;2421.84;496.67;2392.17;500.24;10;0.77;stop;7;1;7518
135;3584.93;681.59;3597.86;651.21;3583.2;644.97;3570.26;675.35;10;0.8;stop;6;1;7518
136;1294.29;1045.54;1318.11;1045.23;1317.96;1033.46;1294.14;1033.77;10;0.78;stop;10;1;7518
141;3258.37;1351.49;3275.99;1322.81;3262.88;1314.76;3245.26;1343.44;10;0.81;stop;-1;;
142;1825.01;685.13;1838.77;683.63;1835.36;652.49;1821.61;653.99;10;0.78;stop;1;1;7518
145;2084.04;1033.02;2116.89;1031.8;2116.33;1016.73;2083.48;1017.95;10;0.66;stop;-1;;
148;1277.09;1182.53;1325.71;1180.8;1325.04;1161.97;1276.41;1163.7;9;0.77;stop;12;1;7518
150;2346.75;1153.92;2347.12;1139.62;2316.0;1138.83;2315.63;1153.13;10;0.8;stop;11;1;7518
151;952.99;632.55;953.63;620.41;926.7;619.01;926.06;631.15;10;0.78;stop;-1;;
152;1986.89;779.42;1999.61;778.41;1997.48;751.7;1984.76;752.72;10;0.79;stop;9;1;7518
153;904.56;1061.31;934.53;1059.89;933.88;1046.19;903.91;1047.61;10;0.78;stop;10;1;7518
158;1913.52;2029.37;1923.02;2004.85;1911.48;2000.38;1901.98;2024.9;10;0.76;stop;-1;;
159;3008.75;1304.57;3016.03;1289.66;2981.5;1272.8;2974.22;1287.72;10;0.77;stop;13;1;7518
160;792.91;1185.01;823.52;1184.65;823.34;1169.05;792.73;1169.41;10;0.78;stop;12;1;7518
161;765.39;1063.75;793.54;1062.53;792.95;1049.0;764.8;1050.22;10;0.75;stop;10;1;7518
163;3045.88;1341.83;3059.4;1326.87;3023.49;1294.42;3009.98;1309.38;10;0.64;stop;13;1;7518
166;3178.31;441.53;3204.34;437.33;3202.31;424.72;3176.28;428.92;10;0.79;stop;8;1;7518
167;1178.12;1182.23;1207.6;1180.82;1206.88;1165.65;1177.4;1167.06;10;0.76;stop;12;2655;7518
168;1972.84;1522.4;1988.0;1520.67;1984.54;1490.35;1969.38;1492.08;10;0.8;stop;-1;;
171;751.99;1185.6;779.39;1184.14;778.64;1170.15;751.24;1171.61;10;0.78;stop;12;1;7518
172;2753.95;1023.17;2754.21;1008.0;2721.63;1007.45;2721.38;1022.62;10;0.78;stop;6;1;7518
175;1961.82;1875.52;1966.8;1846.02;1953.18;1843.73;1948.2;1873.23;10;0.74;stop;-1;;
176;3785.09;150.46;3797.69;119.91;3784.29;114.38;3771.69;144.93;10;0.77;stop;6;1;7518
177;3420.66;867.26;3441.22;845.1;3430.59;835.24;3410.03;857.4;10;0.78;stop;6;1;7518
179;3104.03;1192.03;3106.14;1176.0;3071.29;1171.4;3069.17;1187.44;10;0.8;stop;11;1;7518
180;3017.08;1178.1;3019.3;1163.58;2989.95;1159.09;2987.73;1173.61;10;0.78;stop;11;1;7518
181;1745.87;1658.35;1746.21;1643.08;1715.75;1642.4;1715.41;1657.67;10;0.79;stop;14;1;7518
183;2787.81;477.48;2819.83;474.07;2818.44;460.96;2786.42;464.36;10;0.79;stop;7;1;7518
184;864.89;1064.43;894.67;1062.54;893.77;1048.32;863.98;1050.21;10;0.78;stop;10;1;7518
185;2195.47;1158.8;2222.67;1151.72;2219.22;1138.45;2192.02;1145.53;10;0.8;stop;11;1;5030
188;3751.73;236.28;3762.38;206.02;3748.27;201.06;3737.62;231.32;10;0.78;stop;6;1;7518
190;3282.81;516.37;3297.23;516.07;3296.57;483.94;3282.14;484.24;10;0.78;stop;8;1;7518
195;944.9;1186.14;977.19;1184.37;976.32;1168.48;944.03;1170.26;10;0.76;stop;12;1;7518
196;2354.66;1153.69;2384.74;1153.37;2384.59;1139.06;2354.51;1139.38;10;0.8;stop;11;1;7518
197;2394.16;1153.46;2422.84;1153.21;2422.72;1138.17;2394.03;1138.41;10;0.78;stop;11;1;7518
198;2538.68;1150.24;2568.6;1149.91;2568.44;1135.76;2538.53;1136.09;10;0.78;stop;11;1;7518
200;2960.47;1994.18;2974.53;1983.0;2951.03;1953.45;2936.97;1964.63;10;0.79;stop;-1;;
203;1828.83;824.22;1846.25;821.85;1839.79;774.4;1822.38;776.77;9;0.78;stop;1;1;6071
204;1922.41;55.58;1935.98;54.43;1933.71;27.67;1920.15;28.82;10;0.8;stop;2;1;7518
205;3408.7;885.07;3435.97;879.86;3433.18;865.24;3405.9;870.46;10;0.78;stop;6;1;5018
210;2277.91;1155.64;2305.48;1154.72;2304.96;1139.36;2277.4;1140.28;10;0.76;stop;11;1;7518
211;2577.44;1553.0;2578.46;1518.74;2562.31;1518.25;2561.29;1552.51;10;0.77;stop;16;1;7518
212;1771.63;190.14;1786.13;188.67;1783.37;161.42;1768.87;162.89;10;0.78;stop;1;1;7518
213;2863.69;471.19;2893.74;468.65;2892.56;454.68;2862.51;457.23;10;0.79;stop;7;1;7518
217;1638.77;1657.04;1638.81;1642.67;1610.23;1642.58;1610.19;1656.95;10;0.75;stop;14;1;7518
218;1316.79;1693.05;1316.8;1679.72;1288.71;1679.7;1288.7;1693.03;10;0.67;stop;14;1;7518
220;1767.72;145.98;1781.27;145.52;1780.29;117.27;1766.75;117.73;10;0.77;stop;1;1;7518
221;1711.89;561.35;1712.71;546.24;1681.23;544.52;1680.4;559.64;10;0.78;stop;-1;;
222;1811.96;712.16;1827.66;709.85;1823.11;678.9;1807.4;681.21;10;0.79;stop;1;1;7518
223;513.71;1070.64;544.11;1070.01;543.79;1054.67;513.39;1055.3;10;0.78;stop;10;1;7518
228;1794.18;1167.76;1825.03;1164.81;1823.59;1149.74;1792.74;1152.69;10;0.78;stop;12;1;7518
230;3184.58;945.8;3222.65;942.69;3221.36;926.85;3183.28;929.96;10;0.77;stop;6;1;7518
231;1905.05;1700.08;1933.63;1699.72;1933.45;1685.05;1904.87;1685.41;10;0.73;stop;14;1;7518
232;2574.74;1645.05;2575.84;1616.88;2561.63;1616.32;2560.53;1644.5;10;0.73;stop;16;1;7518
233;1791.17;469.5;1806.95;467.91;1803.53;433.88;1787.75;435.46;10;0.76;stop;1;1;7518
234;2572.77;438.66;2585.3;437.41;2582.73;411.84;2570.2;413.09;10;0.78;stop;7;1;7518
235;798.1;1064.39;827.24;1062.84;826.4;1047.23;797.26;1048.79;10;0.75;stop;10;1;7518
236;2227.23;1157.88;2261.85;1156.34;2261.15;1140.5;2226.52;1142.04;10;0.77;stop;11;1;7518
237;1946.3;217.58;1959.46;216.59;1957.45;189.67;1944.29;190.66;10;0.76;stop;2;1;7518
238;1777.72;93.19;1790.78;92.58;1789.42;63.74;1776.36;64.36;10;0.76;stop;1;1;7518
239;3207.47;439.49;3238.42;435.83;3236.91;423.01;3205.95;426.67;10;0.77;stop;8;1;7518
241;1084.39;1056.15;1084.43;1042.04;1056.86;1041.97;1056.82;1056.09;10;0.77;stop;10;1;7518
242;1220.68;1056.95;1253.07;1054.94;1252.07;1038.92;1219.68;1040.94;10;0.77;stop;10;1;7518
245;3079.65;1376.31;3092.98;1363.14;3059.57;1329.32;3046.24;1342.48;9;0.78;stop;13;1;7518
247;795.71;1650.61;796.12;1636.13;768.04;1635.33;767.63;1649.81;10;0.76;stop;18;1;7518
248;1905.84;1661.63;1937.31;1661.32;1937.16;1645.87;1905.69;1646.18;10;0.77;stop;14;1;7518
250;2466.2;507.19;2492.93;503.89;2491.3;490.69;2464.57;493.98;10;0.78;stop;7;1;7518
251;3655.0;491.94;3664.24;461.07;3650.0;456.81;3640.76;487.68;10;0.77;stop;6;1;7518
254;2191.06;1320.02;2222.22;1315.16;2219.69;1298.98;2188.53;1303.84;10;0.81;stop;13;1;7518
255;1958.16;1492.89;1972.16;1490.98;1968.28;1462.49;1954.28;1464.39;10;0.78;stop;14;1;7518
256;2857.57;1158.04;2858.4;1144.22;2831.18;1142.59;2830.35;1156.41;10;0.79;stop;11;1;7518
257;3297.83;432.47;3330.75;427.43;3328.42;412.22;3295.5;417.25;10;0.77;stop;8;1;7518
258;707.7;1021.12;712.73;1008.93;689.18;999.19;684.14;1011.38;10;0.76;stop;10;1;7518
261;3119.22;1438.19;3140.11;1423.76;3105.31;1373.38;3084.42;1387.81;9;0.77;stop;13;1;7518
262;2825.22;475.04;2854.02;471.43;2852.28;457.59;2823.48;461.19;10;0.76;stop;7;1;7518
263;3554.71;867.23;3586.53;864.44;3585.29;850.27;3553.47;853.06;10;0.76;stop;6;1;7518
264;1391.28;1048.32;1423.06;1046.67;1422.34;1032.93;1390.57;1034.58;10;0.77;stop;10;1;7518
265;1447.29;1050.92;1480.32;1050.2;1479.96;1033.7;1446.93;1034.42;10;0.77;stop;10;1;7518
266;1920.63;1218.15;1934.07;1213.16;1923.97;1185.97;1910.52;1190.97;10;0.75;stop;-1;;
267;2457.79;1152.22;2489.1;1150.86;2488.46;1136.03;2457.15;1137.39;10;0.75;stop;11;1;7518
268;3215.71;1325.3;3217.45;1295.85;3203.35;1295.01;3201.61;1324.46;10;0.77;move;-1;;
271;2630.8;991.84;2630.88;964.58;2616.95;964.53;2616.87;991.8;10;0.77;stop;6;1;7518
273;765.98;1688.62;766.01;1673.3;735.89;1673.25;735.87;1688.58;10;0.74;stop;18;1;7518
276;2579.26;1149.32;2604.7;1148.67;2604.37;1135.55;2578.92;1136.21;10;0.77;stop;11;1;6732
278;2429.98;510.65;2460.56;507.06;2458.9;492.85;2428.31;496.44;10;0.77;stop;7;1;7518
280;476.11;1071.39;508.56;1070.74;508.27;1055.8;475.81;1056.45;10;0.78;stop;10;1;7518
282;2511.14;1021.23;2541.52;1019.88;2540.86;1004.9;2510.48;1006.25;10;0.75;stop;6;3260;5737
283;2640.13;41.46;2668.84;38.15;2667.25;24.35;2638.54;27.66;10;0.77;stop;4;1;7518
285;2782.57;1156.82;2783.06;1138.22;2745.4;1137.24;2744.91;1155.84;9;0.79;stop;11;1;7518
286;2013.18;1975.02;2022.65;1937.56;2005.51;1933.23;1996.04;1970.69;10;0.77;stop;15;1;7518
287;3211.2;1509.74;3220.03;1475.62;3204.11;1471.51;3195.29;1505.63;10;0.6;stop;-1;;
288;989.3;1183.64;1016.31;1181.88;1015.45;1168.73;988.44;1170.5;10;0.74;stop;12;1;7518
289;2615.44;951.62;2630.63;949.88;2626.69;915.32;2611.49;917.06;10;0.78;stop;6;1;7518
290;2153.35;1159.48;2184.6;1157.67;2183.71;1142.27;2152.46;1144.08;10;0.75;stop;11;1;7518
291;2436.7;1306.42;2467.14;1305.73;2466.8;1290.64;2436.36;1291.33;10;0.73;stop;13;1;7518
293;1807.57;677.67;1822.05;676.37;1819.47;647.58;1804.99;648.88;10;0.76;stop;1;1;7518
296;1325.62;1693.2;1354.21;1693.05;1354.13;1678.42;1325.54;1678.58;10;0.66;stop;14;1;7518
298;3693.71;897.71;3727.17;894.22;3725.66;879.79;3692.21;883.28;10;0.76;stop;6;1;7518
299;1035.68;637.64;1036.6;624.18;1009.94;622.36;1009.02;635.82;10;0.75;stop;-1;;
300;582.76;1068.79;613.2;1067.45;612.55;1052.77;582.11;1054.11;10;0.77;stop;10;1;7518
301;1773.19;225.31;1787.86;225.11;1787.44;195.44;1772.77;195.64;10;0.77;stop;1;1;7518
302;2361.96;514.5;2389.98;511.52;2388.54;498.0;2360.52;500.98;10;0.78;stop;7;1;7518
303;2935.49;466.5;2964.33;462.55;2962.51;449.25;2933.67;453.2;10;0.75;stop;7;1;7518
304;338.76;1074.31;365.23;1073.57;364.84;1059.44;338.36;1060.18;10;0.74;stop;10;1;7191
305;154.64;1188.17;185.22;1187.66;184.97;1172.46;154.39;1172.96;10;0.77;stop;-1;;
308;1464.86;1173.92;1494.0;1171.43;1492.77;1157.08;1463.63;1159.57;10;0.74;stop;12;1;7518
309;3059.03;1184.8;3060.89;1170.36;3030.5;1166.45;3028.64;1180.89;10;0.78;stop;11;1;7518
310;1266.9;1653.94;1267.29;1639.73;1238.48;1638.94;1238.08;1653.14;10;0.65;stop;14;1;7518
311;3293.87;1361.51;3305.93;1325.66;3288.31;1319.74;3276.26;1355.59;10;0.76;stop;11;1;7518
312;2209.76;529.41;2241.47;525.78;2239.81;511.22;2208.09;514.84;10;0.76;stop;7;1;7518
313;720.21;1184.25;746.33;1183.23;745.74;1168.12;719.62;1169.15;10;0.77;stop;12;1;7518
314;1928.22;1247.15;1941.53;1244.0;1935.03;1216.6;1921.72;1219.75;10;0.64;stop;-1;;
315;2099.93;1284.82;2130.56;1281.96;2129.13;1266.68;2098.5;1269.54;10;0.76;stop;13;1;7518
316;2585.01;620.16;2598.83;618.65;2595.24;585.84;2581.42;587.35;10;0.74;stop;7;1;7518
318;3390.74;1001.59;3404.24;974.67;3391.13;968.1;3377.63;995.02;10;0.77;stop;6;1;7518
319;766.26;2046.28;782.0;2046.04;781.53;2014.97;765.79;2015.21;10;0.72;stop;-1;;
320;2502.38;503.35;2531.48;501.2;2530.49;487.77;2501.39;489.92;10;0.76;stop;7;1;7518
321;3287.07;549.87;3300.67;548.54;3297.93;520.75;3284.33;522.09;10;0.75;stop;8;1;7518
324;2102.97;535.99;2129.47;532.65;2127.78;519.26;2101.28;522.6;10;0.74;stop;7;1;7518
325;2140.58;534.22;2169.15;531.41;2167.79;517.66;2139.23;520.47;10;0.75;stop;7;1;7518
326;2565.06;406.86;2579.33;405.79;2576.94;373.89;2562.67;374.96;10;0.74;stop;7;1;7518
328;3434.64;968.02;3446.79;942.36;3434.42;936.51;3422.28;962.17;10;0.74;stop;6;1;7518
329;762.23;2046.8;763.18;2014.92;747.49;2014.45;746.54;2046.33;10;0.72;stop;-1;;
331;3485.86;415.39;3514.24;411.89;3512.57;398.36;3484.2;401.86;10;0.7;stop;6;1;7518
332;2582.64;579.81;2595.61;578.65;2593.11;550.81;2580.14;551.97;10;0.72;stop;7;1;7518
333;2589.08;670.27;2603.93;669.46;2602.42;641.48;2587.57;642.29;10;0.71;stop;7;1;7518
334;573.17;1070.16;573.64;1055.94;549.95;1055.16;549.48;1069.37;10;0.64;stop;10;1;7518
336;1279.52;1692.77;1279.81;1678.34;1249.48;1677.73;1249.19;1692.16;10;0.67;stop;14;1;7518
337;1164.17;1894.19;1179.41;1894.08;1179.21;1866.68;1163.97;1866.79;10;0.74;stop;-1;;
338;1800.15;352.78;1814.51;351.74;1812.23;319.97;1797.86;321.01;10;0.74;stop;1;1;7518
339;3691.88;855.76;3724.26;854.7;3723.75;839.24;3691.36;840.3;10;0.75;stop;6;1;7518
340;1260.72;1052.09;1287.12;1050.41;1286.28;1037.04;1259.88;1038.71;10;0.72;stop;10;1;7518
343;1791.49;1660.01;1820.08;1659.38;1819.76;1645.24;1791.17;1645.87;10;0.74;stop;14;1;7518
344;3642.52;524.37;3651.95;495.46;3638.1;490.94;3628.68;519.86;10;0.76;stop;6;1;7518
346;1731.12;1698.57;1732.01;1683.77;1703.84;1682.06;1702.94;1696.86;10;0.73;stop;14;1;7518
347;784.97;631.04;785.98;617.55;758.04;615.46;757.03;628.95;10;0.76;stop;-1;;
348;2583.82;48.47;2612.38;45.72;2611.05;31.96;2582.5;34.72;10;0.74;stop;4;1;7518
349;1163.47;1930.05;1180.96;1929.69;1180.28;1896.82;1162.79;1897.19;10;0.72;stop;-1;;
350;1777.07;267.02;1792.05;265.63;1789.09;233.6;1774.1;234.99;10;0.75;stop;1;1;7518
351;2572.89;474.56;2588.19;473.92;2587.11;447.94;2571.81;448.58;10;0.65;stop;7;1;7518
352;2899.66;468.94;2927.42;465.91;2925.96;452.62;2898.21;455.65;10;0.75;stop;7;1;7518
354;2039.39;1603.8;2055.64;1603.35;2054.67;1568.7;2038.42;1569.15;10;0.73;stop;15;1;7518
355;2567.0;366.57;2579.18;365.61;2577.25;341.06;2565.07;342.02;10;0.73;stop;7;1;7518
357;1344.5;1179.7;1376.58;1177.84;1375.75;1163.67;1343.67;1165.53;10;0.71;stop;12;1;7518
358;1673.54;1168.17;1701.84;1167.37;1701.46;1153.83;1673.16;1154.63;10;0.76;stop;12;1;7518
359;2607.51;908.49;2623.58;907.43;2621.12;870.14;2605.05;871.2;10;0.74;stop;6;3065;7518
360;1763.63;60.95;1777.94;60.55;1777.07;29.61;1762.76;30.01;10;0.69;stop;1;1;5613
362;3567.28;610.98;3578.13;583.17;3564.28;577.77;3553.43;605.58;10;0.75;stop;6;1;7518
367;3310.74;1043.94;3327.48;1012.9;3313.64;1005.43;3296.89;1036.48;10;0.72;stop;6;1;7518
369;1330.29;1051.64;1361.07;1050.87;1360.71;1036.36;1329.93;1037.13;10;0.72;stop;10;1;7518
370;1934.04;1976.54;1938.02;1949.41;1924.71;1947.46;1920.73;1974.59;10;0.74;stop;-1;;
371;667.61;1062.24;694.03;1057.24;691.77;1045.26;665.34;1050.26;10;0.74;stop;10;1;7518
374;1340.79;1652.95;1341.42;1640.08;1315.33;1638.8;1314.7;1651.67;10;0.53;stop;14;1;7518
375;2175.13;533.78;2206.81;529.09;2204.68;514.72;2173.0;519.41;10;0.72;stop;7;1;7518
376;2132.9;1321.97;2161.04;1320.25;2160.1;1304.9;2131.96;1306.62;10;0.73;stop;13;1;7518
378;2478.49;1306.67;2505.86;1304.9;2504.88;1289.83;2477.52;1291.6;10;0.72;stop;13;1;7518
379;3316.94;959.43;3332.98;952.76;3318.69;918.38;3302.64;925.05;10;0.69;stop;6;1;7518
380;3187.25;1203.97;3189.48;1187.62;3154.94;1182.9;3152.71;1199.26;10;0.73;stop;11;1;7518
381;2044.37;1645.17;2057.85;1644.92;2057.38;1619.58;2043.9;1619.83;10;0.64;stop;15;1;7518
384;2455.8;63.47;2485.15;60.49;2483.7;46.22;2454.35;49.2;10;0.71;stop;4;1;7518
386;1278.22;1652.6;1305.04;1652.07;1304.78;1639.15;1277.96;1639.68;10;0.46;stop;14;1;7518
388;437.17;1645.75;437.45;1632.32;410.33;1631.75;410.05;1645.18;10;0.74;stop;18;1;7518
389;2099.97;1160.23;2134.49;1158.26;2133.59;1142.65;2099.07;1144.62;10;0.73;stop;11;1;7518
390;1179.2;1858.92;1179.75;1827.99;1163.61;1827.7;1163.06;1858.64;10;0.7;stop;-1;;
391;3738.44;272.26;3746.86;245.76;3733.43;241.49;3725.01;267.99;10;0.73;stop;6;1;7518
392;3690.11;440.1;3723.75;435.69;3721.76;420.53;3688.12;424.94;10;0.67;stop;6;1;7518
395;555.99;1185.11;584.54;1184.12;584.01;1168.95;555.46;1169.94;10;0.73;stop;12;1;5709
396;520.8;1186.3;551.2;1185.39;550.76;1170.57;520.36;1171.48;10;0.75;stop;12;1;7518
397;2537.83;1823.19;2539.47;1792.24;2524.3;1791.44;2522.66;1822.38;10;0.72;stop;16;1;7518
400;2007.68;994.9;2021.97;991.63;2015.32;962.6;2001.03;965.87;10;0.75;stop;9;1;7518
401;2338.05;72.06;2370.26;68.45;2368.57;53.37;2336.36;56.99;10;0.67;stop;4;1;7518
402;85.62;1191.11;139.68;1189.65;139.14;1169.52;85.08;1170.97;9;0.68;stop;-1;;
403;689.75;1648.85;690.34;1636.42;664.94;1635.22;664.35;1647.64;10;0.7;stop;18;1;7518
404;335.91;559.57;338.72;544.29;305.81;538.24;303.0;553.53;10;0.67;stop;-1;;
405;3375.19;1032.28;3390.85;1003.72;3377.62;996.46;3361.96;1025.03;10;0.71;stop;6;2952;7518
406;2289.47;521.21;2318.5;518.29;2317.03;503.66;2288.0;506.58;10;0.72;stop;7;1;7518
407;214.28;1072.68;214.45;1059.55;187.67;1059.2;187.5;1072.33;10;0.71;stop;10;1;5188
408;1391.67;1177.78;1420.55;1176.16;1419.71;1161.1;1390.82;1162.72;10;0.7;stop;12;1;7518
409;1682.42;1041.06;1712.54;1039.39;1711.71;1024.44;1681.59;1026.11;10;0.72;stop;10;1;7518
410;2992.99;460.28;3021.4;456.5;3019.66;443.47;2991.26;447.25;10;0.7;stop;7;1;7518
412;361.27;1684.27;362.06;1669.81;332.95;1668.23;332.16;1682.69;10;0.71;stop;18;1;7518
413;3576.59;711.41;3583.31;684.05;3569.98;680.78;3563.26;708.13;10;0.73;stop;6;1;7518
414;186.79;1187.88;217.47;1187.49;217.27;1171.81;186.6;1172.19;10;0.76;stop;-1;;
415;1708.62;1168.55;1739.1;1167.08;1738.38;1152.32;1707.9;1153.8;10;0.76;stop;12;1;7518
416;2801.25;1264.38;2830.84;1262.87;2830.13;1248.87;2800.53;1250.38;10;0.74;stop;13;1;7518
418;3542.9;803.88;3552.5;774.23;3537.1;769.24;3527.5;798.9;10;0.73;stop;6;1;7518
420;3347.3;915.94;3379.74;901.93;3373.64;887.81;3341.2;901.82;10;0.67;stop;6;1;7518
421;2706.17;1365.65;2720.95;1339.33;2708.08;1332.1;2693.3;1358.42;10;0.71;stop;13;1;7518
423;3766.76;197.02;3776.83;169.91;3763.24;164.86;3753.17;191.96;10;0.7;stop;6;1;7518
424;1469.02;193.92;1482.34;191.8;1477.35;160.45;1464.04;162.57;10;0.65;stop;-1;;
425;3520.41;411.26;3549.35;407.29;3547.4;393.11;3518.47;397.08;10;0.68;stop;6;1;7518
426;624.51;1236.66;653.87;1235.47;653.3;1221.47;623.94;1222.65;10;0.69;stop;12;1;7518
427;1623.89;1694.43;1624.09;1679.85;1594.74;1679.44;1594.54;1694.03;10;0.65;stop;14;1;7518
428;628.57;1218.66;655.94;1218.41;655.8;1203.84;628.44;1204.09;10;0.69;stop;12;1;7518
433;473.47;1646.11;473.61;1632.63;445.75;1632.33;445.61;1645.81;10;0.69;stop;18;1;7518
434;2536.89;1861.36;2539.13;1827.46;2522.98;1826.39;2520.74;1860.29;10;0.65;stop;16;1;7518
436;2560.63;333.38;2574.7;332.15;2572.37;305.62;2558.3;306.85;10;0.72;stop;7;1;7518
438;1793.99;267.67;1808.61;266.16;1805.64;237.45;1791.02;238.96;10;0.7;stop;1;4861;5031
439;2331.38;1316.43;2331.75;1297.83;2287.5;1296.95;2287.13;1315.54;9;0.72;stop;13;1;7518
440;3650.01;1270.33;3653.93;1256.6;3623.12;1247.79;3619.19;1261.53;10;0.73;stop;11;1;7518
441;632.04;1649.48;662.8;1649.16;662.64;1633.65;631.88;1633.97;10;0.65;stop;18;1;7518
442;1811.75;556.02;1825.82;555.74;1825.28;528.48;1811.21;528.76;10;0.7;stop;1;1;7518
443;661.61;1244.02;676.36;1243.94;676.2;1215.04;661.45;1215.12;10;0.7;stop;12;1;7518
444;3032.02;1366.72;3043.11;1351.94;3009.98;1327.09;2998.89;1341.87;10;0.64;stop;13;1;7518
445;2611.66;494.55;2644.41;491.06;2642.84;476.33;2610.09;479.81;10;0.68;stop;7;1;7518
446;125.03;1078.54;152.21;1076.64;151.3;1063.65;124.12;1065.55;10;0.65;stop;10;1;7518
447;3227.07;1078.56;3230.16;1059.65;3174.18;1050.51;3171.09;1069.42;9;0.7;move;-1;;
449;2067.53;97.39;2100.93;93.94;2099.47;79.79;2066.07;83.25;10;0.7;stop;4;1;7518
450;421.14;1073.71;444.79;1072.54;444.17;1060.04;420.53;1061.21;10;0.69;stop;10;4909;7518
451;2355.8;559.72;2387.07;556.92;2385.7;541.65;2354.43;544.45;10;0.64;stop;7;1;7518
453;1963.31;1574.51;1979.37;1574.25;1978.69;1532.74;1962.63;1533.0;10;0.37;move;-1;;
454;2572.69;1775.75;2573.47;1744.77;2558.06;1744.38;2557.28;1775.36;10;0.6;stop;16;1;7518
455;2034.68;1892.59;2039.34;1854.63;2022.25;1852.53;2017.6;1890.5;9;0.47;stop;15;1;7518
456;3756.45;115.3;3766.13;85.92;3752.93;81.57;3743.24;110.95;10;0.75;stop;6;1;7518
457;3725.4;191.93;3738.41;158.73;3723.97;153.07;3710.96;186.27;10;0.7;stop;6;1;7518
459;393.02;1684.28;393.22;1669.5;366.82;1669.16;366.63;1683.94;10;0.61;stop;18;1;7518
460;482.67;1646.52;507.54;1646.14;507.33;1632.85;482.46;1633.24;10;0.68;stop;18;1;7518
463;1220.93;1514.78;1223.99;1484.87;1209.07;1483.35;1206.01;1513.25;10;0.59;stop;14;1;7518
464;279.46;1188.95;312.02;1185.94;310.7;1171.68;278.14;1174.69;10;0.71;stop;-1;;
465;1428.26;1654.81;1451.92;1654.48;1451.74;1641.44;1428.08;1641.77;10;0.5;stop;14;1;7518
466;1128.0;1182.81;1159.98;1181.81;1159.5;1166.57;1127.52;1167.56;10;0.67;stop;12;1;7518
468;2000.55;2008.81;2010.06;1979.57;1995.45;1974.82;1985.94;2004.06;10;0.65;stop;15;1;7518
469;2539.4;1724.13;2540.92;1693.16;2527.23;1692.49;2525.7;1723.46;10;0.66;stop;16;1;7518
471;1244.51;1691.84;1245.16;1677.65;1218.12;1676.41;1217.46;1690.6;10;0.54;stop;14;1;7518
475;2037.94;1515.53;2052.35;1514.35;2049.93;1484.85;2035.53;1486.03;10;0.57;stop;15;1;5151
476;1232.56;1653.12;1233.06;1640.81;1207.0;1639.75;1206.5;1652.06;10;0.44;stop;14;1;7518
479;1362.23;1692.64;1388.58;1692.27;1388.39;1678.99;1362.05;1679.35;10;0.51;stop;14;1;7518
480;2036.54;98.65;2061.97;96.09;2060.71;83.6;2035.28;86.16;10;0.62;stop;4;1;7518
481;3347.1;897.27;3358.23;886.93;3336.34;863.36;3325.21;873.7;10;0.58;stop;6;1;7518
483;3030.95;457.95;3065.15;454.85;3063.73;439.24;3029.54;442.34;10;0.58;stop;7;1;7518
484;1086.42;1048.58;1107.5;1048.26;1107.33;1037.36;1086.25;1037.68;10;0.67;stop;10;1;7518
485;3120.72;1056.49;3122.3;1044.66;3108.03;1042.76;3106.45;1054.59;10;0.61;stop;6;1;7518
489;654.65;1689.47;656.17;1674.55;625.98;1671.46;624.45;1686.38;10;0.56;stop;18;1;7518
490;1760.8;1697.53;1761.58;1683.46;1734.57;1681.97;1733.79;1696.04;10;0.67;stop;14;1;7518
492;876.02;632.48;877.1;618.53;848.04;616.27;846.96;630.22;10;0.51;stop;-1;;
494;425.12;1684.73;425.56;1669.47;398.47;1668.71;398.04;1683.96;10;0.6;stop;18;1;7518
495;1949.54;1426.62;1967.58;1423.82;1960.3;1376.88;1942.27;1379.68;9;0.78;stop;14;1;7518
497;2409.61;1274.76;2438.3;1273.37;2437.64;1259.86;2408.95;1261.25;10;0.65;stop;-1;;
499;906.14;1184.61;934.2;1183.39;933.52;1167.76;905.46;1168.98;10;0.59;stop;12;1;7243
501;1460.36;1694.32;1460.94;1680.75;1433.14;1679.55;1432.56;1693.13;10;0.55;stop;14;1;7518
502;727.92;2045.86;728.79;2016.8;719.27;2016.51;718.4;2045.58;10;0.54;stop;-1;;
504;3403.89;1044.13;3419.68;1011.22;3403.3;1003.37;3387.51;1036.28;9;0.6;stop;6;1;7518
505;1424.34;1692.33;1425.04;1679.5;1400.54;1678.17;1399.84;1691.0;10;0.51;stop;14;1;7518
506;3119.1;1194.73;3120.27;1178.68;3109.65;1177.9;3108.48;1193.95;10;0.64;stop;11;1;7518
507;3347.6;1262.58;3360.7;1225.44;3342.4;1218.99;3329.3;1256.12;10;0.54;stop;11;1;7518
508;151.66;1674.39;152.41;1658.13;118.11;1656.55;117.36;1672.81;10;0.64;stop;17;1;7518
509;1470.97;227.13;1484.26;226.15;1482.15;197.56;1468.86;198.54;10;0.62;stop;-1;;
510;181.3;1072.61;182.12;1060.07;155.5;1058.33;154.68;1070.87;10;0.58;stop;10;1;5272
512;1462.63;878.18;1463.52;864.18;1431.99;862.2;1431.11;876.2;10;0.65;stop;10;1;7518
513;1210.59;1557.41;1219.61;1529.31;1206.48;1525.09;1197.46;1553.19;10;0.5;stop;14;1;5102
515;2377.96;1310.1;2409.76;1309.91;2409.66;1293.15;2377.86;1293.34;10;0.66;stop;13;1;7518
516;1214.04;1593.01;1214.47;1563.94;1200.77;1563.74;1200.34;1592.81;10;0.55;stop;14;1;7518
517;833.63;1479.51;833.73;1464.92;804.18;1464.71;804.08;1479.3;10;0.62;stop;-1;;
518;3096.29;1449.39;3108.4;1442.08;3091.96;1414.86;3079.85;1422.17;10;0.55;stop;13;1;7518
519;2971.38;1956.23;2998.06;1940.11;2989.62;1926.15;2962.94;1942.26;10;0.61;stop;-1;;
520;1429.46;1175.25;1460.27;1173.7;1459.54;1159.13;1428.73;1160.68;10;0.49;stop;12;1;7518
522;2875.51;1260.32;2903.35;1260.09;2903.24;1246.18;2875.4;1246.41;10;0.67;stop;13;1;7518
523;690.53;1687.43;690.78;1673.04;664.16;1672.57;663.9;1686.96;10;0.52;stop;18;1;7518
524;385.02;512.85;388.56;482.79;372.48;480.9;368.94;510.95;10;0.62;stop;-1;;
526;3418.7;1000.51;3431.66;972.45;3418.49;966.37;3405.53;994.43;10;0.63;stop;6;1;7518
527;3805.28;1126.25;3821.69;1124.68;3818.47;1090.94;3802.06;1092.51;10;0.59;stop;-1;;
529;3207.22;96.12;3221.96;94.46;3218.41;62.79;3203.66;64.44;10;0.57;stop;-1;;
530;1024.36;1186.21;1063.81;1183.41;1062.51;1165.04;1023.06;1167.84;9;0.6;stop;12;4921;4969
531;3582.9;753.41;3592.07;730.35;3578.66;725.02;3569.5;748.09;10;0.46;stop;6;1;7518
533;512.88;1433.63;514.01;1417.26;480.87;1414.97;479.74;1431.33;10;0.62;stop;-1;;
536;1422.86;875.87;1423.34;862.12;1395.27;861.13;1394.78;874.88;10;0.6;stop;10;1;7518
537;743.28;2048.02;745.47;2018.71;732.21;2017.73;730.02;2047.04;10;0.51;stop;-1;;
539;2541.38;46.46;2555.0;45.09;2552.25;17.67;2538.62;19.03;10;0.64;stop;4;1;7518
541;478.14;1264.35;478.37;1249.56;447.64;1249.09;447.41;1263.88;10;0.45;stop;-1;;
542;1032.9;1006.41;1047.41;1006.03;1046.66;976.97;1032.15;977.34;10;0.64;stop;10;1;7518
543;858.22;1689.96;858.89;1675.13;829.28;1673.79;828.6;1688.62;10;0.65;stop;18;1;7518
546;3451.78;932.68;3461.79;908.08;3449.16;902.94;3439.15;927.54;10;0.54;stop;6;1;7518
548;882.7;1187.39;883.15;1176.92;862.92;1176.05;862.47;1186.52;10;0.7;stop;12;1;7518
549;375.52;1644.47;399.11;1644.0;398.86;1631.15;375.26;1631.62;10;0.54;stop;18;1;7518
552;1169.98;1052.91;1193.01;1052.0;1192.52;1039.59;1169.49;1040.5;10;0.77;stop;-1;;
553;2577.93;1500.26;2578.5;1474.56;2564.07;1474.24;2563.5;1499.94;10;0.6;stop;16;1;7518
556;2041.34;1856.0;2046.62;1806.64;2028.91;1804.75;2023.63;1854.11;9;0.68;stop;15;1;7518
558;528.49;1648.92;556.66;1647.99;556.2;1634.2;528.03;1635.13;10;0.46;stop;18;1;7518
559;2558.49;303.43;2572.7;302.19;2570.01;271.44;2555.8;272.69;10;0.54;stop;7;1;7518
560;2107.76;2098.73;2108.17;2080.36;2070.49;2079.52;2070.08;2097.89;10;0.36;stop;-1;;
561;443.13;1249.42;470.32;1248.78;470.0;1234.96;442.8;1235.59;10;0.42;stop;-1;;
562;2530.15;1534.56;2543.4;1534.48;2543.22;1505.19;2529.97;1505.27;10;0.61;stop;16;1;7518
564;2546.48;122.15;2559.41;121.04;2557.27;96.1;2544.34;97.21;10;0.61;stop;4;1;7518
566;1560.28;1783.48;1565.0;1770.59;1536.85;1760.27;1532.12;1773.16;10;0.52;stop;14;1;7518
567;2290.02;1280.33;2290.58;1265.96;2257.98;1264.71;2257.42;1279.07;10;0.37;stop;13;1;7518
568;2309.97;561.78;2339.56;558.69;2338.16;545.22;2308.56;548.31;10;0.6;stop;7;1;7518
569;3654.23;900.78;3684.33;897.4;3682.64;882.35;3652.54;885.73;10;0.51;stop;6;1;7518
570;1601.77;1651.34;1601.96;1640.22;1579.17;1639.85;1578.98;1650.96;10;0.36;stop;14;1;7518
573;861.89;1614.55;875.86;1613.84;874.36;1584.2;860.39;1584.91;10;0.5;stop;-1;;
575;1060.47;1652.49;1060.64;1639.6;1034.84;1639.26;1034.67;1652.15;10;0.39;stop;14;1;7518
578;92.75;878.09;95.35;849.85;78.7;848.31;76.09;876.55;10;0.44;stop;-1;;
580;3608.53;905.27;3641.2;903.4;3640.22;886.29;3607.55;888.16;10;0.64;stop;6;1;7518
583;3532.65;838.15;3542.76;804.36;3523.91;798.72;3513.8;832.51;10;0.38;stop;6;1;7517
584;1501.88;969.63;1504.73;937.47;1489.49;936.12;1486.65;968.28;10;0.43;stop;10;1;6420
591;826.07;1690.13;826.46;1673.18;796.74;1672.5;796.35;1689.45;10;0.44;stop;18;1;7518
592;1825.3;887.22;1841.26;885.61;1837.89;852.03;1821.93;853.64;10;0.65;stop;1;1;7518
595;700.53;1687.83;728.27;1687.73;728.22;1673.11;700.48;1673.21;10;0.38;stop;18;1;5762
598;851.09;1953.2;882.23;1951.61;881.41;1935.55;850.27;1937.14;10;0.46;stop;-1;;
603;2553.0;87.34;2579.68;83.2;2577.75;70.72;2551.07;74.86;10;0.56;stop;4;1;7518
607;2152.97;1157.89;2160.38;1157.84;2160.28;1143.86;2152.87;1143.91;10;0.45;stop;11;1;5011
611;3708.12;245.93;3723.68;206.75;3707.51;200.32;3691.94;239.5;9;0.52;stop;6;1;7518
613;3414.41;1287.41;3456.15;1279.56;3452.78;1261.65;3411.03;1269.51;9;0.44;stop;11;1;7518
615;3720.82;320.38;3730.57;292.39;3715.43;287.12;3705.68;315.11;10;0.59;stop;6;1;7518
617;737.61;1216.65;737.78;1202.41;709.89;1202.1;709.72;1216.34;10;0.36;stop;12;1;5232
624;3514.3;170.6;3529.45;167.27;3522.57;135.96;3507.42;139.29;10;0.4;stop;-1;;
625;615.48;1686.9;616.27;1672.62;591.08;1671.23;590.29;1685.5;10;0.47;stop;18;1;7518
626;553.17;1686.15;579.6;1685.67;579.33;1671.03;552.9;1671.52;10;0.5;stop;18;1;7518
627;459.18;1685.04;460.23;1672.33;435.19;1670.27;434.15;1682.98;10;0.44;stop;18;1;7518
628;1688.59;1657.41;1689.1;1641.4;1679.63;1641.09;1679.12;1657.1;10;0.43;stop;14;1;6586
653;1498.69;1006.29;1501.52;975.02;1487.06;973.71;1484.23;1004.98;10;0.5;stop;10;5;7518
718;45.73;1631.64;70.23;1630.02;69.29;1615.86;44.79;1617.48;10;0.37;stop;17;21;5141
853;1967.66;765.2;1981.41;763.77;1978.47;735.55;1964.71;736.98;10;0.81;stop;9;2920;7518
874;2093.58;1092.23;2121.87;1090.1;2120.86;1076.77;2092.57;1078.9;10;0.79;move;-1;;
884;2080.23;1055.58;2143.09;1052.61;2142.08;1031.29;2079.22;1034.27;9;0.74;move;-1;;
1070;3232.68;1369.57;3245.76;1337.16;3231.38;1331.36;3218.31;1363.77;10;0.81;stop;-1;;
1363;2171.54;1071.32;2205.94;1068.95;2204.9;1053.8;2170.49;1056.18;10;0.76;move;-1;;
1436;2083.81;1073.94;2113.0;1070.83;2111.51;1056.81;2082.32;1059.92;10;0.74;move;-1;;
1461;2210.26;1049.23;2240.0;1047.69;2239.3;1034.27;2209.56;1035.81;10;0.79;move;-1;;
1465;2546.69;154.54;2560.92;153.73;2559.31;125.58;2545.08;126.39;10;0.62;stop;4;381;7518
1496;44.2;1100.61;79.94;1100.53;79.9;1083.76;44.16;1083.84;10;0.69;move;-1;;
1516;3244.69;1280.65;3249.19;1250.11;3233.44;1247.78;3228.93;1278.33;10;0.78;move;-1;;
1573;2123.21;1069.68;2149.98;1068.8;2149.54;1055.44;2122.77;1056.32;10;0.76;move;-1;;
1653;3583.39;1251.9;3586.51;1237.01;3560.36;1231.53;3557.24;1246.43;10;0.37;stop;11;445;6116
1738;2254.52;1066.73;2284.82;1066.05;2284.48;1050.52;2254.18;1051.2;10;0.8;move;-1;;
1778;2212.84;1069.2;2245.76;1067.92;2245.16;1052.55;2212.24;1053.83;10;0.77;move;-1;;
1783;2266.84;1045.64;2296.45;1044.26;2295.78;1029.99;2266.18;1031.36;10;0.79;move;-1;;
1880;2301.8;1047.27;2328.91;1046.08;2328.33;1032.85;2301.21;1034.05;10;0.81;move;-1;;
1887;2000.55;1302.15;2015.52;1301.13;2013.45;1270.72;1998.48;1271.74;10;0.78;move;-1;;
1981;2717.72;35.15;2744.97;32.09;2743.34;17.58;2716.09;20.64;10;0.51;stop;4;602;7518
2017;2813.26;22.06;2840.92;19.17;2839.49;5.5;2811.83;8.39;10;0.67;stop;4;621;7518
2038;2848.96;16.51;2876.68;14.43;2875.65;0.6;2847.92;2.68;10;0.72;stop;4;631;7518
2067;2903.35;12.33;2931.04;10.68;2930.25;-2.72;2902.55;-1.08;10;0.57;stop;4;643;6885
2081;2768.38;29.09;2802.88;24.09;2800.61;8.41;2766.1;13.41;10;0.51;stop;4;647;5633
2113;2002.46;1344.92;2018.26;1344.76;2017.91;1312.33;2002.11;1312.49;10;0.77;move;-1;;
2129;1937.56;909.37;1953.83;907.67;1950.35;874.32;1934.08;876.01;10;0.8;move;-1;;
2334;2023.76;1382.66;2027.36;1350.39;2013.49;1348.84;2009.89;1381.11;10;0.78;move;-1;;
2363;126.0;1101.76;162.22;1099.94;161.35;1082.62;125.12;1084.44;10;0.74;move;-1;;
2452;2007.77;1415.94;2022.34;1415.74;2021.98;1389.81;2007.41;1390.01;10;0.79;move;-1;;
2483;2400.61;1038.01;2427.92;1037.16;2427.51;1024.12;2400.21;1024.96;10;0.79;move;-1;;
2567;2012.31;1450.9;2025.97;1450.68;2025.5;1422.35;2011.84;1422.57;10;0.81;move;-1;;
2703;2010.45;1489.59;2025.55;1488.88;2023.99;1455.66;2008.89;1456.37;10;0.77;move;-1;;
2718;1879.92;70.93;1893.83;69.67;1891.08;39.32;1877.17;40.58;10;0.78;move;-1;;
2843;2014.05;1545.12;2030.08;1544.71;2029.2;1510.38;2013.17;1510.79;10;0.78;move;-1;;
3040;1952.33;360.86;1968.19;360.39;1967.17;325.39;1951.31;325.86;10;0.78;move;-1;;
3089;212.02;1096.69;243.9;1096.56;243.83;1081.12;211.96;1081.25;10;0.81;move;-1;;
3107;2038.98;1794.8;2052.48;1794.36;2051.71;1770.33;2038.21;1770.76;10;0.59;stop;15;1214;6364
3134;2132.7;1088.2;2161.54;1087.21;2161.05;1072.92;2132.21;1073.92;10;0.74;move;-1;;
3187;3625.64;1239.49;3628.81;1223.83;3589.36;1215.82;3586.19;1231.48;10;0.68;move;-1;;
3316;3708.13;1242.29;3711.42;1226.83;3677.5;1219.59;3674.2;1235.05;10;0.77;move;-1;;
3593;3410.47;1206.73;3412.81;1190.13;3375.15;1184.84;3372.82;1201.43;10;0.8;move;-1;;
3724;2396.69;1063.47;2425.45;1062.02;2424.69;1047.03;2395.93;1048.48;10;0.78;move;-1;;
3927;1920.64;508.11;1934.96;507.57;1933.8;476.27;1919.47;476.8;10;0.76;move;-1;;
4203;3529.17;1209.27;3531.85;1193.93;3497.39;1187.92;3494.71;1203.26;10;0.8;move;-1;;
4423;2315.89;1066.39;2350.03;1064.23;2349.11;1049.74;2314.97;1051.9;10;0.77;move;-1;;
4460;2942.95;1133.33;2943.9;1118.71;2912.68;1116.67;2911.72;1131.29;10;0.8;move;-1;;
4573;2326.28;1132.92;2355.97;1132.11;2355.6;1118.2;2325.9;1119.01;10;0.76;move;-1;;
4599;518.44;1687.17;540.25;1686.66;539.99;1675.64;518.19;1676.15;10;0.38;stop;18;2003;5946
4625;3741.23;148.35;3749.82;124.45;3738.15;120.25;3729.55;144.15;10;0.55;stop;6;2017;5641
4632;2436.14;1061.81;2470.25;1060.47;2469.61;1044.19;2435.5;1045.53;10;0.77;move;-1;;
4739;320.78;1095.33;320.79;1079.7;288.13;1079.67;288.11;1095.3;10;0.76;move;-1;;
4779;2437.91;1039.15;2470.68;1037.85;2470.09;1022.98;2437.32;1024.27;10;0.78;move;-1;;
4914;368.57;1097.02;421.23;1095.52;420.64;1075.16;367.99;1076.67;9;0.46;move;-1;;
4955;1907.54;935.97;1922.34;934.7;1919.71;903.97;1904.91;905.23;10;0.78;move;-1;;
4961;2477.75;1039.73;2508.12;1039.23;2507.88;1024.64;2477.51;1025.14;10;0.77;move;-1;;
5003;2565.91;1062.48;2596.91;1061.34;2596.34;1045.77;2565.34;1046.91;10;0.66;move;-1;;
5035;2554.14;1040.64;2554.18;1023.81;2519.23;1023.73;2519.2;1040.56;10;0.79;move;-1;;
5056;1900.78;897.52;1916.74;896.16;1913.72;860.85;1897.76;862.22;10;0.81;move;-1;;
5072;1901.99;2125.24;1915.84;2095.0;1902.76;2089.01;1888.91;2119.25;10;0.78;stop;-1;;
5154;2153.24;1135.2;2178.93;1133.8;2178.2;1120.43;2152.51;1121.83;10;0.78;move;-1;;
5214;1171.21;1136.06;1193.83;1131.67;1191.29;1118.63;1168.67;1123.02;10;0.43;stop;-1;;
5239;275.61;55.83;306.52;52.78;305.17;39.1;274.26;42.14;10;0.64;stop;-1;;
5301;458.41;1092.3;486.62;1091.32;486.13;1077.08;457.91;1078.05;10;0.78;move;-1;;
5312;2977.38;1171.97;2979.32;1149.46;2920.62;1144.41;2918.68;1166.91;9;0.8;stop;11;2379;7518
5328;1107.99;1142.47;1139.57;1139.77;1138.26;1124.4;1106.67;1127.11;10;0.77;move;-1;;
5340;2527.77;1061.74;2555.2;1060.49;2554.61;1047.63;2527.18;1048.89;10;0.72;move;-1;;
5360;234.79;63.5;266.68;59.32;264.9;45.71;233.0;49.9;10;0.7;stop;-1;;
5375;2628.92;1042.65;2629.26;1024.69;2591.83;1023.97;2591.49;1041.93;10;0.8;move;-1;;
5382;293.58;1114.16;294.17;1099.44;266.58;1098.34;265.99;1113.06;10;0.64;move;-1;;
5391;2078.27;1140.78;2114.35;1138.69;2113.48;1123.84;2077.4;1125.94;10;0.75;move;-1;;
5451;1785.61;113.57;1785.65;94.58;1773.52;94.56;1773.47;113.54;10;0.66;stop;1;2439;7518
5465;1913.31;581.14;1927.99;580.26;1926.22;550.61;1911.54;551.49;10;0.77;move;-1;;
5467;2354.63;1065.67;2387.88;1063.48;2386.87;1048.2;2353.62;1050.4;10;0.81;move;-1;;
5469;2606.7;1063.08;2638.9;1062.89;2638.8;1047.42;2606.6;1047.61;10;0.75;move;-1;;
5496;1056.13;1142.63;1083.84;1141.48;1083.24;1127.06;1055.54;1128.21;10;0.77;move;-1;;
5520;2157.3;1117.79;2189.77;1116.84;2189.33;1101.83;2156.86;1102.79;10;0.78;move;-1;;
5559;2667.6;1038.94;2668.2;1024.74;2640.19;1023.56;2639.59;1037.76;10;0.83;move;-1;;
5561;1408.09;1673.95;1408.74;1659.62;1379.66;1658.3;1379.01;1672.63;10;0.68;move;-1;;
5580;1969.0;1937.99;1977.66;1907.81;1964.0;1903.89;1955.34;1934.07;10;0.77;move;-1;;
5663;1927.26;2059.82;1939.4;2029.87;1924.74;2023.93;1912.6;2053.88;10;0.78;stop;-1;;
5682;3176.71;1449.84;3188.54;1421.7;3172.98;1415.16;3161.15;1443.3;10;0.73;stop;-1;;
5697;584.41;1093.66;612.26;1092.84;611.84;1078.52;583.99;1079.34;10;0.75;move;-1;;
5741;2706.04;1041.3;2706.76;1026.38;2677.09;1024.95;2676.37;1039.87;10;0.82;move;-1;;
5767;1020.65;1144.84;1048.76;1143.85;1048.23;1128.78;1020.12;1129.77;10;0.79;move;-1;;
5834;1949.16;1999.42;1958.35;1971.54;1945.59;1967.33;1936.4;1995.21;10;0.74;move;-1;;
5896;1957.12;1002.45;1961.7;971.57;1948.88;969.67;1944.3;1000.55;10;0.67;move;-1;;
5900;2678.27;1063.12;2678.68;1047.08;2645.98;1046.26;2645.57;1062.29;10;0.81;move;-1;;
5902;1497.95;1693.2;1498.27;1679.11;1468.68;1678.43;1468.35;1692.52;10;0.48;stop;14;2656;7518
5929;2755.21;1043.6;2755.47;1027.86;2724.6;1027.34;2724.33;1043.08;10;0.8;move;-1;;
5966;1864.97;942.27;1865.95;909.41;1849.68;908.92;1848.7;941.78;10;0.82;move;-1;;
6091;1921.15;1069.03;1941.09;1045.74;1930.85;1036.97;1910.91;1060.26;10;0.78;move;-1;;
6121;1994.8;1143.99;2028.65;1143.08;2028.2;1126.26;1994.35;1127.17;10;0.77;move;-1;;
6170;1866.74;1099.23;1897.1;1086.64;1891.51;1073.15;1861.15;1085.74;10;0.81;move;-1;;
6179;937.74;1144.14;966.99;1142.78;966.32;1128.36;937.07;1129.72;10;0.78;move;-1;;
6202;2012.11;1583.44;2028.25;1582.77;2026.82;1548.56;2010.68;1549.23;10;0.8;move;-1;;
6218;1571.9;553.22;1594.98;553.21;1594.97;540.28;1571.89;540.29;10;0.56;stop;-1;;
6258;1628.15;557.11;1628.41;542.54;1598.35;542.01;1598.09;556.58;10;0.59;stop;-1;;
6313;1629.9;1110.03;1657.96;1108.78;1657.35;1094.97;1629.29;1096.22;10;0.78;move;-1;;
6318;1889.16;1148.06;1923.5;1147.1;1923.09;1132.31;1888.75;1133.28;10;0.77;move;-1;;
6333;1849.88;891.45;1865.27;891.23;1864.78;855.68;1849.39;855.89;10;0.8;move;-1;;
6339;1941.86;1374.21;1957.72;1371.75;1952.52;1338.17;1936.65;1340.63;10;0.5;stop;14;2871;7518
6423;2018.54;1632.47;2034.92;1632.24;2034.46;1598.53;2018.08;1598.76;10;0.81;move;-1;;
6505;2807.28;1044.14;2808.22;1030.67;2779.75;1028.67;2778.81;1042.15;10;0.82;move;-1;;
6518;1654.37;1040.98;1677.21;1040.2;1676.75;1026.77;1653.91;1027.55;10;0.58;stop;10;2942;7518
6533;1900.59;851.87;1916.71;850.76;1914.19;814.25;1898.07;815.36;10;0.7;move;-1;;
6537;2651.49;1018.42;2654.37;1005.1;2630.01;999.83;2627.13;1013.15;10;0.55;stop;6;3198;7518
6570;1546.07;1114.37;1574.34;1112.81;1573.56;1098.51;1545.28;1100.06;10;0.77;move;-1;;
6608;2718.24;1064.26;2718.84;1048.59;2687.01;1047.37;2686.41;1063.04;10;0.78;move;-1;;
6626;2028.91;1694.11;2029.91;1658.83;2014.34;1658.39;2013.34;1693.67;10;0.8;move;-1;;
6627;1733.58;1146.57;1763.69;1144.75;1762.82;1130.43;1732.71;1132.25;10;0.77;move;-1;;
6640;889.03;1143.71;922.7;1142.62;922.22;1127.85;888.55;1128.94;10;0.77;move;-1;;
6648;1588.96;1693.91;1589.67;1679.79;1562.17;1678.4;1561.45;1692.51;10;0.37;stop;14;3019;7518
6692;2913.07;1052.48;2914.77;1036.98;2882.55;1033.45;2880.86;1048.96;10;0.82;move;-1;;
6723;2031.64;1753.12;2034.9;1722.39;2020.61;1720.88;2017.35;1751.61;10;0.77;move;-1;;
6752;2565.58;1038.67;2586.99;1021.37;2578.67;1011.08;2557.26;1028.38;10;0.81;move;-1;;
6768;1896.89;1113.71;1926.94;1098.8;1920.42;1085.67;1890.38;1100.57;10;0.79;move;-1;;
6791;3242.55;1321.45;3258.62;1291.1;3244.95;1283.86;3228.88;1314.21;10;0.79;stop;-1;;
6861;1958.17;866.97;1972.52;865.84;1970.24;836.84;1955.88;837.97;10;0.79;move;-1;;
6864;727.17;1687.72;727.27;1672.71;719.66;1672.66;719.56;1687.67;10;0.35;stop;18;3111;7518
6886;2257.63;1117.57;2289.61;1116.78;2289.25;1102.06;2257.27;1102.84;10;0.79;move;-1;;
6913;2991.83;1064.57;2994.0;1048.14;2960.17;1043.68;2958.0;1060.11;10;0.82;move;-1;;
6952;1847.08;849.07;1861.69;848.38;1860.26;818.18;1845.65;818.87;10;0.79;move;-1;;
6960;2012.37;1865.68;2018.31;1834.96;2004.07;1832.2;1998.12;1862.92;10;0.82;move;-1;;
6969;2760.82;1065.54;2761.06;1049.93;2730.47;1049.46;2730.23;1065.07;10;0.78;move;-1;;
7050;3811.84;95.88;3827.08;53.69;3808.16;46.86;3792.92;89.04;9;0.53;stop;6;3193;7518
7070;3038.21;1070.2;3040.19;1054.43;3008.29;1050.43;3006.31;1066.19;10;0.83;move;-1;;
7217;3079.93;1074.97;3082.3;1058.52;3047.57;1053.53;3045.2;1069.98;10;0.83;move;-1;;
7247;1987.19;1973.43;1997.73;1942.92;1984.06;1938.2;1973.52;1968.7;10;0.78;move;-1;;
7263;1427.05;1117.48;1457.13;1115.85;1456.33;1101.02;1426.24;1102.65;10;0.77;move;-1;;
7272;2155.38;1050.99;2186.5;1048.11;2185.06;1032.51;2153.94;1035.39;10;0.76;move;-1;;
7280;2843.78;1068.95;2844.33;1052.86;2810.05;1051.68;2809.49;1067.77;10;0.77;move;-1;;
7284;3657.85;364.8;3668.01;334.35;3654.65;329.89;3644.49;360.34;10;0.41;stop;-1;;
7329;2220.69;1135.37;2254.18;1134.22;2253.62;1118.01;2220.14;1119.15;10;0.78;move;-1;;
7354;3123.11;1080.82;3125.52;1064.79;3090.17;1059.5;3087.77;1075.52;10;0.83;move;-1;;
7385;977.53;1142.09;1008.46;1141.32;1008.09;1126.66;977.17;1127.43;10;0.78;move;-1;;
7389;2796.82;1066.91;2797.49;1052.26;2767.95;1050.9;2767.27;1065.55;10;0.76;move;-1;;
7390;3617.37;2085.87;3649.13;2070.39;3640.75;2053.19;3608.99;2068.67;10;0.55;stop;-1;;
7391;2002.19;1780.0;2005.87;1736.07;1987.06;1734.5;1983.38;1778.43;9;0.83;move;-1;;
7464;1333.6;1121.94;1368.6;1119.44;1367.52;1104.43;1332.53;1106.93;10;0.76;move;-1;;
7479;2894.84;1072.2;2896.65;1056.66;2866.1;1053.11;2864.29;1068.65;10;0.82;move;-1;;
7492;3172.59;1089.42;3175.96;1071.96;3139.59;1064.96;3136.23;1082.42;10;0.83;move;-1;;
7514;1937.26;819.93;1960.48;817.71;1955.14;761.82;1931.92;764.04;9;0.82;move;-1;;
7534;2597.43;1007.14;2605.31;981.1;2592.95;977.36;2585.07;1003.4;10;0.78;move;-1;;
7538;1943.4;23.5;1950.46;6.43;1935.23;0.12;1928.16;17.19;10;0.48;stop;2;3389;5808
7610;3120.35;1390.29;3124.81;1377.39;3112.9;1373.28;3108.44;1386.17;10;0.37;stop;13;3424;7518
7618;3210.83;1093.27;3212.67;1077.92;3181.99;1074.23;3180.14;1089.58;10;0.79;move;-1;;
7647;2815.53;2055.02;2830.27;2047.74;2815.8;2018.42;2801.06;2025.7;10;0.75;stop;-1;;
7673;1519.46;1152.88;1553.51;1151.53;1552.92;1136.5;1518.86;1137.84;10;0.75;move;-1;;
7689;1849.52;769.66;1864.25;769.06;1862.89;735.59;1848.15;736.19;10;0.79;move;-1;;
7701;3127.36;1630.81;3136.92;1595.19;3119.21;1590.44;3109.64;1626.06;10;0.68;stop;-1;;
7742;451.3;32.33;483.58;28.96;481.98;13.61;449.7;16.98;10;0.6;stop;-1;;
7744;1991.92;1558.07;2008.03;1556.75;2005.39;1524.43;1989.28;1525.75;10;0.82;move;-1;;
7763;3292.36;586.97;3305.05;585.42;3302.01;560.53;3289.32;562.08;10;0.52;stop;8;3503;7518
7830;487.01;27.4;517.71;24.14;516.12;9.16;485.41;12.43;10;0.49;stop;-1;;
7878;2347.25;1041.6;2380.22;1040.19;2379.62;1026.15;2346.66;1027.56;10;0.75;move;-1;;
7990;2035.46;1121.51;2062.4;1120.24;2061.79;1107.12;2034.85;1108.38;10;0.73;move;-1;;
8008;1844.61;724.77;1859.11;724.17;1857.76;691.61;1843.26;692.21;10;0.8;move;-1;;
8022;3824.23;1157.74;3837.74;1156.6;3835.15;1126.01;3821.64;1127.15;10;0.65;stop;-1;;
8044;2952.6;1079.22;2954.35;1064.62;2925.06;1061.09;2923.3;1075.7;10;0.81;move;-1;;
8115;1938.39;1129.41;1975.26;1127.46;1974.36;1110.47;1937.49;1112.42;9;0.71;move;-1;;
8181;2147.0;1286.64;2196.95;1283.34;2195.69;1264.3;2145.74;1267.59;9;0.77;stop;13;3717;7081
8196;1840.64;684.92;1862.35;682.98;1853.86;588.3;1832.15;590.24;9;0.78;move;-1;;
8305;2286.99;76.42;2318.5;73.59;2317.26;59.71;2285.75;62.53;10;0.48;stop;4;3777;6879
8317;2595.25;968.32;2609.66;967.86;2608.62;935.18;2594.21;935.64;10;0.74;stop;6;3812;5765
8337;1884.12;927.6;1900.48;925.99;1897.19;892.65;1880.84;894.26;10;0.8;move;-1;;
8470;1877.98;879.96;1893.15;879.29;1891.52;842.41;1876.35;843.08;10;0.76;move;-1;;
8500;3828.45;40.76;3838.12;14.88;3825.3;10.1;3815.63;35.98;10;0.75;stop;6;3851;6522
8513;3819.57;383.56;3842.26;379.64;3839.81;365.5;3817.12;369.43;10;0.44;stop;6;3862;5617
8538;2630.26;2088.18;2641.12;2066.69;2593.86;2042.82;2583.0;2064.31;9;0.78;stop;-1;;
8545;1422.63;1154.97;1457.14;1153.1;1456.25;1136.66;1421.74;1138.52;10;0.78;move;-1;;
8559;1897.95;806.38;1913.42;805.33;1911.3;774.25;1895.83;775.3;10;0.72;move;-1;;
8591;1893.51;710.0;1907.61;708.49;1904.49;679.37;1890.39;680.89;10;0.79;move;-1;;
8595;2557.29;256.49;2570.0;255.45;2567.83;228.95;2555.12;229.98;10;0.43;stop;7;3911;6054
8648;1322.76;1158.37;1355.6;1156.37;1354.74;1142.26;1321.9;1144.25;10;0.76;move;-1;;
8726;1264.25;1150.78;1299.38;1147.53;1297.93;1131.85;1262.8;1135.1;10;0.78;move;-1;;
8769;1877.39;830.11;1893.24;828.94;1891.27;802.26;1875.42;803.43;10;0.77;move;-1;;
8832;1889.0;789.94;1893.48;761.25;1880.22;759.18;1875.73;787.87;10;0.76;move;-1;;
8850;854.58;1143.71;880.95;1143.28;880.74;1129.73;854.36;1130.16;10;0.79;move;-1;;
8883;804.05;1144.26;834.79;1143.61;834.51;1130.49;803.77;1131.14;10;0.6;stop;-1;;
8886;3034.08;1945.04;3047.35;1936.44;3030.42;1910.33;3017.15;1918.94;10;0.43;stop;-1;;
8909;1971.67;556.81;1978.99;546.15;1957.02;531.07;1949.7;541.73;10;0.82;move;-1;;
8968;1064.79;1185.74;1096.04;1184.2;1095.21;1167.39;1063.96;1168.92;10;0.44;stop;12;4108;4955
8973;774.54;1148.21;801.47;1143.88;799.41;1131.04;772.47;1135.37;10;0.69;move;-1;;
8987;1870.56;755.16;1887.73;753.8;1884.69;715.22;1867.52;716.57;10;0.79;move;-1;;
9017;1894.33;753.89;1910.06;753.05;1908.35;720.98;1892.63;721.82;10;0.8;move;-1;;
9021;1983.52;569.23;2013.45;566.34;2012.11;552.4;1982.17;555.28;10;0.79;move;-1;;
9046;790.33;1163.61;820.53;1160.37;818.99;1146.02;788.79;1149.26;10;0.78;move;-1;;
9053;2863.11;1050.17;2864.41;1033.02;2826.11;1030.14;2824.81;1047.29;9;0.69;move;-1;;
9074;578.75;1226.31;579.47;1192.81;562.19;1192.44;561.47;1225.94;10;0.44;stop;12;4161;7518
9184;2639.72;492.35;2646.59;492.23;2646.33;477.96;2639.46;478.09;10;0.4;stop;7;4207;5328
9199;1834.96;572.24;1850.38;571.71;1849.42;543.48;1833.99;544.01;10;0.76;move;-1;;
9203;688.14;1147.4;717.31;1147.12;717.17;1132.6;688.0;1132.88;10;0.75;move;-1;;
9256;1639.26;1147.3;1667.51;1146.48;1667.12;1133.07;1638.87;1133.9;10;0.78;move;-1;;
9285;648.98;1147.95;677.41;1146.44;676.65;1132.05;648.21;1133.56;10;0.71;move;-1;;
9311;1828.99;587.75;1831.6;574.41;1804.1;569.03;1801.49;582.37;10;0.74;move;-1;;
9317;734.25;1652.27;734.43;1635.89;702.0;1635.54;701.82;1651.92;10;0.79;stop;18;4511;5490
9324;1963.15;1631.49;1983.73;1630.45;1981.1;1578.14;1960.52;1579.17;9;0.63;stop;14;4279;5109
9329;1870.22;703.17;1885.09;702.0;1882.78;672.7;1867.91;673.87;10;0.81;move;-1;;
9333;2030.44;1439.83;2048.1;1438.7;2045.06;1391.23;2027.4;1392.36;9;0.75;stop;15;4285;5134
9369;564.42;1149.73;612.84;1147.93;612.15;1129.33;563.72;1131.14;9;0.59;move;-1;;
9402;201.5;1638.79;202.66;1626.21;175.61;1623.71;174.45;1636.29;10;0.45;stop;17;4321;5762
9428;693.92;1165.01;720.98;1164.57;720.77;1151.55;693.7;1151.99;10;0.8;move;-1;;
9467;1867.21;654.69;1883.53;653.35;1880.91;621.34;1864.6;622.68;10;0.77;move;-1;;
9471;520.95;1148.42;551.99;1147.49;551.55;1132.52;520.51;1133.45;10;0.76;move;-1;;
9473;1836.01;530.57;1852.64;529.11;1849.49;493.18;1832.86;494.64;10;0.81;move;-1;;
9512;1940.9;2096.49;1950.86;2069.62;1938.1;2064.89;1928.14;2091.75;10;0.69;move;-1;;
9523;1752.39;1170.08;1784.15;1168.47;1783.48;1155.29;1751.72;1156.9;10;0.64;move;-1;;
9542;470.61;1148.2;503.6;1147.88;503.45;1131.8;470.46;1132.12;10;0.75;move;-1;;
9552;3073.59;1097.35;3076.38;1078.04;3034.69;1072.02;3031.9;1091.33;10;0.82;move;-1;;
9591;1831.06;479.52;1844.99;478.23;1842.25;448.61;1828.32;449.9;10;0.82;move;-1;;
9646;1866.04;604.03;1881.79;602.31;1878.43;571.59;1862.68;573.31;10;0.8;move;-1;;
9652;2613.18;815.67;2619.24;792.88;2603.07;788.58;2597.01;811.37;10;0.39;stop;6;4430;5421
9658;1547.9;1173.21;1577.12;1169.52;1575.36;1155.54;1546.14;1159.23;10;0.35;stop;12;4432;4971
9671;1826.32;437.09;1842.17;435.66;1838.93;399.91;1823.08;401.34;10;0.81;move;-1;;
9707;3472.12;944.05;3484.79;910.07;3469.13;904.23;3456.46;938.22;10;0.79;move;-1;;
9738;3839.75;1306.08;3842.52;1291.65;3823.37;1287.98;3820.6;1302.41;10;0.4;stop;11;4475;5369
9744;2510.69;41.88;2511.3;19.79;2498.56;19.44;2497.95;41.52;10;0.47;stop;4;4480;6384
9745;1502.19;1174.75;1532.91;1172.83;1531.94;1157.37;1501.22;1159.3;10;0.49;stop;12;4480;5086
9759;3785.99;83.86;3798.25;55.61;3785.26;49.97;3773.0;78.21;10;0.76;move;-1;;
9765;3143.54;1106.8;3145.95;1089.45;3107.71;1084.14;3105.3;1101.49;10;0.82;move;-1;;
9777;123.27;79.47;155.89;75.84;154.23;60.92;121.61;64.55;10;0.6;stop;-1;;
9809;1820.42;393.58;1838.97;392.26;1835.74;346.67;1817.19;347.99;9;0.66;move;-1;;
9820;3282.59;1103.35;3284.14;1087.22;3248.97;1083.84;3247.42;1099.97;10;0.82;move;-1;;
9823;2542.86;523.98;2562.64;501.25;2551.89;491.9;2532.11;514.62;10;0.72;move;-1;;
9840;455.7;1111.97;456.1;1095.75;421.8;1094.9;421.4;1111.13;10;0.73;move;-1;;
9857;654.82;1166.98;686.16;1166.21;685.8;1151.45;654.46;1152.22;10;0.77;move;-1;;
9878;1965.95;1517.1;1966.21;1495.8;1953.55;1495.65;1953.29;1516.95;10;0.39;stop;14;4553;7518
9893;1817.87;337.57;1833.58;336.02;1830.51;304.81;1814.8;306.36;10;0.8;move;-1;;
9911;1858.27;470.36;1872.78;468.54;1869.04;438.64;1854.53;440.46;10;0.79;move;-1;;
9922;1662.92;1173.57;1665.86;1156.2;1631.08;1150.31;1628.14;1167.67;10;0.39;stop;12;4912;4963
9926;3337.16;1109.13;3339.26;1094.86;3307.84;1090.24;3305.74;1104.52;10;0.81;move;-1;;
9933;591.0;1167.87;627.0;1167.44;626.81;1151.51;590.81;1151.93;10;0.79;move;-1;;
9955;1819.94;293.21;1834.42;292.53;1833.12;264.79;1818.64;265.47;10;0.78;move;-1;;
9994;536.91;1165.89;564.2;1164.89;563.71;1151.61;536.43;1152.61;10;0.79;move;-1;;
10002;1941.78;60.21;1953.37;59.0;1950.9;35.42;1939.32;36.62;10;0.51;stop;2;4624;7518
10003;3710.93;1280.16;3713.43;1264.54;3682.19;1259.53;3679.69;1275.15;10;0.36;stop;11;4625;4976
10019;1848.92;397.0;1864.31;395.45;1861.33;365.75;1845.94;367.3;10;0.39;move;-1;;
10067;2581.28;1370.86;2581.34;1337.04;2565.22;1337.02;2565.16;1370.84;10;0.37;stop;-1;;
10074;428.31;1160.61;429.9;1144.34;395.29;1140.96;393.7;1157.23;10;0.8;move;-1;;
10086;1151.24;1653.25;1151.41;1639.58;1125.01;1639.25;1124.84;1652.92;10;0.43;stop;14;4665;5278
10088;3736.76;851.63;3760.36;849.95;3759.49;837.75;3735.89;839.42;10;0.42;stop;6;4665;5207
10093;3368.88;1138.07;3370.67;1122.43;3336.12;1118.49;3334.33;1134.13;10;0.82;move;-1;;
10103;3284.31;1124.17;3286.02;1108.37;3248.19;1104.26;3246.48;1120.07;10;0.77;move;-1;;
10138;725.83;1153.87;760.82;1152.42;760.12;1135.5;725.13;1136.95;10;0.77;stop;-1;;
10152;162.32;1675.52;187.92;1675.36;187.84;1661.98;162.23;1662.14;10;0.37;stop;17;4704;5761
10158;1836.55;242.8;1836.61;203.85;1820.45;203.82;1820.39;242.78;10;0.8;move;-1;;
10165;3839.62;1204.04;3843.08;1187.79;3819.75;1182.83;3816.3;1199.08;10;0.75;stop;-1;;
10173;3573.55;2077.23;3606.28;2061.19;3598.33;2044.96;3565.6;2060.99;10;0.54;stop;-1;;
10193;3488.47;1155.51;3491.08;1139.74;3455.59;1133.86;3452.98;1149.63;10;0.78;move;-1;;
10196;1865.38;1349.99;1877.37;1345.2;1867.37;1320.19;1855.38;1324.99;10;0.56;stop;14;4730;4993
10198;3615.15;544.51;3623.13;520.79;3611.1;516.74;3603.12;540.46;10;0.75;move;-1;;
10237;2465.92;1115.48;2499.77;1114.76;2499.45;1099.65;2465.6;1100.36;10;0.77;move;-1;;
10251;1806.79;164.51;1822.07;163.17;1819.09;129.11;1803.8;130.45;10;0.8;move;-1;;
10263;625.39;1253.32;655.08;1251.67;654.3;1237.61;624.61;1239.27;10;0.5;stop;12;4774;6316
10266;3347.92;985.31;3348.04;952.56;3332.71;952.5;3332.58;985.25;10;0.78;move;-1;;
10270;3562.81;1168.7;3566.15;1153.82;3531.25;1145.98;3527.91;1160.86;10;0.77;move;-1;;
10271;1850.06;1698.69;1851.09;1684.18;1819.69;1681.93;1818.66;1696.45;10;0.36;stop;14;4781;5042
10283;2030.01;564.98;2056.14;561.63;2054.49;548.77;2028.36;552.12;10;0.76;move;-1;;
10326;1830.25;159.15;1845.47;158.19;1843.62;128.85;1828.4;129.81;10;0.78;move;-1;;
10344;3633.67;1186.56;3636.8;1170.57;3601.95;1163.75;3598.82;1179.74;10;0.79;move;-1;;
10347;3435.48;1125.45;3486.51;1124.33;3486.08;1104.87;3435.06;1105.98;10;0.7;move;-1;;
10389;88.25;83.65;117.45;80.56;115.81;65.1;86.61;68.2;10;0.36;stop;-1;;
10408;1663.52;1657.16;1690.44;1656.54;1690.11;1642.46;1663.19;1643.08;10;0.36;stop;14;4852;4928
10410;375.42;40.2;399.34;25.62;392.08;13.71;368.16;28.28;10;0.37;stop;-1;;
10416;1819.77;86.55;1820.05;66.09;1806.01;65.89;1805.73;86.35;10;0.6;move;-1;;
10421;305.32;1684.35;331.19;1680.06;328.9;1666.27;303.03;1670.57;10;0.46;stop;18;4860;5761
10428;2747.87;1358.52;2769.61;1358.05;2768.61;1312.41;2746.88;1312.89;9;0.51;stop;13;4862;5139
10436;1891.08;268.63;1906.36;267.89;1904.86;236.5;1889.57;237.23;10;0.74;move;-1;;
10442;443.08;1065.54;468.46;1063.09;467.24;1050.4;441.85;1052.85;10;0.68;stop;10;4871;7518
10444;362.59;1023.24;380.01;1020.72;375.22;987.69;357.8;990.22;10;0.38;stop;10;4873;5067
10449;2879.31;1301.11;2880.45;1282.42;2834.19;1279.6;2833.05;1298.28;9;0.38;stop;13;4875;5108
10463;1762.32;95.41;1773.51;95.16;1772.9;68.27;1761.71;68.53;10;0.46;stop;1;4890;5203
10466;2536.74;478.59;2553.64;475.38;2551.93;466.41;2535.04;469.62;10;0.38;stop;-1;;
10470;1248.89;1128.46;1295.01;1123.28;1293.05;1105.79;1246.93;1110.97;10;0.65;move;-1;;
10476;3803.9;1224.56;3807.36;1209.83;3776.73;1202.63;3773.27;1217.36;10;0.75;move;-1;;
10477;1826.17;61.31;1838.39;59.98;1835.89;37.12;1823.67;38.46;10;0.41;move;-1;;
10482;235.38;1667.42;239.42;1651.97;211.81;1644.77;207.77;1660.21;10;0.56;move;-1;;
10484;2484.3;1061.33;2517.41;1060.63;2517.07;1044.67;2483.96;1045.37;10;0.63;stop;-1;;
10488;2610.22;1999.47;2644.8;1978.39;2635.28;1962.78;2600.7;1983.86;10;0.41;stop;-1;;
10492;16.54;1170.46;86.53;1164.32;84.36;1139.54;14.37;1145.68;9;0.4;move;-1;;
10494;2244.7;816.12;2245.41;800.73;2216.12;799.38;2215.41;814.77;10;0.37;stop;-1;;
10497;3046.92;1341.09;3059.2;1327.42;3024.33;1296.1;3012.05;1309.76;9;0.42;stop;13;4912;4950
10498;1864.89;531.8;1878.63;529.89;1874.61;500.95;1860.87;502.86;10;0.74;stop;-1;;
10499;1680.93;122.57;1691.47;121.77;1689.88;100.74;1679.34;101.54;10;0.39;stop;-1;;
10509;2159.56;1135.78;2159.7;1122.18;2151.44;1122.09;2151.3;1135.7;10;0.64;stop;-1;;
10512;3119.26;1104.04;3121.13;1086.71;3107.24;1085.21;3105.37;1102.54;10;0.73;stop;-1;;
10514;1376.83;1655.55;1377.22;1643.84;1350.17;1642.95;1349.78;1654.66;10;0.38;stop;14;4923;5396
10515;1525.75;1656.47;1526.27;1646.64;1502.75;1645.41;1502.23;1655.24;10;0.36;stop;14;4924;6757
10518;1023.46;1186.72;1061.34;1184.03;1060.04;1165.66;1022.16;1168.34;10;0.5;stop;12;4925;5005
10519;3532.38;838.43;3543.44;804.41;3525.12;798.45;3514.06;832.47;9;0.36;stop;6;4925;4926
