vehicle_id;veh_bb_x1;veh_bb_y1;veh_bb_x2;veh_bb_y2;veh_bb_x3;veh_bb_y3;veh_bb_x4;veh_bb_y4;det_class;conf_score;state;parking_zone;timestamp_in;timestamp_out
1;2013.32;1478.1;2028.55;1477.69;2027.68;1445.78;2012.45;1446.19;10;0.79;move;-1;;
2;2594.25;1039.96;2594.57;1023.98;2560.12;1023.29;2559.8;1039.27;10;0.82;stop;-1;;
3;3145.72;1198.31;3147.77;1182.03;3110.21;1177.31;3108.17;1193.59;10;0.82;stop;11;1;7518
7;855.05;1172.49;855.35;1158.79;825.89;1158.13;825.58;1171.83;10;0.82;stop;-1;;
8;2007.55;1526.33;2022.66;1525.94;2021.82;1493.17;2006.71;1493.56;10;0.79;move;-1;;
10;2950.62;1036.88;2951.89;1021.73;2920.01;1019.06;2918.74;1034.21;10;0.82;stop;6;1;7518
11;2871.32;1051.27;2871.95;1036.88;2842.74;1035.6;2842.11;1049.99;10;0.79;stop;-1;;
12;2274.72;1047.08;2302.77;1046.56;2302.53;1033.05;2274.48;1033.56;10;0.83;stop;-1;;
13;2955.63;1057.46;2957.12;1042.59;2926.62;1039.54;2925.13;1054.41;10;0.82;move;-1;;
14;2912.94;1051.86;2914.01;1036.34;2881.28;1034.08;2880.21;1049.6;10;0.81;move;-1;;
15;2681.16;1152.37;2681.23;1138.26;2652.09;1138.13;2652.02;1152.24;10;0.81;stop;11;1;7518
16;2027.71;1657.52;2028.28;1625.5;2013.29;1625.23;2012.72;1657.25;10;0.8;move;-1;;
17;3233.63;1213.07;3243.32;1200.61;3217.31;1180.37;3207.61;1192.83;10;0.5;move;-1;;
18;3316.43;1105.27;3318.07;1087.18;3280.76;1083.79;3279.11;1101.88;10;0.83;move;-1;;
19;1976.64;668.92;1991.27;667.84;1989.18;639.46;1974.54;640.54;10;0.82;stop;9;1;7518
20;2970.82;1082.6;2972.93;1067.18;2940.68;1062.77;2938.57;1078.2;10;0.82;stop;-1;;
21;2823.68;1156.32;2824.46;1141.59;2790.82;1139.81;2790.04;1154.54;10;0.81;stop;11;1;7518
22;1960.27;680.42;1974.4;679.53;1972.35;647.08;1958.22;647.97;10;0.8;stop;9;1;7518
23;1075.07;640.17;1075.43;626.22;1044.99;625.45;1044.64;639.4;10;0.8;stop;-1;;
24;2688.27;1043.49;2688.75;1026.61;2651.97;1025.57;2651.49;1042.45;10;0.82;stop;-1;;
25;3160.65;1109.73;3163.2;1090.68;3120.6;1084.96;3118.05;1104.01;10;0.79;move;-1;;
26;1957.54;641.04;1973.58;639.64;1970.59;605.46;1954.54;606.86;10;0.82;stop;9;1;7518
27;2724.95;1153.69;2725.47;1137.93;2691.55;1136.81;2691.03;1152.57;10;0.81;stop;11;1;7518
28;3019.9;1089.47;3021.78;1072.5;2987.13;1068.65;2985.25;1085.63;10;0.81;move;-1;;
29;3063.52;1093.46;3065.5;1078.5;3034.73;1074.42;3032.75;1089.37;10;0.83;move;-1;;
30;2007.83;1398.22;2023.32;1397.57;2021.92;1363.66;2006.43;1364.3;10;0.76;move;-1;;
31;3300.44;1153.52;3301.48;1138.13;3267.69;1135.85;3266.65;1151.24;10;0.79;move;-1;;
32;3499.4;1067.49;3503.92;1052.24;3469.04;1041.89;3464.51;1057.14;10;0.82;stop;6;1;7518
33;3359.08;1132.26;3361.13;1114.77;3322.48;1110.24;3320.44;1127.73;10;0.82;move;-1;;
34;1934.56;2047.22;1945.41;2017.88;1931.97;2012.9;1921.12;2042.25;10;0.81;move;-1;;
36;992.49;636.17;993.47;623.0;966.88;621.02;965.9;634.18;10;0.81;stop;-1;;
37;3428.95;930.75;3446.72;902.99;3433.55;894.56;3415.78;922.32;10;0.82;stop;6;1;7518
39;1912.23;1133.51;1943.05;1131.83;1942.21;1116.49;1911.39;1118.17;10;0.77;move;-1;;
40;1992.69;896.64;2007.15;896.51;2006.87;865.67;1992.41;865.81;10;0.81;stop;9;1;7518
41;3008.61;1065.89;3010.43;1051.67;2981.64;1047.99;2979.82;1062.2;10;0.83;move;-1;;
43;1937.7;930.84;1952.75;929.61;1950.2;898.41;1935.15;899.64;10;0.79;move;-1;;
44;3501.95;1049.04;3507.61;1033.68;3473.05;1020.96;3467.39;1036.32;10;0.81;stop;6;1;5352
46;1755.81;1659.54;1783.82;1659.44;1783.77;1644.59;1755.75;1644.68;10;0.8;stop;14;1;7518
47;2010.32;1571.25;2024.92;1570.59;2023.56;1540.5;2008.96;1541.16;10;0.8;move;-1;;
48;1899.98;833.29;1914.61;831.8;1911.52;801.34;1896.89;802.82;10;0.82;stop;-1;;
49;1145.04;1055.51;1145.18;1040.66;1113.4;1040.36;1113.26;1055.22;10;0.8;stop;10;1;7518
50;75.19;1109.64;107.94;1105.25;105.86;1089.73;73.11;1094.12;10;0.76;move;-1;;
51;1898.5;73.61;1914.04;72.21;1910.75;35.52;1895.21;36.91;10;0.8;move;-1;;
52;1863.5;955.63;1866.5;921.13;1850.6;919.75;1847.6;954.25;10;0.8;stop;-1;;
53;2832.41;1027.94;2833.2;1012.35;2797.84;1010.56;2797.05;1026.15;10;0.81;stop;6;1;7518
54;2002.84;1918.27;2009.54;1888.21;1996.72;1885.35;1990.02;1915.41;10;0.8;stop;-1;;
55;1903.28;893.05;1918.02;891.92;1915.72;861.95;1900.98;863.08;10;0.81;stop;-1;;
56;3356.29;1360.86;3361.43;1346.83;3332.77;1336.33;3327.63;1350.36;10;0.8;stop;11;1;7518
57;1789.93;234.77;1804.78;234.02;1803.32;205.11;1788.47;205.85;10;0.78;stop;1;1;7132
58;702.34;1047.96;711.35;1035.22;686.1;1017.35;677.09;1030.09;10;0.8;stop;-1;;
59;2969.16;1287.82;2974.48;1271.72;2937.09;1259.36;2931.77;1275.47;10;0.8;stop;13;1;7518
60;1937.09;2109.68;1948.06;2077.72;1934.5;2073.07;1923.54;2105.03;10;0.79;stop;-1;;
61;2002.07;1354.51;2017.98;1354.16;2017.18;1318.49;2001.27;1318.84;10;0.8;move;-1;;
62;2003.8;1439.08;2018.3;1438.58;2017.13;1404.92;2002.64;1405.42;10;0.79;move;-1;;
63;1968.11;564.51;1973.62;550.55;1944.64;539.12;1939.13;553.08;10;0.78;stop;-1;;
64;1493.78;1655.36;1494.02;1641.4;1464.97;1640.89;1464.73;1654.85;10;0.78;stop;14;1;7518
65;1958.66;2054.67;1967.96;2028.75;1956.34;2024.58;1947.04;2050.5;10;0.8;stop;-1;;
66;3317.31;1346.95;3326.2;1313.84;3309.87;1309.46;3300.99;1342.57;10;0.8;stop;11;1;4669
67;1983.04;741.58;1997.53;740.18;1994.58;709.67;1980.1;711.07;10;0.81;stop;9;1;7518
68;3734.08;895.54;3769.49;891.6;3767.79;876.33;3732.38;880.27;10;0.8;stop;6;1;7518
69;2090.92;1092.95;2117.06;1091.95;2116.58;1079.43;2090.44;1080.42;10;0.8;stop;-1;;
70;2664.83;1114.87;2665.15;1098.12;2639.58;1097.63;2639.26;1114.38;10;0.8;move;-1;;
71;3283.05;926.92;3305.21;902.4;3293.51;891.83;3271.35;916.35;10;0.8;stop;6;1;1313
72;3475.83;826.77;3493.28;798.29;3480.42;790.42;3462.97;818.89;10;0.8;stop;6;1;7518
73;2001.99;1308.68;2015.26;1307.98;2013.89;1282.19;2000.62;1282.9;10;0.77;move;-1;;
74;2894.62;1029.39;2895.47;1015.23;2868.38;1013.61;2867.53;1027.77;10;0.82;stop;6;1;7518
75;2730.19;1063.29;2730.7;1048.97;2702.63;1047.96;2702.11;1062.28;10;0.78;stop;-1;;
76;2496.78;1153.06;2529.71;1152.32;2529.35;1136.31;2496.42;1137.06;10;0.79;stop;11;1;7518
77;1994.16;1230.08;2008.65;1229.61;2007.65;1198.8;1993.17;1199.26;10;0.81;stop;-1;;
79;3141.87;447.13;3169.88;442.31;3167.5;428.49;3139.5;433.31;10;0.81;stop;8;1;7518
80;3780.72;890.03;3814.38;886.88;3813.03;872.47;3779.37;875.62;10;0.8;stop;6;1;7518
81;2143.31;1094.38;2177.29;1092.4;2176.31;1075.74;2142.34;1077.73;10;0.79;stop;-1;;
82;936.31;1145.84;969.72;1144.65;969.16;1128.91;935.75;1130.1;10;0.77;stop;-1;;
83;2312.63;1065.87;2346.28;1064.44;2345.62;1049.13;2311.97;1050.56;10;0.77;stop;-1;;
84;1809.12;506.92;1824.17;505.53;1821.26;474.08;1806.21;475.47;10;0.81;stop;1;1;4288
85;1842.43;653.17;1858.29;651.92;1855.45;615.83;1839.59;617.08;10;0.83;move;-1;;
86;2748.06;482.96;2782.28;478.47;2780.37;463.92;2746.16;468.4;10;0.79;stop;7;1;7518
87;887.12;1175.27;888.02;1160.91;859.44;1159.11;858.54;1173.47;10;0.79;stop;-1;;
88;3174.81;1137.57;3176.74;1123.14;3145.82;1118.99;3143.88;1133.42;10;0.82;move;-1;;
89;1960.05;1968.61;1969.03;1934.33;1954.95;1930.64;1945.97;1964.92;10;0.82;move;-1;;
90;3410.36;966.34;3426.87;933.59;3411.83;926.0;3395.32;958.76;10;0.8;stop;6;1;7518
91;2027.52;1382.49;2042.52;1382.41;2042.35;1351.82;2027.36;1351.9;10;0.78;stop;15;1;7518
92;938.13;1060.52;965.06;1060.4;965.0;1046.04;938.06;1046.16;10;0.79;stop;10;1;7518
93;397.66;1073.66;397.66;1059.16;367.34;1059.16;367.34;1073.66;10;0.79;stop;10;1;7518
94;1907.56;937.59;1922.54;936.19;1919.69;905.72;1904.71;907.12;10;0.8;stop;-1;;
95;2730.13;1044.24;2730.84;1030.03;2701.74;1028.58;2701.03;1042.78;10;0.78;stop;-1;;
96;1860.57;2150.06;1874.22;2121.82;1862.05;2115.94;1848.4;2144.18;10;0.79;stop;-1;;
97;1978.52;704.25;1992.68;703.09;1990.48;676.13;1976.32;677.28;10;0.81;stop;9;1;7518
98;2651.45;491.78;2680.88;488.74;2679.53;475.72;2650.1;478.76;10;0.8;stop;7;1;7518
99;1869.74;767.45;1886.32;765.95;1883.26;732.18;1866.68;733.68;10;0.82;move;-1;;
101;1876.09;2115.8;1888.12;2090.22;1876.91;2084.95;1864.88;2110.53;10;0.77;stop;-1;;
102;1830.37;511.91;1845.74;510.68;1843.23;479.21;1827.86;480.44;10;0.8;move;-1;;
103;1864.54;867.42;1865.08;830.44;1849.28;830.21;1848.74;867.19;10;0.8;stop;-1;;
104;1937.59;1051.11;1951.32;1026.13;1940.19;1020.01;1926.46;1045.0;10;0.79;move;-1;;
105;1944.44;737.89;1957.83;736.43;1954.81;708.86;1941.42;710.32;10;0.8;move;-1;;
106;1021.83;1144.53;1052.57;1143.62;1052.11;1127.97;1021.36;1128.88;10;0.79;stop;-1;;
107;2874.61;1071.06;2875.68;1055.6;2842.74;1053.32;2841.67;1068.78;10;0.75;stop;-1;;
109;1987.34;1965.23;1994.1;1938.26;1981.66;1935.14;1974.9;1962.12;10;0.79;stop;-1;;
110;2913.61;1304.39;2914.95;1288.16;2882.01;1285.45;2880.68;1301.68;10;0.75;stop;13;1;7518
111;1991.6;852.93;2004.67;851.72;2002.15;824.45;1989.08;825.66;10;0.8;stop;9;1;7518
112;1983.1;823.85;1998.46;821.42;1993.4;789.4;1978.04;791.83;10;0.8;stop;9;1;7518
113;1998.67;1274.1;2013.9;1272.6;2010.83;1241.4;1995.6;1242.9;10;0.79;stop;-1;;
114;3058.61;1050.42;3060.6;1037.25;3032.89;1033.08;3030.9;1046.25;10;0.79;stop;6;1;7518
115;2772.92;1043.25;2773.65;1027.39;2739.23;1025.81;2738.5;1041.67;10;0.81;stop;-1;;
116;2027.84;1757.71;2031.99;1722.48;2017.66;1720.79;2013.51;1756.02;10;0.81;move;-1;;
117;2571.99;1696.66;2574.67;1660.3;2559.89;1659.21;2557.21;1695.57;10;0.78;stop;16;1;7518
118;1967.18;1838.01;1972.65;1805.03;1957.28;1802.49;1951.82;1835.47;10;0.75;stop;-1;;
119;1948.63;254.04;1963.03;252.85;1960.65;224.08;1946.25;225.28;10;0.8;stop;2;1;7518
120;2739.58;525.47;2772.93;522.09;2771.42;507.28;2738.07;510.66;10;0.8;stop;7;1;7518
121;1148.06;1139.15;1181.35;1135.32;1179.56;1119.85;1146.28;1123.68;10;0.79;move;-1;;
122;1886.94;939.31;1901.75;937.93;1899.16;910.19;1884.34;911.57;10;0.79;stop;-1;;
123;3589.31;1227.36;3592.01;1212.28;3559.13;1206.39;3556.43;1221.47;10;0.79;move;-1;;
124;1994.62;930.0;2007.99;929.58;2007.19;904.31;1993.82;904.74;10;0.8;stop;9;1;7518
125;2476.61;1044.23;2512.55;1043.86;2512.39;1028.02;2476.45;1028.39;10;0.78;stop;-1;;
126;3024.03;1048.21;3027.01;1032.83;2993.22;1026.29;2990.24;1041.67;10;0.79;stop;6;1;7518
127;2928.13;1075.91;2929.37;1060.78;2897.87;1058.21;2896.63;1073.35;10;0.81;stop;-1;;
128;2185.84;1093.06;2211.65;1090.85;2210.29;1074.82;2184.47;1077.02;10;0.77;stop;-1;;
129;2519.96;1042.36;2550.53;1041.35;2550.04;1026.52;2519.47;1027.53;10;0.79;stop;-1;;
130;2641.54;1150.21;2641.58;1135.88;2610.71;1135.79;2610.67;1150.12;10;0.78;stop;11;1;7518
131;2695.53;1023.39;2696.49;1008.36;2664.15;1006.3;2663.2;1021.33;10;0.78;stop;6;1;7518
132;2686.45;488.62;2718.18;484.9;2716.55;471.01;2684.82;474.73;10;0.78;stop;7;1;7518
133;2393.35;514.62;2422.94;511.21;2421.27;496.75;2391.69;500.16;10;0.79;stop;7;1;7518
134;1849.41;773.34;1864.17;772.77;1862.99;742.03;1848.23;742.6;10;0.79;stop;-1;;
135;3585.07;681.74;3597.94;651.07;3583.05;644.83;3570.19;675.49;10;0.8;stop;6;1;7518
136;1294.36;1046.02;1317.99;1045.82;1317.89;1034.11;1294.26;1034.31;10;0.78;stop;10;1;7518
137;3021.27;1115.49;3022.33;1100.28;2989.04;1097.95;2987.98;1113.16;10;0.82;move;-1;;
138;3151.16;1166.08;3153.28;1149.96;3121.65;1145.79;3119.53;1161.91;10;0.79;move;-1;;
139;3055.64;1070.99;3057.45;1055.48;3023.58;1051.51;3021.77;1067.02;10;0.84;move;-1;;
141;1890.74;700.26;1905.85;698.87;1902.76;665.49;1887.65;666.88;10;0.82;move;-1;;
142;1824.24;684.93;1837.55;683.59;1834.45;652.7;1821.13;654.04;10;0.79;stop;1;1;7518
143;1833.94;559.3;1849.73;557.92;1847.06;527.45;1831.27;528.83;10;0.77;move;-1;;
144;1354.77;1151.01;1384.27;1149.24;1383.48;1136.12;1353.98;1137.88;10;0.76;move;-1;;
145;2082.59;1033.53;2117.07;1032.59;2116.66;1017.34;2082.18;1018.28;10;0.75;stop;-1;;
146;1915.52;353.08;1931.79;352.33;1930.2;317.42;1913.93;318.17;10;0.77;move;-1;;
148;1276.42;1182.54;1325.06;1181.28;1324.58;1163.09;1275.94;1164.35;9;0.79;stop;12;1;7518
149;2115.18;1070.81;2146.58;1070.22;2146.32;1056.56;2114.92;1057.15;10;0.79;stop;-1;;
150;2316.45;1154.13;2346.33;1154.08;2346.3;1139.74;2316.42;1139.8;10;0.78;stop;11;1;7518
151;952.27;633.07;952.98;621.0;926.48;619.43;925.77;631.5;10;0.79;stop;-1;;
152;1986.26;779.7;1999.41;778.52;1996.99;751.42;1983.84;752.6;10;0.79;stop;9;1;7518
153;903.3;1061.85;933.91;1060.42;933.26;1046.59;902.65;1048.02;10;0.78;stop;10;1;7518
155;1949.64;831.91;1963.63;830.31;1960.48;802.72;1946.49;804.31;10;0.79;move;-1;;
156;2827.55;1049.07;2828.6;1034.54;2795.95;1032.18;2794.9;1046.71;10;0.81;stop;-1;;
157;1447.77;1674.39;1447.95;1660.47;1420.98;1660.11;1420.8;1674.03;10;0.76;move;-1;;
158;1913.73;2028.51;1922.65;2004.32;1911.27;2000.12;1902.35;2024.31;10;0.77;stop;-1;;
159;3007.89;1304.37;3015.55;1289.4;2981.33;1271.88;2973.67;1286.85;10;0.77;stop;13;1;7518
160;791.73;1185.63;822.93;1184.49;822.36;1169.0;791.17;1170.13;10;0.78;stop;12;1;7518
161;764.54;1064.37;792.92;1063.12;792.32;1049.5;763.94;1050.75;10;0.74;stop;10;1;7518
162;984.27;1145.26;1013.79;1143.98;1013.17;1129.49;983.64;1130.77;10;0.78;stop;-1;;
163;3045.71;1342.17;3059.33;1327.01;3023.2;1294.54;3009.57;1309.71;10;0.76;stop;13;1;7518
165;1886.01;657.93;1900.9;656.56;1897.84;623.44;1882.94;624.82;10;0.81;move;-1;;
166;3177.72;442.25;3204.17;437.67;3201.96;424.94;3175.52;429.52;10;0.79;stop;8;1;7518
167;1178.81;1183.4;1207.35;1181.29;1206.19;1165.6;1177.65;1167.71;10;0.77;stop;12;1;2652
168;1971.47;1524.68;1986.6;1524.52;1986.28;1493.69;1971.15;1493.85;10;0.78;stop;-1;;
169;1914.91;627.2;1930.49;626.05;1928.0;592.3;1912.41;593.45;10;0.8;move;-1;;
170;1924.08;564.93;1937.49;563.79;1934.86;533.07;1921.45;534.21;10;0.79;move;-1;;
171;751.72;1185.92;779.1;1185.16;778.7;1170.95;751.32;1171.72;10;0.78;stop;12;1;7518
172;2752.99;1023.03;2753.15;1007.95;2720.25;1007.6;2720.09;1022.67;10;0.79;stop;6;1;7518
173;1840.06;600.06;1853.89;598.14;1850.12;571.06;1836.3;572.99;10;0.78;move;-1;;
174;1875.03;811.0;1890.15;809.01;1886.32;779.75;1871.19;781.74;10;0.8;move;-1;;
175;1878.95;893.73;1894.12;892.66;1892.05;863.52;1876.88;864.59;10;0.8;move;-1;;
176;3785.36;150.11;3797.48;119.62;3784.01;114.26;3771.89;144.76;10;0.79;stop;6;1;7518
177;3421.54;867.58;3441.66;844.54;3430.64;834.92;3410.53;857.96;10;0.79;stop;6;1;7518
178;1762.64;1137.21;1794.01;1136.05;1793.49;1121.79;1762.11;1122.95;10;0.79;move;-1;;
179;3101.33;1190.99;3103.16;1175.21;3071.17;1171.51;3069.34;1187.29;10;0.8;stop;11;1;7518
180;3018.43;1179.11;3020.81;1164.03;2989.07;1159.02;2986.69;1174.1;10;0.8;stop;11;1;7518
181;1745.5;1657.99;1745.74;1642.11;1714.77;1641.64;1714.53;1657.51;10;0.79;stop;14;1;7518
182;1850.93;737.12;1865.17;735.54;1862.04;707.38;1847.8;708.96;10;0.81;move;-1;;
183;2785.75;477.94;2818.84;474.42;2817.46;461.43;2784.36;464.95;10;0.8;stop;7;1;7518
184;863.93;1064.94;893.9;1063.11;893.04;1048.93;863.07;1050.76;10;0.78;stop;10;1;7518
185;2194.0;1157.57;2221.09;1156.78;2220.69;1143.06;2193.6;1143.85;10;0.78;stop;11;1;5030
186;2354.62;1045.73;2386.57;1044.16;2385.76;1027.64;2353.8;1029.21;10;0.76;stop;-1;;
187;2015.87;1848.18;2021.51;1812.59;2007.13;1810.32;2001.49;1845.91;10;0.8;move;-1;;
188;3752.04;236.11;3762.22;205.51;3747.96;200.76;3737.78;231.37;10;0.79;stop;6;1;7518
189;2192.29;551.1;2228.11;545.79;2225.77;530.03;2189.95;535.33;10;0.79;move;-1;;
190;3282.56;516.88;3296.79;516.47;3295.88;484.37;3281.65;484.78;10;0.77;stop;8;1;7518
191;3594.41;865.46;3627.38;863.19;3626.22;846.41;3593.25;848.69;10;0.77;stop;6;1;1021
192;709.77;1185.46;709.9;1167.94;673.98;1167.67;673.85;1185.18;10;0.78;stop;12;1;1096
194;220.96;1101.59;246.85;1100.18;246.15;1087.47;220.26;1088.89;10;0.68;move;-1;;
195;944.13;1185.74;976.92;1184.32;976.25;1168.88;943.46;1170.31;10;0.76;stop;12;1;7518
196;2353.93;1154.65;2384.68;1153.63;2384.19;1139.22;2353.45;1140.25;10;0.77;stop;11;1;7518
197;2392.98;1154.24;2421.89;1153.78;2421.65;1138.51;2392.73;1138.97;10;0.78;stop;11;1;7518
198;2538.38;1150.88;2568.9;1150.55;2568.74;1136.24;2538.23;1136.57;10;0.77;stop;11;1;7518
199;3108.79;1100.05;3110.35;1084.49;3080.58;1081.52;3079.03;1097.07;10;0.83;move;-1;;
200;2960.45;1993.51;2973.94;1982.72;2951.05;1954.11;2937.56;1964.91;10;0.78;stop;-1;;
202;1844.92;698.2;1859.73;697.06;1857.46;667.55;1842.65;668.69;10;0.8;move;-1;;
203;1826.91;822.41;1844.31;820.65;1839.46;772.84;1822.06;774.6;9;0.8;stop;1;1;6071
204;1921.93;55.82;1936.19;54.35;1933.35;26.86;1919.09;28.34;10;0.76;stop;2;1;7518
205;3395.15;891.51;3417.68;875.12;3409.23;863.49;3386.7;879.88;10;0.76;stop;6;1;5018
207;1921.06;510.03;1921.21;482.29;1907.22;482.22;1907.07;509.96;10;0.65;move;-1;;
208;1068.86;1142.94;1098.94;1142.34;1098.64;1127.69;1068.56;1128.29;10;0.79;stop;-1;;
209;2272.08;1066.58;2302.26;1065.55;2301.79;1051.79;2271.61;1052.82;10;0.79;stop;-1;;
210;2277.55;1155.87;2304.64;1155.07;2304.2;1140.26;2277.11;1141.06;10;0.78;stop;11;1;7518
211;2577.6;1551.63;2578.51;1518.38;2562.15;1517.93;2561.24;1551.18;10;0.77;stop;16;1;7518
212;1771.11;191.05;1785.93;189.62;1783.23;161.64;1768.41;163.07;10;0.78;stop;1;1;7518
213;2859.87;473.13;2893.4;469.66;2891.88;454.99;2858.35;458.46;10;0.8;stop;7;1;7518
214;1547.98;1054.39;1553.4;1039.04;1522.15;1027.99;1516.72;1043.34;10;0.63;stop;10;1;1539
215;439.21;1091.84;468.08;1090.31;467.36;1076.59;438.48;1078.12;10;0.73;move;-1;;
216;1919.93;704.13;1934.61;702.89;1931.97;671.74;1917.3;672.99;10;0.8;move;-1;;
217;1638.85;1657.0;1638.87;1642.67;1610.15;1642.63;1610.13;1656.95;10;0.78;stop;14;1;7518
218;1316.34;1692.99;1316.45;1679.99;1289.16;1679.76;1289.05;1692.76;10;0.75;stop;14;1;7518
219;1972.66;2016.53;1984.07;1984.43;1970.09;1979.47;1958.68;2011.57;10;0.69;stop;-1;;
220;1767.25;145.96;1780.97;145.38;1779.78;117.29;1766.06;117.87;10;0.77;stop;1;1;7518
221;1711.47;561.73;1712.45;546.14;1680.7;544.14;1679.72;559.74;10;0.81;stop;-1;;
222;1811.8;712.38;1827.38;710.08;1822.84;679.25;1807.26;681.54;10;0.79;stop;1;1;7518
223;513.49;1071.05;543.37;1070.46;543.07;1055.2;513.19;1055.79;10;0.78;stop;10;1;7518
224;1887.5;227.19;1901.56;227.17;1901.5;198.06;1887.44;198.08;10;0.71;move;-1;;
226;1926.87;793.78;1940.42;792.86;1938.63;766.59;1925.08;767.51;10;0.79;move;-1;;
227;2232.27;1049.19;2266.31;1047.67;2265.66;1033.19;2231.63;1034.7;10;0.78;stop;-1;;
228;1793.92;1167.42;1823.37;1164.7;1822.01;1150.08;1792.57;1152.8;10;0.77;stop;12;1;7518
230;3183.96;946.24;3222.58;942.56;3221.04;926.41;3182.42;930.1;10;0.77;stop;6;1;7518
231;1904.99;1700.24;1933.86;1699.55;1933.51;1684.89;1904.64;1685.57;10;0.76;stop;14;1;7518
232;2573.92;1645.38;2575.24;1616.64;2561.33;1615.99;2560.01;1644.74;10;0.77;stop;16;1;7518
233;1790.92;469.35;1806.59;467.9;1803.45;434.03;1787.79;435.48;10;0.78;stop;1;1;7518
234;2571.83;438.46;2584.83;437.28;2582.55;412.04;2569.54;413.22;10;0.79;stop;7;1;7518
235;798.04;1064.04;826.62;1062.95;826.04;1047.58;797.46;1048.67;10;0.76;stop;10;1;7518
236;2227.13;1158.12;2261.22;1156.94;2260.68;1141.38;2226.6;1142.56;10;0.77;stop;11;1;7518
237;1945.13;218.81;1958.57;217.74;1956.37;190.13;1942.93;191.2;10;0.79;stop;2;1;7518
238;1776.71;92.62;1790.76;91.99;1789.54;64.88;1775.49;65.51;10;0.76;stop;1;1;7518
239;3207.68;439.16;3238.01;436.03;3236.7;423.34;3206.36;426.47;10;0.74;stop;8;1;7518
240;1850.3;813.29;1865.46;812.32;1863.51;781.96;1848.36;782.93;10;0.78;stop;-1;;
241;1057.3;1056.97;1084.49;1056.29;1084.14;1042.28;1056.95;1042.96;10;0.75;stop;10;1;7518
242;1220.33;1056.86;1252.23;1054.99;1251.29;1039.01;1219.39;1040.89;10;0.76;stop;10;1;7518
243;2727.18;1115.34;2755.97;1114.76;2755.69;1100.91;2726.91;1101.49;10;0.77;move;-1;;
244;1856.07;911.8;1871.05;911.47;1870.4;882.02;1855.42;882.34;10;0.77;stop;-1;;
245;3079.3;1376.52;3092.83;1363.33;3059.45;1329.1;3045.92;1342.3;9;0.78;stop;13;1;7518
246;589.68;1650.06;589.93;1636.39;562.51;1635.88;562.26;1649.55;10;0.75;stop;18;1;3242
247;795.36;1649.43;795.55;1635.95;767.97;1635.57;767.78;1649.05;10;0.76;stop;18;1;7518
248;1906.81;1661.51;1936.47;1660.95;1936.19;1645.99;1906.53;1646.55;10;0.77;stop;14;1;7518
249;1947.82;515.17;1961.8;514.48;1960.33;484.95;1946.36;485.64;10;0.76;stop;-1;;
250;2465.19;507.35;2492.87;503.86;2491.18;490.52;2463.51;494.01;10;0.79;stop;7;1;7518
251;3654.92;492.19;3664.31;460.81;3650.08;456.56;3640.69;487.94;10;0.77;stop;6;1;7518
252;1901.89;435.68;1917.89;434.41;1915.43;403.57;1899.43;404.84;10;0.8;move;-1;;
253;2220.38;1091.31;2253.5;1089.84;2252.81;1074.32;2219.69;1075.78;10;0.76;stop;-1;;
254;2191.33;1319.96;2221.32;1314.99;2218.85;1300.16;2188.87;1305.14;10;0.78;stop;13;1;7518
255;1958.38;1492.09;1971.81;1490.37;1968.34;1463.29;1954.91;1465.01;10;0.77;stop;14;1;7518
256;2857.81;1158.22;2858.71;1144.17;2830.93;1142.4;2830.04;1156.45;10;0.78;stop;11;1;7518
257;3297.4;432.56;3330.35;427.25;3327.91;412.13;3294.97;417.43;10;0.77;stop;8;1;7518
258;707.74;1020.74;712.82;1008.36;689.13;998.64;684.05;1011.01;10;0.76;stop;10;1;7518
259;1760.41;1107.02;1785.94;1106.34;1785.59;1093.48;1760.06;1094.16;10;0.75;move;-1;;
261;3119.01;1438.51;3140.23;1423.81;3105.05;1373.05;3083.84;1387.75;9;0.76;stop;13;1;7518
262;2824.04;475.31;2853.1;471.41;2851.21;457.32;2822.15;461.21;10;0.78;stop;7;1;7518
263;3554.28;866.88;3584.95;864.43;3583.84;850.62;3553.18;853.07;10;0.77;stop;6;1;7518
264;1391.2;1048.92;1423.19;1047.12;1422.43;1033.46;1390.43;1035.25;10;0.76;stop;10;1;7518
265;1447.43;1050.72;1480.12;1050.11;1479.82;1033.91;1447.13;1034.51;10;0.77;stop;10;1;7518
266;1919.24;1216.34;1932.31;1212.14;1923.76;1185.53;1910.69;1189.73;10;0.77;stop;-1;;
267;2458.03;1152.83;2488.93;1151.34;2488.22;1136.54;2457.32;1138.03;10;0.75;stop;11;1;7518
268;3214.07;1408.5;3224.61;1382.71;3212.49;1377.75;3201.95;1403.54;10;0.78;stop;-1;;
269;1145.31;1161.43;1182.56;1159.16;1181.57;1142.94;1144.31;1145.22;10;0.8;move;-1;;
270;1623.1;1143.75;1650.24;1142.34;1649.53;1128.75;1622.39;1130.16;10;0.8;move;-1;;
271;2630.62;991.9;2630.79;964.56;2617.13;964.48;2616.96;991.81;10;0.76;stop;6;1;7518
272;2186.52;1069.68;2216.42;1068.2;2215.79;1055.45;2185.89;1056.93;10;0.76;stop;-1;;
273;765.31;1688.66;765.51;1673.6;735.63;1673.21;735.43;1688.27;10;0.77;stop;18;1;7518
274;1976.37;567.79;2005.11;565.19;2003.88;551.58;1975.14;554.19;10;0.78;stop;-1;;
276;2578.85;1149.61;2605.18;1148.82;2604.77;1135.27;2578.45;1136.05;10;0.77;stop;11;1;6732
277;2977.39;1172.53;2979.32;1149.98;2920.61;1144.97;2918.68;1167.52;9;0.8;stop;11;1;2342
278;2429.0;511.26;2459.31;507.7;2457.63;493.37;2427.32;496.92;10;0.77;stop;7;1;7518
279;1881.37;856.19;1896.73;855.01;1894.13;821.18;1878.77;822.36;10;0.78;move;-1;;
280;475.91;1071.92;508.06;1070.74;507.52;1056.2;475.38;1057.39;10;0.76;stop;10;1;7518
281;2856.79;1107.58;2886.21;1107.09;2885.96;1091.79;2856.54;1092.28;10;0.79;move;-1;;
282;2510.77;1021.21;2540.83;1019.73;2540.1;1004.92;2510.04;1006.39;10;0.76;stop;6;1;3253
283;2640.46;41.2;2668.74;38.16;2667.32;24.89;2639.03;27.93;10;0.76;stop;4;1;7518
284;2311.27;1044.38;2338.94;1042.39;2337.98;1028.99;2310.31;1030.98;10;0.75;stop;-1;;
285;2782.6;1157.32;2783.14;1138.77;2745.6;1137.68;2745.06;1156.23;9;0.78;stop;11;1;7518
286;2012.64;1973.3;2021.53;1937.69;2006.05;1933.82;1997.16;1969.43;10;0.75;stop;15;1;7518
287;3211.12;1508.49;3219.46;1472.8;3203.25;1469.01;3194.92;1504.7;10;0.73;stop;-1;;
288;989.25;1183.56;1016.25;1182.03;1015.5;1168.81;988.5;1170.35;10;0.75;stop;12;1;7518
289;2615.55;951.99;2630.44;950.39;2626.57;914.39;2611.69;915.98;10;0.75;stop;6;1;7518
290;2153.6;1159.39;2184.28;1157.75;2183.46;1142.36;2152.78;1144.0;10;0.76;stop;11;1;7518
291;2436.0;1306.31;2466.77;1305.48;2466.37;1290.76;2435.61;1291.58;10;0.74;stop;13;1;7518
293;1807.39;678.2;1821.95;676.89;1819.38;648.18;1804.81;649.48;10;0.8;stop;1;1;7518
294;2441.88;1042.66;2471.23;1041.39;2470.62;1027.34;2441.27;1028.61;10;0.76;stop;-1;;
295;3273.6;1120.96;3276.17;1105.25;3243.9;1099.98;3241.33;1115.69;10;0.7;move;-1;;
296;1325.66;1692.58;1354.14;1692.48;1354.09;1677.92;1325.61;1678.02;10;0.76;stop;14;1;7518
297;2146.78;555.45;2174.85;551.6;2172.84;536.93;2144.77;540.78;10;0.81;move;-1;;
298;3693.65;896.5;3727.03;893.48;3725.73;879.12;3692.35;882.15;10;0.76;stop;6;1;7518
299;1035.47;637.53;1036.42;624.37;1010.15;622.47;1009.2;635.63;10;0.75;stop;-1;;
300;581.42;1069.08;612.99;1066.94;612.01;1052.49;580.45;1054.62;10;0.76;stop;10;1;7518
301;1773.0;226.58;1789.14;225.42;1786.97;195.3;1770.83;196.46;10;0.74;stop;1;1;7518
302;2361.78;515.2;2389.19;511.99;2387.6;498.42;2360.19;501.64;10;0.78;stop;7;1;7518
303;2935.41;466.42;2964.38;462.47;2962.59;449.33;2933.62;453.28;10;0.75;stop;7;1;7518
304;338.78;1074.34;365.08;1073.81;364.81;1060.35;338.51;1060.88;10;0.76;stop;10;1;7191
305;155.14;1188.01;184.54;1187.4;184.24;1172.61;154.83;1173.22;10;0.76;stop;-1;;
306;2038.43;1070.16;2068.5;1069.12;2068.01;1054.96;2037.94;1056.0;10;0.77;move;-1;;
307;1954.66;1012.07;1961.1;977.33;1946.84;974.68;1940.4;1009.42;10;0.8;move;-1;;
308;1464.41;1173.8;1492.89;1172.29;1492.09;1157.2;1463.61;1158.71;10;0.75;stop;12;1;7518
309;3059.68;1184.79;3061.59;1170.62;3030.79;1166.46;3028.88;1180.63;10;0.79;stop;11;1;7518
310;1266.61;1653.2;1266.7;1639.86;1238.77;1639.67;1238.68;1653.01;10;0.74;stop;14;1;7518
311;3293.56;1362.0;3305.3;1324.54;3287.69;1319.02;3275.95;1356.48;10;0.77;stop;11;1;7518
312;2209.55;529.26;2241.89;525.22;2240.01;510.24;2207.67;514.28;10;0.79;stop;7;1;7518
313;719.72;1184.01;745.87;1183.32;745.48;1168.37;719.33;1169.05;10;0.76;stop;12;1;7518
314;1927.38;1247.59;1941.65;1244.7;1935.87;1216.16;1921.6;1219.05;10;0.68;stop;-1;;
315;2097.75;1284.94;2129.16;1281.78;2127.75;1267.69;2096.34;1270.84;10;0.76;stop;13;1;7518
316;2584.16;620.91;2598.25;619.52;2594.97;586.21;2580.88;587.6;10;0.76;stop;7;1;7518
317;1505.71;1116.75;1540.84;1114.12;1539.66;1098.38;1504.53;1101.01;10;0.74;move;-1;;
318;3390.56;1001.56;3404.71;974.09;3391.31;967.19;3377.16;994.66;10;0.77;stop;6;1;7518
319;765.96;2046.24;781.66;2045.9;780.99;2015.01;765.28;2015.35;10;0.74;stop;-1;;
320;2502.23;504.12;2530.8;501.36;2529.52;488.13;2500.95;490.89;10;0.76;stop;7;1;7518
321;3286.88;550.37;3300.65;549.12;3298.12;521.2;3284.35;522.44;10;0.76;stop;8;1;7518
322;926.23;1144.18;926.33;1129.64;898.52;1129.45;898.42;1143.98;10;0.81;move;-1;;
323;2117.97;1050.95;2147.56;1050.03;2147.09;1034.8;2117.5;1035.72;10;0.77;stop;-1;;
324;2101.56;537.04;2129.21;533.77;2127.5;519.34;2099.85;522.61;10;0.8;stop;7;1;7518
325;2139.02;534.52;2168.01;531.52;2166.54;517.36;2137.55;520.35;10;0.78;stop;7;1;7518
326;2565.01;407.34;2579.57;406.15;2576.99;374.54;2562.43;375.73;10;0.76;stop;7;1;7518
327;2157.73;1052.84;2189.05;1051.33;2188.33;1036.29;2157.01;1037.79;10;0.76;stop;-1;;
328;3434.41;968.06;3447.09;942.07;3434.65;936.0;3421.97;961.99;10;0.75;stop;6;1;7518
329;761.78;2046.75;762.83;2015.01;747.33;2014.5;746.29;2046.24;10;0.74;stop;-1;;
330;1952.03;369.23;1966.75;366.98;1962.03;336.14;1947.31;338.39;10;0.79;stop;2;1;1203
331;3485.27;415.49;3514.0;411.73;3512.23;398.26;3483.5;402.02;10;0.74;stop;6;1;7518
332;2581.7;581.35;2595.39;580.22;2592.92;550.4;2579.24;551.53;10;0.73;stop;7;1;7518
333;2588.95;670.92;2603.56;670.41;2602.55;641.95;2587.94;642.47;10;0.76;stop;7;1;7518
334;573.04;1070.38;573.4;1056.47;550.09;1055.87;549.72;1069.78;10;0.68;stop;10;1;7518
335;1577.76;1115.5;1590.31;1106.07;1581.24;1094.0;1568.69;1103.43;10;0.58;move;-1;;
336;1279.8;1692.75;1279.99;1678.14;1250.32;1677.75;1250.13;1692.36;10;0.75;stop;14;1;7518
337;1164.63;1892.11;1178.95;1892.0;1178.74;1866.51;1164.43;1866.63;10;0.74;stop;-1;;
338;1799.77;353.01;1814.23;351.77;1811.48;319.74;1797.02;320.98;10;0.77;stop;1;1;7518
339;3692.86;855.72;3725.05;854.89;3724.64;839.28;3692.45;840.11;10;0.76;stop;6;1;7518
340;1260.42;1053.07;1286.62;1050.82;1285.45;1037.18;1259.25;1039.43;10;0.73;stop;10;1;7518
341;2636.79;1039.72;2636.8;1025.8;2607.59;1025.78;2607.57;1039.7;10;0.74;stop;-1;;
342;2224.93;1068.69;2257.58;1067.98;2257.26;1053.06;2224.6;1053.77;10;0.76;stop;-1;;
343;1793.5;1660.48;1821.6;1659.09;1820.89;1644.77;1792.8;1646.16;10;0.74;stop;14;1;7518
344;3642.29;524.84;3652.65;495.53;3638.33;490.47;3627.97;519.78;10;0.76;stop;6;1;7518
345;1539.54;1133.16;1569.78;1131.17;1568.83;1116.84;1538.59;1118.83;10;0.75;move;-1;;
346;1731.21;1698.48;1731.94;1683.51;1704.1;1682.14;1703.36;1697.12;10;0.74;stop;14;1;7518
347;785.24;631.47;786.24;617.43;757.88;615.4;756.88;629.44;10;0.75;stop;-1;;
348;2583.28;48.75;2611.97;45.67;2610.47;31.69;2581.78;34.77;10;0.75;stop;4;1;7518
349;1163.68;1929.9;1180.41;1929.56;1179.7;1895.1;1162.97;1895.44;10;0.73;stop;-1;;
350;1776.77;268.08;1792.14;266.73;1789.24;233.67;1773.88;235.02;10;0.75;stop;1;1;7518
351;2572.54;474.65;2586.22;474.17;2585.21;445.6;2571.53;446.08;10;0.75;stop;7;1;7518
352;2899.09;468.78;2926.86;466.18;2925.6;452.78;2897.83;455.38;10;0.76;stop;7;1;7518
353;2198.48;1050.26;2227.08;1048.63;2226.34;1035.49;2197.73;1037.12;10;0.76;stop;-1;;
354;2039.74;1604.19;2054.56;1603.86;2053.76;1568.31;2038.94;1568.64;10;0.76;stop;15;1;7518
355;2566.19;366.73;2578.73;365.83;2576.93;340.9;2564.4;341.8;10;0.75;stop;7;1;7518
357;1344.62;1179.53;1376.16;1178.38;1375.63;1163.85;1344.09;1165.0;10;0.74;stop;12;1;7518
358;1672.46;1168.27;1700.84;1167.09;1700.29;1153.73;1671.91;1154.91;10;0.75;stop;12;1;7518
359;2607.66;908.49;2623.29;907.5;2620.97;870.7;2605.34;871.68;10;0.73;stop;6;1;3063
360;1761.39;62.22;1776.99;61.57;1775.61;28.9;1760.01;29.56;10;0.7;stop;1;1;5613
361;2685.83;510.99;2717.92;507.2;2716.05;491.38;2683.96;495.18;10;0.77;move;-1;;
362;3567.18;610.92;3578.1;583.24;3564.38;577.83;3553.46;605.51;10;0.77;stop;6;1;7518
363;735.53;1144.59;766.61;1144.48;766.56;1130.16;735.48;1130.27;10;0.75;move;-1;;
364;2394.41;1062.13;2420.32;1059.79;2419.09;1046.12;2393.18;1048.46;10;0.73;stop;-1;;
365;3829.15;39.85;3837.44;15.36;3824.6;11.01;3816.31;35.5;10;0.4;stop;-1;;
366;2834.51;1132.31;2834.64;1117.94;2805.25;1117.69;2805.13;1132.06;10;0.77;move;-1;;
367;3311.01;1044.08;3327.53;1012.78;3313.36;1005.3;3296.84;1036.6;10;0.65;stop;6;1;7518
369;1330.06;1051.42;1360.45;1050.11;1359.81;1035.45;1329.43;1036.77;10;0.72;stop;10;1;7518
370;1934.1;1975.19;1937.81;1948.38;1924.65;1946.56;1920.94;1973.37;10;0.74;stop;-1;;
371;666.99;1061.93;693.17;1058.01;691.44;1046.5;665.27;1050.43;10;0.75;stop;10;1;7518
372;2015.72;1251.56;2030.3;1251.17;2029.41;1217.82;2014.82;1218.21;10;0.54;stop;-1;;
373;2686.05;1063.3;2686.57;1048.05;2655.88;1047.01;2655.37;1062.27;10;0.73;stop;-1;;
374;1340.84;1653.01;1341.53;1640.13;1315.28;1638.74;1314.6;1651.62;10;0.74;stop;14;1;7518
375;2173.17;533.99;2205.48;529.11;2203.27;514.51;2170.96;519.39;10;0.74;stop;7;1;7518
376;2133.13;1321.44;2160.73;1319.77;2159.87;1305.43;2132.27;1307.11;10;0.74;stop;13;1;7518
377;3097.85;1078.87;3099.63;1063.3;3067.15;1059.57;3065.37;1075.14;10;0.83;move;-1;;
378;2477.93;1306.34;2505.27;1304.52;2504.32;1290.16;2476.98;1291.98;10;0.72;stop;13;1;7518
379;3317.13;960.04;3333.33;953.16;3318.5;918.24;3302.29;925.13;10;0.62;stop;6;1;7518
380;3186.65;1204.13;3189.04;1187.78;3154.6;1182.75;3152.21;1199.1;10;0.72;stop;11;1;7518
381;2044.29;1644.16;2055.76;1643.91;2055.21;1619.46;2043.74;1619.72;10;0.69;stop;15;1;7518
382;690.56;1100.02;722.43;1099.64;722.25;1084.35;690.38;1084.73;10;0.77;move;-1;;
383;2053.99;562.14;2085.05;558.69;2083.39;543.73;2052.32;547.19;10;0.81;stop;-1;;
384;2454.93;63.46;2484.79;60.67;2483.44;46.23;2453.58;49.02;10;0.75;stop;4;1;7518
385;899.59;1160.08;901.07;1143.96;863.84;1140.55;862.37;1156.67;10;0.82;move;-1;;
386;1278.22;1652.66;1304.56;1651.94;1304.21;1639.09;1277.87;1639.81;10;0.7;stop;14;1;7518
387;1887.08;1699.19;1888.12;1683.51;1856.83;1681.44;1855.79;1697.12;10;0.71;stop;14;1;3350
388;437.06;1646.38;437.43;1632.79;409.97;1632.06;409.61;1645.64;10;0.74;stop;18;1;7518
389;2099.71;1160.08;2134.19;1158.03;2133.29;1142.8;2098.81;1144.85;10;0.73;stop;11;1;7518
390;1179.16;1858.27;1179.59;1827.45;1163.65;1827.23;1163.22;1858.05;10;0.72;stop;-1;;
391;3738.81;271.3;3746.35;245.38;3733.06;241.51;3725.52;267.44;10;0.74;stop;6;1;7518
392;3689.36;439.71;3722.73;435.07;3720.64;419.98;3687.27;424.62;10;0.69;stop;6;1;7518
393;3613.21;598.51;3626.8;567.14;3613.04;561.18;3599.45;592.55;10;0.77;stop;-1;;
394;777.0;1161.03;806.72;1158.48;805.5;1144.29;775.78;1146.83;10;0.81;move;-1;;
395;555.81;1185.17;584.39;1184.78;584.18;1169.83;555.61;1170.22;10;0.72;stop;12;1;5709
396;521.78;1186.26;551.22;1185.26;550.72;1170.61;521.28;1171.62;10;0.74;stop;12;1;7518
397;2536.46;1822.0;2538.08;1792.23;2524.54;1791.5;2522.92;1821.27;10;0.69;stop;16;1;7518
398;234.77;63.97;266.42;59.28;264.45;45.95;232.8;50.64;10;0.68;stop;-1;;
399;555.83;1168.31;585.5;1167.5;585.1;1152.94;555.44;1153.75;10;0.76;move;-1;;
400;2007.04;995.86;2021.05;992.39;2013.71;962.77;1999.7;966.24;10;0.74;stop;9;1;7518
401;2336.77;72.56;2370.4;68.96;2368.73;53.44;2335.1;57.04;10;0.75;stop;4;1;7518
402;88.79;1191.1;139.7;1189.94;139.26;1170.47;88.35;1171.62;9;0.69;stop;-1;;
403;689.14;1649.29;689.62;1636.67;664.61;1635.71;664.13;1648.33;10;0.71;stop;18;1;7518
404;335.01;560.15;337.75;545.4;306.24;539.54;303.5;554.28;10;0.58;stop;-1;;
405;3375.75;1032.37;3391.72;1002.87;3378.0;995.44;3362.03;1024.94;10;0.7;stop;6;1;2945
406;2289.5;522.53;2318.71;519.11;2317.0;504.59;2287.79;508.02;10;0.77;stop;7;1;7518
407;212.88;1073.21;213.29;1060.43;187.67;1059.6;187.26;1072.38;10;0.71;stop;10;1;5188
408;1391.59;1178.12;1420.43;1176.88;1419.78;1161.88;1390.95;1163.12;10;0.69;stop;12;1;7518
409;1682.49;1041.39;1712.4;1039.83;1711.64;1025.24;1681.73;1026.8;10;0.73;stop;10;1;7518
410;2992.89;460.05;3021.47;456.55;3019.86;443.33;2991.28;446.82;10;0.73;stop;7;1;7518
412;361.05;1684.3;361.87;1669.85;332.7;1668.2;331.88;1682.65;10;0.72;stop;18;1;7518
413;3576.55;711.75;3583.91;684.15;3570.01;680.44;3562.65;708.04;10;0.71;stop;6;1;7518
414;186.88;1188.3;216.49;1187.36;216.01;1172.32;186.4;1173.27;10;0.74;stop;-1;;
415;1708.36;1168.79;1739.07;1167.88;1738.64;1153.21;1707.93;1154.12;10;0.75;stop;12;1;7518
416;2802.81;1264.04;2829.49;1262.55;2828.75;1249.4;2802.07;1250.89;10;0.72;stop;13;1;7518
417;1895.17;738.33;1909.9;737.15;1907.52;707.3;1892.78;708.47;10;0.79;move;-1;;
418;3543.56;803.64;3552.81;774.36;3537.37;769.49;3528.13;798.76;10;0.73;stop;6;1;7518
419;2826.13;1068.5;2827.26;1053.51;2793.99;1051.0;2792.86;1065.99;10;0.67;stop;-1;;
420;3347.36;916.13;3379.66;902.1;3373.58;888.09;3341.28;902.12;10;0.73;stop;6;1;7518
421;2704.94;1366.36;2720.2;1340.04;2708.19;1333.08;2692.93;1359.4;10;0.57;stop;13;1;7518
422;2092.72;561.05;2129.92;557.49;2128.28;540.33;2091.08;543.88;10;0.72;stop;-1;;
423;3767.92;196.69;3777.47;169.46;3763.95;164.72;3754.4;191.95;10;0.74;stop;6;1;7518
424;1469.23;194.29;1482.57;191.98;1477.14;160.65;1463.81;162.96;10;0.66;stop;-1;;
425;3520.29;411.71;3548.5;407.95;3546.59;393.61;3518.38;397.36;10;0.7;stop;6;1;7518
426;624.7;1236.31;654.55;1235.29;654.05;1220.88;624.2;1221.9;10;0.71;stop;12;1;7518
427;1623.81;1694.48;1624.15;1680.09;1594.82;1679.4;1594.48;1693.78;10;0.73;stop;14;1;7518
428;627.4;1218.69;655.33;1218.26;655.1;1203.81;627.17;1204.24;10;0.71;stop;12;1;7518
429;2031.95;1438.79;2049.75;1437.13;2045.24;1388.89;2027.44;1390.56;9;0.6;stop;15;1;2857
430;2815.52;2054.93;2829.92;2047.59;2815.11;2018.51;2800.7;2025.85;10;0.74;stop;-1;;
431;832.93;1143.83;833.12;1130.22;804.09;1129.8;803.89;1143.4;10;0.76;move;-1;;
432;1963.21;1054.81;1992.96;1053.31;1992.29;1039.94;1962.54;1041.44;10;0.79;move;-1;;
433;474.63;1646.23;474.73;1632.41;445.52;1632.21;445.43;1646.03;10;0.73;stop;18;1;7518
434;2536.47;1860.86;2538.23;1829.98;2523.4;1829.14;2521.65;1860.02;10;0.53;stop;16;1;7518
435;2384.81;68.61;2413.35;65.4;2411.82;51.77;2383.28;54.97;10;0.74;stop;4;1;4083
436;2560.56;334.29;2574.88;333.01;2572.44;305.83;2558.12;307.12;10;0.74;stop;7;1;7518
438;1794.15;268.91;1808.97;267.29;1805.76;237.9;1790.94;239.52;10;0.72;stop;-1;;
439;2330.57;1316.98;2331.01;1297.94;2288.3;1296.95;2287.87;1316.0;9;0.67;stop;13;1;7518
440;3649.59;1269.97;3653.7;1256.3;3623.54;1247.22;3619.43;1260.89;10;0.71;stop;11;1;7518
441;632.62;1648.75;661.19;1648.63;661.13;1634.38;632.56;1634.5;10;0.68;stop;18;1;7518
442;1811.25;557.75;1826.1;557.38;1825.36;527.88;1810.51;528.25;10;0.77;stop;1;1;7518
443;676.16;1243.66;676.24;1215.45;661.65;1215.4;661.57;1243.62;10;0.69;stop;12;1;7518
444;3032.45;1366.55;3042.96;1352.05;3009.55;1327.82;2999.04;1342.32;10;0.67;stop;13;1;7518
445;2611.82;495.47;2644.22;491.99;2642.68;477.66;2610.28;481.14;10;0.67;stop;7;1;7518
446;124.84;1078.5;149.69;1076.91;148.91;1064.63;124.06;1066.21;10;0.68;stop;10;1;7518
447;3252.56;1084.33;3255.82;1062.69;3174.01;1050.36;3170.75;1072.0;9;0.74;move;-1;;
448;3233.94;1109.45;3237.35;1084.94;3172.0;1075.86;3168.59;1100.37;9;0.78;move;-1;;
449;2065.83;98.19;2100.02;94.76;2098.55;80.12;2064.36;83.55;10;0.75;stop;4;1;7518
450;421.75;1074.68;446.01;1071.81;444.5;1059.07;420.24;1061.94;10;0.73;stop;10;1;4900
451;2354.89;560.14;2387.01;557.04;2385.49;541.24;2353.36;544.34;10;0.73;stop;7;1;7518
452;3718.8;394.89;3751.6;389.97;3749.32;374.79;3716.52;379.71;10;0.68;stop;-1;;
453;1962.12;1573.87;1978.13;1573.67;1977.63;1533.94;1961.62;1534.15;10;0.67;stop;14;1;3085
454;2572.51;1774.7;2572.91;1744.49;2558.24;1744.3;2557.84;1774.51;10;0.64;stop;16;1;7518
455;2034.54;1891.99;2039.09;1852.95;2021.27;1850.88;2016.73;1889.92;10;0.55;stop;15;1;7518
456;3756.33;115.58;3766.22;85.65;3753.05;81.3;3743.16;111.23;10;0.74;stop;6;1;7518
457;3725.34;192.12;3738.32;158.38;3724.04;152.88;3711.05;186.62;10;0.72;stop;6;1;7518
458;2013.46;1605.03;2026.48;1604.05;2024.91;1583.22;2011.9;1584.2;10;0.69;move;-1;;
459;392.69;1684.28;392.78;1669.33;365.74;1669.16;365.65;1684.11;10;0.63;stop;18;1;7518
460;483.51;1646.74;507.53;1646.53;507.43;1633.58;483.4;1633.78;10;0.69;stop;18;1;7518
461;274.64;55.99;306.42;53.21;305.21;39.4;273.43;42.19;10;0.72;stop;-1;;
462;2354.75;1066.44;2384.61;1063.82;2383.37;1049.69;2353.51;1052.31;10;0.77;stop;-1;;
463;1220.88;1514.67;1223.52;1485.36;1208.55;1484.02;1205.92;1513.32;10;0.7;stop;14;1;7518
464;279.56;1188.5;311.66;1186.04;310.59;1172.12;278.49;1174.59;10;0.72;stop;-1;;
465;1427.36;1654.41;1452.98;1653.74;1452.64;1640.71;1427.02;1641.38;10;0.62;stop;14;1;7518
466;1128.77;1182.65;1158.77;1182.56;1158.73;1167.66;1128.73;1167.75;10;0.66;stop;12;1;7518
468;2000.19;2009.04;2009.5;1980.11;1995.81;1975.71;1986.5;2004.64;10;0.67;stop;15;1;7518
469;2539.67;1723.93;2540.27;1695.22;2526.95;1694.94;2526.36;1723.66;10;0.64;stop;16;1;7518
470;2783.85;1065.62;2784.37;1050.37;2755.27;1049.38;2754.76;1064.63;10;0.69;stop;-1;;
471;1244.28;1691.59;1244.75;1677.57;1217.78;1676.66;1217.31;1690.68;10;0.69;stop;14;1;7518
472;2049.99;2162.53;2050.86;2130.88;2036.01;2130.47;2035.14;2162.12;10;0.64;stop;-1;;
474;2650.56;1020.06;2654.58;1006.82;2629.81;999.31;2625.8;1012.55;10;0.63;stop;6;1;2008
475;2038.65;1514.4;2051.54;1513.79;2050.35;1488.23;2037.46;1488.83;10;0.58;stop;15;1;5151
476;1232.4;1652.86;1232.65;1640.54;1206.6;1640.02;1206.35;1652.34;10;0.63;stop;14;1;7518
479;1362.14;1693.32;1388.98;1692.37;1388.49;1678.3;1361.64;1679.25;10;0.67;stop;14;1;7518
480;2037.62;99.0;2062.95;96.18;2061.51;83.25;2036.18;86.07;10;0.68;stop;4;1;7518
481;3346.98;898.28;3358.11;888.25;3336.46;864.22;3325.33;874.25;10;0.62;stop;6;1;7518
483;3031.47;457.95;3065.2;454.63;3063.69;439.24;3029.95;442.56;10;0.65;stop;7;1;7518
484;1086.25;1049.04;1107.64;1048.77;1107.5;1037.83;1086.11;1038.1;10;0.67;stop;10;1;7518
485;3127.07;1059.52;3128.8;1046.38;3105.43;1043.29;3103.7;1056.44;10;0.6;stop;6;1;7518
486;2012.99;566.26;2045.69;561.87;2043.76;547.49;2011.06;551.88;10;0.8;stop;-1;;
487;3811.42;96.15;3827.66;53.08;3808.58;45.89;3792.34;88.95;9;0.67;stop;-1;;
488;3314.8;1126.48;3316.64;1111.41;3285.2;1107.59;3283.36;1122.65;10;0.8;move;-1;;
489;655.37;1688.82;656.28;1674.05;625.26;1672.12;624.34;1686.89;10;0.67;stop;18;1;7518
490;1759.62;1697.28;1760.14;1683.16;1734.63;1682.22;1734.11;1696.34;10;0.67;stop;14;1;7518
491;1878.29;2166.33;1888.62;2143.11;1876.96;2137.92;1866.63;2161.14;10;0.67;move;-1;;
492;875.24;632.26;876.33;618.78;847.88;616.49;846.8;629.97;10;0.59;stop;-1;;
493;123.34;79.65;155.59;75.97;153.93;61.44;121.68;65.13;10;0.72;stop;-1;;
494;424.51;1685.07;425.05;1670.26;398.61;1669.31;398.08;1684.11;10;0.67;stop;18;1;7518
495;1948.87;1426.04;1965.89;1423.38;1958.72;1377.46;1941.71;1380.12;9;0.71;stop;14;1;7518
496;2589.64;2073.9;2629.42;2068.76;2626.61;2046.97;2586.83;2052.11;9;0.41;stop;-1;;
497;2409.33;1275.45;2439.7;1274.03;2439.05;1260.02;2408.67;1261.44;10;0.61;stop;-1;;
498;1761.08;95.94;1772.79;95.91;1772.73;70.56;1761.02;70.59;10;0.54;stop;1;1;3740
499;905.05;1184.81;933.46;1184.34;933.2;1168.69;904.79;1169.16;10;0.59;stop;12;1;7243
501;1459.21;1694.75;1459.72;1681.31;1432.04;1680.25;1431.53;1693.69;10;0.73;stop;14;1;7518
502;727.74;2045.87;728.75;2017.96;719.63;2017.63;718.63;2045.54;10;0.58;stop;-1;;
504;3404.07;1044.51;3420.0;1011.02;3403.12;1002.99;3387.19;1036.48;9;0.61;stop;6;1;7518
505;1423.04;1692.3;1423.78;1680.79;1400.71;1679.32;1399.97;1690.83;10;0.66;stop;14;1;7518
506;3119.28;1195.37;3120.32;1179.07;3109.47;1178.38;3108.43;1194.68;10;0.65;stop;11;1;7518
507;3347.09;1262.4;3360.3;1225.77;3341.97;1219.16;3328.77;1255.79;10;0.63;stop;11;1;7518
508;151.32;1675.32;152.21;1658.33;118.21;1656.56;117.32;1673.54;10;0.63;stop;17;1;7518
509;1471.06;226.61;1484.17;225.6;1482.06;198.08;1468.95;199.09;10;0.61;stop;-1;;
510;180.99;1072.97;181.77;1060.58;154.86;1058.91;154.09;1071.3;10;0.62;stop;10;1;5272
512;1460.92;877.87;1461.67;864.15;1431.46;862.5;1430.71;876.23;10;0.64;stop;10;1;7518
513;1214.98;1556.64;1218.48;1525.71;1204.89;1524.17;1201.39;1555.1;10;0.66;stop;14;1;5102
514;2146.31;1286.64;2196.27;1284.03;2195.25;1264.58;2145.29;1267.19;9;0.66;stop;13;1;3713
515;2377.7;1310.05;2408.9;1309.86;2408.8;1293.2;2377.6;1293.39;10;0.62;stop;13;1;7518
516;1213.56;1593.09;1213.71;1564.86;1200.69;1564.79;1200.54;1593.02;10;0.63;stop;14;1;7518
517;833.0;1479.42;833.18;1464.69;803.87;1464.33;803.69;1479.06;10;0.62;stop;-1;;
518;3095.94;1451.86;3109.34;1444.04;3091.56;1413.61;3078.16;1421.43;10;0.62;stop;13;1;7518
519;2970.01;1955.48;2998.21;1940.52;2990.99;1926.9;2962.79;1941.86;10;0.57;stop;-1;;
520;1430.16;1174.38;1458.93;1174.2;1458.84;1160.0;1430.07;1160.17;10;0.69;stop;12;1;7518
521;3630.86;557.62;3640.6;531.0;3627.26;526.13;3617.53;552.75;10;0.63;stop;6;1;2768
522;2900.76;1260.05;2900.85;1247.0;2876.12;1246.83;2876.03;1259.88;10;0.64;stop;13;1;7518
523;690.01;1687.96;690.3;1673.51;663.74;1672.98;663.45;1687.43;10;0.63;stop;18;1;7518
524;384.7;512.74;388.4;482.94;372.8;481.01;369.1;510.81;10;0.59;stop;-1;;
525;1595.08;553.92;1595.14;539.68;1570.67;539.58;1570.61;553.82;10;0.6;stop;-1;;
526;3418.62;1001.03;3432.1;972.18;3418.57;965.85;3405.08;994.7;10;0.64;stop;6;1;7518
527;3805.01;1126.32;3821.46;1125.01;3818.74;1090.87;3802.29;1092.18;10;0.56;stop;-1;;
528;1942.18;1375.98;1958.07;1373.47;1952.57;1338.64;1936.68;1341.15;10;0.54;stop;14;1;2885
529;3206.71;94.85;3221.75;93.46;3218.92;62.89;3203.88;64.28;10;0.52;stop;-1;;
530;1024.11;1186.11;1064.01;1183.4;1062.77;1165.14;1022.87;1167.85;9;0.7;move;-1;;
531;3582.59;753.21;3592.94;728.2;3578.98;722.42;3568.62;747.43;10;0.6;stop;6;1;7518
532;451.46;31.78;483.25;28.71;481.82;13.93;450.03;16.99;10;0.61;stop;-1;;
533;512.63;1434.86;513.72;1418.2;481.12;1416.07;480.03;1432.74;10;0.64;stop;-1;;
534;1501.11;1695.02;1502.01;1680.97;1468.89;1678.86;1467.99;1692.91;10;0.48;stop;-1;;
535;3617.18;2085.5;3649.32;2069.99;3640.94;2052.63;3608.8;2068.14;10;0.41;stop;-1;;
536;1422.11;875.79;1422.64;862.3;1394.89;861.21;1394.36;874.7;10;0.59;stop;10;1;7518
537;743.0;2048.65;745.46;2019.33;732.3;2018.22;729.84;2047.55;10;0.56;stop;-1;;
538;1627.0;557.79;1627.23;542.92;1597.25;542.46;1597.02;557.33;10;0.58;stop;-1;;
539;2541.04;47.31;2554.56;45.81;2551.46;17.94;2537.94;19.44;10;0.67;stop;4;1;7518
540;2602.11;820.84;2616.4;819.82;2614.14;787.91;2599.85;788.93;10;0.62;move;-1;;
541;477.96;1264.18;478.31;1250.0;449.23;1249.26;448.87;1263.44;10;0.57;stop;-1;;
542;1032.87;1007.37;1047.4;1006.74;1046.13;977.13;1031.6;977.76;10;0.57;stop;10;1;7518
543;859.42;1690.02;859.86;1674.6;829.02;1673.73;828.58;1689.15;10;0.61;stop;18;1;7518
546;3451.5;933.69;3461.91;908.99;3448.5;903.34;3438.08;928.04;10;0.58;stop;6;1;7518
548;881.68;1188.17;882.54;1177.82;863.0;1176.21;862.15;1186.56;10;0.62;stop;12;1;7518
549;374.76;1645.18;398.62;1644.42;398.21;1631.38;374.34;1632.14;10;0.57;stop;18;1;7518
550;1525.91;1657.36;1526.64;1647.4;1502.59;1645.64;1501.86;1655.6;10;0.5;stop;14;1;1216
552;1168.94;1052.94;1192.21;1051.96;1191.69;1039.56;1168.42;1040.54;10;0.76;stop;-1;;
553;2576.96;1500.09;2577.69;1473.66;2563.91;1473.28;2563.18;1499.71;10;0.46;stop;16;1;7518
556;2043.96;1852.29;2048.13;1803.46;2027.6;1801.71;2023.43;1850.54;9;0.5;stop;15;1;7518
558;529.92;1648.58;556.05;1647.9;555.7;1634.54;529.58;1635.23;10;0.59;stop;18;1;7518
559;2557.97;303.56;2572.39;302.14;2569.41;271.88;2554.99;273.3;10;0.62;stop;7;1;7518
560;2108.67;2098.39;2109.28;2081.19;2071.83;2079.86;2071.22;2097.06;10;0.43;stop;-1;;
561;442.92;1249.53;469.49;1249.09;469.27;1235.78;442.7;1236.22;10;0.52;stop;-1;;
562;2528.75;1534.22;2542.79;1534.01;2542.38;1506.1;2528.33;1506.31;10;0.63;stop;16;1;7518
564;2546.25;122.92;2558.9;121.71;2556.38;95.33;2543.73;96.54;10;0.65;stop;4;1;7518
566;1560.8;1783.86;1565.82;1770.65;1537.45;1759.89;1532.43;1773.1;10;0.62;stop;14;1;7518
567;2288.51;1280.43;2289.26;1266.87;2258.37;1265.16;2257.62;1278.73;10;0.5;stop;13;1;7518
568;2307.5;562.38;2340.01;558.57;2338.37;544.62;2305.87;548.43;10;0.66;stop;7;1;7518
569;3654.47;900.72;3684.15;897.21;3682.4;882.4;3652.72;885.91;10;0.54;stop;6;1;7518
570;1601.02;1651.75;1601.32;1640.62;1578.23;1640.0;1577.93;1651.13;10;0.37;stop;14;1;7518
572;3519.08;982.37;3538.23;939.33;3519.67;931.07;3500.52;974.11;10;0.46;stop;-1;;
573;861.81;1613.94;874.86;1613.28;873.51;1586.68;860.45;1587.35;10;0.51;stop;-1;;
575;1059.85;1652.62;1060.4;1640.22;1035.46;1639.13;1034.92;1651.53;10;0.52;stop;14;1;7518
576;2510.84;41.31;2511.0;21.05;2497.29;20.94;2497.13;41.21;10;0.36;stop;4;1;1950
578;92.07;878.04;94.81;850.44;78.67;848.84;75.93;876.43;10;0.53;stop;-1;;
580;3606.91;904.91;3641.15;902.35;3639.97;886.65;3605.73;889.21;10;0.57;stop;6;1;7518
581;486.92;27.03;517.6;24.1;516.21;9.53;485.53;12.46;10;0.53;stop;-1;;
583;3533.03;838.12;3543.04;804.02;3523.53;798.29;3513.52;832.39;10;0.41;stop;6;1;7517
584;1501.5;970.35;1503.81;937.59;1488.75;936.53;1486.44;969.28;10;0.55;stop;10;1;6420
586;1064.37;1185.46;1096.22;1184.34;1095.63;1167.66;1063.78;1168.79;10;0.44;stop;12;1;2003
587;625.45;1253.74;654.89;1252.4;654.24;1238.14;624.8;1239.48;10;0.47;stop;12;1;1226
588;3326.3;1004.62;3328.92;974.73;3314.95;973.51;3312.33;1003.39;10;0.4;stop;6;1;4841
589;236.91;1708.39;253.95;1694.88;228.56;1662.86;211.52;1676.37;10;0.46;stop;-1;;
590;1376.68;1655.55;1377.06;1643.87;1349.2;1642.95;1348.81;1654.63;10;0.47;stop;14;1;3069
591;825.67;1690.27;826.19;1674.46;796.44;1673.48;795.92;1689.29;10;0.52;stop;18;1;7518
592;1824.65;887.38;1840.17;885.97;1837.14;852.43;1821.61;853.84;10;0.56;stop;1;1;7518
595;728.42;1688.08;728.54;1673.07;700.33;1672.85;700.21;1687.87;10;0.46;stop;18;1;5762
596;1652.16;1042.03;1676.36;1040.68;1675.59;1026.85;1651.39;1028.2;10;0.52;stop;-1;;
597;1589.08;1693.93;1589.68;1680.01;1562.04;1678.82;1561.44;1692.74;10;0.43;stop;14;1;2735
598;851.21;1952.77;880.74;1951.04;879.89;1936.36;850.35;1938.08;10;0.47;stop;-1;;
602;3120.28;1390.63;3125.05;1378.08;3112.97;1373.5;3108.2;1386.04;10;0.39;stop;13;1;3095
603;2552.71;87.22;2575.84;82.78;2573.54;70.84;2550.41;75.29;10;0.51;stop;4;1;7518
605;59.81;1188.72;87.28;1188.04;86.91;1172.84;59.44;1173.52;10;0.53;stop;-1;;
607;2152.8;1158.72;2160.65;1158.62;2160.45;1144.15;2152.6;1144.26;10;0.49;stop;11;1;5011
608;1849.67;1697.76;1850.48;1683.47;1820.08;1681.74;1819.27;1696.03;10;0.51;stop;14;1;3309
610;727.07;1687.99;727.28;1672.49;719.66;1672.39;719.46;1687.89;10;0.46;stop;18;1;3060
611;3708.28;245.75;3723.76;206.51;3707.34;200.03;3691.86;239.27;9;0.53;stop;6;1;7518
612;2580.57;1370.75;2580.62;1337.71;2564.8;1337.68;2564.75;1370.73;10;0.39;stop;-1;;
613;3414.29;1288.08;3456.33;1280.17;3452.89;1261.92;3410.86;1269.83;9;0.43;stop;11;1;7518
614;1785.93;114.8;1786.08;95.67;1773.33;95.58;1773.19;114.7;10;0.54;stop;1;1;2392
615;3720.61;319.29;3730.54;292.28;3715.64;286.8;3705.71;313.82;10;0.49;stop;6;1;7518
616;1940.31;59.81;1952.78;58.28;1949.94;35.25;1937.47;36.78;10;0.4;stop;2;1;1341
617;709.7;1217.28;738.02;1216.85;737.8;1202.41;709.48;1202.84;10;0.57;stop;12;1;5232
619;2050.64;1791.95;2051.31;1769.04;2038.92;1768.68;2038.25;1791.59;10;0.54;stop;-1;;
620;3292.16;585.75;3304.23;584.23;3301.28;560.81;3289.2;562.34;10;0.42;stop;8;1;1074
622;1151.19;1653.2;1151.45;1639.79;1126.94;1639.3;1126.67;1652.71;10;0.41;stop;14;1;1599
623;3759.44;391.33;3788.82;388.61;3787.43;373.67;3758.06;376.39;10;0.35;stop;-1;;
624;3513.92;170.79;3529.3;167.79;3522.96;135.3;3507.57;138.3;10;0.45;stop;-1;;
625;615.61;1687.02;616.5;1672.7;590.96;1671.11;590.07;1685.43;10;0.54;stop;18;1;7518
626;552.57;1686.22;579.2;1685.84;578.99;1670.97;552.36;1671.35;10;0.45;stop;18;1;7518
627;458.66;1685.16;459.74;1672.18;435.24;1670.15;434.17;1683.13;10;0.52;stop;18;1;7518
628;1687.92;1657.61;1688.84;1641.4;1679.74;1640.89;1678.82;1657.1;10;0.46;stop;14;1;6586
630;375.08;40.22;398.2;25.28;390.86;13.92;367.73;28.86;10;0.42;stop;-1;;
631;162.37;1676.17;188.06;1676.09;188.02;1662.27;162.33;1662.34;10;0.42;stop;17;1;4275
632;2556.24;256.04;2568.85;255.0;2566.64;228.27;2554.03;229.31;10;0.47;stop;7;1;3331
633;576.67;1225.89;577.76;1194.33;562.39;1193.8;561.3;1225.36;10;0.43;stop;12;1;4125
634;305.0;1684.46;331.08;1680.11;328.75;1666.16;302.67;1670.52;10;0.42;stop;18;1;4770
635;89.03;83.8;117.86;80.87;116.4;66.44;87.57;69.36;10;0.46;stop;-1;;
639;287.51;2149.96;294.16;2130.58;284.36;2117.54;277.72;2136.92;10;0.36;stop;-1;;
640;2157.26;599.21;2161.67;565.0;2145.49;562.92;2141.08;597.12;10;0.62;stop;-1;;
641;2716.2;35.04;2744.06;32.42;2742.71;18.07;2714.85;20.68;10;0.37;stop;-1;;
642;3643.16;397.31;3654.56;374.31;3643.09;368.63;3631.69;391.62;10;0.48;stop;6;3;1320
646;1962.78;1631.88;1985.05;1630.72;1982.22;1576.62;1959.95;1577.78;9;0.68;stop;-1;;
650;3657.75;364.91;3668.09;334.29;3654.75;329.78;3644.41;360.4;10;0.42;stop;-1;;
653;1498.63;1006.6;1500.6;975.44;1485.99;974.52;1484.03;1005.68;10;0.5;stop;10;5;7518
657;3742.01;148.69;3750.93;124.16;3739.24;119.91;3730.32;144.44;10;0.42;stop;6;6;1982
658;2286.11;76.71;2319.39;73.96;2318.14;58.85;2284.86;61.61;10;0.51;stop;4;6;3743
661;2394.85;1043.89;2427.44;1041.85;2426.53;1027.24;2393.93;1029.28;10;0.76;stop;-1;;
664;203.46;1638.8;204.34;1626.46;178.93;1624.64;178.05;1636.98;10;0.39;stop;-1;;
667;720.82;1162.76;750.3;1162.54;750.19;1146.87;720.71;1147.08;10;0.8;move;-1;;
680;1502.62;1174.75;1532.4;1173.06;1531.51;1157.37;1501.73;1159.06;10;0.49;stop;-1;;
691;1869.61;719.25;1886.24;717.89;1883.39;683.06;1866.76;684.42;10;0.8;move;-1;;
693;1099.34;1652.29;1099.78;1640.65;1068.45;1639.46;1068.01;1651.1;10;0.4;stop;14;13;3062
701;330.06;1396.37;330.89;1383.02;305.57;1381.44;304.74;1394.79;10;0.39;stop;-1;;
703;1896.73;777.02;1911.32;776.19;1909.61;746.23;1895.02;747.06;10;0.78;move;-1;;
711;3275.43;1098.6;3277.01;1082.55;3243.01;1079.21;3241.43;1095.26;10;0.62;move;-1;;
712;645.44;1070.72;654.18;1033.53;636.12;1029.28;627.38;1066.47;10;0.78;stop;-1;;
714;3199.94;462.89;3229.33;459.03;3227.56;445.55;3198.17;449.4;10;0.77;move;-1;;
718;47.49;1632.98;69.8;1629.52;67.47;1614.52;45.16;1617.98;10;0.46;stop;17;21;5141
736;2536.53;479.43;2552.48;475.59;2550.35;466.7;2534.39;470.53;10;0.41;stop;-1;;
751;974.64;1651.54;994.46;1650.84;994.11;1640.96;974.29;1641.66;10;0.39;stop;-1;;
767;846.08;632.27;846.89;619.14;822.02;617.6;821.2;630.73;10;0.36;stop;-1;;
853;638.84;1148.14;667.56;1147.22;667.1;1132.8;638.37;1133.72;10;0.75;move;-1;;
860;1884.34;619.84;1897.99;617.86;1893.88;589.54;1880.23;591.52;10;0.77;move;-1;;
874;3479.03;1161.01;3482.34;1145.64;3450.04;1138.68;3446.72;1154.04;10;0.81;move;-1;;
884;3409.64;1122.66;3413.33;1097.74;3334.74;1086.09;3331.04;1111.01;9;0.84;move;-1;;
967;1825.87;462.23;1842.22;460.93;1839.38;425.39;1823.03;426.7;10;0.8;move;-1;;
983;550.21;1148.8;550.35;1132.42;516.66;1132.14;516.52;1148.51;10;0.75;move;-1;;
1002;1680.88;122.34;1691.56;121.72;1690.28;99.66;1679.6;100.28;10;0.39;stop;-1;;
1008;159.96;72.5;185.1;68.09;182.93;55.71;157.79;60.11;10;0.46;stop;-1;;
1062;3447.33;1105.62;3457.13;1094.3;3434.86;1075.01;3425.05;1086.32;10;0.75;move;-1;;
1070;3523.18;1157.62;3526.91;1141.28;3489.32;1132.69;3485.59;1149.03;10;0.83;move;-1;;
1104;1823.14;410.82;1838.77;409.84;1836.68;376.68;1821.05;377.66;10;0.76;move;-1;;
1112;3571.56;1164.04;3575.15;1148.09;3536.57;1139.4;3532.97;1155.34;10;0.83;move;-1;;
1151;656.54;1023.87;659.66;994.27;644.71;992.69;641.59;1022.29;10;0.79;stop;-1;;
1205;368.77;1109.51;396.28;1108.49;395.76;1094.55;368.25;1095.58;10;0.61;move;-1;;
1213;3510.35;1132.87;3513.31;1116.73;3479.65;1110.57;3476.69;1126.71;10;0.81;move;-1;;
1221;1851.88;536.98;1866.72;535.4;1863.34;503.64;1848.5;505.22;10;0.8;move;-1;;
1222;1819.96;364.72;1836.06;363.31;1833.38;332.78;1817.29;334.19;10;0.82;move;-1;;
1261;2158.99;1094.15;2159.11;1078.35;2143.01;1078.22;2142.89;1094.03;10;0.79;stop;-1;;
1267;2029.27;2163.51;2030.89;2132.51;2016.23;2131.74;2014.61;2162.74;10;0.54;stop;-1;;
1299;1816.22;592.78;1820.48;580.18;1795.08;571.59;1790.82;584.2;10;0.75;move;-1;;
1306;477.66;1108.33;504.16;1107.84;503.91;1093.86;477.4;1094.34;10;0.72;move;-1;;
1309;255.87;1074.08;277.33;1073.68;277.1;1061.54;255.64;1061.94;10;0.38;stop;-1;;
1331;1819.13;313.78;1833.05;312.56;1830.37;281.9;1816.45;283.12;10;0.79;move;-1;;
1340;437.64;1168.5;474.48;1167.63;474.08;1150.87;437.24;1151.75;10;0.75;move;-1;;
1354;1847.66;393.69;1862.49;392.16;1859.41;362.31;1844.57;363.84;10;0.64;move;-1;;
1360;2242.98;545.02;2275.78;539.58;2273.52;525.98;2240.72;531.42;10;0.69;stop;-1;;
1363;3667.5;1192.91;3671.23;1175.98;3633.75;1167.71;3630.02;1184.65;10;0.8;move;-1;;
1365;2075.88;2162.6;2089.12;2161.34;2086.62;2134.9;2073.38;2136.16;10;0.52;stop;-1;;
1395;1227.15;1479.0;1230.07;1449.26;1214.1;1447.69;1211.18;1477.43;10;0.43;stop;-1;;
1406;443.77;1065.93;469.24;1063.27;467.95;1050.95;442.48;1053.6;10;0.65;stop;-1;;
1408;3709.96;1280.23;3712.52;1264.89;3681.97;1259.8;3679.41;1275.14;10;0.39;stop;-1;;
1421;378.04;1152.42;412.1;1150.78;411.34;1135.08;377.28;1136.72;10;0.66;move;-1;;
1436;3615.76;1178.9;3619.85;1164.55;3587.99;1155.47;3583.9;1169.82;10;0.79;move;-1;;
1461;3593.67;1148.88;3597.42;1134.79;3566.02;1126.43;3562.27;1140.53;10;0.79;move;-1;;
1465;2546.7;156.77;2561.27;155.78;2559.3;126.73;2544.73;127.72;10;0.71;stop;4;381;7518
1492;1761.75;1170.02;1789.34;1167.9;1788.37;1155.35;1760.79;1157.47;10;0.62;move;-1;;
1495;1840.18;331.01;1855.09;330.16;1853.38;300.12;1838.47;300.96;10;0.79;move;-1;;
1496;1812.03;272.55;1829.56;271.2;1826.55;232.01;1809.02;233.36;10;0.81;move;-1;;
1500;1023.48;1185.91;1063.03;1182.95;1061.71;1165.34;1022.16;1168.3;10;0.62;stop;-1;;
1508;2869.37;2162.23;2885.78;2153.48;2868.88;2121.77;2852.47;2130.52;10;0.53;stop;-1;;
1516;1878.0;576.79;1891.93;574.62;1887.28;544.83;1873.35;547.01;10;0.77;move;-1;;
1531;263.55;1204.6;269.44;1171.85;254.42;1169.15;248.53;1201.9;10;0.68;stop;-1;;
1533;3117.24;468.8;3150.14;463.93;3148.07;449.95;3115.17;454.82;10;0.56;move;-1;;
1549;265.51;1166.26;299.61;1165.68;299.33;1149.36;265.23;1149.95;10;0.76;move;-1;;
1557;1831.91;271.13;1847.24;270.02;1845.06;239.62;1829.73;240.73;10;0.8;move;-1;;
1573;3659.93;1166.97;3663.37;1153.27;3633.82;1145.85;3630.38;1159.54;10;0.81;move;-1;;
1595;3537.31;176.12;3550.54;171.44;3539.41;140.05;3526.18;144.73;10;0.36;stop;-1;;
1612;15.62;1187.48;16.2;1173.86;-0.5;1173.14;-1.08;1186.76;10;0.73;stop;-1;;
1617;213.11;1150.14;242.94;1145.75;240.87;1131.74;211.05;1136.12;10;0.6;move;-1;;
1625;3581.39;1038.54;3587.64;1023.53;3554.86;1009.89;3548.61;1024.9;10;0.73;stop;-1;;
1630;2244.29;816.67;2245.26;800.55;2216.52;798.83;2215.55;814.95;10;0.42;stop;-1;;
1643;1830.74;180.47;1845.34;179.12;1842.57;149.15;1827.97;150.51;10;0.8;move;-1;;
1653;3584.23;1251.42;3587.23;1236.45;3560.46;1231.08;3557.46;1246.05;10;0.41;stop;11;445;6116
1662;3451.08;840.37;3468.82;810.14;3454.36;801.66;3436.62;831.9;10;0.36;stop;-1;;
1684;1808.68;199.76;1822.73;198.77;1820.57;168.12;1806.52;169.11;10;0.8;move;-1;;
1688;149.37;1166.82;183.12;1166.03;182.73;1149.74;148.99;1150.53;10;0.75;move;-1;;
1720;189.74;69.27;219.57;66.2;218.19;52.84;188.36;55.91;10;0.38;stop;-1;;
1727;1560.47;1656.47;1560.88;1645.05;1538.9;1644.28;1538.5;1655.7;10;0.4;stop;-1;;
1731;1950.77;1426.83;1968.06;1423.61;1959.73;1378.92;1942.44;1382.14;10;0.39;stop;-1;;
1734;1331.68;1121.33;1368.26;1118.91;1367.2;1102.8;1330.61;1105.21;10;0.8;move;-1;;
1738;3796.96;1223.45;3800.93;1206.61;3764.92;1198.11;3760.94;1214.95;10;0.79;stop;-1;;
1742;3737.73;850.41;3761.12;848.98;3760.4;837.09;3737.0;838.52;10;0.43;stop;-1;;
1749;2259.42;556.27;2288.84;552.97;2287.45;540.6;2258.03;543.91;10;0.45;stop;-1;;
1774;42.9;1187.52;42.91;1174.06;18.04;1174.04;18.03;1187.5;10;0.46;stop;-1;;
1778;3742.52;1213.2;3746.88;1194.87;3704.98;1184.92;3700.62;1203.25;10;0.54;move;-1;;
1779;257.05;77.59;290.17;74.26;288.57;58.35;255.46;61.67;10;0.72;move;-1;;
1781;2147.03;555.17;2160.21;554.53;2159.47;539.45;2146.29;540.1;10;0.72;stop;-1;;
1783;3778.98;1192.18;3782.39;1176.71;3749.15;1169.38;3745.74;1184.85;10;0.81;move;-1;;
1787;65.54;1153.04;97.64;1152.44;97.35;1137.27;65.25;1137.87;10;0.75;move;-1;;
1789;32.88;79.78;37.74;70.16;18.62;60.5;13.77;70.11;10;0.36;stop;-1;;
1792;1824.31;887.46;1840.04;886.16;1837.19;851.79;1821.46;853.09;9;0.39;stop;-1;;
1796;14.83;1669.46;43.86;1665.73;42.13;1652.23;13.1;1655.97;10;0.39;stop;-1;;
1818;1965.19;1518.06;1966.03;1495.12;1954.31;1494.69;1953.47;1517.63;10;0.48;stop;-1;;
1821;2409.73;2149.83;2424.19;2143.75;2410.69;2111.67;2396.24;2117.75;10;0.37;stop;-1;;
1825;1255.34;1124.93;1282.57;1121.71;1280.97;1108.19;1253.74;1111.41;10;0.69;move;-1;;
1828;2324.21;90.41;2357.44;85.86;2355.41;71.03;2322.18;75.58;10;0.46;move;-1;;
1831;2033.78;1891.32;2039.13;1853.87;2022.97;1851.56;2017.62;1889.01;9;0.45;stop;-1;;
1836;1546.07;1173.25;1575.87;1169.8;1574.21;1155.5;1544.41;1158.95;10;0.37;stop;-1;;
1842;1396.72;1654.11;1421.47;1653.96;1421.4;1642.14;1396.65;1642.29;10;0.42;stop;-1;;
1843;362.78;1023.34;379.55;1020.83;374.57;987.59;357.79;990.11;10;0.46;stop;-1;;
1845;1821.46;39.08;1835.3;38.47;1834.13;12.11;1820.3;12.72;10;0.74;move;-1;;
1846;3579.03;1083.04;3586.33;1066.01;3550.66;1050.71;3543.35;1067.74;9;0.66;stop;-1;;
1850;1942.87;1376.57;1957.45;1374.34;1952.07;1339.18;1937.49;1341.41;9;0.44;stop;-1;;
1858;2878.5;1299.79;2879.23;1283.09;2834.86;1281.15;2834.13;1297.85;10;0.36;stop;-1;;
1861;2032.37;1432.88;2048.65;1431.31;2044.63;1389.74;2028.35;1391.31;10;0.36;stop;-1;;
1863;3079.05;1377.34;3093.72;1362.92;3059.7;1328.29;3045.03;1342.7;10;0.4;stop;-1;;
1864;380.16;77.07;404.92;76.3;404.53;63.79;379.77;64.56;10;0.36;stop;-1;;
1865;2785.86;2057.29;2805.84;2047.69;2786.64;2007.71;2766.66;2017.31;10;0.36;stop;-1;;
