vehicle_id; veh_bb_x1; veh_bb_y1; veh_bb_x2; veh_bb_y2; veh_bb_x3; veh_bb_y3; veh_bb_x4; veh_bb_y4; det_class; conf_score; state
  5150;    3040.22;    1090.89;    3042.16;    1076.64;    3013.38;    1072.71;    3011.44;    1086.96;       10;    0.85;   stop
  4599;    3007.79;    1086.11;    3009.25;    1069.17;    2971.21;    1065.89;    2969.75;    1082.83;       10;    0.85;   stop
  4533;    3006.86;    1066.23;    3008.32;    1051.22;    2977.14;    1048.17;    2975.68;    1063.18;       10;    0.85;   stop
     7;    2988.70;    1046.90;    2989.78;    1031.30;    2958.10;    1029.10;    2957.02;    1044.70;       10;    0.84;   stop
  4084;    2967.99;    1064.13;    2969.75;    1049.05;    2939.21;    1045.47;    2937.45;    1060.55;       10;    0.84;   stop
  2900;    3331.96;    1340.27;    3342.26;    1311.46;    3329.04;    1306.73;    3318.74;    1335.54;       10;    0.84;   stop
  5044;    3050.08;    1074.57;    3052.41;    1060.25;    3022.72;    1055.43;    3020.39;    1069.75;       10;    0.84;   stop
  4786;    3119.21;    1082.69;    3120.63;    1067.18;    3089.29;    1064.31;    3087.87;    1079.82;       10;    0.84;   stop
     1;    2417.71;    2105.97;    2428.82;    2094.36;    2405.89;    2072.43;    2394.78;    2084.04;       10;    0.84;   stop
     6;    3285.23;    1374.88;    3297.35;    1346.04;    3283.27;    1340.12;    3271.15;    1368.96;       10;    0.84;   stop
  3311;    2014.31;     633.79;    2029.12;     631.94;    2025.39;     602.21;    2010.58;     604.06;       10;    0.84;   stop
  3134;    2019.43;     670.50;    2035.62;     668.58;    2031.67;     635.10;    2015.48;     637.02;       10;    0.84;   stop
  2831;    2730.38;    1054.64;    2731.06;    1039.55;    2700.42;    1038.16;    2699.74;    1053.25;       10;    0.84;   stop
  2533;    1999.92;    2127.25;    2014.01;    2098.34;    2000.88;    2091.95;    1986.79;    2120.86;       10;    0.84;   move
    37;    2063.17;    1944.16;    2068.17;    1912.79;    2052.13;    1910.24;    2047.13;    1941.61;       10;    0.84;   stop
  5424;    3253.28;    1124.42;    3255.73;    1109.37;    3222.72;    1103.98;    3220.27;    1119.03;       10;    0.84;   move
    15;    3168.13;    1070.32;    3170.00;    1056.21;    3143.37;    1052.68;    3141.50;    1066.79;       10;    0.84;   stop
  3737;    2923.74;    1058.81;    2924.27;    1044.22;    2895.63;    1043.19;    2895.11;    1057.78;       10;    0.84;   stop
    12;    2939.28;    1164.66;    2940.21;    1150.16;    2911.97;    1148.34;    2911.04;    1162.84;       10;    0.84;   stop
  4166;    2141.05;    1718.99;    2142.52;    1688.54;    2127.55;    1687.81;    2126.08;    1718.26;       10;    0.84;   stop
  3051;    3323.53;    1380.94;    3333.13;    1346.57;    3316.97;    1342.06;    3307.37;    1376.43;       10;    0.84;   stop
  3084;    2807.21;    1057.12;    2808.08;    1041.15;    2773.59;    1039.28;    2772.72;    1055.25;       10;    0.84;   stop
  5714;    3652.62;    1184.36;    3656.29;    1169.55;    3624.38;    1161.64;    3620.71;    1176.45;       10;    0.84;   move
  1207;    3243.46;    1485.25;    3254.45;    1455.75;    3241.04;    1450.75;    3230.05;    1480.25;       10;    0.84;   stop
    25;    3208.10;    1204.80;    3209.95;    1189.50;    3174.40;    1185.20;    3172.55;    1200.50;       10;    0.83;   stop
    19;    3100.25;    1841.18;    3123.70;    1824.17;    3114.75;    1811.82;    3091.30;    1828.83;       10;    0.83;   stop
    33;     703.67;    1394.38;     705.03;    1378.22;     674.33;    1375.62;     672.97;    1391.78;       10;    0.83;   stop
    27;      85.88;    1100.42;     120.13;    1097.42;     118.74;    1081.58;      84.50;    1084.58;       10;    0.83;   stop
  5266;    3220.32;    1095.00;    3221.82;    1081.08;    3193.18;    1078.00;    3191.68;    1091.92;       10;    0.83;   stop
    64;    3026.67;    1311.67;    3030.62;    1296.06;    2997.08;    1287.58;    2993.13;    1303.19;       10;    0.83;   stop
  3943;    2001.48;     680.07;    2017.46;     678.57;    2014.52;     647.13;    1998.54;     648.63;       10;    0.83;   stop
  4514;    2038.06;    1139.13;    2068.47;    1138.88;    2068.34;    1124.07;    2037.93;    1124.32;       10;    0.83;   move
   179;    2107.85;     695.44;    2122.66;     694.69;    2121.15;     664.76;    2106.34;     665.51;       10;    0.83;   stop
    22;    3402.73;    1359.26;    3407.67;    1345.81;    3380.27;    1335.74;    3375.33;    1349.19;       10;    0.83;   stop
  4494;    3309.98;    1428.35;    3320.91;    1395.43;    3305.02;    1390.15;    3294.09;    1423.07;       10;    0.83;   stop
    21;    3592.32;     892.14;    3594.85;     876.85;    3561.68;     871.36;    3559.15;     886.65;       10;    0.83;   stop
    17;    2660.75;    1822.49;    2661.95;    1791.35;    2645.25;    1790.71;    2644.05;    1821.85;       10;    0.83;   stop
    54;    1987.41;    2103.03;    2000.89;    2073.49;    1986.59;    2066.97;    1973.11;    2096.51;       10;    0.83;   stop
   210;       6.21;    1108.98;      38.64;    1104.43;      36.48;    1089.02;       4.05;    1093.57;       10;    0.83;   stop
  5658;    3567.69;    1164.28;    3571.24;    1149.14;    3535.31;    1140.72;    3531.76;    1155.86;       10;    0.83;   move
   152;     431.71;    1615.35;     433.21;    1599.60;     402.29;    1596.65;     400.79;    1612.40;       10;    0.83;   stop
    78;    2027.01;     787.12;    2043.22;     786.00;    2040.99;     753.68;    2024.78;     754.80;       10;    0.83;   stop
  5608;    1963.73;     152.85;    1979.73;     151.54;    1976.97;     117.75;    1960.97;     119.06;       10;    0.83;   stop
    24;    1211.83;     654.70;    1213.00;     640.50;    1186.17;     638.30;    1185.00;     652.50;       10;    0.83;   stop
   624;    2125.88;    1341.93;    2141.68;    1341.85;    2141.52;    1306.47;    2125.72;    1306.55;       10;    0.83;   stop
  3613;    3237.89;    1152.20;    3240.32;    1134.74;    3197.61;    1128.80;    3195.18;    1146.26;        9;    0.83;   stop
    43;    2905.06;    1162.92;    2906.09;    1147.23;    2873.57;    1145.08;    2872.53;    1160.77;       10;    0.83;   stop
    34;    1507.27;    1664.02;    1507.58;    1648.56;    1478.33;    1647.98;    1478.02;    1663.44;       10;    0.83;   stop
    31;     579.38;     532.51;     584.46;     500.31;     566.62;     497.49;     561.54;     529.69;       10;    0.83;   stop
   202;    2116.78;     901.18;    2132.64;     900.04;    2130.22;     866.42;    2114.36;     867.56;       10;    0.83;   stop
  4914;    3277.23;    1509.86;    3288.13;    1479.25;    3273.77;    1474.14;    3262.87;    1504.75;       10;    0.83;   stop
    10;    3100.67;    1060.98;    3102.58;    1046.95;    3073.83;    1043.02;    3071.92;    1057.05;       10;    0.83;   stop
    67;    3254.22;    1342.81;    3266.19;    1312.73;    3252.28;    1307.19;    3240.31;    1337.27;       10;    0.83;   stop
  1001;    2146.24;    1379.79;    2146.32;    1348.44;    2130.56;    1348.41;    2130.48;    1379.76;       10;    0.83;   stop
   153;    2001.46;    2070.91;    2015.83;    2041.07;    2001.74;    2034.29;    1987.37;    2064.13;       10;    0.83;   stop
  3112;    2134.07;    1474.41;    2150.76;    1474.40;    2150.73;    1442.19;    2134.04;    1442.20;       10;    0.83;   stop
    38;      52.51;    1084.46;      82.41;    1080.30;      80.49;    1066.54;      50.59;    1070.70;       10;    0.82;   stop
  3856;    2023.92;     705.48;    2039.58;     704.10;    2036.88;     673.32;    2021.22;     674.70;       10;    0.82;   stop
  3292;    2763.16;    1073.71;    2764.02;    1058.03;    2732.44;    1056.29;    2731.58;    1071.97;       10;    0.82;   stop
    28;    2817.87;    1157.92;    2818.65;    1142.91;    2786.93;    1141.28;    2786.15;    1156.29;       10;    0.82;   stop
  5457;    3347.87;    1114.95;    3349.67;    1099.79;    3318.13;    1096.05;    3316.33;    1111.21;       10;    0.82;   move
  3889;    2124.67;    1637.98;    2127.53;    1609.40;    2113.73;    1608.02;    2110.87;    1636.60;       10;    0.82;   move
    44;    2150.71;    1840.68;    2157.64;    1808.05;    2142.89;    1804.92;    2135.96;    1837.55;       10;    0.82;   stop
  2660;    2068.90;    1976.31;    2079.71;    1948.02;    2066.30;    1942.89;    2055.49;    1971.18;       10;    0.82;   move
  5426;    2137.02;    1787.89;    2140.45;    1757.39;    2125.58;    1755.71;    2122.15;    1786.21;       10;    0.82;   stop
  2978;    2002.80;     807.46;    2004.26;     777.25;    1989.60;     776.54;    1988.14;     806.75;       10;    0.82;   stop
  5437;    1973.33;     247.53;    1988.40;     246.37;    1986.27;     218.67;    1971.20;     219.83;       10;    0.82;   stop
  5235;    3125.06;    1105.34;    3126.95;    1089.72;    3093.44;    1085.66;    3091.55;    1101.28;       10;    0.82;   move
  5572;    3446.94;    1145.62;    3447.83;    1131.29;    3417.06;    1129.38;    3416.17;    1143.71;       10;    0.82;   move
    16;    2981.59;    1301.58;    2982.59;    1285.45;    2949.91;    1283.42;    2948.91;    1299.55;       10;    0.82;   stop
    13;    2660.57;    1856.88;    2661.04;    1826.17;    2644.23;    1825.92;    2643.76;    1856.63;       10;    0.82;   stop
   642;    2147.92;    1897.28;    2156.42;    1852.98;    2136.28;    1849.12;    2127.78;    1893.42;        9;    0.82;   stop
   187;    2063.72;      40.51;    2078.45;      39.45;    2076.28;       9.29;    2061.55;      10.35;       10;    0.82;   stop
  2891;    1986.09;     852.25;    2001.95;     852.06;    2001.51;     815.75;    1985.65;     815.94;       10;    0.82;   stop
  5801;    1943.49;     199.80;    1960.06;     198.58;    1957.31;     161.40;    1940.74;     162.62;       10;    0.82;   move
  1038;    1951.40;     547.14;    1967.80;     546.02;    1965.60;     513.66;    1949.20;     514.78;       10;    0.82;   stop
  3758;    2026.40;     743.60;    2041.45;     742.48;    2039.20;     712.00;    2024.15;     713.12;       10;    0.82;   stop
  4104;    1766.79;    1109.11;    1792.79;    1108.42;    1792.41;    1094.09;    1766.41;    1094.78;       10;    0.82;   stop
  4902;    1581.38;    1131.57;    1609.33;    1129.20;    1608.22;    1116.03;    1580.27;    1118.40;       10;    0.82;   move
    57;    2174.37;    1578.96;    2175.20;    1546.23;    2160.03;    1545.84;    2159.20;    1578.57;       10;    0.82;   stop
  1345;    2012.68;     895.79;    2027.67;     894.12;    2024.32;     864.01;    2009.33;     865.68;       10;    0.82;   stop
   104;    2860.96;    1268.17;    2861.01;    1253.94;    2831.42;    1253.83;    2831.36;    1268.06;       10;    0.82;   stop
    76;    2664.28;    1671.77;    2666.69;    1636.56;    2650.12;    1635.43;    2647.71;    1670.64;       10;    0.82;   stop
    52;    2172.19;    1730.16;    2173.30;    1699.99;    2158.21;    1699.44;    2157.10;    1729.61;       10;    0.82;   stop
  5858;    2856.82;    1948.02;    2869.85;    1918.80;    2856.80;    1912.98;    2843.77;    1942.20;       10;    0.82;   move
   140;    2109.24;     726.45;    2123.15;     725.61;    2121.56;     699.15;    2107.65;     699.99;       10;    0.82;   stop
  3487;    2006.59;     755.43;    2022.17;     754.66;    2020.61;     722.97;    2005.03;     723.74;       10;    0.82;   stop
   113;    2112.98;     839.72;    2127.55;     837.49;    2123.02;     807.88;    2108.45;     810.11;       10;    0.82;   stop
  1646;    1987.36;     901.14;    2002.69;     900.52;    2001.44;     869.46;    1986.11;     870.08;       10;    0.82;   stop
   338;    2034.97;     897.07;    2049.31;     896.04;    2047.43;     869.93;    2033.09;     870.96;       10;    0.82;   stop
  5719;    1631.62;    1111.09;    1656.79;    1110.33;    1656.38;    1096.91;    1631.21;    1097.67;       10;    0.82;   stop
    87;    2416.69;    1158.32;    2416.70;    1144.50;    2390.71;    1144.48;    2390.70;    1158.30;       10;    0.82;   stop
  4858;    3580.52;    1189.62;    3584.48;    1172.93;    3548.48;    1164.38;    3544.52;    1181.07;       10;    0.82;   stop
   193;    3152.02;    1196.06;    3153.59;    1182.10;    3125.48;    1178.94;    3123.91;    1192.90;       10;    0.82;   stop
    68;    3415.98;    1333.61;    3417.34;    1319.26;    3387.02;    1316.39;    3385.66;    1330.74;       10;    0.82;   stop
  5112;    3300.67;    1469.88;    3309.12;    1439.35;    3293.83;    1435.12;    3285.38;    1465.65;       10;    0.82;   stop
    90;    2632.60;    2048.35;    2657.05;    2033.09;    2649.40;    2020.85;    2624.95;    2036.11;       10;    0.82;   move
   186;    3023.72;    1951.26;    3037.55;    1941.33;    3017.03;    1912.74;    3003.20;    1922.67;       10;    0.82;   stop
    40;    2089.85;     669.54;    2104.30;     668.69;    2102.55;     638.46;    2088.10;     639.31;       10;    0.82;   stop
    93;    1320.07;    1052.75;    1346.96;    1052.69;    1346.93;    1038.85;    1320.04;    1038.91;       10;    0.82;   stop
  3959;    2003.24;     716.59;    2018.60;     715.28;    2016.06;     685.61;    2000.70;     686.92;       10;    0.82;   stop
    74;    3033.98;    1176.45;    3035.93;    1162.80;    3007.62;    1158.75;    3005.67;    1172.40;       10;    0.82;   stop
  3819;    2134.86;    1570.34;    2148.04;    1570.10;    2147.54;    1542.46;    2134.36;    1542.70;       10;    0.82;   stop
   317;     444.23;    1786.87;     462.11;    1785.83;     460.27;    1754.13;     442.39;    1755.17;       10;    0.82;   stop
    63;    1968.82;    2143.58;    1986.78;    2108.37;    1971.98;    2100.82;    1954.02;    2136.03;        9;    0.82;   stop
  1396;    2071.01;     300.31;    2086.13;     298.86;    2083.29;     269.09;    2068.17;     270.54;       10;    0.82;   stop
  5203;    1182.58;    1150.61;    1217.49;    1150.45;    1217.42;    1134.39;    1182.51;    1134.55;       10;    0.82;   move
   155;    2091.29;     708.42;    2105.63;     707.55;    2103.91;     679.38;    2089.57;     680.25;       10;    0.82;   stop
     2;    2120.47;    1226.24;    2136.44;    1225.43;    2134.73;    1191.76;    2118.76;    1192.57;       10;    0.82;   stop
  3513;    2887.42;    1055.80;    2888.32;    1042.40;    2861.38;    1040.60;    2860.48;    1054.00;       10;    0.82;   stop
    86;    2349.15;    1159.84;    2349.24;    1144.35;    2317.85;    1144.16;    2317.76;    1159.65;       10;    0.82;   stop
    59;    3760.08;     926.00;    3795.34;     922.70;    3793.92;     907.50;    3758.66;     910.80;       10;    0.82;   stop
   115;    2168.13;    1378.52;    2168.15;    1346.10;    2152.07;    1346.08;    2152.05;    1378.50;       10;    0.82;   stop
   185;    3032.74;    1917.38;    3062.07;    1902.00;    3054.01;    1886.62;    3024.68;    1902.00;       10;    0.82;   stop
  1371;    2219.31;    1074.43;    2247.71;    1073.18;    2247.09;    1059.17;    2218.69;    1060.42;       10;    0.82;   move
  3683;    3536.98;    1176.73;    3540.06;    1162.60;    3511.02;    1156.27;    3507.94;    1170.40;       10;    0.82;   stop
   983;    3272.26;    1349.09;    3292.63;    1324.25;    3281.24;    1314.91;    3260.87;    1339.75;       10;    0.82;   stop
    48;     667.24;    1617.81;     667.26;    1603.24;     635.76;    1603.19;     635.74;    1617.76;       10;    0.82;   stop
   204;     416.93;    1647.94;     416.99;    1631.18;     385.57;    1631.06;     385.51;    1647.82;       10;    0.82;   stop
   294;    2169.91;    1759.96;    2171.00;    1736.21;    2158.69;    1735.64;    2157.60;    1759.39;       10;    0.82;   stop
   349;    2566.02;    2032.06;    2571.91;    2016.67;    2540.78;    2004.74;    2534.89;    2020.13;       10;    0.82;   stop
  5198;    1983.41;     365.89;    1997.75;     364.92;    1995.80;     336.11;    1981.45;     337.08;       10;    0.82;   stop
  3565;    2009.97;     594.70;    2026.08;     592.67;    2022.23;     562.10;    2006.12;     564.13;       10;    0.82;   stop
   217;    2652.74;    1050.73;    2653.23;    1034.70;    2619.66;    1033.67;    2619.17;    1049.70;       10;    0.82;   stop
  3453;    2802.34;    1076.05;    2803.08;    1060.38;    2768.86;    1058.75;    2768.12;    1074.42;       10;    0.82;   stop
  4370;    2959.95;    1083.60;    2961.77;    1069.48;    2931.65;    1065.60;    2929.83;    1079.72;       10;    0.82;   stop
  3688;    3157.89;    1137.11;    3159.68;    1123.55;    3132.11;    1119.89;    3130.32;    1133.45;       10;    0.82;   move
    99;    2522.92;    2128.56;    2525.55;    2113.56;    2497.48;    2108.64;    2494.85;    2123.64;       10;    0.82;   stop
   357;    3903.31;    1329.08;    3907.38;    1313.56;    3870.69;    1303.92;    3866.62;    1319.44;       10;    0.82;   stop
  4957;    1980.61;     401.25;    1995.50;     400.16;    1993.39;     371.55;    1978.50;     372.64;       10;    0.82;   stop
  3512;    2030.76;     827.55;    2046.60;     826.80;    2044.94;     791.85;    2029.10;     792.60;       10;    0.82;   stop
  3397;    2842.44;    1056.61;    2842.61;    1041.33;    2811.56;    1040.99;    2811.39;    1056.27;       10;    0.82;   stop
  5311;    3271.46;    1106.38;    3273.99;    1090.56;    3238.14;    1084.82;    3235.61;    1100.64;       10;    0.82;   stop
  3921;    2147.09;    1601.09;    2147.34;    1574.24;    2132.91;    1574.11;    2132.66;    1600.96;       10;    0.82;   stop
   129;    3471.65;     895.30;    3489.64;     871.87;    3478.35;     863.20;    3460.36;     886.63;       10;    0.82;   stop
    88;    3402.95;     936.76;    3434.86;     925.95;    3430.05;     911.74;    3398.14;     922.55;       10;    0.82;   stop
    61;    1540.64;    1662.91;    1540.88;    1648.37;    1510.96;    1647.89;    1510.72;    1662.43;       10;    0.82;   stop
    83;    2924.21;    1931.96;    2951.96;    1920.17;    2945.79;    1905.64;    2918.04;    1917.43;       10;    0.82;   stop
   117;    2044.84;    1975.21;    2055.86;    1949.57;    2042.86;    1943.99;    2031.84;    1969.63;       10;    0.82;   stop
   226;    2354.25;    2135.71;    2361.80;    2120.51;    2333.15;    2106.29;    2325.60;    2121.49;       10;    0.82;   stop
   177;    3020.76;    1885.87;    3047.66;    1871.29;    3039.99;    1857.13;    3013.09;    1871.71;       10;    0.82;   stop
   262;    1966.53;    1011.57;    1990.90;     962.97;    1973.07;     954.03;    1948.70;    1002.63;        9;    0.81;   stop
  5122;    1293.11;    1138.49;    1324.80;    1135.65;    1323.49;    1121.11;    1291.80;    1123.95;       10;    0.81;   move
  3405;    2030.74;     864.83;    2044.38;     864.21;    2043.16;     837.37;    2029.52;     837.99;       10;    0.81;   stop
   286;    2124.12;    1074.87;    2124.19;    1061.26;    2096.48;    1061.13;    2096.41;    1074.74;       10;    0.81;   move
   249;    3300.37;    1393.79;    3309.62;    1364.66;    3295.63;    1360.21;    3286.38;    1389.34;       10;    0.81;   stop
   132;    1855.26;    1632.54;    1885.90;    1632.33;    1885.79;    1615.86;    1855.15;    1616.07;       10;    0.81;   stop
    70;    2649.62;    2130.13;    2651.11;    2098.18;    2635.98;    2097.47;    2634.49;    2129.42;       10;    0.81;   stop
   162;    3242.14;    1377.14;    3253.53;    1346.43;    3239.86;    1341.36;    3228.47;    1372.07;       10;    0.81;   stop
  5511;    1965.99;     209.46;    1982.63;     208.13;    1979.61;     170.34;    1962.97;     171.67;       10;    0.81;   stop
  4270;    1717.68;    1112.43;    1750.96;    1111.17;    1750.32;    1094.37;    1717.04;    1095.63;       10;    0.81;   stop
   164;     967.81;    1177.44;     994.49;    1175.78;     993.59;    1161.36;     966.91;    1163.02;       10;    0.81;   stop
   723;    1993.94;     943.57;    2009.70;     942.31;    2007.06;     909.23;    1991.30;     910.49;       10;    0.81;   stop
  2173;    2692.79;    1052.36;    2693.30;    1037.89;    2663.61;    1036.84;    2663.10;    1051.31;       10;    0.81;   stop
    75;    3266.72;    1471.68;    3274.65;    1445.77;    3262.08;    1441.92;    3254.15;    1467.83;       10;    0.81;   stop
   144;    2625.40;    1483.31;    2641.38;    1483.11;    2641.00;    1453.09;    2625.02;    1453.29;       10;    0.81;   stop
   128;    3077.57;    1183.87;    3079.65;    1169.52;    3049.43;    1165.13;    3047.35;    1179.48;       10;    0.81;   stop
    69;    3270.09;    1585.58;    3280.05;    1555.03;    3265.91;    1550.42;    3255.95;    1580.97;       10;    0.81;   stop
    49;    2630.82;    1792.48;    2633.00;    1760.57;    2617.58;    1759.52;    2615.40;    1791.43;       10;    0.81;   stop
   218;    2957.94;    1917.12;    2988.13;    1901.62;    2980.06;    1885.88;    2949.87;    1901.38;       10;    0.81;   stop
  5222;    1946.95;     280.53;    1963.66;     279.42;    1961.35;     244.47;    1944.64;     245.58;       10;    0.81;   stop
   198;     769.28;    1066.24;     797.25;    1065.22;     796.72;    1050.76;     768.75;    1051.78;       10;    0.81;   stop
  5336;     986.59;    1155.28;    1017.80;    1154.47;    1017.41;    1139.72;     986.20;    1140.53;       10;    0.81;   move
   103;    2717.55;    1005.95;    2731.90;    1003.15;    2726.45;     975.25;    2712.10;     978.05;       10;    0.81;   stop
   197;    2375.47;    2123.66;    2383.64;    2108.85;    2355.13;    2093.14;    2346.96;    2107.95;       10;    0.81;   stop
   148;    1946.56;     698.65;    1961.51;     697.50;    1959.44;     670.55;    1944.49;     671.70;       10;    0.81;   stop
   157;     335.99;    1177.53;     363.33;    1176.97;     363.01;    1161.47;     335.67;    1162.03;       10;    0.81;   stop
   158;    1754.44;    1046.96;    1782.71;    1043.03;    1780.76;    1029.04;    1752.49;    1032.97;       10;    0.81;   stop
   141;    1464.40;    1067.80;    1465.42;    1053.42;    1437.20;    1051.40;    1436.18;    1065.78;       10;    0.81;   stop
   145;    2886.59;    1040.62;    2917.43;    1040.59;    2917.41;    1025.38;    2886.57;    1025.41;       10;    0.81;   stop
   236;    2067.76;    1325.47;    2084.97;    1323.22;    2080.84;    1291.73;    2063.63;    1293.98;       10;    0.81;   stop
   331;    2133.43;    1935.42;    2141.57;    1902.38;    2126.17;    1898.58;    2118.03;    1931.62;       10;    0.81;   stop
   147;    2068.97;      76.32;    2082.58;      75.04;    2079.93;      46.68;    2066.32;      47.96;       10;    0.81;   stop
   156;    2089.45;     382.89;    2102.76;     382.55;    2102.05;     353.91;    2088.74;     354.25;       10;    0.81;   stop
    84;    1947.69;     508.75;    1948.09;     477.84;    1933.61;     477.65;    1933.21;     508.56;       10;    0.81;   stop
   110;    2751.72;     531.94;    2782.68;     528.37;    2781.08;     514.46;    2750.12;     518.03;       10;    0.81;   stop
  3379;    2009.81;     825.88;    2023.51;     825.65;    2022.99;     795.32;    2009.29;     795.55;       10;    0.81;   stop
   305;    1487.78;    1051.58;    1513.83;    1050.85;    1513.42;    1036.42;    1487.37;    1037.15;       10;    0.81;   stop
   360;     972.65;    1061.92;     999.76;    1061.48;     999.55;    1048.88;     972.44;    1049.32;       10;    0.81;   stop
  4992;    3170.13;    1089.45;    3171.81;    1074.09;    3139.37;    1070.55;    3137.69;    1085.91;       10;    0.81;   stop
  3306;    2132.98;    1525.60;    2150.00;    1525.32;    2149.42;    1490.00;    2132.40;    1490.28;       10;    0.81;   stop
   107;    2661.83;    1786.86;    2662.98;    1757.33;    2647.77;    1756.74;    2646.62;    1786.27;       10;    0.81;   stop
   168;    2081.59;     474.33;    2097.06;     474.22;    2096.81;     440.07;    2081.34;     440.18;       10;    0.81;   stop
   261;    1951.37;     765.13;    1964.38;     763.89;    1961.83;     737.27;    1948.82;     738.51;       10;    0.81;   stop
     4;    2083.40;     919.43;    2098.90;     917.47;    2095.00;     886.57;    2079.50;     888.53;       10;    0.81;   move
  5001;    1488.44;    1152.59;    1541.87;    1151.68;    1541.56;    1133.41;    1488.13;    1134.32;        9;    0.81;   move
  4141;    2025.94;     856.39;    2026.15;     832.13;    2012.86;     832.01;    2012.65;     856.27;       10;    0.81;   stop
   448;    2998.81;    1173.08;    3001.09;    1156.47;    2963.59;    1151.32;    2961.31;    1167.93;        9;    0.81;   stop
    91;    1960.15;     664.88;    1975.04;     663.61;    1972.25;     631.12;    1957.36;     632.39;       10;    0.81;   stop
   370;    1966.48;     772.07;    1980.96;     771.19;    1979.12;     741.13;    1964.64;     742.01;       10;    0.81;   stop
   306;    1109.24;    1058.38;    1137.72;    1056.19;    1136.76;    1043.62;    1108.28;    1045.81;       10;    0.81;   stop
   199;    1163.42;    1175.32;    1190.97;    1174.54;    1190.58;    1160.68;    1163.03;    1161.46;       10;    0.81;   stop
  1273;    1885.22;    1109.05;    1919.15;    1108.21;    1918.78;    1092.95;    1884.85;    1093.79;       10;    0.81;   stop
   200;     929.38;    1177.07;     956.23;    1175.69;     955.52;    1161.73;     928.67;    1163.11;       10;    0.81;   stop
  1838;    2483.98;    1052.73;    2514.94;    1049.95;    2513.62;    1035.27;    2482.66;    1038.05;       10;    0.81;   stop
   216;    3476.41;     956.32;    3494.06;     929.33;    3481.59;     921.18;    3463.94;     948.17;       10;    0.81;   stop
   223;      79.51;    1589.00;      80.30;    1573.80;      54.99;    1572.50;      54.20;    1587.70;       10;    0.81;   stop
   234;     702.69;    1618.34;     702.76;    1603.79;     674.31;    1603.66;     674.24;    1618.21;       10;    0.81;   stop
   308;     582.23;    1653.45;     583.13;    1638.11;     556.77;    1636.55;     555.87;    1651.89;       10;    0.81;   stop
   205;    2076.90;    1411.85;    2094.19;    1409.11;    2087.30;    1365.55;    2070.01;    1368.29;        9;    0.81;   stop
  4641;    1996.82;     509.86;    2011.90;     508.25;    2008.78;     478.94;    1993.70;     480.55;       10;    0.81;   stop
   272;    1957.99;     812.53;    1972.53;     812.26;    1972.01;     784.67;    1957.47;     784.94;       10;    0.81;   stop
  1546;    2453.13;    1072.31;    2486.60;    1070.40;    2485.67;    1054.09;    2452.20;    1056.00;       10;    0.81;   move
    82;    3580.63;     842.97;    3589.59;     815.90;    3576.37;     811.53;    3567.41;     838.60;       10;    0.81;   stop
    81;     698.32;    1414.94;     700.15;    1399.72;     669.68;    1396.06;     667.85;    1411.28;       10;    0.80;   stop
   192;    1278.79;    1054.57;    1310.44;    1054.06;    1310.21;    1039.43;    1278.56;    1039.94;       10;    0.80;   stop
   169;    1412.04;    1054.19;    1438.72;    1052.75;    1437.96;    1038.61;    1411.28;    1040.05;       10;    0.80;   stop
   263;    1839.45;    1167.39;    1867.70;    1166.71;    1867.35;    1152.21;    1839.10;    1152.89;       10;    0.80;   stop
  1143;    3260.32;    1443.42;    3272.48;    1411.82;    3258.88;    1406.58;    3246.72;    1438.18;       10;    0.80;   stop
   165;     971.27;    1621.88;     971.65;    1606.82;     943.73;    1606.12;     943.35;    1621.18;       10;    0.80;   stop
  2210;    2130.45;    1431.41;    2147.56;    1430.87;    2146.35;    1392.79;    2129.24;    1393.33;       10;    0.80;   stop
   116;    2142.15;    1275.44;    2157.07;    1275.04;    2156.25;    1244.56;    2141.33;    1244.96;       10;    0.80;   stop
   232;    2659.52;    1270.85;    2687.42;    1270.58;    2687.28;    1256.35;    2659.38;    1256.62;       10;    0.80;   stop
     3;    2261.93;    1096.21;    2291.98;    1095.57;    2291.67;    1080.59;    2261.62;    1081.23;       10;    0.80;   stop
   194;    3457.93;     990.82;    3475.58;     958.58;    3462.07;     951.18;    3444.42;     983.42;       10;    0.80;   stop
   244;    3009.51;    1812.10;    3016.34;    1798.26;    2989.24;    1784.90;    2982.41;    1798.74;       10;    0.80;   stop
  4828;    1987.49;     461.85;    2003.30;     460.12;    2000.11;     430.95;    1984.30;     432.68;       10;    0.80;   stop
   260;    1039.73;    1063.95;    1070.62;    1060.51;    1068.97;    1045.65;    1038.08;    1049.09;       10;    0.80;   stop
    58;    1639.23;    1081.12;    1666.20;    1079.93;    1665.57;    1065.68;    1638.60;    1066.87;       10;    0.80;   move
  5541;    3527.36;     951.71;    3538.30;     921.01;    3523.64;     915.79;    3512.70;     946.49;       10;    0.80;   stop
   195;    3272.17;    1295.13;    3284.98;    1262.66;    3270.33;    1256.87;    3257.52;    1289.34;       10;    0.80;   stop
   138;    2663.58;    1708.73;    2665.81;    1678.79;    2650.82;    1677.67;    2648.59;    1707.61;       10;    0.80;   stop
  5337;    1969.38;     290.12;    1984.23;     289.77;    1983.42;     255.88;    1968.57;     256.23;       10;    0.80;   stop
   240;    2077.53;     341.11;    2091.11;     339.98;    2088.77;     311.69;    2075.19;     312.82;       10;    0.80;   stop
  3763;    1984.12;     717.60;    1999.22;     716.65;    1997.38;     687.60;    1982.28;     688.56;       10;    0.80;   stop
   252;    1644.68;    1169.28;    1679.62;    1168.68;    1679.32;    1151.52;    1644.38;    1152.12;       10;    0.80;   stop
   403;    2353.22;    1036.29;    2353.31;    1021.87;    2326.38;    1021.71;    2326.29;    1036.13;       10;    0.80;   stop
  3213;    2719.06;    1071.17;    2719.63;    1056.50;    2686.54;    1055.23;    2685.97;    1069.90;       10;    0.80;   stop
   224;     683.07;    1654.56;     683.74;    1639.90;     651.93;    1638.44;     651.26;    1653.10;       10;    0.80;   stop
   235;     978.10;    1657.67;    1004.09;    1657.34;    1003.90;    1642.33;     977.91;    1642.66;       10;    0.80;   stop
   228;    2081.55;     267.56;    2095.91;     266.85;    2094.45;     237.04;    2080.09;     237.75;       10;    0.80;   stop
    92;    2059.86;     528.02;    2076.56;     527.52;    2075.54;     493.18;    2058.84;     493.68;       10;    0.80;   move
   303;     691.20;    1177.83;     719.15;    1175.14;     717.80;    1161.17;     689.85;    1163.86;       10;    0.80;   stop
   302;     734.43;    1066.21;     764.04;    1065.25;     763.57;    1050.79;     733.96;    1051.75;       10;    0.80;   stop
   127;    1851.51;    1080.67;    1880.65;    1079.23;    1879.94;    1064.93;    1850.80;    1066.37;       10;    0.80;   move
   248;     275.66;    1601.29;     276.25;    1586.89;     247.84;    1585.71;     247.25;    1600.11;       10;    0.80;   stop
   256;    2091.38;    1812.14;    2094.54;    1776.17;    2077.32;    1774.66;    2074.16;    1810.63;       10;    0.80;   stop
   166;    2861.66;    1299.55;    2889.99;    1298.36;    2889.28;    1281.45;    2860.94;    1282.64;       10;    0.80;   stop
   310;    3326.01;    1444.35;    3334.18;    1417.87;    3320.49;    1413.65;    3312.32;    1440.13;       10;    0.80;   stop
   206;    3177.35;    1626.43;    3187.29;    1592.91;    3172.65;    1588.57;    3162.71;    1622.09;       10;    0.80;   stop
   118;    1855.64;     586.86;    1856.50;     571.74;    1824.76;     569.94;    1823.90;     585.06;       10;    0.80;   stop
   188;    3019.22;      77.99;    3052.10;      73.97;    3050.28;      59.01;    3017.40;      63.03;       10;    0.80;   stop
   507;     286.45;    1048.03;     287.86;    1018.76;     271.55;    1017.97;     270.14;    1047.24;       10;    0.80;   stop
   230;     382.91;    1178.67;     414.07;    1175.66;     412.59;    1160.33;     381.43;    1163.34;       10;    0.80;   stop
  3195;    1984.67;     765.19;    2000.46;     764.31;    1998.63;     731.21;    1982.84;     732.09;       10;    0.80;   stop
  1026;    2123.17;    1011.08;    2135.92;    1003.00;    2119.63;     977.32;    2106.88;     985.40;       10;    0.80;   move
  4395;    2465.99;    1121.73;    2494.64;    1121.29;    2494.41;    1106.67;    2465.76;    1107.11;       10;    0.80;   move
   412;     552.77;    1653.11;     553.36;    1637.99;     525.23;    1636.89;     524.64;    1652.01;       10;    0.80;   stop
   237;    2454.92;    2082.81;    2462.54;    2069.15;    2434.68;    2053.59;    2427.06;    2067.25;       10;    0.80;   stop
   271;    1947.74;     732.76;    1962.19;     731.98;    1960.66;     703.64;    1946.21;     704.42;       10;    0.80;   stop
  2770;    2016.83;     939.82;    2032.39;     938.33;    2029.57;     908.78;    2014.01;     910.27;       10;    0.80;   stop
   343;     935.49;    1061.60;     963.26;    1060.26;     962.61;    1046.80;     934.84;    1048.14;       10;    0.80;   stop
    30;    2122.77;    1294.94;    2137.73;    1294.66;    2137.23;    1267.06;    2122.27;    1267.34;       10;    0.80;   stop
   222;    2462.80;    1157.95;    2491.90;    1157.37;    2491.60;    1142.45;    2462.50;    1143.03;       10;    0.80;   stop
   176;    2668.96;    1536.59;    2669.00;    1510.23;    2655.04;    1510.21;    2655.00;    1536.57;       10;    0.80;   stop
   288;     969.29;    1657.33;     969.43;    1642.91;     943.71;    1642.67;     943.57;    1657.09;       10;    0.80;   stop
   384;    1466.54;    1663.82;    1467.40;    1648.68;    1437.46;    1646.98;    1436.60;    1662.12;       10;    0.80;   stop
   345;    2537.75;    1300.71;    2566.89;    1300.23;    2566.65;    1285.89;    2537.52;    1286.37;       10;    0.80;   stop
   880;    2065.65;     600.33;    2079.36;     600.23;    2079.16;     572.07;    2065.44;     572.17;       10;    0.80;   move
   298;    2474.74;     551.53;    2505.27;     547.86;    2503.66;     534.47;    2473.13;     538.14;       10;    0.80;   stop
   301;    1161.48;     650.24;    1161.97;     634.84;    1128.52;     633.76;    1128.03;     649.16;       10;    0.80;   stop
   330;     802.07;    1209.95;     835.16;    1209.50;     834.93;    1193.05;     801.84;    1193.50;       10;    0.79;   stop
   304;     804.14;    1226.32;     835.18;    1225.71;     834.86;    1209.68;     803.82;    1210.29;       10;    0.79;   stop
   293;    1476.12;    1047.71;    1476.56;    1033.91;    1450.68;    1033.09;    1450.24;    1046.89;       10;    0.79;   stop
    14;    2123.61;    1260.34;    2137.30;    1259.91;    2136.39;    1230.86;    2122.70;    1231.29;       10;    0.79;   stop
   350;    2868.14;    1163.48;    2868.99;    1145.93;    2831.46;    1144.12;    2830.61;    1161.67;        9;    0.79;   stop
   269;    2083.11;    1475.52;    2099.67;    1474.65;    2097.89;    1441.08;    2081.33;    1441.95;       10;    0.79;   stop
   280;    2202.32;     147.18;    2229.50;     144.21;    2228.08;     131.22;    2200.90;     134.19;       10;    0.79;   stop
   254;    2423.63;    1157.00;    2448.38;    1156.22;    2447.97;    1143.40;    2423.22;    1144.18;       10;    0.79;   stop
   137;      41.64;    1585.14;      42.15;    1571.91;      15.24;    1570.86;      14.72;    1584.09;       10;    0.79;   stop
   266;    2991.34;    1824.66;    3000.28;    1812.23;    2975.41;    1794.34;    2966.47;    1806.77;       10;    0.79;   stop
  5075;    1958.31;     317.56;    1972.29;     316.67;    1970.49;     288.44;    1956.51;     289.33;       10;    0.79;   stop
  4721;    1964.98;     466.47;    1980.19;     464.88;    1976.92;     433.53;    1961.71;     435.12;       10;    0.79;   stop
   282;     529.98;    1068.74;     558.61;    1067.54;     558.02;    1053.26;     529.39;    1054.46;       10;    0.79;   stop
   208;      47.80;    1104.58;      80.41;    1100.47;      78.52;    1085.42;      45.90;    1089.53;       10;    0.79;   stop
   285;    1816.63;    1045.96;    1848.15;    1044.85;    1847.62;    1030.04;    1816.10;    1031.15;       10;    0.79;   stop
   255;    2777.76;    1155.26;    2778.25;    1141.28;    2751.44;    1140.34;    2750.95;    1154.32;       10;    0.79;   stop
   146;    2885.52;    2004.63;    2900.13;    1997.82;    2885.48;    1966.37;    2870.87;    1973.18;       10;    0.79;   stop
   326;    1254.06;     655.99;    1254.19;     641.27;    1223.94;     641.01;    1223.81;     655.73;       10;    0.79;   stop
  5446;     717.78;    1154.05;     748.70;    1153.00;     748.22;    1138.95;     717.30;    1140.00;       10;    0.79;   move
  1867;    2422.01;    1054.91;    2457.56;    1053.26;    2456.79;    1036.69;    2421.24;    1038.34;       10;    0.79;   stop
  4196;    2533.14;    1136.80;    2561.94;    1136.26;    2561.66;    1121.60;    2532.86;    1122.14;       10;    0.79;   move
   315;    2507.24;    1158.33;    2539.90;    1157.61;    2539.56;    1142.07;    2506.90;    1142.79;       10;    0.79;   stop
   175;    1434.44;    1662.55;    1434.92;    1649.20;    1408.36;    1648.25;    1407.88;    1661.60;       10;    0.79;   stop
   159;    2040.99;     173.84;    2056.53;     173.51;    2055.81;     139.36;    2040.27;     139.69;       10;    0.79;   move
   229;    2197.82;     569.90;    2226.56;     567.52;    2225.38;     553.30;    2196.64;     555.68;       10;    0.79;   stop
   289;    2663.64;    1752.62;    2664.43;    1719.36;    2648.36;    1718.98;    2647.57;    1752.24;       10;    0.79;   stop
  4083;    2711.11;    1963.74;    2719.53;    1950.31;    2693.29;    1933.86;    2684.87;    1947.29;       10;    0.79;   stop
   378;    3864.35;    1318.00;    3867.77;    1303.15;    3835.65;    1295.75;    3832.23;    1310.60;       10;    0.79;   stop
  5383;     840.88;      57.37;     848.53;      43.59;     821.12;      28.38;     813.47;      42.16;       10;    0.79;   stop
   352;    1053.25;     647.68;    1054.37;     633.80;    1026.75;     631.57;    1025.63;     645.45;       10;    0.79;   stop
   219;     664.47;    1067.38;     694.97;    1066.49;     694.53;    1051.62;     664.03;    1052.51;       10;    0.79;   stop
   215;    2233.37;    1159.83;    2262.27;    1158.99;    2261.83;    1144.17;    2232.93;    1145.01;       10;    0.79;   stop
  1473;    2345.40;    1073.60;    2381.72;    1072.04;    2381.00;    1055.20;    2344.68;    1056.76;       10;    0.79;   move
   154;    2675.91;    2056.66;    2703.96;    2041.46;    2696.09;    2026.94;    2668.04;    2042.14;       10;    0.79;   stop
   241;    2790.83;     527.59;    2820.57;     523.51;    2818.77;     510.41;    2789.03;     514.49;       10;    0.79;   stop
   321;     554.16;    1029.68;     571.05;    1027.97;     567.84;     996.32;     550.95;     998.03;       10;    0.79;   stop
  5275;    1058.88;    1143.46;    1087.34;    1143.04;    1087.12;    1128.54;    1058.66;    1128.96;       10;    0.79;   move
  5064;    1844.39;    1108.63;    1876.40;    1106.92;    1875.61;    1092.17;    1843.60;    1093.88;       10;    0.79;   stop
  1101;    2202.29;    1049.17;    2204.08;    1035.21;    2176.11;    1031.63;    2174.32;    1045.59;       10;    0.79;   move
   274;    3804.92;     922.57;    3836.29;     920.07;    3835.08;     904.93;    3803.71;     907.43;       10;    0.79;   stop
   401;    3119.51;    1191.37;    3121.13;    1177.89;    3093.99;    1174.63;    3092.37;    1188.11;       10;    0.79;   stop
   365;    2030.76;    1671.91;    2061.51;    1671.77;    2061.44;    1655.69;    2030.69;    1655.83;       10;    0.79;   stop
   452;    2469.63;    2152.46;    2499.74;    2138.29;    2493.17;    2124.34;    2463.06;    2138.51;       10;    0.79;   stop
   250;    2880.61;     520.50;    2909.46;     517.03;    2907.79;     503.10;    2878.94;     506.57;       10;    0.79;   stop
  4519;    1991.63;     544.34;    2007.14;     543.20;    2005.17;     516.46;    1989.66;     517.60;       10;    0.79;   stop
   246;    2299.07;     562.45;    2329.24;     559.21;    2327.73;     545.15;    2297.56;     548.39;       10;    0.79;   stop
   374;     319.05;    1050.74;     323.75;    1019.73;     307.45;    1017.26;     302.75;    1048.27;       10;    0.79;   stop
  4855;    1532.77;    1117.23;    1560.16;    1116.23;    1559.63;    1101.57;    1532.24;    1102.57;       10;    0.79;   move
   119;    2038.14;     935.94;    2054.36;     934.55;    2051.66;     903.06;    2035.44;     904.45;       10;    0.79;   stop
   334;    2355.55;    1158.16;    2385.09;    1157.28;    2384.65;    1142.24;    2355.11;    1143.12;       10;    0.79;   stop
   268;    2747.39;    1266.63;    2775.36;    1265.14;    2774.61;    1250.97;    2746.64;    1252.46;       10;    0.79;   stop
   335;    3628.63;     894.74;    3628.76;     880.51;    3601.37;     880.26;    3601.24;     894.49;       10;    0.79;   stop
   278;    2086.41;    1606.65;    2107.70;    1606.11;    2106.39;    1555.35;    2085.10;    1555.89;        9;    0.79;   stop
   371;    3789.41;     306.68;    3800.83;     273.99;    3784.59;     268.32;    3773.17;     301.01;       10;    0.78;   stop
   359;     296.56;    1177.54;     327.33;    1176.80;     326.94;    1160.46;     296.17;    1161.20;       10;    0.78;   stop
   273;    2055.12;    1248.03;    2070.64;    1245.56;    2065.68;    1214.37;    2050.16;    1216.84;       10;    0.78;   stop
  5139;    1802.09;    1108.14;    1833.88;    1107.25;    1833.47;    1092.66;    1801.68;    1093.55;       10;    0.78;   stop
   265;    3444.48;     919.27;    3465.77;     899.86;    3456.52;     889.73;    3435.23;     909.14;       10;    0.78;   stop
   309;    2633.39;    1747.33;    2635.48;    1713.31;    2618.61;    1712.27;    2616.52;    1746.29;       10;    0.78;   stop
    62;    2803.31;    1913.67;    2811.86;    1900.81;    2787.09;    1884.33;    2778.54;    1897.19;       10;    0.78;   stop
   290;    1923.75;     318.81;    1937.56;     317.92;    1935.65;     288.39;    1921.84;     289.28;       10;    0.78;   stop
   319;    2088.65;     417.07;    2102.33;     416.15;    2100.45;     388.13;    2086.77;     389.05;       10;    0.78;   stop
   367;    1075.36;    1059.69;    1103.40;    1058.15;    1102.64;    1044.31;    1074.60;    1045.85;       10;    0.78;   stop
   101;     410.55;    1067.59;     410.72;    1053.74;     383.95;    1053.41;     383.78;    1067.26;       10;    0.78;   stop
  5071;    1416.49;    1147.39;    1446.57;    1145.27;    1445.51;    1130.21;    1415.43;    1132.33;       10;    0.78;   move
   100;    1954.13;     579.61;    1967.51;     578.83;    1965.87;     550.79;    1952.49;     551.57;       10;    0.78;   stop
   483;     858.50;    1231.77;     875.63;    1230.53;     873.50;    1201.23;     856.37;    1202.47;       10;    0.78;   stop
  1691;    2312.66;    1055.23;    2346.53;    1053.91;    2345.94;    1038.77;    2312.07;    1040.09;       10;    0.78;   move
  2621;    2581.15;    1051.14;    2612.38;    1050.43;    2612.05;    1035.66;    2580.82;    1036.37;       10;    0.78;   stop
   323;    2049.71;    1213.74;    2064.17;    1210.97;    2058.99;    1183.86;    2044.53;    1186.63;       10;    0.78;   stop
   436;     906.62;    1656.51;     907.34;    1643.85;     883.38;    1642.49;     882.66;    1655.15;       10;    0.78;   stop
   277;     988.54;    1985.35;     988.74;    1953.74;     973.46;    1953.65;     973.26;    1985.26;       10;    0.78;   stop
   295;    2060.13;    1634.11;    2060.18;    1619.18;    2030.57;    1619.09;    2030.52;    1634.02;       10;    0.78;   stop
    65;    2039.99;    1077.06;    2040.14;    1062.82;    2013.61;    1062.54;    2013.46;    1076.78;       10;    0.78;   move
   477;    1961.07;     895.76;    1974.49;     894.85;    1972.73;     868.84;    1959.31;     869.75;       10;    0.78;   stop
   291;    2512.05;     546.99;    2538.39;     544.39;    2537.15;     531.81;    2510.81;     534.41;       10;    0.78;   stop
   283;     919.31;    1224.47;     920.33;    1209.55;     890.69;    1207.53;     889.67;    1222.45;       10;    0.78;   stop
  2544;    2216.17;    1096.73;    2247.29;    1095.83;    2246.83;    1080.07;    2215.71;    1080.97;       10;    0.78;   stop
   372;    3427.20;    1048.24;    3439.65;    1023.13;    3426.80;    1016.76;    3414.35;    1041.87;       10;    0.78;   stop
  5656;     538.91;      68.26;     548.44;      39.29;     533.09;      34.24;     523.56;      63.21;       10;    0.78;   move
  4506;    1971.41;     519.54;    1984.93;     518.18;    1982.19;     490.86;    1968.67;     492.22;       10;    0.78;   stop
   332;    2544.00;     547.68;    2576.03;     545.06;    2574.80;     529.92;    2542.77;     532.54;       10;    0.78;   stop
   312;     496.41;    1070.85;     524.91;    1067.88;     523.59;    1055.15;     495.09;    1058.12;       10;    0.78;   stop
   276;     306.76;    1606.37;     308.60;    1593.44;     281.74;    1589.63;     279.90;    1602.56;       10;    0.78;   stop
   522;     438.25;    1671.59;     445.12;    1657.78;     418.25;    1644.41;     411.38;    1658.22;       10;    0.78;   stop
   385;    3126.64;    1822.32;    3154.29;    1795.36;    3140.56;    1781.28;    3112.91;    1808.24;        9;    0.78;   stop
   382;    1779.08;     581.65;    1779.72;     566.77;    1751.32;     565.55;    1750.68;     580.43;       10;    0.78;   stop
   258;    1926.04;     204.14;    1940.49;     203.36;    1938.76;     171.46;    1924.31;     172.24;       10;    0.78;   stop
  5193;    2472.10;     571.87;    2506.43;     568.93;    2505.10;     553.43;    2470.77;     556.37;       10;    0.78;   move
   404;    2638.68;    1031.36;    2667.66;    1030.64;    2667.32;    1017.04;    2638.34;    1017.76;       10;    0.78;   stop
   184;    3624.76;     724.73;    3636.65;     694.92;    3621.24;     688.77;    3609.35;     718.58;       10;    0.78;   stop
   469;    2159.85;    1497.16;    2172.81;    1496.84;    2172.15;    1469.84;    2159.19;    1470.16;       10;    0.78;   stop
   390;    1436.32;    1177.59;    1482.65;    1176.17;    1482.08;    1157.61;    1435.75;    1159.03;        9;    0.77;   stop
  3562;    2856.35;    1078.62;    2857.17;    1061.96;    2825.05;    1060.38;    2824.24;    1077.04;       10;    0.77;   stop
   325;     436.04;      92.31;     464.71;      89.66;     463.46;      76.19;     434.79;      78.84;       10;    0.77;   stop
  1986;    2030.59;      24.03;    2043.88;      23.73;    2043.31;      -1.23;    2030.02;      -0.93;       10;    0.77;   move
   300;    2118.33;     800.96;    2131.71;     799.31;    2128.67;     774.64;    2115.29;     776.29;       10;    0.77;   stop
   528;     526.12;     573.26;     529.25;     558.73;     500.88;     552.62;     497.75;     567.14;       10;    0.77;   stop
   313;     206.46;    1178.33;     234.80;    1177.84;     234.54;    1162.67;     206.20;    1163.16;       10;    0.77;   stop
   430;    2147.32;    2113.60;    2163.87;    2113.02;    2162.68;    2079.20;    2146.13;    2079.78;       10;    0.77;   stop
   393;     470.83;      87.39;     500.21;      85.13;     499.17;      71.61;     469.79;      73.87;       10;    0.77;   stop
   444;     841.74;    1232.62;     855.98;    1232.23;     855.26;    1205.38;     841.02;    1205.77;       10;    0.77;   stop
   284;    1687.44;    1170.33;    1721.31;    1168.73;    1720.56;    1152.87;    1686.69;    1154.47;       10;    0.77;   stop
   316;    3723.79;     926.86;    3754.24;     924.80;    3753.21;     909.64;    3722.76;     911.70;       10;    0.77;   stop
   462;    2644.10;    1350.15;    2644.42;    1318.21;    2628.30;    1318.05;    2627.98;    1349.99;       10;    0.77;   stop
  4865;    1970.90;     389.59;    1985.87;     375.54;    1968.30;     356.81;    1953.33;     370.86;       10;    0.77;   stop
   259;    2337.22;     559.91;    2367.51;     557.58;    2366.38;     542.89;    2336.09;     545.22;       10;    0.77;   stop
   299;    2405.41;     556.00;    2434.84;     553.83;    2433.79;     539.60;    2404.36;     541.77;       10;    0.77;   stop
  1921;    3695.32;     542.87;    3703.74;     511.12;    3688.68;     507.13;    3680.26;     538.88;       10;    0.77;   stop
   311;    3815.82;     233.48;    3828.45;     202.92;    3814.18;     197.02;    3801.55;     227.58;       10;    0.77;   stop
  4789;    3559.47;    1128.27;    3588.58;    1114.98;    3582.53;    1101.73;    3553.42;    1115.02;       10;    0.77;   stop
   336;     942.32;    1994.17;     958.25;    1993.29;     956.68;    1964.83;     940.75;    1965.71;       10;    0.77;   stop
   341;    2984.12;      81.36;    3013.69;      77.42;    3011.88;      63.84;    2982.31;      67.78;       10;    0.77;   stop
   363;    3727.83;     887.70;    3758.16;     885.61;    3757.17;     871.30;    3726.84;     873.39;       10;    0.77;   stop
   351;     925.03;    1999.99;     940.54;    1999.22;     938.97;    1968.01;     923.46;    1968.78;       10;    0.77;   stop
   437;    1936.53;     396.70;    1951.71;     396.59;    1951.47;     361.70;    1936.29;     361.81;       10;    0.77;   stop
   391;    2581.74;    1155.24;    2611.81;    1154.49;    2611.46;    1140.36;    2581.39;    1141.11;       10;    0.77;   stop
   369;    3658.81;     892.10;    3688.52;     889.24;    3687.19;     875.40;    3657.48;     878.26;       10;    0.77;   stop
   411;    3409.08;    1295.67;    3431.89;    1268.31;    3419.92;    1258.33;    3397.11;    1285.69;       10;    0.77;   stop
   453;    1101.97;     650.58;    1103.51;     636.09;    1076.03;     633.17;    1074.49;     647.66;       10;    0.76;   stop
   425;    2071.11;     719.45;    2087.26;     718.38;    2084.99;     683.95;    2068.84;     685.02;       10;    0.76;   move
  1935;    2506.62;    1072.71;    2536.96;    1069.95;    2535.38;    1052.49;    2505.04;    1055.25;       10;    0.76;   stop
   356;    1611.47;    1627.73;    1643.06;    1627.44;    1642.93;    1613.47;    1611.34;    1613.76;       10;    0.76;   stop
   446;    1227.16;    1055.59;    1253.99;    1054.06;    1253.24;    1040.81;    1226.41;    1042.34;       10;    0.76;   stop
  2603;    2639.66;    1070.04;    2640.12;    1056.12;    2611.14;    1055.16;    2610.68;    1069.08;       10;    0.76;   stop
   376;    3652.21;     654.18;    3658.66;     629.42;    3645.79;     626.07;    3639.34;     650.83;       10;    0.76;   stop
  1693;    2066.21;     333.18;    2072.30;     311.36;    2054.59;     306.42;    2048.50;     328.24;       10;    0.76;   move
   333;    2914.38;     517.71;    2944.68;     513.98;    2943.00;     500.29;    2912.69;     504.02;       10;    0.76;   stop
   227;    2223.15;     162.82;    2246.79;     160.70;    2245.65;     147.98;    2222.01;     150.10;       10;    0.76;   move
   287;     354.85;    1644.55;     355.76;    1629.17;     326.65;    1627.45;     325.74;    1642.83;       10;    0.76;   stop
   174;     921.79;    1999.40;     921.81;    1970.61;     907.21;    1970.60;     907.19;    1999.39;       10;    0.76;   stop
   320;    3830.88;     197.35;    3842.45;     167.14;    3828.12;     161.65;    3816.55;     191.86;       10;    0.76;   stop
   214;    2726.61;    1036.88;    2758.78;    1035.68;    2758.19;    1019.92;    2726.02;    1021.12;       10;    0.76;   stop
   383;     740.79;    1656.35;     765.94;    1655.07;     765.21;    1640.65;     740.06;    1641.93;       10;    0.76;   stop
   498;    2431.44;    2096.24;    2442.76;    2085.08;    2422.16;    2064.17;    2410.84;    2075.32;       10;    0.76;   stop
   421;     555.21;     578.44;     558.76;     564.36;     530.79;     557.31;     527.24;     571.39;       10;    0.75;   stop
  5369;     904.07;    1142.83;     904.18;    1126.39;     867.93;    1126.17;     867.82;    1142.61;       10;    0.75;   move
   400;    2546.55;    1155.53;    2575.99;    1155.25;    2575.85;    1140.07;    2546.41;    1140.35;       10;    0.75;   stop
   471;     442.69;    1747.84;     459.15;    1746.47;     456.81;    1718.16;     440.35;    1719.53;       10;    0.75;   stop
   196;    2692.59;    1973.85;    2700.68;    1959.27;    2673.41;    1944.15;    2665.32;    1958.73;       10;    0.75;   stop
   451;    2185.36;    2048.94;    2218.29;    2048.84;    2218.24;    2031.06;    2185.31;    2031.16;       10;    0.75;   stop
   409;    1578.11;    1172.23;    1607.11;    1168.57;    1605.49;    1155.77;    1576.49;    1159.43;       10;    0.75;   stop
    98;    2628.54;    1856.37;    2630.53;    1827.50;    2615.06;    1826.43;    2613.07;    1855.30;       10;    0.75;   stop
   327;    3773.02;     340.53;    3782.42;     314.27;    3768.98;     309.47;    3759.58;     335.73;       10;    0.75;   stop
  2028;    2530.60;    1050.49;    2564.81;    1049.14;    2564.20;    1033.91;    2529.99;    1035.26;       10;    0.75;   stop
   346;    2251.35;    1315.20;    2281.09;    1309.42;    2278.25;    1294.80;    2248.51;    1300.58;       10;    0.75;   stop
  4055;    2684.08;    1134.65;    2710.91;    1134.28;    2710.72;    1120.15;    2683.89;    1120.52;       10;    0.75;   move
   447;    3440.48;    1021.72;    3453.53;     995.84;    3440.52;     989.28;    3427.47;    1015.16;       10;    0.75;   stop
   509;     496.29;    1652.39;     522.70;    1649.56;     521.21;    1635.61;     494.80;    1638.44;       10;    0.75;   stop
   364;    1494.19;    1625.28;    1494.83;    1612.35;    1469.81;    1611.12;    1469.17;    1624.05;       10;    0.75;   stop
   296;    2658.44;    1897.30;    2659.37;    1862.74;    2642.76;    1862.30;    2641.83;    1896.86;       10;    0.75;   stop
   476;    1924.70;    1167.04;    1953.32;    1162.89;    1951.30;    1148.96;    1922.68;    1153.11;       10;    0.75;   stop
   377;    3608.08;     656.11;    3618.91;     629.09;    3605.92;     623.89;    3595.09;     650.91;       10;    0.75;   stop
   470;    2076.68;     112.21;    2089.74;     110.93;    2087.32;      86.39;    2074.26;      87.67;       10;    0.74;   stop
   247;    3016.19;     511.72;    3046.82;     506.17;    3044.31;     492.28;    3013.68;     497.83;       10;    0.74;   stop
   388;    1622.76;    1048.45;    1622.79;    1033.62;    1595.64;    1033.55;    1595.61;    1048.38;       10;    0.74;   stop
   499;     241.25;    1179.88;     272.70;    1178.12;     271.75;    1161.12;     240.30;    1162.88;       10;    0.74;   stop
   417;    2887.26;    1958.44;    2910.63;    1943.53;    2902.99;    1931.56;    2879.62;    1946.47;       10;    0.74;   stop
   475;    2843.68;     522.79;    2871.26;     520.76;    2870.32;     508.01;    2842.74;     510.04;       10;    0.74;   stop
   380;    1966.87;     943.95;    1979.94;     942.55;    1976.83;     913.65;    1963.76;     915.05;       10;    0.74;   stop
  3157;    2683.57;    1070.86;    2684.00;    1055.21;    2652.43;    1054.34;    2652.00;    1069.99;       10;    0.74;   stop
   337;    1638.02;    1665.02;    1638.57;    1650.39;    1611.58;    1649.38;    1611.03;    1664.01;       10;    0.74;   stop
   474;    2833.65;    1893.78;    2839.65;    1881.01;    2816.70;    1870.22;    2810.70;    1882.99;       10;    0.74;   stop
   415;     890.62;    1177.48;     927.66;    1176.87;     927.38;    1160.12;     890.34;    1160.73;       10;    0.74;   stop
   460;    2688.05;    1155.46;    2716.80;    1154.57;    2716.35;    1140.14;    2687.60;    1141.03;       10;    0.74;   stop
   427;    3693.40;     887.90;    3718.55;     886.05;    3717.60;     873.10;    3692.45;     874.95;       10;    0.74;   stop
   426;    3766.32;     883.63;    3794.12;     882.64;    3793.68;     870.37;    3765.88;     871.36;       10;    0.74;   stop
   297;     643.87;      65.16;     678.75;      61.55;     677.13;      45.84;     642.25;      49.45;       10;    0.74;   stop
   456;     804.24;    1654.71;     834.77;    1654.67;     834.76;    1640.29;     804.23;    1640.33;       10;    0.74;   stop
   355;    1433.03;    1625.87;    1460.72;    1624.80;    1460.17;    1610.53;    1432.48;    1611.60;       10;    0.74;   stop
   441;    1388.51;    1627.42;    1421.63;    1625.36;    1420.69;    1610.18;    1387.57;    1612.24;       10;    0.73;   stop
   243;    2628.77;    1825.53;    2630.55;    1798.22;    2616.03;    1797.27;    2614.25;    1824.58;       10;    0.73;   stop
   347;    2785.02;    1925.86;    2793.51;    1911.30;    2763.38;    1893.74;    2754.89;    1908.30;       10;    0.73;   stop
   348;    3111.51;      69.81;    3142.62;      66.51;    3140.99;      51.19;    3109.88;      54.49;       10;    0.73;   stop
   486;    2801.96;    1355.43;    2807.94;    1322.23;    2792.04;    1319.37;    2786.07;    1352.57;       10;    0.73;   stop
   484;     782.35;      44.68;     810.72;      44.55;     810.65;      29.57;     782.28;      29.70;       10;    0.73;   stop
   541;     498.16;    1177.80;     527.30;    1176.90;     526.84;    1162.20;     497.70;    1163.10;       10;    0.73;   stop
   466;    2228.99;     568.16;    2255.66;     565.37;    2254.21;     551.44;    2227.54;     554.23;       10;    0.73;   stop
   459;    3801.51;     268.48;    3811.50;     243.16;    3798.49;     238.02;    3788.50;     263.34;       10;    0.73;   stop
   396;     453.67;    1867.20;     468.17;    1865.30;     464.83;    1839.80;     450.33;    1841.70;       10;    0.73;   stop
  4593;    1711.95;     580.15;    1744.08;     580.09;    1744.05;     564.65;    1711.92;     564.71;       10;    0.73;   stop
   329;     636.82;    1212.00;     667.29;    1211.79;     667.18;    1196.00;     636.71;    1196.21;       10;    0.73;   stop
   454;    1191.99;    1008.95;    1207.76;    1008.03;    1206.01;     978.05;    1190.24;     978.97;       10;    0.72;   stop
  3259;    2393.05;    1095.95;    2420.00;    1094.38;    2419.15;    1079.65;    2392.20;    1081.22;       10;    0.72;   stop
   416;     645.36;    1653.69;     646.61;    1641.72;     623.64;    1639.31;     622.39;    1651.28;       10;    0.72;   stop
   419;     890.92;    1999.09;     906.28;    1998.46;     905.08;    1968.91;     889.72;    1969.54;       10;    0.72;   stop
   479;     383.72;    1646.19;     384.62;    1632.39;     360.28;    1630.81;     359.38;    1644.61;       10;    0.72;   stop
  5935;    3629.51;     488.23;    3630.36;     471.38;    3598.49;     469.77;    3597.64;     486.62;       10;    0.72;   move
   558;    3796.14;     450.18;    3825.09;     445.90;    3822.86;     430.82;    3793.91;     435.10;       10;    0.72;   stop
   505;     470.88;    2098.06;     488.86;    2096.98;     487.12;    2067.94;     469.14;    2069.02;       10;    0.72;   stop
   422;    3213.67;      59.28;    3244.75;      55.95;    3243.13;      40.92;    3212.05;      44.25;       10;    0.72;   stop
   458;    2947.23;     515.68;    2976.55;     511.46;    2974.52;     497.32;    2945.20;     501.54;       10;    0.72;   stop
   468;     979.47;    1616.96;    1003.64;    1616.77;    1003.53;    1604.04;     979.36;    1604.23;       10;    0.72;   stop
   387;    2839.22;     564.70;    2867.68;     562.12;    2866.38;     547.70;    2837.92;     550.28;       10;    0.72;   stop
   431;    3844.48;     161.10;    3855.44;     130.97;    3841.52;     125.90;    3830.56;     156.03;       10;    0.72;   stop
   399;    2588.97;    1031.66;    2589.15;    1018.31;    2561.03;    1017.94;    2560.85;    1031.29;       10;    0.72;   stop
   843;    1920.51;    1655.17;    1951.06;    1649.83;    1948.29;    1634.03;    1917.74;    1639.37;       10;    0.72;   stop
   512;     846.65;    1059.11;     874.56;    1056.41;     873.35;    1043.89;     845.44;    1046.59;       10;    0.71;   stop
   489;    3056.08;      73.96;    3087.48;      70.47;    3085.92;      56.54;    3054.52;      60.03;       10;    0.71;   stop
   494;    1912.20;    1633.48;    1940.35;    1632.46;    1939.80;    1617.32;    1911.65;    1618.34;       10;    0.71;   stop
   526;    2168.00;    2113.08;    2182.42;    2112.41;    2181.00;    2082.12;    2166.58;    2082.79;       10;    0.71;   stop
   481;    3246.14;     491.31;    3272.59;     487.26;    3270.66;     474.69;    3244.21;     478.74;       10;    0.71;   stop
   381;    3615.09;     753.93;    3623.67;     727.54;    3609.91;     723.07;    3601.33;     749.46;       10;    0.71;   stop
  2381;    2557.43;    1070.96;    2593.05;    1069.95;    2592.57;    1053.04;    2556.95;    1054.05;       10;    0.71;   stop
   442;    2566.99;     120.82;    2596.32;     118.31;    2595.01;     102.98;    2565.68;     105.49;       10;    0.71;   stop
   472;    2984.40;     512.48;    3007.32;     509.36;    3005.60;     496.72;    2982.68;     499.84;       10;    0.71;   stop
   527;      24.19;    1621.41;      24.75;    1605.45;       0.23;    1604.59;      -0.33;    1620.55;       10;    0.71;   stop
   418;    3664.19;     619.66;    3673.54;     589.98;    3658.81;     585.34;    3649.46;     615.02;       10;    0.71;   stop
   508;    2600.69;    2010.47;    2604.42;    1995.25;    2574.51;    1987.93;    2570.78;    2003.15;       10;    0.71;   stop
   504;    3755.07;     450.17;    3789.93;     447.87;    3788.93;     432.83;    3754.07;     435.13;       10;    0.70;   stop
   487;     998.52;    2073.11;    1009.99;    2071.85;    1007.48;    2048.89;     996.01;    2050.15;       10;    0.70;   stop
   429;     475.96;    2130.05;     491.01;    2129.04;     489.04;    2099.95;     473.99;    2100.96;       10;    0.70;   stop
  5957;    4051.65;    1293.25;    4054.51;    1274.87;    4018.35;    1269.25;    4015.49;    1287.63;       10;    0.70;   stop
   420;     611.48;      68.12;     640.63;      65.71;     639.52;      52.38;     610.37;      54.79;       10;    0.70;   stop
   392;    1607.04;    1665.81;    1607.30;    1651.49;    1580.16;    1650.99;    1579.90;    1665.31;       10;    0.70;   stop
   523;     868.37;    1620.09;     868.39;    1607.95;     844.63;    1607.91;     844.61;    1620.05;       10;    0.70;   stop
   434;    3675.96;     929.88;    3701.48;     929.14;    3701.04;     914.12;    3675.52;     914.86;       10;    0.70;   stop
   503;    2167.06;     149.49;    2197.02;     147.69;    2196.14;     133.11;    2166.18;     134.91;       10;    0.70;   stop
   324;    3675.92;     586.08;    3687.21;     556.75;    3672.08;     550.92;    3660.79;     580.25;       10;    0.70;   stop
   379;     358.81;     103.33;     386.07;     100.65;     384.69;      86.67;     357.43;      89.35;       10;    0.69;   stop
   493;    2272.29;     140.42;    2300.03;     139.83;    2299.71;     124.78;    2271.97;     125.37;       10;    0.69;   stop
   405;    2664.80;    1631.32;    2667.27;    1602.69;    2653.20;    1601.48;    2650.73;    1630.11;       10;    0.69;   stop
  4587;    1676.09;    1113.22;    1711.12;    1111.52;    1710.31;    1094.78;    1675.28;    1096.48;        9;    0.69;   stop
   501;    2713.38;     535.50;    2746.19;     530.12;    2743.82;     515.70;    2711.01;     521.08;       10;    0.69;   stop
   502;      95.70;    1185.03;     125.14;    1181.58;     123.43;    1166.97;      93.99;    1170.42;       10;    0.69;   stop
   506;     816.98;    1620.14;     841.32;    1619.74;     841.12;    1607.86;     816.78;    1608.26;       10;    0.69;   stop
   435;     521.29;    1376.44;     521.90;    1363.17;     497.71;    1362.06;     497.10;    1375.33;       10;    0.69;   stop
   464;    1401.95;    1663.25;    1402.44;    1649.70;    1376.05;    1648.75;    1375.56;    1662.30;       10;    0.69;   stop
   574;    2480.27;    2073.22;    2486.68;    2058.27;    2456.13;    2045.18;    2449.72;    2060.12;       10;    0.69;   stop
   443;    3322.21;      86.36;    3350.36;      82.92;    3348.79;      70.14;    3320.64;      73.58;       10;    0.69;   stop
   408;    3725.65;     496.37;    3760.20;     494.53;    3759.35;     478.63;    3724.80;     480.47;       10;    0.69;   stop
   513;    2087.52;    1550.73;    2103.81;    1550.31;    2102.88;    1514.07;    2086.59;    1514.49;       10;    0.69;   stop
   548;     456.38;    1907.51;     471.10;    1906.83;     469.62;    1874.49;     454.90;    1875.17;       10;    0.69;   stop
   450;    2727.09;    1955.33;    2736.42;    1943.04;    2708.51;    1921.87;    2699.18;    1934.16;       10;    0.69;   stop
   623;    2070.64;    1365.61;    2085.17;    1363.10;    2079.16;    1328.39;    2064.64;    1330.90;        9;    0.68;   stop
   514;     844.57;    1656.58;     871.96;    1655.56;     871.43;    1641.42;     844.04;    1642.44;       10;    0.68;   stop
   561;    2918.91;    2066.84;    2931.21;    2060.27;    2916.29;    2032.36;    2903.99;    2038.93;       10;    0.68;   stop
   554;    2264.92;     566.00;    2294.17;     563.44;    2292.88;     548.80;    2263.63;     551.36;       10;    0.68;   stop
   497;    2646.50;    2070.05;    2671.82;    2054.89;    2664.30;    2042.35;    2638.98;    2057.51;       10;    0.68;   stop
  2809;    2299.86;    1098.02;    2395.10;    1096.40;    2394.74;    1075.18;    2299.50;    1076.80;        9;    0.68;   stop
   480;    1847.92;    1631.09;    1848.35;    1615.72;    1819.28;    1614.91;    1818.85;    1630.28;       10;    0.68;   stop
  5960;    2013.46;      87.64;    2028.16;      86.53;    2025.74;      54.56;    2011.04;      55.67;       10;    0.68;   stop
  3786;    2670.40;    1446.59;    2672.24;    1421.12;    2659.60;    1420.21;    2657.76;    1445.68;       10;    0.68;   stop
   547;     586.66;    1616.82;     616.53;    1616.40;     616.34;    1603.18;     586.47;    1603.60;       10;    0.68;   stop
  5375;     614.08;    1064.95;     645.98;    1059.79;     643.92;    1047.05;     612.02;    1052.21;       10;    0.68;   stop
   553;     288.03;    1013.58;     289.22;     986.07;     273.97;     985.42;     272.78;    1012.93;       10;    0.68;   stop
   581;    2941.55;    1296.71;    2941.85;    1279.91;    2906.57;    1279.29;    2906.28;    1296.09;       10;    0.68;   stop
   519;     985.19;      23.22;     985.32;       9.43;     958.21;       9.18;     958.08;      22.97;       10;    0.67;   stop
   549;    2191.86;    2112.58;    2204.84;    2109.10;    2197.74;    2082.62;    2184.76;    2086.10;       10;    0.67;   stop
   520;    3360.58;      44.64;    3390.60;      42.16;    3389.42;      27.86;    3359.40;      30.34;       10;    0.67;   stop
   518;    2931.56;      85.03;    2960.68;      81.70;    2958.94;      66.47;    2929.82;      69.80;       10;    0.67;   stop
   525;    1540.38;    1175.67;    1569.19;    1172.78;    1567.62;    1157.13;    1538.81;    1160.02;       10;    0.67;   stop
   463;    2304.28;     137.12;    2329.80;     134.48;    2328.52;     122.08;    2303.00;     124.72;       10;    0.67;   stop
   492;    1604.73;    2126.21;    1606.38;    2095.01;    1590.87;    2094.19;    1589.22;    2125.39;       10;    0.67;   stop
   533;     399.79;    1610.27;     400.78;    1598.80;     376.71;    1596.73;     375.72;    1608.20;       10;    0.67;   stop
   556;    1326.55;    1853.77;    1338.94;    1853.32;    1338.05;    1829.03;    1325.66;    1829.48;       10;    0.67;   stop
   563;     187.09;    1597.04;     213.48;    1595.04;     212.41;    1580.96;     186.02;    1582.96;       10;    0.66;   stop
   529;    1955.10;     855.34;    1967.94;     853.87;    1964.60;     824.66;    1951.76;     826.13;       10;    0.66;   stop
   589;    3162.89;    1790.76;    3179.95;    1770.27;    3169.11;    1761.24;    3152.05;    1781.73;       10;    0.66;   stop
   582;    1889.28;    1169.19;    1918.65;    1168.47;    1918.32;    1155.21;    1888.95;    1155.93;       10;    0.66;   stop
   603;     799.97;    1655.28;     800.08;    1640.92;     773.03;    1640.72;     772.92;    1655.08;       10;    0.66;   stop
   496;      -1.75;    1195.02;      11.90;    1194.32;      11.17;    1179.98;      -2.48;    1180.68;       10;    0.66;   stop
   461;    2439.99;    1310.11;    2440.55;    1292.85;    2399.21;    1291.49;    2398.65;    1308.75;        9;    0.65;   stop
   394;    1381.61;    1483.03;    1383.96;    1458.24;    1370.59;    1456.97;    1368.24;    1481.76;       10;    0.65;   stop
   500;     917.22;    1207.48;     917.56;    1193.18;     889.78;    1192.52;     889.44;    1206.82;       10;    0.65;   stop
   566;    2664.44;     348.27;    2678.54;     347.75;    2677.56;     321.33;    2663.46;     321.85;       10;    0.65;   stop
   531;    2583.09;     545.69;    2610.21;     543.10;    2608.91;     529.51;    2581.79;     532.10;       10;    0.65;   stop
   570;    1058.81;    1182.27;    1059.87;    1168.04;    1034.29;    1166.13;    1033.23;    1180.36;       10;    0.64;   stop
   455;    1498.94;    1175.03;    1529.27;    1173.77;    1528.66;    1158.97;    1498.33;    1160.23;       10;    0.64;   stop
   559;    2529.10;    1272.67;    2557.83;    1271.64;    2557.30;    1256.93;    2528.57;    1257.96;       10;    0.64;   stop
  5889;    3941.02;    1245.51;    3944.30;    1229.91;    3908.98;    1222.49;    3905.70;    1238.09;       10;    0.64;   move
   571;    2313.10;    2154.68;    2321.35;    2142.02;    2294.50;    2124.52;    2286.25;    2137.18;       10;    0.64;   stop
   602;     822.57;    1017.01;     824.57;     987.07;     808.43;     985.99;     806.43;    1015.93;       10;    0.64;   stop
   708;    1229.86;    1179.83;    1260.67;    1178.85;    1260.14;    1162.17;    1229.33;    1163.15;       10;    0.64;   stop
   544;    2700.40;     844.15;    2715.15;     843.42;    2713.60;     811.85;    2698.85;     812.58;       10;    0.64;   stop
   516;    3638.65;     932.93;    3665.60;     930.51;    3664.35;     916.57;    3637.40;     918.99;       10;    0.64;   stop
   657;      -0.07;    1421.84;      19.06;    1420.94;      18.46;    1408.16;      -0.67;    1409.06;       10;    0.64;   stop
   517;     327.10;    1073.76;     352.14;    1070.75;     350.40;    1056.24;     325.36;    1059.25;       10;    0.63;   stop
   449;    3918.05;    1204.26;    3929.27;    1174.52;    3913.95;    1168.74;    3902.73;    1198.48;       10;    0.63;   stop
  4503;    2008.89;     786.98;    2022.19;     786.05;    2020.61;     763.42;    2007.31;     764.35;       10;    0.63;   stop
   552;    3176.00;      61.32;    3203.91;      59.40;    3203.00;      46.18;    3175.09;      48.10;       10;    0.63;   stop
  2188;      23.48;    1418.66;      49.07;    1416.84;      48.08;    1402.84;      22.49;    1404.66;       10;    0.63;   stop
  4812;     783.83;    2142.45;     809.26;    2142.27;     809.17;    2129.55;     783.74;    2129.73;       10;    0.63;   stop
   564;    1326.48;    1823.19;    1338.52;    1822.72;    1337.52;    1797.21;    1325.48;    1797.68;       10;    0.63;   stop
  1721;    2646.60;    2163.54;    2649.15;    2132.49;    2634.20;    2131.26;    2631.65;    2162.31;       10;    0.63;   stop
  3430;    3365.70;    1303.18;    3376.27;    1275.84;    3363.30;    1270.82;    3352.73;    1298.16;       10;    0.62;   stop
   609;     440.17;    1712.20;     456.72;    1710.54;     453.33;    1676.80;     436.78;    1678.46;       10;    0.62;   stop
   465;    3109.03;     503.79;    3140.29;     500.99;    3138.97;     486.21;    3107.71;     489.01;       10;    0.62;   stop
   490;    3458.94;      34.63;    3486.36;      31.87;    3485.06;      18.87;    3457.64;      21.63;       10;    0.62;   stop
  4157;    2918.85;    1078.70;    2920.03;    1064.74;    2888.75;    1062.10;    2887.57;    1076.06;       10;    0.62;   stop
   591;    1023.51;    1909.71;    1056.35;    1909.14;    1056.09;    1894.29;    1023.25;    1894.86;       10;    0.62;   stop
   568;    1575.09;    1663.06;    1575.56;    1651.15;    1549.71;    1650.14;    1549.24;    1662.05;       10;    0.62;   stop
   576;     441.90;    1330.26;     442.33;    1295.20;     425.10;    1294.99;     424.67;    1330.05;       10;    0.62;   stop
  3318;    2435.36;    2167.03;    2462.30;    2156.08;    2456.64;    2142.17;    2429.70;    2153.12;       10;    0.62;   stop
   386;     317.97;     110.66;     350.18;     107.05;     348.53;      92.34;     316.32;      95.95;       10;    0.62;   stop
   668;      11.48;    1089.61;      47.52;    1085.17;      45.58;    1069.39;       9.54;    1073.83;       10;    0.61;   stop
   634;       7.77;    1581.36;       8.25;    1566.94;      -0.63;    1566.64;      -1.12;    1581.06;       10;    0.61;   stop
   495;    2746.52;     104.97;    2777.33;     101.09;    2775.48;      86.43;    2744.67;      90.31;       10;    0.61;   stop
   606;    4011.83;      77.39;    4012.91;      49.18;    3998.17;      48.61;    3997.09;      76.82;       10;    0.61;   stop
   593;    1262.99;    1625.50;    1263.27;    1612.15;    1233.01;    1611.50;    1232.73;    1624.85;       10;    0.61;   stop
   607;     935.59;    1655.46;     935.74;    1641.19;     912.41;    1640.94;     912.26;    1655.21;       10;    0.61;   stop
   542;    2496.53;    1300.93;    2496.76;    1287.88;    2473.47;    1287.47;    2473.24;    1300.52;       10;    0.60;   stop
   580;    3398.93;     920.57;    3410.40;     910.42;    3390.07;     887.43;    3378.60;     897.58;       10;    0.60;   stop
   537;    3758.33;     274.73;    3769.26;     247.16;    3755.67;     241.77;    3744.74;     269.34;       10;    0.60;   stop
   585;    3847.58;     446.27;    3880.40;     442.03;    3878.42;     426.73;    3845.60;     430.97;       10;    0.60;   stop
   613;    2879.41;     561.26;    2905.79;     558.17;    2904.09;     543.74;    2877.71;     546.83;       10;    0.60;   stop
   600;    1649.07;    1009.90;    1652.35;     980.11;    1637.73;     978.50;    1634.45;    1008.29;       10;    0.60;   stop
   521;    3365.77;    1059.36;    3380.34;    1031.49;    3367.23;    1024.64;    3352.66;    1052.51;       10;    0.60;   stop
   535;    1703.96;    1750.53;    1708.89;    1737.71;    1681.24;    1727.07;    1676.31;    1739.89;       10;    0.60;   stop
   592;      47.20;     894.55;      49.98;     879.59;      17.05;     873.45;      14.27;     888.41;       10;    0.59;   stop
   457;    2405.89;     129.88;    2437.00;     127.01;    2435.71;     113.12;    2404.60;     115.99;       10;    0.59;   stop
   539;    3793.78;     184.14;    3803.93;     159.63;    3791.22;     154.36;    3781.07;     178.87;       10;    0.59;   stop
   555;     873.65;    1998.59;     888.46;    1998.13;     887.65;    1972.21;     872.84;    1972.67;       10;    0.59;   stop
   631;    2464.65;     592.70;    2496.18;     589.16;    2494.55;     574.60;    2463.02;     578.14;       10;    0.59;   stop
   705;    1007.61;    1457.00;    1008.58;    1444.64;     981.39;    1442.50;     980.42;    1454.86;       10;    0.59;   stop
  5172;    1351.61;    2160.13;    1366.94;    2158.21;    1363.39;    2129.87;    1348.06;    2131.79;       10;    0.59;   stop
   586;    1614.13;     886.88;    1615.02;     873.76;    1585.07;     871.72;    1584.18;     884.84;       10;    0.59;   stop
   565;    1867.16;    1667.59;    1867.74;    1653.96;    1840.84;    1652.81;    1840.26;    1666.44;       10;    0.59;   stop
   536;    2818.49;      95.14;    2844.74;      90.91;    2842.71;      78.26;    2816.46;      82.49;       10;    0.58;   stop
   546;    3873.89;      90.00;    3883.68;      62.30;    3870.11;      57.50;    3860.32;      85.20;       10;    0.58;   stop
   587;    3858.93;     126.16;    3870.88;      97.62;    3857.07;      91.84;    3845.12;     120.38;       10;    0.58;   stop
   655;    3070.63;     506.28;    3103.69;     503.29;    3102.37;     488.72;    3069.31;     491.71;       10;    0.58;   stop
  3659;    1332.74;    2015.01;    1348.26;    2012.56;    1343.26;    1980.99;    1327.74;    1983.44;       10;    0.58;   stop
   605;    2861.33;      91.49;    2899.75;      88.23;    2898.30;      71.01;    2859.87;      74.27;       10;    0.58;   stop
  4614;    3534.38;     469.75;    3562.71;     465.16;    3560.62;     452.25;    3532.29;     456.84;       10;    0.58;   stop
  4479;    3347.57;    1298.78;    3357.83;    1269.96;    3342.43;    1264.47;    3332.17;    1293.29;       10;    0.58;   stop
   532;    1254.91;    1048.96;    1277.72;    1047.71;    1277.09;    1036.04;    1254.28;    1037.29;       10;    0.58;   stop
  5956;    3564.69;     466.04;    3603.02;     461.55;    3601.31;     446.96;    3562.98;     451.45;       10;    0.57;   stop
   611;    1911.47;     189.23;    1923.25;     188.40;    1921.33;     161.17;    1909.55;     162.00;       10;    0.57;   stop
   596;    1372.83;    1560.98;    1375.85;    1534.11;    1362.57;    1532.62;    1359.55;    1559.49;       10;    0.57;   stop
  4113;    1962.83;     608.72;    1964.37;     592.12;    1922.77;     588.28;    1921.23;     604.88;        9;    0.57;   stop
   584;     556.39;    1616.45;     578.89;    1615.90;     578.61;    1604.55;     556.11;    1605.10;       10;    0.57;   stop
  4198;    3328.16;    1338.13;    3329.18;    1317.90;    3320.64;    1317.47;    3319.62;    1337.70;       10;    0.57;   stop
   569;    3495.41;     868.87;    3514.06;     843.58;    3502.59;     835.13;    3483.94;     860.42;       10;    0.57;   stop
    71;     422.39;    1023.37;     423.11;     999.05;     409.11;     998.63;     408.39;    1022.95;       10;    0.57;   stop
   691;    1024.38;     647.44;    1025.49;     633.15;     998.62;     631.06;     997.51;     645.35;       10;    0.56;   stop
   543;    3755.10;     387.20;    3765.71;     356.22;    3749.90;     350.80;    3739.29;     381.78;       10;    0.56;   stop
  3768;    3269.56;    1184.48;    3271.94;    1168.29;    3239.44;    1163.52;    3237.06;    1179.71;       10;    0.56;   move
   491;    1895.46;    1668.29;    1896.68;    1654.48;    1869.89;    1652.11;    1868.67;    1665.92;       10;    0.56;   stop
   579;     378.31;    1066.95;     378.53;    1054.46;     355.19;    1054.05;     354.97;    1066.54;       10;    0.56;   stop
   620;    3379.86;    1024.05;    3383.06;     994.45;    3369.14;     992.95;    3365.94;    1022.55;       10;    0.56;   stop
   583;    1330.34;    1178.58;    1369.93;    1178.02;    1369.66;    1159.02;    1330.07;    1159.59;       10;    0.55;   stop
   680;    2385.38;    1347.51;    2386.09;    1310.80;    2369.82;    1310.49;    2369.11;    1347.20;       10;    0.55;   stop
   557;    2741.80;    1945.71;    2751.10;    1933.21;    2726.20;    1914.69;    2716.90;    1927.19;       10;    0.55;   stop
   573;    3370.65;     983.07;    3386.96;     977.05;    3374.35;     942.93;    3358.04;     948.95;        9;    0.55;   stop
   562;    2611.20;     543.42;    2640.65;     541.25;    2639.60;     526.98;    2610.15;     529.15;       10;    0.55;   stop
   567;    1153.68;    1006.35;    1154.58;     979.12;    1140.32;     978.65;    1139.42;    1005.88;       10;    0.54;   stop
   617;    1806.19;    1632.30;    1807.09;    1618.17;    1774.61;    1616.10;    1773.71;    1630.23;       10;    0.54;   stop
   679;    2632.57;    1700.82;    2635.14;    1668.74;    2620.63;    1667.58;    2618.06;    1699.66;       10;    0.54;   stop
  3550;    3070.81;    1776.97;    3075.40;    1763.12;    3044.94;    1753.03;    3040.35;    1766.88;       10;    0.54;   stop
   597;     616.07;    1653.44;     616.15;    1638.71;     588.93;    1638.56;     588.85;    1653.29;       10;    0.54;   stop
   524;    2740.68;    2023.57;    2769.16;    2011.99;    2763.32;    1997.63;    2734.84;    2009.21;       10;    0.54;   stop
  5537;    1962.69;     609.08;    1964.03;     591.80;    1921.71;     588.52;    1920.37;     605.80;       10;    0.53;   stop
   648;     175.64;    1691.17;     175.76;    1679.06;     152.61;    1678.83;     152.49;    1690.94;       10;    0.53;   stop
   628;    3320.10;     228.97;    3329.62;     228.67;    3328.70;     198.83;    3319.18;     199.13;       10;    0.53;   stop
   686;    3184.61;    1765.13;    3205.62;    1732.79;    3191.89;    1723.87;    3170.88;    1756.21;       10;    0.53;   stop
   625;      29.97;     494.49;      32.13;     463.66;      15.65;     462.51;      13.50;     493.34;       10;    0.53;   stop
  1225;    3405.58;     480.40;    3437.76;     477.52;    3436.42;     462.60;    3404.24;     465.48;       10;    0.52;   stop
  5814;    3491.92;      32.37;    3519.73;      31.05;    3519.08;      17.38;    3491.27;      18.70;       10;    0.52;   stop
   588;     291.70;     878.92;     294.01;     853.46;     278.80;     852.08;     276.49;     877.54;       10;    0.52;   stop
   640;    3998.90;     115.19;    4014.79;     114.39;    4013.10;      80.81;    3997.21;      81.61;       10;    0.50;   stop
  1232;    2176.66;    1620.35;    2177.51;    1596.07;    2165.74;    1595.65;    2164.89;    1619.93;       10;    0.50;   stop
   653;     690.54;    1430.42;     692.12;    1418.62;     669.46;    1415.58;     667.88;    1427.38;       10;    0.49;   stop
   662;    3226.65;    1407.55;    3239.70;    1380.40;    3228.35;    1374.95;    3215.30;    1402.10;       10;    0.49;   stop
   545;    1107.90;    1178.29;    1140.51;    1177.45;    1140.10;    1161.71;    1107.49;    1162.55;        9;    0.49;   stop
   659;     805.81;    1241.46;     832.02;    1241.19;     831.89;    1228.14;     805.68;    1228.41;       10;    0.49;   stop
   590;    2703.41;     928.32;    2720.89;     927.51;    2718.99;     886.68;    2701.51;     887.49;       10;    0.49;   stop
   678;     385.01;    1889.42;     385.77;    1862.02;     369.99;    1861.58;     369.23;    1888.98;       10;    0.49;   stop
   619;     868.40;      72.55;     896.23;      71.22;     895.60;      58.25;     867.77;      59.58;       10;    0.48;   stop
  3918;    2764.30;    1933.63;    2772.37;    1920.97;    2745.70;    1903.97;    2737.63;    1916.63;       10;    0.48;   stop
  5040;    1325.45;    1886.60;    1341.22;    1885.82;    1339.75;    1856.20;    1323.98;    1856.98;       10;    0.48;   stop
   398;    4056.03;     429.68;    4087.23;     423.33;    4083.97;     407.32;    4052.77;     413.67;       10;    0.48;   stop
   644;    3586.64;    2065.86;    3618.72;    2050.22;    3611.36;    2035.14;    3579.28;    2050.78;       10;    0.48;   stop
  3230;    2374.07;     133.99;    2405.04;     131.79;    2403.93;     116.21;    2372.96;     118.41;       10;    0.47;   stop
  5643;    1243.03;    1660.66;    1243.58;    1646.28;    1218.97;    1645.34;    1218.42;    1659.72;       10;    0.47;   stop
   690;    3960.42;     120.32;    3978.87;     119.72;    3977.58;      80.68;    3959.13;      81.28;       10;    0.47;   stop
   599;     631.09;    1237.74;     660.08;    1237.39;     659.91;    1223.26;     630.92;    1223.61;       10;    0.47;   stop
  4048;     287.05;     115.08;     316.29;     112.58;     314.95;      96.92;     285.71;      99.42;       10;    0.47;   stop
  5940;     197.76;    1631.03;     198.63;    1618.61;     175.24;    1616.97;     174.37;    1629.39;       10;    0.46;   stop
   626;     109.49;    1890.95;     134.98;    1871.44;     126.26;    1860.05;     100.77;    1879.56;       10;    0.46;   stop
  5916;    1109.02;    1178.22;    1141.34;    1177.54;    1140.98;    1160.58;    1108.66;    1161.26;       10;    0.46;   stop
  3535;    3942.88;     873.06;    3976.21;     870.33;    3975.12;     856.94;    3941.79;     859.67;       10;    0.45;   stop
  5563;     627.86;    1060.76;     657.45;    1057.26;     656.14;    1046.24;     626.55;    1049.74;       10;    0.45;   stop
  5962;    3940.81;    1244.73;    3943.98;    1229.52;    3909.19;    1222.27;    3906.02;    1237.48;        9;    0.44;   stop
  5929;    3865.60;    1318.30;    3868.77;    1303.76;    3836.40;    1296.70;    3833.23;    1311.24;        9;    0.43;   stop
  2528;     213.86;    1640.44;     240.10;    1636.18;     237.89;    1622.56;     211.65;    1626.82;       10;    0.43;   stop
  5595;     154.32;     893.53;     157.96;     879.59;     130.68;     872.47;     127.04;     886.41;       10;    0.42;   stop
   575;    3779.20;     223.38;    3787.25;     199.28;    3774.80;     195.12;    3766.75;     219.22;       10;    0.42;   stop
  4827;     715.66;    1617.53;     742.60;    1616.97;     742.34;    1604.47;     715.40;    1605.03;       10;    0.41;   stop
  5937;    3984.53;     869.31;    4010.89;     866.19;    4009.47;     854.19;    3983.11;     857.31;       10;    0.41;   stop
   661;     320.12;    1642.76;     320.99;    1627.74;     295.38;    1626.24;     294.51;    1641.26;       10;    0.41;   stop
  4009;    3636.35;    2039.76;    3669.21;    2024.61;    3661.65;    2008.24;    3628.79;    2023.39;       10;    0.40;   stop
   610;    3253.17;    1509.29;    3262.18;    1483.35;    3248.83;    1478.71;    3239.82;    1504.65;       10;    0.40;   stop
  5431;    1719.05;    1631.13;    1719.52;    1619.66;    1690.15;    1618.47;    1689.68;    1629.94;       10;    0.40;   stop
  5939;    3370.65;     982.23;    3386.38;     976.43;    3374.35;     943.77;    3358.62;     949.57;       10;    0.40;   stop
  5575;    2777.45;    2007.23;    2809.92;    1993.35;    2803.35;    1977.97;    2770.88;    1991.85;       10;    0.40;   stop
  5679;      90.69;     139.34;     119.53;     136.58;     118.06;     121.16;      89.22;     123.92;       10;    0.39;   stop
  5942;    3315.72;     193.63;    3329.44;     193.07;    3328.28;     164.57;    3314.56;     165.13;       10;    0.38;   stop
  5963;     319.34;    1016.57;     320.61;     993.10;     308.16;     992.43;     306.89;    1015.90;       10;    0.38;   stop
   616;     723.30;    1655.56;     723.72;    1644.25;     701.70;    1643.44;     701.28;    1654.75;       10;    0.37;   stop
   629;     294.62;     847.58;     296.25;     818.80;     280.88;     817.92;     279.25;     846.70;       10;    0.37;   stop
  5803;     689.31;    1451.95;     690.98;    1440.03;     669.69;    1437.05;     668.02;    1448.97;       10;    0.37;   stop
  4692;     697.71;    1465.14;     720.59;    1455.65;     715.29;    1442.86;     692.41;    1452.35;       10;    0.37;   stop
   683;    4003.20;     157.17;    4020.77;     155.28;    4016.80;     118.33;    3999.23;     120.22;       10;    0.37;   stop
   663;     135.31;     914.79;     138.80;     902.47;     113.19;     895.21;     109.70;     907.53;       10;    0.36;   stop
  5903;    2454.46;     126.32;    2486.63;     124.01;    2485.54;     108.88;    2453.37;     111.19;       10;    0.35;   stop
  4016;    2676.63;     511.11;    2689.99;     509.62;    2686.97;     482.49;    2673.61;     483.98;       10;    0.35;   stop
  5070;    2140.25;    1238.69;    2156.67;    1238.32;    2155.75;    1197.31;    2139.33;    1197.68;       10;    0.35;   stop