vehicle_id; veh_bb_x1; veh_bb_y1; veh_bb_x2; veh_bb_y2; veh_bb_x3; veh_bb_y3; veh_bb_x4; veh_bb_y4; det_class; conf_score; state
     7;    2989.24;    1046.90;    2990.19;    1031.05;    2957.56;    1029.10;    2956.61;    1044.95;       10;    0.85;   stop
  4786;    2928.18;    1060.39;    2928.70;    1044.64;    2897.45;    1043.61;    2896.93;    1059.36;       10;    0.84;   move
  5266;    3058.00;    1069.72;    3059.63;    1055.53;    3031.25;    1052.28;    3029.62;    1066.47;       10;    0.84;   move
    12;    2938.98;    1164.05;    2940.01;    1149.98;    2912.14;    1147.95;    2911.12;    1162.02;       10;    0.84;   stop
    37;    2063.25;    1944.62;    2068.40;    1913.70;    2052.05;    1910.98;    2046.90;    1941.90;       10;    0.84;   stop
  5714;    3165.43;    1109.32;    3167.59;    1095.30;    3137.57;    1090.68;    3135.41;    1104.70;       10;    0.84;   move
     6;    3284.93;    1374.17;    3296.22;    1346.37;    3282.57;    1340.83;    3271.28;    1368.63;       10;    0.84;   stop
  3889;    1997.11;    2134.32;    2010.50;    2105.94;    1996.39;    2099.28;    1983.00;    2127.66;       10;    0.84;   stop
  3311;    2014.45;     634.08;    2029.58;     632.22;    2025.85;     601.92;    2010.72;     603.78;       10;    0.84;   stop
  3134;    2019.38;     670.84;    2035.75;     668.87;    2031.72;     635.36;    2015.35;     637.33;       10;    0.84;   stop
     1;    2417.78;    2105.35;    2428.86;    2093.61;    2405.82;    2071.85;    2394.74;    2083.59;       10;    0.84;   stop
    19;    3100.49;    1841.07;    3123.49;    1824.11;    3114.51;    1811.93;    3091.51;    1828.89;       10;    0.84;   stop
    90;    3263.71;    1545.55;    3273.15;    1518.64;    3259.79;    1513.95;    3250.35;    1540.86;       10;    0.84;   stop
  5311;    3118.53;    1084.89;    3121.09;    1068.57;    3086.27;    1063.11;    3083.71;    1079.43;       10;    0.84;   move
  5457;    3193.04;    1096.38;    3195.62;    1080.56;    3165.36;    1075.62;    3162.78;    1091.44;       10;    0.84;   move
    15;    3167.45;    1070.12;    3169.40;    1056.62;    3143.55;    1052.88;    3141.60;    1066.38;       10;    0.84;   stop
  1207;    3242.95;    1484.97;    3254.03;    1455.99;    3241.05;    1451.03;    3229.97;    1480.01;       10;    0.84;   stop
   210;       5.93;    1109.01;      38.94;    1104.51;      36.82;    1088.99;       3.81;    1093.49;       10;    0.83;   stop
  5572;    3019.52;    1089.67;    3021.19;    1075.86;    2991.98;    1072.33;    2990.31;    1086.14;       10;    0.83;   move
  5957;    3619.60;    1197.16;    3622.92;    1181.90;    3590.40;    1174.84;    3587.08;    1190.10;       10;    0.83;   stop
    27;      85.79;    1099.98;     119.60;    1096.72;     118.09;    1081.02;      84.27;    1084.28;       10;    0.83;   stop
    54;    1987.76;    2102.88;    2001.65;    2072.74;    1986.84;    2065.92;    1972.95;    2096.06;       10;    0.83;   stop
  2900;    3331.37;    1340.90;    3342.09;    1311.51;    3328.63;    1306.60;    3317.91;    1335.99;       10;    0.83;   stop
  5658;    3085.01;    1099.75;    3087.47;    1084.81;    3053.74;    1079.25;    3051.28;    1094.19;       10;    0.83;   move
    25;    3207.57;    1204.68;    3209.42;    1189.61;    3174.43;    1185.32;    3172.58;    1200.39;       10;    0.83;   stop
    22;    3402.31;    1359.16;    3407.15;    1345.83;    3379.69;    1335.84;    3374.85;    1349.17;       10;    0.83;   stop
    28;    2817.86;    1158.09;    2818.69;    1142.85;    2786.94;    1141.11;    2786.11;    1156.35;       10;    0.83;   stop
  4914;    3276.89;    1509.53;    3287.39;    1479.24;    3273.61;    1474.47;    3263.11;    1504.76;       10;    0.83;   stop
  6181;    3235.60;    1121.82;    3237.40;    1106.59;    3206.80;    1102.98;    3205.00;    1118.21;       10;    0.83;   stop
    21;    3591.07;     891.57;    3593.42;     876.47;    3560.93;     871.43;    3558.58;     886.53;       10;    0.83;   stop
  4494;    3309.09;    1429.45;    3320.29;    1395.40;    3303.71;    1389.95;    3292.51;    1424.00;       10;    0.83;   stop
   642;    2148.46;    1897.30;    2156.70;    1852.87;    2136.34;    1849.10;    2128.10;    1893.53;        9;    0.83;   stop
  3051;    3323.41;    1380.78;    3332.80;    1346.68;    3316.59;    1342.22;    3307.20;    1376.32;       10;    0.83;   stop
  5275;    1842.08;    1140.32;    1869.64;    1139.12;    1869.04;    1125.28;    1841.48;    1126.48;       10;    0.83;   stop
  4992;    2995.09;    1065.52;    2996.28;    1050.02;    2963.16;    1047.48;    2961.97;    1062.98;       10;    0.83;   move
    43;    2904.79;    1162.58;    2905.74;    1147.44;    2873.71;    1145.42;    2872.76;    1160.56;       10;    0.83;   stop
    17;    2661.49;    1821.72;    2662.46;    1790.80;    2645.71;    1790.28;    2644.74;    1821.20;       10;    0.83;   stop
  3943;    2001.46;     680.23;    2017.42;     678.79;    2014.54;     646.97;    1998.58;     648.41;       10;    0.83;   stop
    10;    3100.22;    1060.86;    3102.12;    1047.06;    3073.78;    1043.14;    3071.88;    1056.94;       10;    0.83;   stop
  4858;    3580.31;    1189.15;    3584.38;    1172.61;    3548.69;    1163.85;    3544.62;    1180.39;       10;    0.83;   stop
    44;    2150.52;    1841.02;    2158.02;    1807.97;    2143.08;    1804.58;    2135.58;    1837.63;       10;    0.83;   stop
    31;     578.98;     532.03;     583.92;     499.71;     566.02;     496.97;     561.08;     529.29;       10;    0.83;   stop
  3112;    2150.85;    1474.04;    2150.85;    1441.96;    2133.95;    1441.96;    2133.95;    1474.04;       10;    0.83;   stop
    83;    2924.87;    1931.95;    2952.50;    1920.27;    2946.33;    1905.65;    2918.70;    1917.33;       10;    0.83;   stop
  1038;    1951.51;     547.20;    1968.09;     546.03;    1965.79;     513.60;    1949.21;     514.77;       10;    0.83;   stop
    24;    1211.96;     654.87;    1213.11;     640.57;    1186.04;     638.38;    1184.89;     652.68;       10;    0.83;   stop
    33;     703.52;    1394.36;     704.90;    1378.26;     674.48;    1375.64;     673.10;    1391.74;       10;    0.83;   stop
  1001;    2146.36;    1379.30;    2146.41;    1348.32;    2130.44;    1348.30;    2130.39;    1379.28;       10;    0.83;   stop
   153;    2001.53;    2070.87;    2015.78;    2041.08;    2001.67;    2034.33;    1987.42;    2064.12;       10;    0.83;   stop
  3819;    2135.09;    1569.53;    2149.77;    1569.50;    2149.71;    1541.47;    2135.03;    1541.50;       10;    0.83;   stop
    67;    3254.67;    1343.04;    3265.23;    1313.03;    3250.83;    1307.96;    3240.27;    1337.97;       10;    0.83;   stop
  5608;    1963.88;     153.07;    1979.87;     151.77;    1977.12;     118.13;    1961.13;     119.43;       10;    0.82;   stop
  5203;    1880.14;    1141.43;    1913.33;    1140.86;    1913.06;    1125.37;    1879.88;    1125.94;       10;    0.82;   stop
    68;    3415.95;    1333.44;    3417.24;    1319.30;    3387.05;    1316.56;    3385.76;    1330.70;       10;    0.82;   stop
    52;    2172.31;    1731.18;    2173.48;    1701.39;    2158.69;    1700.82;    2157.52;    1730.61;       10;    0.82;   stop
  5222;    1947.25;     280.25;    1963.92;     278.87;    1961.15;     245.35;    1944.48;     246.73;       10;    0.82;   stop
  5198;    1983.15;     365.62;    1997.90;     364.60;    1995.95;     336.38;    1981.20;     337.40;       10;    0.82;   stop
  3565;    2009.84;     595.65;    2026.30;     593.57;    2022.36;     562.35;    2005.90;     564.43;       10;    0.82;   stop
  6988;       4.62;    1159.36;      33.42;    1154.00;      30.56;    1138.64;       1.76;    1144.00;       10;    0.82;   move
   152;     431.93;    1615.31;     433.43;    1599.65;     402.57;    1596.69;     401.07;    1612.35;       10;    0.82;   stop
   115;    2168.24;    1378.02;    2168.27;    1345.99;    2151.96;    1345.98;    2151.93;    1378.01;       10;    0.82;   stop
     3;    2112.98;    1550.74;    2129.88;    1550.41;    2129.22;    1517.06;    2112.32;    1517.39;       10;    0.82;   move
   331;    2133.63;    1934.57;    2141.76;    1902.02;    2126.57;    1898.23;    2118.44;    1930.78;       10;    0.82;   stop
    64;    3026.59;    1311.50;    3030.41;    1296.00;    2996.91;    1287.75;    2993.09;    1303.25;       10;    0.82;   stop
    69;    3269.98;    1585.40;    3280.04;    1554.69;    3266.02;    1550.10;    3255.96;    1580.81;       10;    0.82;   stop
  5337;    1975.76;     329.32;    1989.73;     327.87;    1986.54;     297.08;    1972.57;     298.53;       10;    0.82;   stop
    58;     128.83;    1092.35;     156.23;    1089.57;     154.92;    1076.65;     127.52;    1079.43;       10;    0.82;   stop
  3487;    2006.63;     755.43;    2022.16;     754.66;    2020.57;     722.37;    2005.04;     723.14;       10;    0.82;   stop
  3959;    2003.11;     716.34;    2018.55;     714.95;    2015.89;     685.26;    2000.45;     686.65;       10;    0.82;   stop
   202;    2117.04;     900.52;    2132.52;     899.33;    2129.96;     865.88;    2114.48;     867.07;       10;    0.82;   stop
  3562;    2214.38;    1073.20;    2242.69;    1073.07;    2242.62;    1059.20;    2214.31;    1059.33;       10;    0.82;   stop
   624;    2125.81;    1342.10;    2141.89;    1341.96;    2141.59;    1306.30;    2125.51;    1306.44;       10;    0.82;   stop
   104;    2860.38;    1268.04;    2860.46;    1254.14;    2831.40;    1253.96;    2831.32;    1267.86;       10;    0.82;   stop
    70;    2649.66;    2129.73;    2651.02;    2098.53;    2635.94;    2097.87;    2634.58;    2129.07;       10;    0.82;   stop
  2978;    2002.50;     807.44;    2004.30;     777.42;    1989.90;     776.56;    1988.10;     806.58;       10;    0.82;   stop
   113;    2112.98;     839.77;    2127.56;     837.54;    2123.02;     807.83;    2108.44;     810.06;       10;    0.82;   stop
  1646;    1987.24;     900.89;    2002.71;     900.32;    2001.56;     869.11;    1986.09;     869.68;       10;    0.82;   stop
    74;    3033.89;    1176.61;    3035.88;    1162.59;    3007.71;    1158.59;    3005.72;    1172.61;       10;    0.82;   stop
   129;    3470.91;     894.90;    3489.12;     871.79;    3478.09;     863.10;    3459.88;     886.21;       10;    0.82;   stop
   217;    2085.94;     658.90;    2086.91;     625.57;    2070.86;     625.10;    2069.89;     658.43;       10;    0.82;   move
  2891;    1986.08;     851.75;    2002.24;     851.44;    2001.52;     815.05;    1985.36;     815.36;       10;    0.82;   stop
    38;      52.20;    1084.48;      81.83;    1080.42;      79.92;    1066.52;      50.30;    1070.58;       10;    0.82;   stop
    16;    2981.01;    1301.00;    2981.87;    1285.81;    2949.99;    1284.00;    2949.13;    1299.19;       10;    0.82;   stop
   187;    2063.79;      40.38;    2078.50;      39.25;    2076.21;       9.42;    2061.50;      10.55;       10;    0.82;   stop
  5801;    1946.39;     231.06;    1962.60;     229.69;    1959.61;     194.34;    1943.40;     195.71;       10;    0.82;   stop
     2;    2120.41;    1228.30;    2136.44;    1227.56;    2134.79;    1192.10;    2118.76;    1192.84;       10;    0.82;   stop
  2809;    2085.01;    1300.50;    2106.50;    1297.27;    2093.39;    1209.90;    2071.90;    1213.13;        9;    0.82;   move
    57;    2174.63;    1580.68;    2175.12;    1546.74;    2159.77;    1546.52;    2159.28;    1580.46;       10;    0.82;   stop
   128;    3077.20;    1183.32;    3079.26;    1169.08;    3048.80;    1164.68;    3046.74;    1178.92;       10;    0.82;   stop
  3512;    2031.32;     831.52;    2046.94;     830.78;    2045.28;     795.68;    2029.66;     796.42;       10;    0.82;   stop
   507;     286.13;    1048.05;     287.54;    1018.74;     271.37;    1017.95;     269.96;    1047.26;       10;    0.82;   stop
   338;    2034.86;     897.32;    2049.53;     896.19;    2047.54;     870.28;    2032.87;     871.41;       10;    0.82;   stop
    93;    1347.62;    1052.27;    1347.66;    1038.21;    1320.58;    1038.13;    1320.54;    1052.19;       10;    0.82;   stop
  3856;    2023.98;     706.69;    2040.01;     705.16;    2037.02;     673.91;    2020.99;     675.44;       10;    0.82;   stop
  4157;    2298.96;    1072.76;    2299.11;    1058.76;    2269.64;    1058.44;    2269.49;    1072.44;       10;    0.82;   stop
  3683;    3536.98;    1176.49;    3539.89;    1162.53;    3511.02;    1156.51;    3508.11;    1170.47;       10;    0.82;   stop
  5112;    3300.30;    1469.50;    3308.73;    1439.60;    3294.20;    1435.50;    3285.77;    1465.40;       10;    0.82;   stop
   236;    2067.58;    1325.81;    2084.77;    1323.61;    2080.72;    1291.99;    2063.53;    1294.19;       10;    0.82;   stop
  3921;    2133.29;    1601.98;    2148.57;    1601.94;    2148.51;    1574.42;    2133.23;    1574.46;       10;    0.82;   stop
    86;    2349.24;    1159.77;    2349.33;    1144.43;    2317.76;    1144.23;    2317.67;    1159.57;       10;    0.82;   stop
   193;    3151.73;    1196.08;    3153.46;    1182.51;    3125.27;    1178.92;    3123.54;    1192.49;       10;    0.82;   stop
   249;    3299.12;    1393.72;    3308.69;    1364.30;    3294.48;    1359.68;    3284.91;    1389.10;       10;    0.82;   stop
   177;    3021.67;    1887.05;    3047.78;    1871.24;    3039.13;    1856.95;    3013.02;    1872.76;       10;    0.82;   stop
  3213;    1562.03;    1081.77;    1593.41;    1080.47;    1592.77;    1065.03;    1561.39;    1066.33;       10;    0.82;   move
   144;    2625.42;    1483.44;    2641.33;    1483.26;    2640.98;    1452.96;    2625.07;    1453.14;       10;    0.82;   stop
  6379;    3533.88;     918.19;    3542.67;     889.22;    3528.12;     884.81;    3519.33;     913.78;       10;    0.82;   move
    59;    3759.88;     925.48;    3794.64;     921.95;    3793.12;     907.02;    3758.36;     910.55;       10;    0.82;   stop
    34;    1507.37;    1664.20;    1507.71;    1648.43;    1478.23;    1647.80;    1477.89;    1663.57;       10;    0.82;   stop
    61;    1540.67;    1662.97;    1540.92;    1648.33;    1510.93;    1647.83;    1510.68;    1662.47;       10;    0.82;   stop
   843;    1974.20;    1636.45;    1975.75;    1622.17;    1947.90;    1619.15;    1946.35;    1633.43;       10;    0.82;   stop
   983;    3005.09;    1836.96;    3033.35;    1820.89;    3025.71;    1807.44;    2997.45;    1823.51;       10;    0.82;   stop
    13;    2661.10;    1856.89;    2661.48;    1826.11;    2644.90;    1825.91;    2644.52;    1856.69;       10;    0.82;   stop
   117;    2045.42;    1974.18;    2056.06;    1949.33;    2043.18;    1943.82;    2032.54;    1968.67;       10;    0.82;   stop
    99;    2523.01;    2128.19;    2525.79;    2113.01;    2497.39;    2107.81;    2494.61;    2122.99;       10;    0.82;   stop
   357;    3903.36;    1328.96;    3907.44;    1313.50;    3870.64;    1303.79;    3866.56;    1319.25;       10;    0.82;   stop
    78;    2027.38;     790.70;    2043.14;     789.41;    2040.62;     758.50;    2024.86;     759.79;       10;    0.81;   stop
  1396;    2071.12;     300.50;    2086.17;     298.97;    2083.18;     269.50;    2068.13;     271.03;       10;    0.81;   stop
  4957;    1980.63;     401.21;    1995.69;     400.15;    1993.67;     371.59;    1978.61;     372.65;       10;    0.81;   stop
   301;    1161.44;     650.28;    1162.07;     634.84;    1128.56;     633.47;    1127.93;     648.91;       10;    0.81;   stop
    88;    3403.17;     936.52;    3434.56;     925.72;    3429.83;     911.98;    3398.44;     922.78;       10;    0.81;   stop
    76;    2664.00;    1671.20;    2666.75;    1636.08;    2650.40;    1634.80;    2647.65;    1669.92;       10;    0.81;   stop
   226;    2354.39;    2135.72;    2362.01;    2120.66;    2333.61;    2106.28;    2325.99;    2121.34;       10;    0.81;   stop
   147;    2069.19;      75.96;    2082.86;      74.57;    2080.01;      46.44;    2066.34;      47.83;       10;    0.81;   stop
   192;    1278.46;    1054.92;    1310.75;    1054.47;    1310.54;    1039.08;    1278.25;    1039.53;       10;    0.81;   stop
  5369;    1901.08;    1124.51;    1901.12;    1108.79;    1870.52;    1108.69;    1870.48;    1124.41;       10;    0.81;   stop
  1143;    3260.22;    1443.11;    3272.40;    1412.17;    3258.98;    1406.89;    3246.80;    1437.83;       10;    0.81;   stop
  6564;    3668.78;    1208.36;    3672.57;    1190.61;    3635.22;    1182.64;    3631.43;    1200.39;       10;    0.81;   stop
   132;    1855.22;    1632.64;    1886.80;    1632.51;    1886.73;    1615.76;    1855.15;    1615.89;       10;    0.81;   stop
   110;    2751.76;     531.94;    2782.67;     528.29;    2781.04;     514.46;    2750.13;     518.11;       10;    0.81;   stop
   140;    2109.45;     727.60;    2123.23;     726.70;    2121.35;     698.00;    2107.57;     698.90;       10;    0.81;   stop
  3758;    2026.31;     744.20;    2041.29;     743.25;    2039.29;     711.40;    2024.31;     712.35;       10;    0.81;   stop
   103;    2717.76;    1005.45;    2732.11;    1002.43;    2726.24;     974.55;    2711.89;     977.57;       10;    0.81;   stop
  3306;    2132.76;    1526.74;    2150.51;    1526.32;    2149.64;    1489.46;    2131.89;    1489.89;       10;    0.81;   stop
  5511;    1966.28;     210.30;    1983.01;     208.70;    1979.32;     170.10;    1962.59;     171.70;       10;    0.81;   stop
    65;     172.34;    1093.41;     199.15;    1092.95;     198.91;    1078.59;     172.10;    1079.05;       10;    0.81;   stop
  2831;    2059.37;     759.60;    2074.73;     758.87;    2073.33;     729.60;    2057.97;     730.33;       10;    0.81;   move
   216;    3476.29;     956.13;    3494.01;     929.57;    3481.71;     921.37;    3463.99;     947.93;       10;    0.81;   stop
   197;    2375.80;    2123.60;    2383.90;    2108.77;    2355.40;    2093.20;    2347.30;    2108.03;       10;    0.81;   stop
   186;    3023.89;    1951.04;    3037.46;    1941.11;    3016.86;    1912.96;    3003.29;    1922.89;       10;    0.81;   stop
    91;    1960.11;     665.12;    1975.08;     663.85;    1972.29;     630.88;    1957.32;     632.15;       10;    0.81;   stop
   156;    2089.47;     382.91;    2103.14;     382.12;    2101.43;     352.69;    2087.76;     353.48;       10;    0.81;   stop
    40;    2089.17;     668.97;    2103.45;     668.59;    2102.63;     637.83;    2088.35;     638.21;       10;    0.81;   stop
   179;    2107.32;     695.58;    2122.29;     694.97;    2121.08;     665.22;    2106.11;     665.83;       10;    0.81;   stop
   198;     768.61;    1065.65;     796.92;    1064.59;     796.39;    1050.35;     768.08;    1051.41;       10;    0.81;   stop
    81;     698.38;    1414.79;     700.13;    1399.76;     669.62;    1396.21;     667.87;    1411.24;       10;    0.81;   stop
  5719;    1638.81;    1110.76;    1665.17;    1110.04;    1664.79;    1096.04;    1638.43;    1096.76;       10;    0.81;   stop
    87;    2391.17;    1158.28;    2416.95;    1158.04;    2416.83;    1144.52;    2391.05;    1144.76;       10;    0.81;   stop
   350;    2867.77;    1162.85;    2868.69;    1145.50;    2831.83;    1143.55;    2830.91;    1160.90;        9;    0.81;   stop
   205;    2077.10;    1411.95;    2094.47;    1409.13;    2087.40;    1365.45;    2070.03;    1368.27;        9;    0.81;   stop
   164;     967.48;    1177.42;     995.78;    1174.77;     994.52;    1161.38;     966.22;    1164.03;       10;    0.81;   stop
   145;    2885.26;    1041.73;    2917.47;    1041.27;    2917.24;    1025.27;    2885.03;    1025.73;       10;    0.81;   stop
   162;    3241.25;    1376.56;    3253.18;    1346.59;    3240.25;    1341.44;    3228.32;    1371.41;       10;    0.81;   stop
    48;     667.31;    1617.34;     667.33;    1602.68;     635.69;    1602.66;     635.67;    1617.32;       10;    0.81;   stop
   294;    2169.97;    1759.88;    2171.44;    1735.29;    2158.63;    1734.52;    2157.16;    1759.11;       10;    0.81;   stop
    49;    2630.88;    1791.71;    2632.99;    1760.13;    2617.52;    1759.09;    2615.41;    1790.67;       10;    0.81;   stop
   185;    3031.98;    1918.01;    3061.62;    1903.09;    3054.02;    1887.99;    3024.38;    1902.91;       10;    0.81;   stop
   148;    1946.78;     699.18;    1961.48;     697.93;    1959.12;     670.02;    1944.42;     671.27;       10;    0.81;   stop
   199;    1163.64;    1175.19;    1190.81;    1174.29;    1190.36;    1160.81;    1163.19;    1161.71;       10;    0.81;   stop
   262;    1966.42;    1010.92;    1990.80;     962.31;    1973.18;     953.48;    1948.80;    1002.09;        9;    0.81;   stop
    82;    3580.25;     842.76;    3588.95;     815.45;    3575.75;     811.24;    3567.05;     838.55;       10;    0.81;   stop
   204;     417.71;    1647.47;     417.73;    1630.55;     385.29;    1630.53;     385.27;    1647.45;       10;    0.81;   stop
   256;    2091.74;    1812.08;    2094.73;    1776.17;    2077.26;    1774.72;    2074.27;    1810.63;       10;    0.81;   stop
    84;    1947.84;     509.08;    1948.33;     477.55;    1933.61;     477.32;    1933.12;     508.85;       10;    0.81;   stop
  2210;    2131.50;    1431.59;    2149.01;    1430.99;    2147.70;    1392.61;    2130.19;    1393.21;       10;    0.81;   stop
   107;    2661.84;    1786.75;    2662.85;    1757.37;    2647.76;    1756.85;    2646.75;    1786.23;       10;    0.81;   stop
  4641;    1997.94;     510.01;    2013.05;     508.49;    2010.06;     478.79;    1994.95;     480.31;       10;    0.80;   stop
   155;    2092.56;     708.00;    2106.37;     707.37;    2105.04;     678.00;    2091.23;     678.63;       10;    0.80;   stop
  1345;    2012.30;     896.79;    2027.80;     895.17;    2024.50;     863.61;    2009.00;     865.23;       10;    0.80;   stop
  4141;    2025.66;     857.48;    2026.12;     833.56;    2013.44;     833.32;    2012.98;     857.24;       10;    0.80;   stop
  3405;    2031.07;     867.48;    2043.89;     867.11;    2043.13;     841.32;    2030.31;     841.69;       10;    0.80;   stop
   157;     335.77;    1177.56;     363.12;    1176.88;     362.73;    1161.44;     335.38;    1162.12;       10;    0.80;   stop
  3195;    1985.07;     764.17;    2000.70;     763.27;    1998.93;     732.23;    1983.30;     733.13;       10;    0.80;   stop
   723;    1993.51;     944.60;    2009.54;     943.46;    2007.29;     911.80;    1991.26;     912.94;       10;    0.80;   stop
  4902;    1918.59;    1122.19;    1943.46;    1121.31;    1943.01;    1108.61;    1918.14;    1109.49;       10;    0.80;   stop
   232;    2659.54;    1271.33;    2687.33;    1271.18;    2687.26;    1257.07;    2659.47;    1257.22;       10;    0.80;   stop
    30;    2124.04;    1295.00;    2138.63;    1294.32;    2137.36;    1267.00;    2122.77;    1267.68;       10;    0.80;   stop
    75;    3267.11;    1471.76;    3273.82;    1445.55;    3260.89;    1442.24;    3254.18;    1468.45;       10;    0.80;   stop
   218;    2958.08;    1917.01;    2988.37;    1901.77;    2980.42;    1885.99;    2950.13;    1901.23;       10;    0.80;   stop
   271;    1947.30;     732.33;    1962.53;     731.52;    1961.10;     704.67;    1945.87;     705.48;       10;    0.80;   stop
  4104;    1766.75;    1108.99;    1792.82;    1108.31;    1792.45;    1094.21;    1766.38;    1094.89;       10;    0.80;   stop
    14;    2123.34;    1260.85;    2137.75;    1260.33;    2136.66;    1230.35;    2122.25;    1230.87;       10;    0.80;   stop
   165;     971.15;    1621.77;     971.50;    1606.89;     943.85;    1606.23;     943.50;    1621.11;       10;    0.80;   stop
   138;    2663.63;    1708.69;    2665.67;    1678.73;    2650.77;    1677.71;    2648.73;    1707.67;       10;    0.80;   stop
   261;    1951.29;     765.35;    1964.45;     764.12;    1961.91;     737.05;    1948.75;     738.28;       10;    0.80;   stop
  3379;    2009.99;     828.45;    2023.41;     828.04;    2022.51;     798.75;    2009.09;     799.16;       10;    0.80;   stop
   200;     929.42;    1177.14;     957.43;    1175.52;     956.58;    1160.86;     928.57;    1162.48;       10;    0.80;   stop
  3397;    2228.00;    1048.36;    2228.57;    1033.63;    2197.60;    1032.44;    2197.03;    1047.17;       10;    0.80;   stop
  2621;    1316.93;    1077.43;    1317.82;    1062.84;    1287.07;    1060.97;    1286.18;    1075.56;       10;    0.80;   move
  4270;    1717.64;    1112.39;    1751.01;    1111.08;    1750.36;    1094.41;    1716.99;    1095.72;       10;    0.80;   stop
   295;    2029.26;    1633.91;    2060.12;    1633.56;    2059.94;    1618.09;    2029.08;    1618.44;       10;    0.80;   stop
   305;    1487.24;    1051.17;    1514.43;    1050.29;    1513.96;    1035.63;    1486.77;    1036.51;       10;    0.80;   stop
  5044;    2816.50;    1055.05;    2816.91;    1039.78;    2785.90;    1038.95;    2785.49;    1054.22;       10;    0.80;   move
   255;    2777.31;    1155.51;    2777.93;    1141.26;    2750.69;    1140.09;    2750.08;    1154.34;       10;    0.80;   stop
  4789;    3541.91;    1137.41;    3542.88;    1122.69;    3511.09;    1120.59;    3510.12;    1135.31;       10;    0.80;   stop
   168;    2083.01;     474.30;    2098.39;     474.03;    2097.79;     440.10;    2082.41;     440.37;       10;    0.80;   stop
   370;    1966.53;     771.46;    1980.96;     770.55;    1979.07;     740.54;    1964.64;     741.45;       10;    0.80;   stop
   302;     734.60;    1065.80;     764.83;    1064.92;     764.40;    1050.20;     734.17;    1051.08;       10;    0.80;   stop
  1273;    1885.86;    1108.71;    1919.60;    1108.11;    1919.34;    1093.29;    1885.60;    1093.89;       10;    0.80;   stop
  3763;    1983.88;     717.15;    2000.24;     715.99;    1998.22;     687.45;    1981.86;     688.61;       10;    0.80;   stop
   448;    2999.49;    1173.26;    3001.86;    1156.45;    2964.11;    1151.14;    2961.74;    1167.95;        9;    0.80;   stop
   223;      79.93;    1589.02;      80.58;    1574.04;      55.94;    1572.98;      55.30;    1587.96;       10;    0.80;   stop
   317;     444.43;    1788.63;     462.30;    1787.70;     460.57;    1754.37;     442.70;    1755.30;       10;    0.80;   stop
    62;    2803.85;    1913.82;    2812.55;    1900.89;    2787.75;    1884.18;    2779.05;    1897.11;       10;    0.80;   stop
   228;    2082.65;     267.46;    2096.96;     266.87;    2095.75;     237.14;    2081.44;     237.73;       10;    0.80;   stop
  4721;    1965.36;     466.37;    1980.39;     464.80;    1977.14;     433.63;    1962.11;     435.20;       10;    0.80;   stop
   158;    1753.90;    1046.22;    1783.03;    1042.63;    1781.30;    1028.58;    1752.17;    1032.17;       10;    0.80;   stop
   116;    2142.16;    1275.80;    2157.31;    1275.29;    2156.24;    1244.20;    2141.09;    1244.71;       10;    0.80;   stop
   176;    2669.04;    1536.71;    2669.16;    1510.16;    2654.96;    1510.09;    2654.84;    1536.64;       10;    0.80;   stop
  6085;    3314.01;    1109.58;    3316.03;    1092.93;    3278.99;    1088.42;    3276.97;    1105.07;       10;    0.80;   stop
   278;    2086.29;    1607.32;    2107.78;    1606.79;    2106.52;    1555.88;    2085.02;    1556.41;        9;    0.80;   stop
   240;    2077.08;     340.91;    2091.09;     340.07;    2089.32;     310.69;    2075.31;     311.53;       10;    0.80;   stop
  2173;    2059.91;     695.22;    2073.65;     692.92;    2068.89;     664.38;    2055.15;     666.68;       10;    0.80;   move
   306;    1109.72;    1058.29;    1137.17;    1056.35;    1136.28;    1043.71;    1108.83;    1045.65;       10;    0.80;   stop
   219;     665.05;    1066.99;     695.46;    1065.95;     694.95;    1051.01;     664.54;    1052.05;       10;    0.80;   stop
   235;    1003.91;    1657.42;    1004.09;    1642.89;     978.09;    1642.58;     977.91;    1657.11;       10;    0.80;   stop
   154;    2675.84;    2056.74;    2704.07;    2041.55;    2696.16;    2026.86;    2667.93;    2042.05;       10;    0.80;   stop
   237;    2454.99;    2082.47;    2462.80;    2068.61;    2434.61;    2052.73;    2426.80;    2066.59;       10;    0.80;   stop
   166;    2861.42;    1299.12;    2889.71;    1298.05;    2889.08;    1281.38;    2860.79;    1282.45;       10;    0.80;   stop
  6637;    1961.69;     103.08;    1977.72;     101.98;    1975.41;      68.52;    1959.38;      69.62;       10;    0.80;   stop
   321;     554.10;    1029.10;     571.27;    1027.25;     567.90;     995.90;     550.73;     997.75;       10;    0.80;   stop
   360;     972.28;    1062.13;     999.95;    1061.42;     999.62;    1048.67;     971.95;    1049.38;       10;    0.80;   stop
  3737;    2346.46;    1053.42;    2376.22;    1051.13;    2375.14;    1036.98;    2345.38;    1039.27;       10;    0.80;   move
  4370;    2371.40;    1073.08;    2400.84;    1071.37;    2400.00;    1056.92;    2370.56;    1058.63;       10;    0.80;   move
   222;    2463.03;    1157.68;    2491.55;    1157.34;    2491.37;    1142.72;    2462.85;    1143.06;       10;    0.80;   stop
   194;    3457.24;     990.60;    3474.83;     958.58;    3461.76;     951.40;    3444.17;     983.42;       10;    0.80;   stop
  6971;    3301.23;    1239.85;    3316.95;    1225.78;    3283.27;    1188.15;    3267.55;    1202.22;        9;    0.80;   move
   345;    2538.39;    1301.17;    2567.45;    1300.69;    2567.21;    1286.03;    2538.15;    1286.51;       10;    0.80;   stop
   269;    2082.80;    1475.41;    2099.57;    1474.73;    2098.20;    1441.19;    2081.43;    1441.87;       10;    0.80;   stop
    63;    1968.73;    2143.23;    1986.38;    2109.28;    1970.77;    2101.17;    1953.12;    2135.12;        9;    0.80;   stop
   258;    1925.91;     203.21;    1940.10;     202.85;    1939.34;     172.39;    1925.15;     172.75;       10;    0.79;   stop
   286;     114.44;    1115.22;     143.11;    1111.77;     141.43;    1097.78;     112.76;    1101.23;       10;    0.79;   move
   206;    3176.95;    1626.49;    3187.16;    1592.95;    3172.55;    1588.51;    3162.34;    1622.05;       10;    0.79;   stop
   244;    3009.85;    1812.59;    3016.68;    1798.83;    2989.65;    1785.41;    2982.82;    1799.17;       10;    0.79;   stop
  5437;    1976.42;     280.71;    1990.69;     280.14;    1989.58;     252.09;    1975.31;     252.66;       10;    0.79;   stop
   208;      49.15;    1104.11;      80.03;    1100.22;      78.10;    1084.89;      47.22;    1088.78;       10;    0.79;   stop
   303;     690.68;    1177.24;     718.35;    1175.12;     717.32;    1161.76;     689.65;    1163.88;       10;    0.79;   stop
   330;     802.04;    1209.98;     835.19;    1209.51;     834.96;    1193.02;     801.81;    1193.49;       10;    0.79;   stop
   343;     935.90;    1061.29;     963.67;    1059.53;     962.80;    1045.91;     935.03;    1047.67;       10;    0.79;   stop
   254;    2423.08;    1156.71;    2447.56;    1156.23;    2447.32;    1143.69;    2422.84;    1144.17;       10;    0.79;   stop
  6758;    1958.17;      52.99;    1973.10;      51.76;    1970.64;      22.01;    1955.70;      23.24;       10;    0.79;   stop
   283;     918.85;    1224.41;     919.92;    1209.76;     890.15;    1207.59;     889.08;    1222.24;       10;    0.79;   stop
  4855;    1599.08;    1115.63;    1626.95;    1114.85;    1626.52;    1099.57;    1598.65;    1100.35;       10;    0.79;   stop
   263;    1839.70;    1166.94;    1867.55;    1166.08;    1867.10;    1151.46;    1839.25;    1152.32;       10;    0.79;   stop
  5122;    1560.85;    1114.66;    1593.27;    1113.55;    1592.75;    1098.15;    1560.33;    1099.25;       10;    0.79;   stop
   248;     275.08;    1601.49;     275.99;    1587.32;     247.92;    1585.51;     247.01;    1599.68;       10;    0.79;   stop
   352;    1053.38;     647.81;    1054.61;     633.92;    1026.62;     631.44;    1025.39;     645.33;       10;    0.79;   stop
   230;     382.91;    1178.30;     414.18;    1175.07;     412.59;    1159.70;     381.32;    1162.93;       10;    0.79;   stop
   304;     804.14;    1226.47;     835.23;    1225.76;     834.86;    1209.53;     803.77;    1210.24;       10;    0.79;   stop
  3292;    1667.34;    1079.61;    1697.64;    1079.26;    1697.46;    1063.59;    1667.16;    1063.94;       10;    0.79;   move
   252;    1644.83;    1168.68;    1679.49;    1168.04;    1679.17;    1150.92;    1644.51;    1151.56;       10;    0.79;   stop
  4084;    2415.86;    1050.43;    2446.27;    1050.16;    2446.14;    1035.17;    2415.73;    1035.44;       10;    0.79;   move
  3084;    1884.86;    1066.03;    1917.47;    1064.54;    1916.79;    1049.57;    1884.18;    1051.06;       10;    0.79;   move
   335;    3628.29;     894.36;    3628.32;     880.20;    3600.71;     880.14;    3600.68;     894.30;       10;    0.79;   stop
   349;    2566.17;    2032.31;    2572.25;    2017.22;    2540.63;    2004.49;    2534.55;    2019.58;       10;    0.79;   stop
   214;    2064.96;     836.65;    2080.37;     835.27;    2077.44;     802.55;    2062.03;     803.93;       10;    0.79;   move
   319;    2089.00;     417.83;    2104.50;     416.73;    2102.50;     388.57;    2087.00;     389.67;       10;    0.79;   stop
   215;    2232.48;    1161.04;    2263.48;    1159.94;    2262.92;    1144.16;    2231.93;    1145.26;       10;    0.79;   stop
   137;      40.88;    1585.20;      41.58;    1571.70;      14.27;    1570.30;      13.58;    1583.80;       10;    0.79;   stop
   412;     553.43;    1653.07;     554.07;    1638.15;     525.57;    1636.93;     524.93;    1651.85;       10;    0.79;   stop
  4083;    2711.11;    1963.83;    2719.61;    1950.35;    2693.29;    1933.77;    2684.79;    1947.26;       10;    0.79;   stop
   146;    2885.50;    2004.49;    2899.95;    1997.90;    2885.62;    1966.51;    2871.18;    1973.10;       10;    0.79;   stop
  1546;     648.50;    1102.73;     680.00;    1101.79;     679.50;    1085.27;     648.00;    1086.21;       10;    0.79;   move
   260;    1040.11;    1062.95;    1069.95;    1060.18;    1068.59;    1045.45;    1038.75;    1048.22;       10;    0.79;   stop
  5336;    1808.43;    1143.33;    1837.01;    1142.31;    1836.51;    1128.27;    1807.93;    1129.29;       10;    0.79;   stop
   234;     701.89;    1617.80;     701.98;    1603.37;     674.11;    1603.20;     674.02;    1617.63;       10;    0.79;   stop
   224;     682.90;    1654.54;     683.53;    1639.81;     652.10;    1638.46;     651.47;    1653.19;       10;    0.79;   stop
   469;    2159.88;    1497.30;    2173.18;    1496.79;    2172.12;    1469.10;    2158.82;    1469.61;       10;    0.79;   stop
   452;    2470.48;    2152.07;    2500.34;    2137.63;    2493.52;    2123.53;    2463.66;    2137.97;       10;    0.79;   stop
   100;    1953.95;     579.73;    1967.67;     579.09;    1966.35;     550.67;    1952.63;     551.31;       10;    0.79;   stop
   374;     317.91;    1050.75;     323.05;    1019.82;     307.59;    1017.25;     302.45;    1048.18;       10;    0.79;   stop
   195;    3273.57;    1293.81;    3284.47;    1264.02;    3269.63;    1258.59;    3258.73;    1288.38;       10;    0.79;   stop
  4828;    1987.90;     461.53;    2003.73;     459.97;    2000.90;     431.27;    1985.07;     432.83;       10;    0.79;   stop
   241;    2790.78;     527.54;    2820.53;     523.69;    2818.82;     510.46;    2789.07;     514.31;       10;    0.79;   stop
   293;    1476.40;    1047.72;    1476.72;    1033.68;    1450.40;    1033.08;    1450.08;    1047.12;       10;    0.79;   stop
  3157;    1502.08;    1088.15;    1533.70;    1086.31;    1532.72;    1069.45;    1501.10;    1071.29;       10;    0.79;   move
   390;    1435.03;    1177.04;    1483.80;    1175.93;    1483.37;    1156.96;    1434.60;    1158.07;        9;    0.79;   stop
   285;    1816.89;    1045.78;    1847.96;    1044.82;    1847.51;    1030.22;    1816.44;    1031.18;       10;    0.79;   stop
   326;    1254.05;     656.32;    1254.39;     641.38;    1223.95;     640.68;    1223.61;     655.62;       10;    0.78;   stop
   246;    2299.52;     562.34;    2329.37;     559.14;    2327.88;     545.26;    2298.03;     548.46;       10;    0.78;   stop
   282;     530.43;    1068.82;     558.26;    1067.49;     557.57;    1053.18;     529.74;    1054.51;       10;    0.78;   stop
   483;     858.81;    1231.86;     875.27;    1230.10;     872.19;    1201.14;     855.73;    1202.90;       10;    0.78;   stop
   272;    1958.84;     812.59;    1973.34;     812.08;    1972.36;     784.61;    1957.86;     785.12;       10;    0.78;   stop
  6609;    3268.76;    1101.60;    3270.38;    1085.65;    3238.44;    1082.40;    3236.82;    1098.35;       10;    0.78;   stop
   288;     968.98;    1657.45;     969.25;    1643.03;     943.02;    1642.55;     942.75;    1656.97;       10;    0.78;   stop
   367;    1075.29;    1059.74;    1103.41;    1058.33;    1102.71;    1044.26;    1074.59;    1045.67;       10;    0.78;   stop
   127;       3.46;    1128.32;      30.79;    1123.15;      28.05;    1108.68;       0.73;    1113.85;       10;    0.78;   stop
   184;    3623.88;     724.33;    3635.98;     694.74;    3621.12;     688.67;    3609.02;     718.26;       10;    0.78;   stop
   308;     583.43;    1653.45;     584.13;    1637.74;     557.57;    1636.55;     556.87;    1652.26;       10;    0.78;   stop
  5426;    1482.96;    1646.03;    1483.15;    1631.51;    1457.04;    1631.17;    1456.85;    1645.69;       10;    0.78;   move
   289;    2664.29;    1752.21;    2665.03;    1719.76;    2648.91;    1719.39;    2648.17;    1751.84;       10;    0.78;   stop
   378;    3863.97;    1318.00;    3867.50;    1303.36;    3836.03;    1295.75;    3832.50;    1310.39;       10;    0.78;   stop
   312;     495.93;    1071.06;     524.51;    1067.88;     523.07;    1054.94;     494.49;    1058.12;       10;    0.78;   stop
   169;    1411.58;    1053.51;    1439.04;    1052.30;    1438.42;    1038.09;    1410.96;    1039.30;       10;    0.78;   stop
   141;    1421.01;    1068.22;    1454.89;    1066.71;    1454.19;    1050.98;    1420.31;    1052.49;       10;    0.78;   stop
  3453;    1738.08;    1083.28;    1772.35;    1082.39;    1771.92;    1065.92;    1737.65;    1066.81;       10;    0.78;   move
  5446;    1765.69;    1144.55;    1794.82;    1144.34;    1794.71;    1129.45;    1765.58;    1129.66;       10;    0.78;   stop
   273;    2054.81;    1248.33;    2070.81;    1245.92;    2065.99;    1214.07;    2049.99;    1216.48;       10;    0.78;   stop
  5150;    2576.88;    1070.48;    2607.11;    1069.70;    2606.72;    1054.72;    2576.49;    1055.50;       10;    0.78;   move
   315;    2507.41;    1158.70;    2539.78;    1157.93;    2539.39;    1141.70;    2507.02;    1142.47;       10;    0.78;   stop
  2544;    2022.65;    1652.79;    2052.81;    1652.10;    2052.45;    1636.41;    2022.29;    1637.10;       10;    0.78;   move
   385;    3127.84;    1821.79;    3154.69;    1794.55;    3141.16;    1781.21;    3114.31;    1808.45;        9;    0.78;   stop
   266;    2990.87;    1824.23;    2999.48;    1812.18;    2975.13;    1794.77;    2966.52;    1806.82;       10;    0.78;   stop
  1867;     897.35;    1087.17;     929.97;    1086.49;     929.65;    1070.83;     897.03;    1071.51;       10;    0.78;   move
  6622;     530.47;    1100.00;     563.02;    1099.00;     562.53;    1083.00;     529.98;    1084.00;       10;    0.78;   move
   359;     296.78;    1177.01;     326.70;    1176.12;     326.22;    1159.99;     296.30;    1160.88;       10;    0.78;   stop
   119;    2038.42;     934.83;    2053.54;     933.71;    2051.18;     901.77;    2036.06;     902.89;       10;    0.78;   stop
   265;    3444.15;     919.10;    3465.27;     899.60;    3455.85;     889.40;    3434.73;     908.90;       10;    0.78;   stop
   175;    1434.56;    1662.57;    1435.02;    1649.14;    1408.24;    1648.23;    1407.78;    1661.66;       10;    0.78;   stop
   462;    2644.12;    1349.17;    2644.45;    1318.01;    2628.28;    1317.83;    2627.95;    1348.99;       10;    0.78;   stop
   325;     435.78;      92.69;     464.96;      90.05;     463.72;      76.31;     434.54;      78.95;       10;    0.78;   stop
   229;    2197.98;     569.56;    2226.31;     567.30;    2225.22;     553.64;    2196.89;     555.90;       10;    0.78;   stop
   290;    1923.92;     318.67;    1937.84;     317.76;    1935.93;     288.53;    1922.01;     289.44;       10;    0.78;   stop
  4865;    1962.39;     391.33;    1976.84;     390.93;    1975.91;     357.47;    1961.46;     357.87;       10;    0.78;   stop
  4519;    1991.60;     544.58;    2007.25;     542.99;    2004.30;     513.82;    1988.65;     515.41;       10;    0.78;   stop
   382;    1778.44;     581.23;    1779.04;     567.45;    1751.96;     566.27;    1751.36;     580.05;       10;    0.78;   stop
   268;    2746.61;    1266.85;    2775.06;    1265.12;    2774.19;    1250.75;    2745.74;    1252.48;       10;    0.78;   stop
   384;    1465.84;    1664.14;    1467.02;    1649.00;    1436.96;    1646.66;    1435.78;    1661.80;       10;    0.78;   stop
  6323;    2593.83;    2024.75;    2598.17;    2011.45;    2570.57;    2002.45;    2566.23;    2015.75;       10;    0.78;   stop
   188;    3018.67;      77.67;    3051.62;      73.71;    3049.83;      58.83;    3016.88;      62.79;       10;    0.78;   stop
   371;    3788.82;     306.28;    3800.24;     273.89;    3784.18;     268.22;    3772.76;     300.61;       10;    0.78;   stop
   334;    2355.71;    1158.21;    2385.04;    1157.13;    2384.49;    1142.19;    2355.16;    1143.27;       10;    0.78;   stop
  6398;    3046.25;    1811.51;    3072.01;    1794.92;    3064.00;    1782.49;    3038.24;    1799.08;       10;    0.78;   stop
   118;    1856.44;     587.18;    1857.45;     571.73;    1825.16;     569.62;    1824.15;     585.07;       10;    0.78;   stop
  1838;    1056.99;    1084.61;    1086.20;    1082.28;    1085.01;    1067.39;    1055.80;    1069.72;       10;    0.78;   move
   401;    3119.36;    1190.46;    3120.89;    1177.75;    3094.14;    1174.54;    3092.61;    1187.25;       10;    0.78;   stop
   332;    2544.09;     547.72;    2576.00;     544.99;    2574.71;     529.88;    2542.80;     532.61;       10;    0.77;   stop
   299;    2405.80;     555.88;    2434.48;     553.68;    2433.40;     539.72;    2404.73;     541.92;       10;    0.77;   stop
   310;    3325.23;    1444.21;    3333.63;    1418.09;    3320.27;    1413.79;    3311.87;    1439.91;       10;    0.77;   stop
   309;    2633.28;    1747.22;    2635.46;    1713.46;    2618.72;    1712.38;    2616.54;    1746.14;       10;    0.77;   stop
   291;    2512.13;     547.02;    2538.30;     544.49;    2537.07;     531.78;    2510.90;     534.31;       10;    0.77;   stop
  3513;    2306.16;    1049.04;    2306.78;    1035.35;    2280.44;    1034.16;    2279.82;    1047.85;       10;    0.77;   move
   372;    3426.59;    1048.23;    3439.17;    1023.18;    3426.41;    1016.77;    3413.83;    1041.82;       10;    0.77;   stop
   287;     355.08;    1644.73;     355.98;    1628.95;     326.42;    1627.27;     325.52;    1643.05;       10;    0.77;   stop
   298;    2476.49;     550.79;    2505.90;     547.25;    2504.31;     534.01;    2474.90;     537.55;       10;    0.77;   stop
   259;    2337.38;     559.97;    2367.52;     557.27;    2366.22;     542.83;    2336.08;     545.53;       10;    0.77;   stop
   369;    3656.06;     892.21;    3687.22;     889.39;    3685.94;     875.29;    3654.78;     878.11;       10;    0.77;   stop
   196;    2692.81;    1973.36;    2700.89;    1958.44;    2673.19;    1943.44;    2665.11;    1958.36;       10;    0.77;   stop
  4506;    1971.78;     519.39;    1985.91;     517.87;    1983.02;     491.01;    1968.89;     492.53;       10;    0.77;   stop
   400;    2546.80;    1155.68;    2575.75;    1155.41;    2575.60;    1139.92;    2546.65;    1140.19;       10;    0.77;   stop
   300;    2128.09;     800.60;    2136.92;     783.25;    2120.71;     775.00;    2111.88;     792.35;       10;    0.77;   stop
  6161;    1693.67;    1149.02;    1729.31;    1147.81;    1728.73;    1130.98;    1693.09;    1132.19;       10;    0.77;   move
   477;    1960.83;     895.41;    1974.59;     894.55;    1972.97;     868.59;    1959.21;     869.45;       10;    0.77;   stop
   391;    2581.78;    1155.27;    2611.70;    1154.68;    2611.42;    1140.33;    2581.50;    1140.92;       10;    0.77;   stop
   363;    3727.67;     886.96;    3756.37;     884.81;    3755.33;     871.04;    3726.63;     873.19;       10;    0.77;   stop
   513;    2086.83;    1552.72;    2104.49;    1552.26;    2103.47;    1513.28;    2085.81;    1513.74;       10;    0.77;   stop
   313;     205.72;    1178.49;     235.12;    1177.85;     234.78;    1162.51;     205.38;    1163.15;       10;    0.77;   stop
   403;    2326.92;    1036.24;    2352.52;    1035.42;    2352.08;    1021.76;    2326.48;    1022.58;       10;    0.77;   stop
   174;     921.59;    1999.58;     922.06;    1970.65;     907.41;    1970.42;     906.94;    1999.35;       10;    0.77;   stop
   351;     924.86;    1999.35;     940.42;    1998.70;     939.14;    1967.65;     923.58;    1968.30;       10;    0.77;   stop
   250;    2880.58;     519.99;    2909.62;     516.18;    2907.82;     502.41;    2878.78;     506.22;       10;    0.77;   stop
   453;    1101.99;     650.85;    1103.65;     636.30;    1076.01;     633.15;    1074.35;     647.70;       10;    0.77;   stop
  1691;     363.67;    1098.27;     397.18;    1096.33;     396.33;    1081.73;     362.82;    1083.67;       10;    0.77;   move
   446;    1227.44;    1055.81;    1254.94;    1054.24;    1254.16;    1040.59;    1226.66;    1042.16;       10;    0.77;   stop
  4599;    2466.15;    1069.09;    2502.02;    1067.85;    2501.45;    1051.31;    2465.58;    1052.55;       10;    0.77;   move
   346;    2250.92;    1315.54;    2281.12;    1309.40;    2278.08;    1294.46;    2247.88;    1300.60;       10;    0.77;   stop
   404;    2638.14;    1031.79;    2666.90;    1028.64;    2665.46;    1015.41;    2636.70;    1018.56;       10;    0.76;   stop
  5064;    1844.89;    1108.42;    1875.32;    1106.64;    1874.49;    1092.38;    1844.05;    1094.16;       10;    0.76;   stop
   377;    3608.22;     655.62;    3618.95;     628.61;    3605.78;     623.38;    3595.05;     650.39;       10;    0.76;   stop
   274;    3804.92;     921.89;    3835.36;     919.22;    3834.08;     904.61;    3803.64;     907.28;       10;    0.76;   stop
   277;     988.55;    1984.49;     989.43;    1954.39;     973.15;    1953.91;     972.27;    1984.01;       10;    0.76;   stop
   311;    3815.78;     233.28;    3828.47;     202.62;    3814.22;     196.72;    3801.53;     227.38;       10;    0.76;   stop
   409;    1577.33;    1172.25;    1606.63;    1168.73;    1605.07;    1155.75;    1575.77;    1159.27;       10;    0.76;   stop
   316;    3723.39;     926.73;    3753.60;     924.74;    3752.61;     909.77;    3722.40;     911.76;       10;    0.76;   stop
   430;    2148.92;    2113.00;    2165.46;    2112.22;    2163.88;    2078.60;    2147.34;    2079.38;       10;    0.76;   stop
   365;    2030.48;    1672.05;    2063.07;    1671.18;    2062.62;    1654.35;    2030.03;    1655.22;       10;    0.76;   stop
   341;    2984.11;      81.08;    3013.70;      77.14;    3011.89;      63.52;    2982.30;      67.46;       10;    0.76;   stop
   329;     636.23;    1212.02;     666.89;    1211.79;     666.77;    1195.98;     636.11;    1196.21;       10;    0.76;   stop
   323;    2049.64;    1213.19;    2064.14;    1210.49;    2059.06;    1183.21;    2044.56;    1185.91;       10;    0.76;   stop
   280;    2202.02;     146.99;    2229.17;     144.53;    2227.98;     131.41;    2200.83;     133.87;       10;    0.76;   stop
  5139;    1801.77;    1108.06;    1832.28;    1107.11;    1831.83;    1092.74;    1801.32;    1093.69;       10;    0.76;   stop
   437;    1951.62;     396.91;    1952.48;     361.86;    1937.58;     361.49;    1936.72;     396.54;       10;    0.76;   stop
   388;    1595.94;    1048.10;    1623.75;    1047.94;    1623.66;    1032.70;    1595.85;    1032.86;       10;    0.76;   stop
  5383;     868.36;      36.89;     897.95;      36.33;     897.64;      19.86;     868.05;      20.42;       10;    0.76;   stop
   296;    2658.32;    1897.57;    2659.47;    1862.58;    2642.88;    1862.03;    2641.73;    1897.02;       10;    0.76;   stop
   320;    3830.60;     197.19;    3841.90;     167.29;    3827.40;     161.81;    3816.10;     191.71;       10;    0.76;   stop
   460;    2688.69;    1155.12;    2717.11;    1154.73;    2716.91;    1140.48;    2688.49;    1140.87;       10;    0.76;   stop
   411;    3408.02;    1296.32;    3431.67;    1268.69;    3419.98;    1258.68;    3396.33;    1286.31;       10;    0.76;   stop
  5071;    3260.94;    1180.14;    3262.52;    1166.28;    3232.56;    1162.86;    3230.98;    1176.72;       10;    0.75;   move
  5075;    1958.57;     317.26;    1971.84;     315.93;    1969.23;     289.94;    1955.96;     291.27;       10;    0.75;   stop
   522;     438.24;    1671.52;     444.76;    1658.08;     418.76;    1645.48;     412.24;    1658.92;       10;    0.75;   stop
   451;    2220.82;    2049.67;    2221.05;    2030.77;    2185.58;    2030.33;    2185.35;    2049.23;       10;    0.75;   stop
   336;     942.26;    1994.18;     958.33;    1993.29;     956.74;    1964.82;     940.67;    1965.71;       10;    0.75;   stop
   327;    3772.63;     340.11;    3781.80;     313.52;    3768.37;     308.89;    3759.20;     335.48;       10;    0.75;   stop
   454;    1191.06;    1008.95;    1205.88;    1008.48;    1204.94;     979.05;    1190.12;     979.52;       10;    0.75;   stop
   276;     307.58;    1605.57;     309.52;    1592.55;     281.92;    1588.43;     279.98;    1601.45;       10;    0.75;   stop
  5935;    2120.01;     597.33;    2150.75;     594.97;    2149.59;     579.87;    2118.85;     582.23;       10;    0.75;   move
  1921;    3694.72;     542.07;    3703.11;     510.93;    3688.28;     506.93;    3679.89;     538.07;       10;    0.75;   stop
   499;     240.88;    1179.11;     272.79;    1177.78;     272.12;    1161.89;     240.21;    1163.22;       10;    0.75;   stop
   447;    3440.44;    1021.30;    3453.51;     995.18;    3440.56;     988.70;    3427.49;    1014.82;       10;    0.75;   stop
    98;    2628.88;    1856.32;    2630.52;    1827.38;    2614.72;    1826.48;    2613.08;    1855.42;       10;    0.75;   stop
   508;    2600.60;    2011.10;    2605.14;    1996.25;    2575.80;    1987.30;    2571.26;    2002.15;       10;    0.75;   stop
   356;    1611.65;    1627.63;    1642.81;    1627.50;    1642.75;    1613.57;    1611.59;    1613.70;       10;    0.75;   stop
   101;     410.44;    1066.34;     410.44;    1052.66;     383.56;    1052.66;     383.56;    1066.34;       10;    0.75;   stop
   498;    2431.65;    2096.21;    2442.89;    2084.78;    2421.95;    2064.19;    2410.71;    2075.62;       10;    0.75;   stop
   417;    2887.94;    1958.39;    2910.69;    1943.34;    2902.93;    1931.61;    2880.18;    1946.66;       10;    0.74;   stop
   347;    2785.10;    1925.43;    2793.68;    1910.84;    2763.30;    1892.97;    2754.72;    1907.56;       10;    0.74;   stop
  2381;    1142.83;    1092.76;    1182.80;    1092.68;    1182.77;    1074.44;    1142.80;    1074.52;       10;    0.74;   move
   427;    3694.42;     887.58;    3718.57;     885.73;    3717.58;     872.92;    3693.43;     874.77;       10;    0.74;   stop
   528;     526.03;     573.51;     529.33;     559.10;     500.97;     552.62;     497.67;     567.03;       10;    0.74;   stop
   399;    2558.63;    1032.22;    2590.71;    1031.07;    2590.17;    1016.18;    2558.09;    1017.33;       10;    0.74;   stop
  4533;    2574.06;    1049.22;    2604.15;    1048.04;    2603.54;    1032.78;    2573.45;    1033.96;       10;    0.74;   move
   421;     555.59;     577.62;     558.62;     563.37;     530.41;     557.38;     527.38;     571.63;       10;    0.74;   stop
   337;    1638.56;    1665.34;    1639.14;    1650.14;    1611.04;    1649.06;    1610.46;    1664.26;       10;    0.74;   stop
   415;     890.04;    1176.84;     927.61;    1176.26;     927.36;    1159.56;     889.79;    1160.14;       10;    0.74;   stop
   396;     451.90;    1867.00;     466.41;    1866.59;     465.60;    1838.00;     451.09;    1838.41;       10;    0.74;   stop
   494;    1939.99;    1632.79;    1940.13;    1618.30;    1911.46;    1618.01;    1911.32;    1632.50;       10;    0.74;   stop
   475;    2843.03;     522.79;    2870.64;     520.91;    2869.77;     508.01;    2842.16;     509.89;       10;    0.73;   stop
   392;    1606.16;    1665.96;    1606.67;    1651.81;    1579.84;    1650.84;    1579.33;    1664.99;       10;    0.73;   stop
   247;    3016.55;     511.55;    3046.23;     506.02;    3043.70;     492.45;    3014.02;     497.98;       10;    0.73;   stop
   541;     498.06;    1177.81;     527.39;    1176.91;     526.94;    1162.19;     497.61;    1163.09;       10;    0.73;   stop
   476;    1923.59;    1167.08;    1953.16;    1162.97;    1951.21;    1148.92;    1921.64;    1153.03;       10;    0.73;   stop
   243;    2628.91;    1825.63;    2630.58;    1798.06;    2615.89;    1797.17;    2614.22;    1824.74;       10;    0.73;   stop
   393;     471.11;      86.83;     500.23;      84.99;     499.39;      71.67;     470.27;      73.51;       10;    0.73;   stop
  4395;    3258.52;    1153.96;    3260.68;    1140.60;    3232.48;    1136.04;    3230.32;    1149.40;       10;    0.73;   move
   442;    2567.09;     120.87;    2596.32;     118.16;    2594.91;     102.93;    2565.68;     105.64;       10;    0.73;   stop
  1371;     212.17;    1112.53;     234.82;    1108.36;     232.08;    1093.47;     209.43;    1097.64;       10;    0.73;   move
   333;    2914.64;     517.65;    2944.88;     514.02;    2943.23;     500.35;    2913.00;     503.98;       10;    0.73;   stop
  6750;     527.13;    1151.11;     559.24;    1150.35;     558.87;    1134.89;     526.76;    1135.65;       10;    0.73;   move
   461;    2439.39;    1310.20;    2440.05;    1293.00;    2398.61;    1291.40;    2397.95;    1308.60;        9;    0.73;   stop
   441;    1388.92;    1627.41;    1422.32;    1625.59;    1421.48;    1610.19;    1388.08;    1612.01;       10;    0.73;   stop
   474;    2833.97;    1894.70;    2840.32;    1881.87;    2816.93;    1870.30;    2810.58;    1883.13;       10;    0.73;   stop
   459;    3801.53;     268.37;    3811.58;     242.78;    3798.47;     237.63;    3788.42;     263.22;       10;    0.73;   stop
   284;    1689.12;    1169.41;    1720.76;    1168.01;    1720.08;    1152.59;    1688.44;    1153.99;       10;    0.73;   stop
   512;     846.05;    1059.21;     874.18;    1056.50;     872.95;    1043.79;     844.82;    1046.50;       10;    0.72;   stop
   466;    2227.71;     567.34;    2255.91;     564.43;    2254.49;     550.76;    2226.29;     553.67;       10;    0.72;   stop
   380;    1965.93;     943.77;    1980.31;     942.44;    1977.77;     915.03;    1963.39;     916.36;       10;    0.72;   stop
   376;    3651.31;     653.56;    3658.28;     629.02;    3645.69;     625.44;    3638.72;     649.98;       10;    0.72;   stop
  6935;    3259.44;     512.77;    3295.59;     509.32;    3294.06;     493.23;    3257.91;     496.68;       10;    0.72;   move
   509;     496.33;    1652.39;     522.63;    1649.64;     521.17;    1635.61;     494.87;    1638.36;       10;    0.72;   stop
   471;     458.30;    1746.24;     462.15;    1721.83;     442.70;    1718.76;     438.85;    1743.17;       10;    0.72;   stop
   455;    1500.08;    1174.45;    1530.37;    1173.56;    1529.92;    1158.35;    1499.63;    1159.24;       10;    0.72;   stop
   419;     891.65;    2001.12;     907.12;    2000.25;     905.35;    1968.48;     889.88;    1969.35;       10;    0.72;   stop
   431;    3844.27;     161.46;    3855.81;     130.85;    3841.73;     125.54;    3830.19;     156.15;       10;    0.71;   stop
  4593;    1712.00;     580.22;    1744.10;     580.03;    1744.00;     564.58;    1711.90;     564.77;       10;    0.71;   stop
  5424;    2933.17;    1079.44;    2934.48;    1065.52;    2903.23;    1062.56;    2901.92;    1076.48;       10;    0.71;   move
  3688;    3315.30;    1158.99;    3315.69;    1144.73;    3289.20;    1144.01;    3288.81;    1158.27;       10;    0.71;   move
   405;    2665.63;    1631.73;    2668.15;    1601.07;    2653.57;    1599.87;    2651.05;    1630.53;       10;    0.71;   stop
   470;    2076.56;     112.12;    2089.63;     110.95;    2087.44;      86.48;    2074.37;      87.65;       10;    0.71;   stop
   435;     521.36;    1376.07;     521.85;    1362.82;     497.64;    1361.93;     497.15;    1375.18;       10;    0.71;   stop
   526;    2168.42;    2112.61;    2182.72;    2111.89;    2181.18;    2081.39;    2166.88;    2082.11;       10;    0.71;   stop
   484;     809.61;      45.04;     810.13;      30.93;     783.77;      29.96;     783.25;      44.07;       10;    0.71;   stop
   387;    2839.35;     564.79;    2867.61;     562.15;    2866.25;     547.61;    2837.99;     550.25;       10;    0.70;   stop
   620;    3379.48;    1023.39;    3382.13;     994.88;    3368.52;     993.61;    3365.87;    1022.12;       10;    0.70;   stop
  6911;    3905.66;    1244.66;    3909.91;    1227.82;    3868.34;    1217.34;    3864.09;    1234.18;       10;    0.70;   move
   381;    3615.47;     753.00;    3623.53;     726.21;    3609.53;     722.00;    3601.47;     748.79;       10;    0.70;   stop
   444;     842.70;    1231.93;     855.68;    1231.51;     854.85;    1205.28;     841.87;    1205.69;       10;    0.70;   stop
   456;     835.48;    1654.76;     835.55;    1640.40;     805.52;    1640.24;     805.45;    1654.60;       10;    0.70;   stop
   479;     382.72;    1645.40;     383.51;    1631.95;     360.28;    1630.60;     359.49;    1644.05;       10;    0.70;   stop
   589;    3163.07;    1790.92;    3180.39;    1770.29;    3169.43;    1761.08;    3152.11;    1781.71;       10;    0.70;   stop
  5235;    2680.43;    1070.28;    2713.24;    1070.14;    2713.17;    1053.72;    2680.36;    1053.86;       10;    0.70;   move
   505;     485.92;    2098.56;     486.77;    2066.86;     471.08;    2066.44;     470.23;    2098.14;       10;    0.70;   stop
   481;    3246.08;     490.93;    3272.77;     486.63;    3270.72;     473.87;    3244.03;     478.17;       10;    0.70;   stop
   486;    2801.10;    1354.40;    2806.98;    1321.97;    2791.70;    1319.20;    2785.82;    1351.63;       10;    0.70;   stop
   436;     907.40;    1656.26;     908.24;    1643.35;     883.60;    1641.74;     882.76;    1654.65;       10;    0.70;   stop
   500;     918.52;    1207.57;     918.85;    1193.10;     889.48;    1192.43;     889.15;    1206.90;       10;    0.70;   stop
   458;    2948.70;     516.19;    2975.87;     512.68;    2974.10;     499.01;    2946.93;     502.52;       10;    0.69;   stop
   496;      -1.82;    1194.98;      11.68;    1194.41;      11.08;    1180.02;      -2.42;    1180.59;       10;    0.69;   stop
   450;    2727.15;    1955.29;    2736.40;    1943.07;    2708.45;    1921.91;    2699.20;    1934.13;       10;    0.69;   stop
   443;    3321.74;      85.75;    3349.68;      82.70;    3348.26;      69.75;    3320.32;      72.80;       10;    0.69;   stop
   517;     325.07;    1073.59;     355.35;    1070.55;     353.93;    1056.41;     323.65;    1059.45;       10;    0.69;   stop
   355;    1432.95;    1625.79;    1460.65;    1625.00;    1460.25;    1610.61;    1432.55;    1611.40;       10;    0.69;   stop
   297;     644.72;      65.19;     678.83;      61.76;     677.28;      46.31;     643.17;      49.74;       10;    0.69;   stop
   408;    3724.88;     495.89;    3760.28;     493.17;    3759.12;     478.11;    3723.72;     480.83;       10;    0.69;   stop
   426;    3765.41;     884.42;    3793.43;     882.52;    3792.59;     870.08;    3764.57;     871.98;       10;    0.69;   stop
   549;    2191.56;    2111.46;    2204.58;    2108.31;    2198.04;    2081.34;    2185.02;    2084.49;       10;    0.69;   stop
  2028;    2019.14;      93.54;    2033.85;      92.09;    2030.46;      57.66;    2015.75;      59.11;       10;    0.69;   move
   497;    2647.32;    2069.89;    2672.18;    2055.13;    2664.69;    2042.51;    2639.82;    2057.27;       10;    0.69;   stop
   558;    3795.45;     450.29;    3824.79;     445.97;    3822.55;     430.71;    3793.21;     435.03;       10;    0.69;   stop
   383;     740.76;    1655.98;     765.73;    1655.12;     765.24;    1641.02;     740.27;    1641.88;       10;    0.69;   stop
   623;    2071.20;    1366.30;    2085.84;    1363.90;    2080.10;    1328.90;    2065.46;    1331.30;        9;    0.68;   stop
   581;    2941.50;    1296.56;    2941.66;    1280.20;    2905.70;    1279.84;    2905.54;    1296.20;       10;    0.68;   stop
   472;    2983.82;     512.46;    3006.65;     509.47;    3004.98;     496.74;    2982.15;     499.73;       10;    0.68;   stop
   708;    1229.88;    1179.67;    1260.59;    1178.80;    1260.12;    1162.33;    1229.41;    1163.20;       10;    0.68;   stop
   489;    3055.77;      73.87;    3086.52;      70.45;    3084.98;      56.63;    3054.23;      60.05;       10;    0.68;   stop
   434;    3676.02;     930.03;    3701.83;     928.51;    3700.98;     913.97;    3675.17;     915.49;       10;    0.68;   stop
  6985;     484.79;    2120.33;     505.03;    2119.75;     503.71;    2073.67;     483.47;    2074.25;        9;    0.68;   move
   464;    1401.96;    1664.14;    1402.58;    1650.27;    1376.04;    1649.06;    1375.42;    1662.93;       10;    0.68;   stop
   503;    2168.72;     149.20;    2197.01;     146.81;    2195.88;     133.40;    2167.59;     135.79;       10;    0.68;   stop
   553;     287.84;    1013.25;     289.03;     985.41;     273.66;     984.75;     272.47;    1012.59;       10;    0.68;   stop
   525;    1539.61;    1173.21;    1567.72;    1172.13;    1567.19;    1158.39;    1539.08;    1159.47;       10;    0.68;   stop
   364;    1494.22;    1625.49;    1494.86;    1612.12;    1469.78;    1610.91;    1469.14;    1624.28;       10;    0.68;   stop
   487;     997.72;    2073.16;    1009.33;    2072.67;    1008.38;    2050.04;     996.77;    2050.53;       10;    0.68;   stop
   468;    1004.08;    1616.61;    1004.19;    1603.61;     978.92;    1603.39;     978.81;    1616.39;       10;    0.68;   stop
   504;    3754.69;     449.72;    3789.41;     447.16;    3788.31;     432.28;    3753.59;     434.84;       10;    0.67;   stop
   523;     868.17;    1619.89;     868.20;    1608.16;     844.83;    1608.11;     844.80;    1619.84;       10;    0.67;   stop
   416;     645.02;    1653.32;     646.20;    1641.99;     623.98;    1639.68;     622.80;    1651.01;       10;    0.67;   stop
   554;    2265.01;     566.57;    2294.09;     563.96;    2292.79;     549.43;    2263.71;     552.04;       10;    0.67;   stop
   493;    2272.32;     140.62;    2300.06;     139.94;    2299.68;     124.58;    2271.94;     125.26;       10;    0.67;   stop
  3786;    2670.27;    1445.98;    2672.59;    1420.81;    2659.73;    1419.62;    2657.41;    1444.79;       10;    0.67;   stop
   574;    2480.60;    2073.16;    2486.82;    2057.86;    2455.80;    2045.24;    2449.58;    2060.54;       10;    0.67;   stop
   501;    2714.06;     535.34;    2746.59;     530.26;    2744.34;     515.86;    2711.81;     520.94;       10;    0.67;   stop
   609;     440.09;    1711.97;     456.54;    1710.22;     452.91;    1676.03;     436.46;    1677.78;       10;    0.67;   stop
   559;    2529.37;    1272.28;    2557.48;    1271.37;    2557.03;    1257.32;    2528.92;    1258.23;       10;    0.66;   stop
   420;     612.21;      68.47;     641.13;      65.56;     639.79;      52.28;     610.87;      55.19;       10;    0.66;   stop
   422;    3213.63;      59.32;    3244.71;      56.20;    3243.17;      40.88;    3212.09;      44.00;       10;    0.66;   stop
   394;    1381.91;    1482.37;    1383.82;    1457.47;    1370.29;    1456.43;    1368.38;    1481.33;       10;    0.66;   stop
   566;    2664.44;     348.45;    2678.72;     347.83;    2677.56;     321.15;    2663.28;     321.77;       10;    0.66;   stop
   348;    3112.15;      69.01;    3141.92;      65.93;    3140.35;      50.74;    3110.58;      53.82;       10;    0.65;   stop
   580;    3398.96;     920.01;    3410.21;     909.87;    3390.04;     887.49;    3378.79;     897.63;       10;    0.65;   stop
   480;    1848.08;    1630.77;    1848.42;    1615.88;    1820.32;    1615.23;    1819.98;    1630.12;       10;    0.65;   stop
   524;    2740.44;    2022.73;    2768.15;    2011.23;    2762.36;    1997.27;    2734.65;    2008.77;       10;    0.65;   stop
   668;      10.95;    1089.83;      46.93;    1085.19;      44.86;    1069.17;       8.88;    1073.81;       10;    0.65;   stop
   518;    2931.97;      84.79;    2960.83;      81.37;    2959.03;      66.21;    2930.17;      69.63;       10;    0.65;   stop
  5375;     612.26;    1066.45;     643.12;    1060.95;     640.74;    1047.55;     609.88;    1053.05;       10;    0.65;   stop
   521;    3365.76;    1060.02;    3380.11;    1030.79;    3366.24;    1023.98;    3351.89;    1053.21;       10;    0.65;   stop
   602;     822.63;    1016.95;     824.56;     987.09;     808.37;     986.05;     806.44;    1015.91;       10;    0.65;   stop
   544;    2700.41;     843.89;    2714.99;     843.24;    2713.59;     811.51;    2699.01;     812.16;       10;    0.65;   stop
   561;    2917.95;    2065.69;    2930.06;    2059.43;    2916.05;    2032.31;    2903.94;    2038.57;       10;    0.65;   stop
   542;    2495.91;    1300.78;    2496.12;    1287.99;    2472.89;    1287.62;    2472.68;    1300.41;       10;    0.65;   stop
  6057;    2506.33;     123.32;    2531.89;     121.50;    2530.87;     107.08;    2505.31;     108.90;       10;    0.64;   stop
   324;    3676.66;     584.87;    3687.06;     555.74;    3671.34;     550.13;    3660.94;     579.26;       10;    0.64;   stop
   492;    1605.11;    2125.81;    1606.76;    2094.24;    1590.49;    2093.39;    1588.84;    2124.96;       10;    0.64;   stop
   570;    1058.75;    1182.33;    1059.69;    1167.72;    1034.05;    1166.07;    1033.11;    1180.68;       10;    0.64;   stop
  4503;    2009.37;     789.41;    2022.71;     787.67;    2019.53;     763.39;    2006.19;     765.13;       10;    0.64;   stop
   611;    1911.30;     187.50;    1922.66;     186.98;    1921.50;     161.70;    1910.14;     162.22;       10;    0.63;   stop
   576;     424.89;    1330.33;     442.19;    1330.29;     442.11;    1295.17;     424.81;    1295.21;       10;    0.63;   stop
   557;    2742.21;    1945.56;    2751.19;    1933.01;    2725.79;    1914.84;    2716.81;    1927.39;       10;    0.63;   stop
   465;    3108.77;     503.97;    3140.68;     500.83;    3139.23;     486.03;    3107.32;     489.17;       10;    0.63;   stop
  3613;    3402.61;    1132.37;    3436.12;    1104.97;    3424.39;    1090.63;    3390.88;    1118.03;        9;    0.63;   move
   548;     456.01;    1906.72;     471.41;    1906.06;     469.99;    1873.28;     454.59;    1873.94;       10;    0.63;   stop
   571;    2313.34;    2154.27;    2321.34;    2141.36;    2294.86;    2124.93;    2286.86;    2137.84;       10;    0.63;   stop
   457;    2406.14;     129.84;    2436.74;     127.01;    2435.46;     113.16;    2404.86;     115.99;       10;    0.63;   stop
   516;    3638.34;     932.46;    3664.91;     929.97;    3663.66;     916.54;    3637.09;     919.03;       10;    0.63;   stop
   449;    3916.54;    1204.60;    3928.20;    1175.25;    3913.46;    1169.40;    3901.80;    1198.75;       10;    0.63;   stop
   463;    2304.45;     137.50;    2330.43;     134.51;    2328.95;     121.70;    2302.97;     124.69;       10;    0.62;   stop
   546;    3874.19;      89.18;    3883.71;      61.62;    3869.81;      56.82;    3860.29;      84.38;       10;    0.62;   stop
   532;    1254.57;    1048.66;    1278.13;    1047.29;    1277.43;    1035.34;    1253.87;    1036.71;       10;    0.62;   stop
   502;      95.59;    1185.05;     124.38;    1181.36;     122.54;    1166.95;      93.74;    1170.64;       10;    0.62;   stop
  1721;    2647.54;    2163.21;    2649.90;    2131.54;    2634.46;    2130.39;    2632.10;    2162.06;       10;    0.62;   stop
   545;    1108.58;    1178.66;    1141.87;    1177.83;    1141.42;    1160.14;    1108.13;    1160.97;       10;    0.62;   stop
   519;     958.76;      23.52;     985.34;      23.32;     985.24;       9.48;     958.66;       9.68;       10;    0.62;   stop
   568;    1575.04;    1663.55;    1575.64;    1650.96;    1548.56;    1649.65;    1547.96;    1662.24;       10;    0.62;   stop
   591;    1057.49;    1909.62;    1057.55;    1894.50;    1024.21;    1894.38;    1024.15;    1909.50;       10;    0.62;   stop
   520;    3360.54;      44.10;    3389.68;      41.61;    3388.46;      27.40;    3359.32;      29.89;       10;    0.61;   stop
   506;     815.58;    1619.20;     839.58;    1618.88;     839.42;    1606.80;     815.42;    1607.12;       10;    0.61;   stop
   567;    1153.70;    1006.20;    1154.55;     979.25;    1140.30;     978.80;    1139.45;    1005.75;       10;    0.61;   stop
   625;      29.70;     494.85;      32.66;     463.75;      15.86;     462.15;      12.90;     493.25;       10;    0.60;   stop
   556;    1326.56;    1854.61;    1339.29;    1854.28;    1338.64;    1829.39;    1325.91;    1829.72;       10;    0.60;   stop
   573;    3370.59;     983.06;    3386.75;     977.25;    3374.41;     942.94;    3358.25;     948.75;        9;    0.60;   stop
  4479;    3347.51;    1298.67;    3357.82;    1270.42;    3342.49;    1264.83;    3332.18;    1293.08;       10;    0.60;   stop
   691;    1024.02;     647.32;    1025.04;     633.14;     997.98;     631.18;     996.96;     645.36;       10;    0.60;   stop
   514;     843.72;    1656.22;     871.53;    1655.71;     871.28;    1641.78;     843.47;    1642.29;       10;    0.60;   stop
   603;     771.19;    1655.40;     800.23;    1654.99;     800.02;    1639.80;     770.98;    1640.21;       10;    0.60;   stop
  3318;    2435.51;    2166.47;    2462.24;    2155.36;    2456.49;    2141.53;    2429.76;    2152.64;       10;    0.60;   stop
   587;    3859.05;     125.79;    3871.04;      97.10;    3856.95;      91.21;    3844.96;     119.90;       10;    0.59;   stop
   379;     358.92;     103.90;     386.43;     101.27;     385.08;      87.10;     357.57;      89.73;       10;    0.59;   stop
   543;    3753.96;     386.71;    3765.46;     356.08;    3750.04;     350.29;    3738.54;     380.92;       10;    0.59;   stop
   599;     631.20;    1237.90;     660.00;    1237.50;     659.80;    1223.10;     631.00;    1223.50;       10;    0.59;   stop
   527;      24.95;    1621.39;      25.48;    1605.43;       0.54;    1604.61;       0.01;    1620.57;       10;    0.58;   stop
  3259;    2093.40;    1192.51;    2094.40;    1164.82;    2079.80;    1164.29;    2078.80;    1191.98;       10;    0.58;   move
   610;    3252.39;    1507.85;    3261.81;    1482.73;    3249.61;    1478.15;    3240.19;    1503.27;       10;    0.58;   stop
   529;    1955.01;     853.93;    1967.90;     852.64;    1964.99;     823.67;    1952.10;     824.96;       10;    0.58;   stop
   606;    3996.81;      77.56;    4011.80;      77.24;    4011.19;      47.94;    3996.20;      48.26;       10;    0.58;   stop
   583;    1329.97;    1179.06;    1370.46;    1178.17;    1370.03;    1158.54;    1329.54;    1159.43;       10;    0.58;   stop
   679;    2632.69;    1700.91;    2634.92;    1669.72;    2620.51;    1668.69;    2618.28;    1699.88;       10;    0.58;   stop
   653;     691.49;    1431.05;     693.11;    1418.98;     670.51;    1415.95;     668.89;    1428.02;       10;    0.58;   stop
   592;      47.80;     894.02;      50.11;     879.24;      16.45;     873.98;      14.14;     888.76;       10;    0.58;   stop
   490;    3458.46;      35.02;    3486.36;      31.06;    3484.54;      18.23;    3456.64;      22.19;       10;    0.58;   stop
  5537;    1963.18;     608.66;    1964.73;     591.94;    1922.42;     588.04;    1920.87;     604.76;        9;    0.58;   stop
  6946;    2124.09;     770.73;    2124.96;     748.90;    2114.31;     748.47;    2113.44;     770.30;       10;    0.57;   stop
   593;    1263.04;    1625.08;    1263.35;    1611.62;    1232.96;    1610.92;    1232.65;    1624.38;       10;    0.57;   stop
   648;     152.33;    1691.75;     175.46;    1691.67;     175.42;    1679.25;     152.29;    1679.33;       10;    0.57;   stop
   547;     587.71;    1616.08;     616.33;    1615.99;     616.29;    1602.92;     587.67;    1603.01;       10;    0.57;   stop
   690;    3959.58;     119.88;    3978.07;     119.09;    3976.42;      80.62;    3957.93;      81.41;       10;    0.57;   stop
   582;    1889.43;    1168.98;    1918.56;    1168.09;    1918.17;    1155.42;    1889.04;    1156.31;       10;    0.57;   stop
  2770;    2028.75;    1005.49;    2043.74;    1002.73;    2038.55;     974.51;    2023.56;     977.27;       10;    0.57;   move
   535;    1703.94;    1750.70;    1709.01;    1737.85;    1681.26;    1726.90;    1676.19;    1739.75;       10;    0.57;   stop
   495;    2746.42;     104.30;    2776.07;     100.80;    2774.38;      86.50;    2744.73;      90.00;       10;    0.57;   stop
   539;    3793.37;     184.07;    3803.55;     159.23;    3790.63;     153.93;    3780.45;     178.77;       10;    0.57;   stop
   418;    3664.18;     619.71;    3673.45;     589.82;    3658.82;     585.29;    3649.55;     615.18;       10;    0.57;   stop
   585;    3847.86;     445.40;    3879.94;     441.54;    3878.14;     426.60;    3846.06;     430.46;       10;    0.56;   stop
   586;    1613.78;     886.89;    1614.79;     874.01;    1585.42;     871.71;    1584.41;     884.59;       10;    0.56;   stop
  3918;    2764.33;    1933.70;    2772.43;    1921.08;    2745.67;    1903.90;    2737.57;    1916.52;       10;    0.56;   stop
   533;     399.45;    1610.07;     400.40;    1598.88;     377.55;    1596.93;     376.60;    1608.12;       10;    0.56;   stop
   564;    1326.55;    1823.94;    1338.86;    1823.56;    1338.05;    1797.66;    1325.74;    1798.04;       10;    0.56;   stop
  4198;    3328.16;    1338.38;    3329.22;    1316.43;    3320.64;    1316.02;    3319.58;    1337.97;       10;    0.56;   stop
   569;    3495.61;     867.68;    3513.29;     843.95;    3502.39;     835.82;    3484.71;     859.55;       10;    0.55;   stop
   680;    2385.70;    1346.64;    2386.48;    1310.51;    2370.10;    1310.16;    2369.32;    1346.29;       10;    0.55;   stop
  3430;    3365.81;    1303.29;    3376.07;    1276.68;    3363.19;    1271.71;    3352.93;    1298.32;       10;    0.55;   stop
   531;    2581.28;     544.73;    2609.24;     542.83;    2608.32;     529.27;    2580.36;     531.17;       10;    0.55;   stop
   605;    2860.42;      91.34;    2899.63;      87.79;    2898.08;      70.66;    2858.87;      74.21;       10;    0.55;   stop
   575;    3778.97;     223.26;    3787.17;     198.82;    3775.03;     194.74;    3766.83;     219.18;       10;    0.55;   stop
   562;    2610.18;     543.58;    2640.47;     541.40;    2639.42;     526.82;    2609.13;     529.00;       10;    0.54;   stop
    71;     422.37;    1023.17;     422.95;     998.16;     408.63;     997.83;     408.05;    1022.84;       10;    0.54;   stop
   596;    1372.87;    1560.88;    1375.80;    1534.19;    1362.53;    1532.73;    1359.60;    1559.41;       10;    0.54;   stop
   662;    3225.61;    1411.30;    3239.73;    1380.33;    3227.39;    1374.70;    3213.27;    1405.67;       10;    0.54;   stop
   686;    3184.48;    1765.23;    3205.91;    1733.01;    3192.02;    1723.77;    3170.59;    1755.99;       10;    0.54;   stop
   607;     935.45;    1656.18;     935.88;    1642.14;     912.55;    1641.42;     912.12;    1655.46;       10;    0.54;   stop
  4113;    1962.60;     608.68;    1964.04;     591.20;    1921.80;     587.72;    1920.36;     605.20;       10;    0.54;   stop
  6977;    3906.74;    1243.64;    3910.64;    1227.16;    3869.26;    1217.36;    3865.36;    1233.84;        9;    0.53;   move
  4692;     697.41;    1465.06;     721.14;    1454.98;     715.59;    1441.94;     691.86;    1452.02;       10;    0.53;   stop
   634;       8.20;    1580.78;       8.52;    1567.96;      -0.75;    1567.72;      -1.07;    1580.54;       10;    0.53;   stop
   537;    3758.17;     274.50;    3769.28;     246.91;    3755.83;     241.50;    3744.72;     269.09;       10;    0.53;   stop
  7008;    1107.96;    1178.36;    1140.57;    1177.25;    1140.04;    1161.64;    1107.43;    1162.75;        9;    0.53;   stop
   626;     109.31;    1891.24;     134.56;    1872.20;     125.94;    1860.76;     100.69;    1879.80;       10;    0.53;   stop
  6787;    3491.22;      31.51;    3519.22;      30.55;    3518.78;      17.49;    3490.78;      18.45;       10;    0.53;   stop
   619;     866.51;      73.42;     897.30;      71.66;     896.49;      57.58;     865.70;      59.34;       10;    0.53;   stop
   706;     508.32;     599.27;     510.86;     585.35;     474.68;     578.73;     472.14;     592.65;       10;    0.53;   stop
   536;    2818.92;      94.91;    2845.51;      90.71;    2843.48;      77.89;    2816.89;      82.09;       10;    0.53;   stop
  6812;    2483.64;     126.92;    2483.75;     108.45;    2456.36;     108.28;    2456.25;     126.75;       10;    0.53;   stop
  6849;    1658.72;     867.99;    1659.22;     838.65;    1644.88;     838.41;    1644.38;     867.75;       10;    0.52;   stop
   552;    3176.08;      61.08;    3203.33;      59.20;    3202.42;      45.92;    3175.17;      47.80;       10;    0.52;   stop
  6816;     470.58;    1873.22;     485.49;    1871.55;     481.92;    1839.78;     467.01;    1841.45;       10;    0.52;   move
   613;    2878.98;     559.63;    2908.50;     556.58;    2907.02;     542.27;    2877.50;     545.32;       10;    0.51;   stop
   678;     384.99;    1889.68;     386.01;    1861.89;     370.51;    1861.32;     369.49;    1889.11;       10;    0.51;   stop
   597;     593.39;    1652.51;     617.91;    1651.95;     617.61;    1638.49;     593.09;    1639.05;       10;    0.51;   stop
   628;    3320.06;     226.90;    3329.60;     226.61;    3328.74;     198.50;    3319.20;     198.79;       10;    0.51;   stop
  6857;    1676.08;    1113.25;    1711.23;    1111.32;    1710.32;    1094.75;    1675.17;    1096.68;        9;    0.51;   stop
   555;     873.22;    1998.30;     888.31;    1997.99;     887.78;    1972.50;     872.69;    1972.81;       10;    0.51;   stop
   600;    1648.54;    1009.63;    1651.59;     980.28;    1637.06;     978.77;    1634.01;    1008.12;       10;    0.50;   stop
   563;     187.44;    1596.27;     212.92;    1595.62;     212.56;    1581.73;     187.08;    1582.38;       10;    0.50;   stop
  3659;    1332.75;    2014.96;    1348.61;    2012.66;    1343.85;    1979.84;    1327.99;    1982.14;       10;    0.50;   stop
   631;    2464.46;     594.34;    2496.52;     590.49;    2494.74;     575.66;    2462.68;     579.51;       10;    0.50;   stop
   655;    3070.07;     505.91;    3103.92;     502.37;    3102.43;     488.09;    3068.58;     491.63;       10;    0.50;   stop
  1261;    1224.51;    1174.95;    1225.26;    1159.17;    1197.69;    1157.85;    1196.94;    1173.63;       10;    0.50;   stop
   705;    1007.72;    1456.92;    1008.49;    1444.31;     980.28;    1442.58;     979.51;    1455.19;       10;    0.49;   stop
   584;     556.09;    1616.48;     578.22;    1615.86;     577.91;    1604.52;     555.78;    1605.14;       10;    0.49;   stop
  4016;    2677.46;     511.10;    2690.64;     509.49;    2687.34;     482.50;    2674.16;     484.11;       10;    0.49;   stop
   640;    3998.88;     115.19;    4015.09;     114.25;    4013.12;      80.31;    3996.91;      81.25;       10;    0.49;   stop
  6984;    2069.16;    1365.11;    2085.41;    1362.77;    2080.44;    1328.29;    2064.19;    1330.63;       10;    0.48;   stop
   386;     318.09;     110.93;     349.92;     107.60;     348.41;      93.07;     316.58;      96.40;       10;    0.48;   stop
  6944;    3559.12;     486.98;    3592.58;     485.20;    3591.88;     472.02;    3558.42;     473.80;       10;    0.48;   move
   659;     804.86;    1241.47;     829.70;    1241.15;     829.54;    1228.13;     804.70;    1228.45;       10;    0.48;   stop
   588;     291.39;     879.24;     293.92;     853.78;     278.61;     852.26;     276.08;     877.72;       10;    0.48;   stop
  4614;    3534.53;     468.92;    3562.12;     465.16;    3560.47;     453.08;    3532.88;     456.84;       10;    0.47;   stop
  5952;    2356.17;    1170.08;    2382.31;    1169.93;    2382.23;    1156.72;    2356.09;    1156.87;       10;    0.47;   stop
  6533;     213.81;    1639.78;     239.97;    1637.95;     238.94;    1623.22;     212.78;    1625.05;       10;    0.47;   stop
   617;    1804.78;    1632.28;    1805.74;    1618.23;    1774.82;    1616.12;    1773.86;    1630.17;       10;    0.47;   stop
   565;    1867.05;    1667.82;    1867.88;    1654.21;    1840.95;    1652.58;    1840.12;    1666.19;       10;    0.47;   stop
   661;     320.37;    1643.61;     321.26;    1627.93;     294.13;    1626.39;     293.24;    1642.07;       10;    0.46;   stop
   491;    1896.45;    1668.55;    1897.87;    1654.67;    1870.35;    1651.85;    1868.93;    1665.73;       10;    0.46;   stop
  3230;    2374.04;     134.02;    2405.12;     131.69;    2403.96;     116.18;    2372.88;     118.51;       10;    0.46;   stop
  5441;    2674.74;     478.47;    2688.19;     478.17;    2687.66;     453.93;    2674.21;     454.23;       10;    0.46;   stop
  6399;    2844.36;    1357.64;    2845.05;    1335.60;    2831.24;    1335.16;    2830.55;    1357.20;       10;    0.46;   stop
  1232;    2177.27;    1620.75;    2178.02;    1595.62;    2165.73;    1595.25;    2164.98;    1620.38;       10;    0.46;   stop
  3550;    3070.72;    1776.60;    3075.26;    1762.98;    3046.53;    1753.40;    3041.99;    1767.02;       10;    0.46;   stop
   657;      -0.32;    1421.29;      18.50;    1421.03;      18.32;    1408.21;      -0.50;    1408.47;       10;    0.45;   stop
  7009;     161.12;    1606.54;     162.01;    1591.27;     131.13;    1589.46;     130.24;    1604.73;       10;    0.45;   stop
  1225;    3404.98;     481.12;    3437.56;     477.75;    3436.02;     462.88;    3403.44;     466.25;       10;    0.44;   stop
   590;    2704.00;     928.84;    2720.79;     927.86;    2718.40;     886.76;    2701.61;     887.74;       10;    0.44;   stop
  6059;    2139.85;    1238.58;    2156.80;    1238.32;    2156.15;    1196.22;    2139.20;    1196.48;       10;    0.44;   stop
   663;     134.87;     914.70;     138.45;     902.33;     112.51;     894.80;     108.92;     907.17;       10;    0.43;   stop
  5803;     690.30;    1452.94;     692.00;    1440.15;     668.70;    1437.06;     667.00;    1449.85;       10;    0.43;   stop
   683;    4002.54;     157.86;    4019.87;     155.74;    4015.46;     119.64;    3998.13;     121.76;       10;    0.41;   stop
   398;    4055.44;     429.33;    4087.48;     423.37;    4084.56;     407.67;    4052.52;     413.63;       10;    0.41;   stop
  6842;     448.33;    1826.65;     463.61;    1823.55;     457.67;    1794.35;     442.39;    1797.45;       10;    0.41;   stop
  6346;    1719.46;    1631.63;    1719.96;    1619.15;    1690.94;    1617.97;    1690.44;    1630.45;       10;    0.41;   stop
  6996;     631.83;    1254.19;     662.55;    1253.39;     662.17;    1238.81;     631.45;    1239.61;       10;    0.40;   stop
   629;     294.03;     848.27;     296.56;     819.57;     281.47;     818.23;     278.94;     846.93;       10;    0.40;   stop
  6186;      79.34;     402.86;      84.43;     373.79;      69.29;     371.14;      64.19;     400.21;       10;    0.40;   stop
  5595;     153.10;     895.03;     157.75;     880.82;     129.15;     871.47;     124.50;     885.68;       10;    0.38;   stop
  5040;    1325.31;    1886.00;    1340.77;    1885.53;    1339.89;    1856.80;    1324.43;    1857.27;       10;    0.38;   stop
  6652;    2777.66;    2007.05;    2808.66;    1993.19;    2801.94;    1978.15;    2770.94;    1992.01;       10;    0.37;   stop
  6284;     286.41;     114.71;     315.67;     111.83;     314.09;      95.79;     284.83;      98.67;       10;    0.36;   stop
  6947;    3941.92;     872.80;    3975.18;     870.05;    3974.08;     856.70;    3940.82;     859.45;       10;    0.36;   stop
  6844;    3370.59;     982.13;    3386.21;     976.48;    3374.41;     943.87;    3358.79;     949.52;       10;    0.36;   stop
  6895;    2069.67;    2090.24;    2082.89;    2064.65;    2070.33;    2058.16;    2057.11;    2083.75;       10;    0.36;   stop
  7001;    3739.58;     311.44;    3748.97;     289.49;    3737.42;     284.56;    3728.03;     306.51;       10;    0.36;   stop
  4221;    2655.31;    1586.77;    2671.13;    1586.75;    2671.09;    1554.83;    2655.27;    1554.85;       10;    0.35;   stop