vehicle_id; veh_bb_x1; veh_bb_y1; veh_bb_x2; veh_bb_y2; veh_bb_x3; veh_bb_y3; veh_bb_x4; veh_bb_y4; det_class; conf_score; state
     7;    2988.82;    1046.43;    2989.37;    1030.65;    2957.98;    1029.57;    2957.43;    1045.35;       10;    0.84;   stop
    15;    3168.40;    1070.37;    3170.46;    1056.57;    3144.10;    1052.63;    3142.04;    1066.43;       10;    0.84;   stop
  5714;    3108.81;    1100.81;    3111.36;    1086.45;    3081.69;    1081.19;    3079.14;    1095.55;       10;    0.84;   move
  3311;    2014.51;     634.49;    2029.61;     632.56;    2025.79;     602.71;    2010.69;     604.64;       10;    0.84;   stop
  3134;    2019.34;     671.05;    2035.71;     669.12;    2031.76;     635.75;    2015.39;     637.68;       10;    0.84;   stop
  5658;    3029.23;    1092.15;    3031.28;    1076.54;    2995.52;    1071.85;    2993.47;    1087.46;       10;    0.84;   move
    12;    2939.63;    1164.59;    2940.51;    1150.14;    2912.00;    1148.41;    2911.12;    1162.86;       10;    0.84;   stop
   210;       6.31;    1109.38;      38.85;    1105.17;      36.85;    1089.62;       4.30;    1093.83;       10;    0.84;   stop
  5311;    3067.79;    1076.81;    3070.09;    1061.16;    3036.21;    1056.19;    3033.91;    1071.84;       10;    0.84;   move
  5457;    3146.94;    1086.90;    3148.66;    1072.94;    3117.56;    1069.10;    3115.84;    1083.06;       10;    0.84;   move
    19;    3100.50;    1840.90;    3123.32;    1823.98;    3114.50;    1812.10;    3091.68;    1829.02;       10;    0.84;   stop
    27;      85.96;    1100.30;     120.10;    1097.15;     118.67;    1081.70;      84.53;    1084.85;       10;    0.84;   stop
  5957;    3619.59;    1197.81;    3622.97;    1182.27;    3590.41;    1175.19;    3587.03;    1190.73;       10;    0.84;   stop
  1207;    3243.10;    1485.12;    3254.40;    1455.91;    3241.40;    1450.88;    3230.10;    1480.09;       10;    0.84;   stop
    37;    2062.73;    1944.46;    2067.85;    1913.80;    2051.97;    1911.14;    2046.85;    1941.80;       10;    0.84;   stop
  2900;    3331.86;    1340.87;    3342.39;    1311.65;    3329.14;    1306.88;    3318.61;    1336.10;       10;    0.84;   stop
  1646;    1986.73;     900.43;    2002.35;     900.28;    2002.07;     870.17;    1986.45;     870.32;       10;    0.84;   stop
    90;    3263.81;    1545.59;    3273.40;    1518.60;    3260.19;    1513.91;    3250.60;    1540.90;       10;    0.84;   stop
  3405;    2030.52;     871.32;    2044.95;     870.44;    2043.38;     844.68;    2028.95;     845.56;       10;    0.83;   stop
  6181;    3192.40;    1116.25;    3194.70;    1101.30;    3165.10;    1096.75;    3162.80;    1111.70;       10;    0.83;   move
     6;    3285.59;    1374.21;    3296.66;    1346.23;    3282.91;    1340.79;    3271.84;    1368.77;       10;    0.83;   stop
   642;    2148.05;    1897.25;    2156.31;    1852.90;    2136.15;    1849.15;    2127.89;    1893.50;        9;    0.83;   stop
     1;    2417.25;    2105.28;    2428.18;    2093.76;    2405.15;    2071.92;    2394.22;    2083.44;       10;    0.83;   stop
  5266;    2999.71;    1063.04;    3000.42;    1049.12;    2973.49;    1047.76;    2972.78;    1061.68;       10;    0.83;   move
    28;    2818.73;    1158.82;    2819.60;    1143.39;    2787.27;    1141.58;    2786.40;    1157.01;       10;    0.83;   stop
  4992;    2929.04;    1059.16;    2929.63;    1044.05;    2898.59;    1042.84;    2898.00;    1057.95;       10;    0.83;   move
    10;    3101.17;    1060.82;    3102.94;    1046.86;    3073.83;    1043.18;    3072.06;    1057.14;       10;    0.83;   stop
    25;    3207.77;    1204.74;    3209.65;    1189.56;    3174.73;    1185.26;    3172.85;    1200.44;       10;    0.83;   stop
  3512;    2030.74;     835.88;    2046.64;     835.12;    2044.96;     799.72;    2029.06;     800.48;       10;    0.83;   stop
  2173;    2064.76;     619.13;    2064.78;     591.68;    2050.54;     591.67;    2050.52;     619.12;       10;    0.83;   move
  2831;    2052.92;     691.37;    2067.87;     689.92;    2065.08;     661.03;    2050.13;     662.48;       10;    0.83;   move
    24;    1212.73;     654.63;    1213.82;     640.70;    1187.27;     638.62;    1186.18;     652.55;       10;    0.83;   stop
    58;     129.17;    1092.71;     156.36;    1089.96;     155.08;    1077.29;     127.89;    1080.04;       10;    0.83;   stop
  5424;    2841.99;    1075.18;    2843.07;    1059.73;    2815.70;    1057.82;    2814.62;    1073.27;       10;    0.83;   move
  4914;    3277.55;    1509.63;    3288.00;    1479.19;    3273.95;    1474.37;    3263.50;    1504.81;       10;    0.83;   stop
    83;    2925.31;    1931.82;    2952.14;    1920.07;    2945.89;    1905.78;    2919.06;    1917.53;       10;    0.83;   stop
    54;    1987.31;    2102.64;    2001.01;    2072.72;    1986.69;    2066.16;    1972.99;    2096.08;       10;    0.83;   stop
    31;     578.79;     532.04;     584.00;     499.83;     566.21;     496.96;     561.00;     529.17;       10;    0.83;   stop
  5275;    1841.80;    1141.13;    1870.12;    1139.84;    1869.48;    1125.67;    1841.16;    1126.96;       10;    0.83;   stop
    33;     703.55;    1394.62;     704.97;    1378.60;     674.45;    1375.88;     673.03;    1391.90;       10;    0.83;   stop
  3943;    2001.75;     680.46;    2018.43;     679.13;    2015.85;     646.74;    1999.17;     648.07;       10;    0.83;   stop
     3;    2123.89;    1620.74;    2128.64;    1587.69;    2114.51;    1585.66;    2109.76;    1618.71;       10;    0.83;   move
  3856;    2024.14;     707.12;    2040.17;     705.59;    2037.16;     674.08;    2021.13;     675.61;       10;    0.83;   stop
    43;    2904.86;    1162.82;    2905.96;    1147.44;    2874.26;    1145.18;    2873.16;    1160.56;       10;    0.83;   stop
    22;    3402.77;    1359.07;    3407.53;    1345.53;    3380.23;    1335.93;    3375.47;    1349.47;       10;    0.83;   stop
   152;     432.21;    1615.27;     433.68;    1599.63;     402.79;    1596.73;     401.32;    1612.37;       10;    0.83;   stop
  1038;    1951.43;     547.25;    1967.88;     546.08;    1965.57;     513.55;    1949.12;     514.72;       10;    0.83;   stop
    38;      52.26;    1084.94;      81.60;    1080.62;      79.61;    1067.06;      50.27;    1071.38;       10;    0.83;   stop
  4494;    3309.37;    1428.03;    3320.48;    1396.36;    3305.13;    1390.97;    3294.02;    1422.64;       10;    0.83;   stop
    44;    2150.50;    1840.89;    2157.95;    1808.08;    2143.10;    1804.71;    2135.65;    1837.52;       10;    0.83;   stop
  3112;    2150.58;    1474.32;    2150.68;    1442.33;    2134.22;    1442.28;    2134.12;    1474.27;       10;    0.83;   stop
  3921;    2148.23;    1601.94;    2148.27;    1574.49;    2132.97;    1574.46;    2132.93;    1601.91;       10;    0.83;   stop
  5337;    1975.72;     329.22;    1989.75;     327.91;    1986.88;     297.18;    1972.85;     298.49;       10;    0.82;   stop
  5198;    1983.05;     365.74;    1997.71;     364.73;    1995.75;     336.26;    1981.09;     337.27;       10;    0.82;   stop
    78;    2027.93;     794.44;    2043.53;     793.29;    2041.17;     761.36;    2025.57;     762.51;       10;    0.82;   stop
  4858;    3580.37;    1189.54;    3584.35;    1173.11;    3548.63;    1164.46;    3544.65;    1180.89;       10;    0.82;   stop
  1001;    2130.43;    1380.27;    2146.39;    1380.26;    2146.37;    1348.53;    2130.41;    1348.54;       10;    0.82;   stop
    17;    2661.25;    1821.58;    2662.26;    1790.96;    2645.95;    1790.42;    2644.94;    1821.04;       10;    0.82;   stop
    69;    3270.06;    1584.91;    3279.81;    1554.54;    3265.94;    1550.09;    3256.19;    1580.46;       10;    0.82;   stop
  3565;    2009.83;     595.59;    2026.50;     593.54;    2022.67;     562.41;    2006.00;     564.46;       10;    0.82;   stop
  3959;    2003.04;     716.64;    2018.62;     715.25;    2015.96;     685.56;    2000.38;     686.95;       10;    0.82;   stop
    16;    2981.84;    1301.24;    2982.74;    1285.62;    2950.41;    1283.76;    2949.51;    1299.38;       10;    0.82;   stop
  3051;    3323.28;    1380.50;    3333.08;    1347.16;    3317.22;    1342.50;    3307.42;    1375.84;       10;    0.82;   stop
    34;    1507.12;    1664.62;    1507.54;    1649.38;    1478.48;    1648.58;    1478.06;    1663.82;       10;    0.82;   stop
   843;    1974.40;    1637.00;    1975.82;    1622.52;    1948.00;    1619.80;    1946.58;    1634.28;       10;    0.82;   stop
  5608;    1963.43;     152.88;    1979.30;     151.63;    1976.67;     118.32;    1960.80;     119.57;       10;    0.82;   stop
  5203;    1879.98;    1141.46;    1913.50;    1140.84;    1913.22;    1125.34;    1879.70;    1125.96;       10;    0.82;   stop
  4786;    2859.69;    1056.88;    2860.26;    1041.28;    2828.78;    1040.12;    2828.21;    1055.72;       10;    0.82;   move
   193;    3152.29;    1195.53;    3153.83;    1181.57;    3125.71;    1178.47;    3124.17;    1192.43;       10;    0.82;   stop
    67;    3254.38;    1342.42;    3265.51;    1312.80;    3251.62;    1307.58;    3240.49;    1337.20;       10;    0.82;   stop
  5112;    3300.72;    1469.67;    3309.47;    1439.60;    3294.78;    1435.33;    3286.03;    1465.40;       10;    0.82;   stop
  5935;    2130.29;     596.37;    2130.78;     580.55;    2100.91;     579.63;    2100.42;     595.45;       10;    0.82;   stop
  2891;    1985.77;     853.77;    2002.19;     853.61;    2001.83;     816.63;    1985.41;     816.79;       10;    0.82;   stop
    57;    2174.57;    1580.40;    2175.16;    1547.07;    2159.83;    1546.80;    2159.24;    1580.13;       10;    0.82;   stop
   202;    2117.32;     901.01;    2132.88;     899.81;    2130.28;     865.99;    2114.72;     867.19;       10;    0.82;   stop
  3562;    2214.40;    1074.02;    2242.71;    1073.79;    2242.60;    1059.58;    2214.29;    1059.81;       10;    0.82;   stop
   104;    2860.82;    1268.05;    2860.94;    1254.19;    2831.86;    1253.95;    2831.75;    1267.81;       10;    0.82;   stop
   115;    2168.37;    1378.31;    2168.50;    1346.36;    2152.43;    1346.29;    2152.30;    1378.24;       10;    0.82;   stop
  3819;    2135.26;    1569.48;    2149.75;    1569.38;    2149.54;    1540.92;    2135.05;    1541.02;       10;    0.82;   stop
   983;    3005.36;    1837.72;    3033.30;    1821.03;    3025.44;    1807.88;    2997.50;    1824.57;       10;    0.82;   stop
   187;    2063.69;      40.36;    2078.68;      39.16;    2076.31;       9.44;    2061.32;      10.64;       10;    0.82;   stop
  5222;    1947.40;     280.06;    1963.77;     278.72;    1961.00;     244.94;    1944.63;     246.28;       10;    0.82;   stop
    74;    3033.68;    1176.41;    3035.61;    1162.69;    3007.92;    1158.79;    3005.99;    1172.52;       10;    0.82;   stop
    21;    3590.73;     891.52;    3593.10;     876.50;    3561.27;     871.48;    3558.90;     886.50;       10;    0.82;   stop
  6609;    3230.21;    1096.52;    3231.65;    1081.50;    3200.29;    1078.48;    3198.85;    1093.50;       10;    0.82;   move
   128;    3077.11;    1183.34;    3079.23;    1169.15;    3049.14;    1164.66;    3047.02;    1178.85;       10;    0.82;   stop
   153;    2001.47;    2070.08;    2015.67;    2040.65;    2001.73;    2033.92;    1987.53;    2063.35;       10;    0.82;   stop
   113;    2112.85;     840.02;    2127.62;     837.79;    2123.15;     808.18;    2108.38;     810.41;       10;    0.82;   stop
    93;    1347.47;    1053.01;    1347.47;    1038.59;    1320.13;    1038.59;    1320.13;    1053.01;       10;    0.82;   stop
     2;    2120.57;    1228.20;    2136.41;    1227.40;    2134.63;    1192.20;    2118.79;    1193.00;       10;    0.82;   stop
   317;     444.45;    1786.84;     462.45;    1785.76;     460.55;    1754.16;     442.55;    1755.24;       10;    0.82;   stop
    61;    1540.69;    1663.02;    1541.05;    1648.52;    1510.91;    1647.78;    1510.55;    1662.28;       10;    0.82;   stop
    70;    2649.50;    2129.72;    2651.08;    2098.64;    2636.10;    2097.88;    2634.52;    2128.96;       10;    0.82;   stop
   624;    2126.02;    1342.39;    2142.44;    1341.90;    2141.38;    1306.01;    2124.96;    1306.50;       10;    0.82;   stop
    59;    3760.24;     925.68;    3795.23;     922.23;    3793.76;     907.32;    3758.77;     910.77;       10;    0.82;   stop
    68;    3416.03;    1333.58;    3417.40;    1319.34;    3386.97;    1316.42;    3385.60;    1330.66;       10;    0.82;   stop
    52;    2173.05;    1729.89;    2173.71;    1701.25;    2158.95;    1700.91;    2158.29;    1729.55;       10;    0.82;   stop
    76;    2664.20;    1671.42;    2667.39;    1636.02;    2651.40;    1634.58;    2648.21;    1669.98;       10;    0.82;   stop
    99;    2522.95;    2128.10;    2525.75;    2113.21;    2497.45;    2107.90;    2494.65;    2122.79;       10;    0.82;   stop
  1396;    2071.00;     300.27;    2085.87;     298.80;    2083.00;     269.73;    2068.13;     271.20;       10;    0.82;   stop
  4957;    1980.75;     401.31;    1995.53;     400.13;    1993.25;     371.49;    1978.47;     372.67;       10;    0.82;   stop
  2978;    2003.47;     808.49;    2005.02;     777.44;    1990.33;     776.71;    1988.78;     807.76;       10;    0.82;   stop
   144;    2625.96;    1483.34;    2641.97;    1483.17;    2641.64;    1453.06;    2625.63;    1453.23;       10;    0.82;   stop
   132;    1855.24;    1632.59;    1886.44;    1632.52;    1886.41;    1615.81;    1855.21;    1615.88;       10;    0.82;   stop
   357;    3903.32;    1329.22;    3907.41;    1313.77;    3870.68;    1304.03;    3866.59;    1319.48;       10;    0.82;   stop
   148;    1946.99;     699.00;    1961.54;     697.77;    1959.21;     670.20;    1944.66;     671.43;       10;    0.82;   stop
   140;    2109.14;     727.52;    2122.82;     726.67;    2121.06;     698.08;    2107.38;     698.93;       10;    0.82;   stop
  3292;    1566.24;    1082.63;    1597.32;    1081.94;    1596.96;    1065.37;    1565.88;    1066.06;       10;    0.82;   move
  5719;    1637.92;    1111.60;    1665.07;    1110.46;    1664.48;    1096.40;    1637.33;    1097.54;       10;    0.82;   stop
    88;    3403.54;     936.55;    3435.16;     925.87;    3430.46;     911.95;    3398.84;     922.63;       10;    0.82;   stop
    13;    2661.00;    1856.77;    2661.42;    1826.25;    2645.00;    1826.03;    2644.58;    1856.55;       10;    0.82;   stop
   331;    2133.20;    1935.41;    2141.65;    1902.51;    2126.40;    1898.59;    2117.95;    1931.49;       10;    0.82;   stop
   177;    3020.98;    1886.14;    3046.96;    1871.69;    3039.27;    1857.86;    3013.29;    1872.31;       10;    0.82;   stop
  4641;    1996.70;     510.64;    2011.83;     509.15;    2008.90;     479.36;    1993.77;     480.85;       10;    0.81;   stop
   301;    1161.55;     650.32;    1162.11;     634.89;    1128.45;     633.68;    1127.89;     649.11;       10;    0.81;   stop
   198;     769.35;    1066.07;     797.20;    1064.98;     796.65;    1050.93;     768.80;    1052.02;       10;    0.81;   stop
  3397;    2216.41;    1047.55;    2216.95;    1033.15;    2187.59;    1032.05;    2187.05;    1046.45;       10;    0.81;   stop
   129;    3471.61;     895.07;    3489.25;     872.39;    3478.39;     863.93;    3460.75;     886.61;       10;    0.81;   stop
  5071;    3345.90;    1190.68;    3347.37;    1176.44;    3317.10;    1173.32;    3315.63;    1187.56;       10;    0.81;   move
    48;     635.87;    1617.32;     667.15;    1617.29;     667.13;    1602.68;     635.85;    1602.71;       10;    0.81;   stop
   226;    2354.21;    2135.48;    2361.59;    2120.57;    2333.19;    2106.52;    2325.81;    2121.43;       10;    0.81;   stop
  5511;    1966.50;     210.09;    1982.62;     208.63;    1979.10;     169.71;    1962.98;     171.17;       10;    0.81;   stop
   156;    2089.30;     383.15;    2102.94;     382.54;    2101.60;     352.45;    2087.96;     353.06;       10;    0.81;   stop
    84;    1947.82;     509.07;    1948.18;     477.50;    1933.48;     477.33;    1933.12;     508.90;       10;    0.81;   stop
  1371;     134.06;    1115.29;     160.51;    1113.18;     159.44;    1099.71;     132.99;    1101.82;       10;    0.81;   move
   448;    2999.41;    1173.10;    3001.71;    1156.51;    2964.19;    1151.30;    2961.89;    1167.89;        9;    0.81;   stop
  3683;    3537.28;    1177.06;    3540.29;    1163.10;    3511.72;    1156.94;    3508.71;    1170.90;       10;    0.81;   stop
  3306;    2132.83;    1525.41;    2150.01;    1525.19;    2149.57;    1490.19;    2132.39;    1490.41;       10;    0.81;   stop
  3889;    1993.43;    2140.58;    2006.25;    2112.63;    1992.27;    2106.22;    1979.45;    2134.17;       10;    0.81;   stop
    64;    3026.73;    1311.95;    3030.74;    1296.43;    2997.27;    1287.80;    2993.26;    1303.32;       10;    0.81;   stop
   147;    2069.08;      76.46;    2082.50;      75.20;    2079.82;      46.54;    2066.40;      47.80;       10;    0.81;   stop
   507;     286.47;    1048.33;     288.31;    1018.68;     272.03;    1017.67;     270.19;    1047.32;       10;    0.81;   stop
    65;     171.79;    1093.62;     198.98;    1093.12;     198.71;    1078.38;     171.52;    1078.88;       10;    0.81;   stop
   157;     336.45;    1177.91;     363.32;    1177.43;     363.05;    1162.09;     336.18;    1162.57;       10;    0.81;   stop
  3453;    1630.83;    1084.47;    1664.61;    1083.99;    1664.37;    1067.13;    1630.59;    1067.61;       10;    0.81;   move
  6564;    3664.84;    1206.77;    3668.43;    1189.61;    3633.16;    1182.23;    3629.57;    1199.39;       10;    0.81;   stop
   185;    3032.42;    1917.70;    3062.51;    1902.33;    3054.83;    1887.30;    3024.74;    1902.67;       10;    0.81;   stop
   217;    2085.95;     644.10;    2091.24;     611.21;    2075.65;     608.70;    2070.36;     641.59;       10;    0.81;   stop
    40;    2089.55;     669.34;    2103.58;     668.86;    2102.55;     638.66;    2088.52;     639.14;       10;    0.81;   stop
  6988;     137.33;    1145.06;     166.80;    1144.33;     166.42;    1128.94;     136.95;    1129.67;       10;    0.81;   move
  5369;    1871.04;    1124.49;    1901.77;    1124.46;    1901.76;    1108.71;    1871.03;    1108.74;       10;    0.81;   stop
   103;    2717.62;    1006.01;    2731.90;    1003.19;    2726.38;     975.19;    2712.10;     978.01;       10;    0.81;   stop
   205;    2077.50;    1411.88;    2094.18;    1409.10;    2087.00;    1366.12;    2070.32;    1368.90;        9;    0.81;   stop
  6758;    1957.73;      53.08;    1972.49;      51.79;    1969.87;      21.92;    1955.11;      23.21;       10;    0.81;   stop
  1867;     742.63;    1088.83;     775.41;    1088.77;     775.37;    1072.17;     742.59;    1072.23;       10;    0.81;   move
   200;     929.31;    1177.42;     957.37;    1176.10;     956.69;    1161.58;     928.63;    1162.90;       10;    0.81;   stop
   305;    1487.84;    1051.85;    1515.02;    1051.01;    1514.56;    1036.15;    1487.38;    1036.99;       10;    0.81;   stop
  4902;    1918.55;    1122.10;    1943.42;    1121.36;    1943.05;    1108.70;    1918.18;    1109.44;       10;    0.81;   stop
  4370;    2320.98;    1072.97;    2348.67;    1072.48;    2348.42;    1058.23;    2320.73;    1058.72;       10;    0.81;   move
  5572;    2960.14;    1082.60;    2961.54;    1068.36;    2931.46;    1065.40;    2930.06;    1079.64;       10;    0.81;   move
    87;    2390.99;    1158.41;    2417.09;    1158.27;    2417.01;    1144.39;    2390.91;    1144.53;       10;    0.81;   stop
   204;     385.52;    1647.51;     417.55;    1647.38;     417.48;    1630.49;     385.45;    1630.62;       10;    0.81;   stop
   117;    2045.07;    1974.09;    2055.61;    1949.30;    2042.93;    1943.91;    2032.39;    1968.70;       10;    0.81;   stop
   179;    2107.18;     695.77;    2122.25;     695.26;    2121.22;     665.03;    2106.15;     665.54;       10;    0.81;   stop
   302;     734.91;    1066.95;     763.67;    1065.82;     763.09;    1051.05;     734.33;    1052.18;       10;    0.81;   stop
   199;    1163.78;    1175.27;    1190.76;    1174.19;    1190.22;    1160.73;    1163.24;    1161.81;       10;    0.81;   stop
   338;    2035.58;     904.31;    2049.15;     903.09;    2046.82;     877.09;    2033.25;     878.31;       10;    0.81;   stop
   403;    2353.24;    1036.26;    2353.43;    1022.10;    2327.56;    1021.74;    2327.37;    1035.90;       10;    0.81;   stop
    86;    2348.93;    1159.75;    2348.97;    1144.33;    2317.47;    1144.25;    2317.43;    1159.67;       10;    0.81;   stop
   168;    2082.97;     474.26;    2098.22;     474.09;    2097.83;     440.14;    2082.58;     440.31;       10;    0.81;   stop
  3758;    2027.24;     745.14;    2043.15;     743.97;    2040.76;     711.66;    2024.85;     712.83;       10;    0.81;   stop
  4721;    1965.18;     466.55;    1980.31;     464.97;    1977.02;     433.45;    1961.89;     435.03;       10;    0.81;   stop
   110;    2751.93;     532.10;    2782.57;     528.42;    2780.87;     514.30;    2750.23;     517.98;       10;    0.81;   stop
   262;    1966.68;    1011.18;    1990.37;     963.00;    1972.92;     954.42;    1949.23;    1002.60;        9;    0.81;   stop
  4104;    1767.28;    1108.95;    1793.52;    1108.21;    1793.12;    1094.25;    1766.88;    1094.99;       10;    0.81;   stop
   294;    2170.05;    1760.54;    2171.37;    1735.73;    2158.55;    1735.06;    2157.23;    1759.87;       10;    0.81;   stop
   186;    3023.75;    1951.13;    3037.25;    1941.43;    3016.75;    1912.87;    3003.25;    1922.57;       10;    0.81;   stop
  1273;    1886.05;    1108.65;    1919.40;    1108.07;    1919.15;    1093.35;    1885.80;    1093.93;       10;    0.81;   stop
   350;    2867.70;    1163.49;    2868.62;    1146.03;    2831.90;    1144.11;    2830.98;    1161.57;        9;    0.81;   stop
   232;    2659.63;    1271.19;    2687.18;    1271.16;    2687.17;    1257.21;    2659.62;    1257.24;       10;    0.81;   stop
  1143;    3260.43;    1442.43;    3272.38;    1411.65;    3258.77;    1406.37;    3246.82;    1437.15;       10;    0.81;   stop
   162;    3241.42;    1376.70;    3253.17;    1346.37;    3240.08;    1341.30;    3228.33;    1371.63;       10;    0.81;   stop
   249;    3300.37;    1394.20;    3309.82;    1364.99;    3295.63;    1360.40;    3286.18;    1389.61;       10;    0.81;   stop
   197;    2375.19;    2123.64;    2383.58;    2109.31;    2356.01;    2093.16;    2347.62;    2107.49;       10;    0.81;   stop
    91;    1960.14;     665.09;    1975.05;     663.83;    1972.26;     630.91;    1957.35;     632.17;       10;    0.80;   stop
   155;    2092.31;     708.43;    2106.29;     707.95;    2105.29;     678.77;    2091.31;     679.25;       10;    0.80;   stop
   261;    1950.99;     765.04;    1964.53;     763.85;    1962.21;     737.36;    1948.67;     738.55;       10;    0.80;   stop
  4855;    1598.75;    1115.63;    1627.11;    1115.16;    1626.85;    1099.57;    1598.49;    1100.04;       10;    0.80;   stop
  4270;    1717.75;    1112.55;    1751.01;    1111.05;    1750.25;    1094.25;    1716.99;    1095.75;       10;    0.80;   stop
   164;     967.60;    1177.92;     995.91;    1175.36;     994.70;    1162.08;     966.39;    1164.64;       10;    0.80;   stop
  3259;    2084.43;    1255.92;    2100.38;    1253.74;    2096.37;    1224.48;    2080.42;    1226.66;       10;    0.80;   move
  4084;    2359.07;    1051.77;    2389.74;    1051.34;    2389.53;    1036.23;    2358.86;    1036.66;       10;    0.80;   move
    82;    3581.27;     842.00;    3589.67;     815.62;    3576.73;     811.50;    3568.33;     837.88;       10;    0.80;   stop
   216;    3476.57;     956.05;    3493.64;     929.23;    3481.43;     921.45;    3464.36;     948.27;       10;    0.80;   stop
  6971;    3316.90;    1294.10;    3319.48;    1243.11;    3295.60;    1241.90;    3293.02;    1292.89;        9;    0.80;   move
    75;    3267.34;    1471.85;    3274.08;    1445.45;    3261.16;    1442.15;    3254.42;    1468.55;       10;    0.80;   stop
   228;    2082.67;     267.37;    2096.89;     266.81;    2095.73;     237.23;    2081.51;     237.79;       10;    0.80;   stop
  3195;    1985.69;     774.01;    2001.00;     773.32;    1999.51;     740.39;    1984.20;     741.08;       10;    0.80;   stop
  2603;    1247.18;    1091.72;    1275.38;    1090.61;    1274.82;    1076.28;    1246.62;    1077.39;       10;    0.80;   move
  6750;     710.92;    1147.73;     741.26;    1147.35;     741.08;    1133.27;     710.74;    1133.65;       10;    0.80;   move
   230;     383.34;    1178.87;     414.36;    1175.41;     412.66;    1160.13;     381.64;    1163.59;       10;    0.80;   stop
   158;    1754.35;    1046.56;    1783.60;    1043.27;    1782.05;    1029.44;    1752.80;    1032.73;       10;    0.80;   stop
   255;    2778.55;    1155.51;    2779.13;    1141.20;    2751.85;    1140.09;    2751.27;    1154.40;       10;    0.80;   stop
   176;    2668.97;    1536.71;    2669.19;    1510.21;    2655.03;    1510.09;    2654.81;    1536.59;       10;    0.80;   stop
   166;    2861.97;    1299.22;    2890.09;    1298.43;    2889.65;    1282.78;    2861.54;    1283.57;       10;    0.80;   stop
   235;    1004.02;    1657.47;    1004.23;    1642.91;     977.98;    1642.53;     977.77;    1657.09;       10;    0.80;   stop
  2210;    2130.49;    1431.51;    2147.14;    1431.16;    2146.31;    1392.09;    2129.67;    1392.44;       10;    0.80;   stop
    49;    2630.57;    1792.37;    2632.92;    1760.75;    2617.83;    1759.63;    2615.48;    1791.25;       10;    0.80;   stop
  5801;    1945.84;     230.30;    1962.05;     229.44;    1960.16;     193.90;    1943.95;     194.76;       10;    0.80;   stop
  4828;    1987.31;     462.14;    2003.17;     460.55;    2000.29;     431.86;    1984.43;     433.45;       10;    0.80;   stop
   145;    2885.83;    1041.21;    2917.99;    1041.07;    2917.92;    1025.79;    2885.76;    1025.93;       10;    0.80;   stop
   223;      79.81;    1588.93;      80.50;    1574.21;      56.31;    1573.07;      55.62;    1587.79;       10;    0.80;   stop
   165;     971.19;    1621.83;     971.63;    1607.00;     943.81;    1606.17;     943.37;    1621.00;       10;    0.80;   stop
   138;    2663.48;    1708.62;    2665.63;    1678.85;    2650.92;    1677.78;    2648.77;    1707.55;       10;    0.80;   stop
   237;    2454.90;    2082.62;    2462.37;    2069.32;    2434.70;    2053.78;    2427.23;    2067.08;       10;    0.80;   stop
   218;    2957.91;    1916.76;    2987.86;    1901.69;    2980.09;    1886.24;    2950.14;    1901.31;       10;    0.80;   stop
   303;     691.41;    1177.68;     718.91;    1175.02;     717.59;    1161.32;     690.09;    1163.98;       10;    0.80;   stop
   360;     972.52;    1061.96;     999.66;    1061.35;     999.38;    1048.84;     972.24;    1049.45;       10;    0.80;   stop
  2544;    1977.79;    1653.04;    1978.69;    1637.86;    1949.81;    1636.16;    1948.91;    1651.34;       10;    0.80;   move
   107;    2661.77;    1786.66;    2662.75;    1757.44;    2647.83;    1756.94;    2646.85;    1786.16;       10;    0.80;   stop
  3379;    2010.53;     839.91;    2024.29;     839.52;    2023.47;     810.09;    2009.71;     810.48;       10;    0.80;   stop
    81;     698.38;    1414.78;     700.13;    1399.79;     669.62;    1396.22;     667.87;    1411.21;       10;    0.80;   stop
   192;    1278.49;    1054.90;    1310.84;    1054.20;    1310.51;    1039.10;    1278.16;    1039.80;       10;    0.80;   stop
   116;    2142.22;    1275.59;    2157.16;    1275.11;    2156.18;    1244.41;    2141.24;    1244.89;       10;    0.80;   stop
  4599;    2387.92;    1070.80;    2422.83;    1070.07;    2422.48;    1053.20;    2387.57;    1053.93;       10;    0.80;   move
  4789;    3542.01;    1137.58;    3543.14;    1122.89;    3510.99;    1120.42;    3509.86;    1135.11;       10;    0.80;   stop
  6398;    3040.34;    1814.64;    3067.23;    1798.78;    3059.91;    1786.36;    3033.02;    1802.22;       10;    0.80;   stop
   240;    2077.02;     341.60;    2091.02;     340.82;    2089.38;     311.20;    2075.38;     311.98;       10;    0.80;   stop
   219;     664.59;    1067.32;     694.90;    1066.32;     694.41;    1051.68;     664.10;    1052.68;       10;    0.80;   stop
   260;    1040.70;    1063.06;    1070.65;    1060.11;    1069.20;    1045.34;    1039.25;    1048.29;       10;    0.80;   stop
  5044;    2703.52;    1053.88;    2733.37;    1053.70;    2733.28;    1038.92;    2703.43;    1039.10;       10;    0.80;   move
  4157;    2259.72;    1073.52;    2289.34;    1072.96;    2289.08;    1058.88;    2259.46;    1059.44;       10;    0.80;   stop
  7069;    1264.94;    1644.10;    1265.21;    1628.36;    1239.06;    1627.90;    1238.79;    1643.64;       10;    0.80;   move
   224;     682.94;    1654.57;     683.62;    1639.88;     652.06;    1638.43;     651.38;    1653.12;       10;    0.80;   stop
   319;    2089.47;     419.54;    2104.36;     418.40;    2102.03;     388.06;    2087.14;     389.20;       10;    0.80;   stop
   306;    1109.61;    1058.50;    1136.87;    1057.08;    1136.19;    1043.90;    1108.93;    1045.32;       10;    0.80;   stop
   399;    2559.04;    1032.12;    2588.64;    1031.96;    2588.56;    1017.48;    2558.96;    1017.64;       10;    0.80;   stop
    30;    2124.35;    1294.91;    2138.56;    1294.12;    2137.05;    1267.09;    2122.84;    1267.88;       10;    0.80;   stop
  3688;    3357.43;    1149.35;    3385.61;    1140.41;    3381.57;    1127.65;    3353.39;    1136.59;       10;    0.80;   move
   248;     275.75;    1600.77;     276.55;    1586.86;     248.25;    1585.23;     247.45;    1599.14;       10;    0.80;   stop
   234;     674.49;    1617.86;     702.52;    1617.83;     702.51;    1603.14;     674.48;    1603.17;       10;    0.80;   stop
   258;    1925.86;     203.10;    1940.03;     202.80;    1939.39;     172.50;    1925.22;     172.80;       10;    0.80;   stop
   321;     554.05;    1029.61;     571.15;    1027.88;     567.95;     996.39;     550.85;     998.12;       10;    0.80;   stop
   304;     804.84;    1226.26;     835.43;    1225.73;     835.16;    1209.74;     804.57;    1210.27;       10;    0.80;   stop
  3763;    1984.13;     717.99;    2000.37;     716.79;    1998.27;     688.41;    1982.03;     689.61;       10;    0.80;   stop
  4083;    2711.13;    1963.59;    2719.41;    1950.35;    2693.27;    1934.01;    2684.99;    1947.25;       10;    0.80;   stop
   244;    3009.68;    1812.63;    3016.62;    1799.03;    2989.82;    1785.37;    2982.88;    1798.97;       10;    0.80;   stop
   146;    2885.43;    2004.54;    2899.88;    1997.63;    2884.94;    1966.46;    2870.50;    1973.37;       10;    0.80;   stop
   271;    1947.74;     732.89;    1962.32;     732.04;    1960.66;     703.51;    1946.08;     704.36;       10;    0.79;   stop
  4519;    1991.63;     545.06;    2007.13;     543.54;    2004.27;     514.54;    1988.77;     516.06;       10;    0.79;   stop
  3487;    2007.23;     756.08;    2022.70;     754.98;    2020.47;     723.52;    2005.00;     724.62;       10;    0.79;   stop
   282;     530.46;    1068.87;     559.12;    1067.74;     558.54;    1053.13;     529.88;    1054.26;       10;    0.79;   stop
   330;     802.22;    1210.38;     835.06;    1209.82;     834.78;    1193.62;     801.94;    1194.18;       10;    0.79;   stop
   293;    1476.34;    1047.75;    1476.63;    1033.57;    1450.46;    1033.05;    1450.17;    1047.23;       10;    0.79;   stop
   252;    1644.59;    1169.39;    1679.76;    1168.66;    1679.41;    1151.41;    1644.24;    1152.14;       10;    0.79;   stop
   288;     968.78;    1657.32;     968.95;    1642.97;     943.22;    1642.68;     943.05;    1657.03;       10;    0.79;   stop
   269;    2083.06;    1475.45;    2099.59;    1474.64;    2097.94;    1441.15;    2081.41;    1441.96;       10;    0.79;   stop
   256;    2091.56;    1812.10;    2093.92;    1777.08;    2076.54;    1775.90;    2074.18;    1810.92;       10;    0.79;   stop
    62;    2803.29;    1913.79;    2811.93;    1901.06;    2787.11;    1884.21;    2778.47;    1896.94;       10;    0.79;   stop
   229;    2197.98;     569.87;    2226.51;     567.23;    2225.22;     553.33;    2196.69;     555.97;       10;    0.79;   stop
   188;    3019.25;      77.96;    3051.87;      73.84;    3050.00;      59.04;    3017.38;      63.16;       10;    0.79;   stop
   343;     935.88;    1061.84;     963.67;    1060.11;     962.82;    1046.56;     935.03;    1048.29;       10;    0.79;   stop
  5122;    1561.02;    1115.20;    1593.08;    1114.17;    1592.58;    1098.80;    1560.52;    1099.83;       10;    0.79;   stop
   287;     354.91;    1645.24;     355.96;    1629.74;     326.59;    1627.76;     325.54;    1643.26;       10;    0.79;   stop
   206;    3177.47;    1626.25;    3187.33;    1592.99;    3173.03;    1588.75;    3163.17;    1622.01;       10;    0.79;   stop
   326;    1253.90;     656.35;    1254.31;     641.48;    1224.10;     640.65;    1223.69;     655.52;       10;    0.79;   stop
  5437;    1976.12;     283.52;    1990.23;     282.76;    1988.68;     254.08;    1974.57;     254.84;       10;    0.79;   stop
  6161;    1712.53;    1149.12;    1746.71;    1147.38;    1745.87;    1130.88;    1711.69;    1132.62;       10;    0.79;   stop
   194;    3458.04;     990.68;    3475.37;     958.55;    3461.96;     951.32;    3444.63;     983.45;       10;    0.79;   stop
   412;     553.20;    1652.95;     553.80;    1638.19;     525.80;    1637.05;     525.20;    1651.81;       10;    0.79;   stop
   154;    2675.11;    2056.72;    2703.52;    2041.57;    2695.69;    2026.88;    2667.28;    2042.03;       10;    0.79;   stop
   118;    1855.88;     587.10;    1856.82;     571.66;    1824.52;     569.70;    1823.58;     585.14;       10;    0.79;   stop
   101;     410.19;    1067.58;     410.43;    1053.87;     383.81;    1053.42;     383.57;    1067.13;       10;    0.79;   stop
   208;      46.69;    1104.88;      79.03;    1100.80;      77.18;    1086.12;      44.84;    1090.20;       10;    0.79;   stop
  2621;    1149.73;    1076.56;    1180.77;    1075.46;    1180.27;    1061.44;    1149.23;    1062.54;       10;    0.79;   move
   273;    2056.08;    1247.77;    2071.61;    1245.52;    2067.12;    1214.63;    2051.59;    1216.88;       10;    0.79;   stop
   390;    1435.77;    1177.78;    1484.32;    1176.53;    1483.83;    1157.42;    1435.28;    1158.67;        9;    0.79;   stop
  3737;    2334.48;    1051.61;    2334.90;    1037.25;    2305.52;    1036.39;    2305.10;    1050.75;       10;    0.79;   move
   222;    2462.78;    1158.09;    2491.97;    1157.40;    2491.62;    1142.31;    2462.43;    1143.00;       10;    0.79;   stop
  4395;    3332.84;    1158.89;    3332.88;    1144.20;    3303.66;    1144.11;    3303.62;    1158.80;       10;    0.79;   move
   308;     583.26;    1653.52;     584.30;    1638.29;     557.74;    1636.48;     556.70;    1651.71;       10;    0.79;   stop
   352;    1052.63;     647.63;    1053.81;     633.80;    1025.37;     631.37;    1024.19;     645.20;       10;    0.79;   stop
  6637;    1961.09;     103.16;    1978.04;     102.01;    1975.71;      67.84;    1958.76;      68.99;       10;    0.79;   stop
   300;    2118.76;     801.90;    2132.11;     800.51;    2129.44;     774.90;    2116.09;     776.29;       10;    0.79;   stop
   169;    1412.10;    1053.64;    1439.78;    1052.33;    1439.10;    1037.96;    1411.42;    1039.27;       10;    0.79;   stop
   254;    2423.44;    1157.68;    2448.50;    1157.02;    2448.16;    1143.92;    2423.10;    1144.58;       10;    0.79;   stop
   384;    1466.29;    1663.62;    1467.04;    1648.64;    1437.71;    1647.18;    1436.96;    1662.16;       10;    0.79;   stop
   452;    2469.77;    2152.44;    2499.63;    2138.31;    2493.03;    2124.36;    2463.17;    2138.49;       10;    0.79;   stop
   285;    1816.92;    1045.86;    1847.80;    1044.68;    1847.25;    1030.14;    1816.37;    1031.32;       10;    0.79;   stop
  5336;    1808.50;    1144.07;    1837.21;    1142.96;    1836.66;    1128.73;    1807.96;    1129.84;       10;    0.79;   stop
   215;    2232.62;    1161.07;    2263.42;    1159.83;    2262.78;    1144.13;    2231.98;    1145.37;       10;    0.79;   stop
   313;     206.40;    1178.63;     235.52;    1178.30;     235.35;    1163.37;     206.23;    1163.70;       10;    0.79;   stop
   283;     919.31;    1224.17;     920.25;    1209.76;     890.69;    1207.83;     889.75;    1222.24;       10;    0.79;   stop
   214;    2057.89;     763.90;    2073.82;     762.19;    2070.31;     729.50;    2054.38;     731.21;       10;    0.79;   move
   184;    3624.47;     724.74;    3636.56;     694.84;    3621.53;     688.76;    3609.44;     718.66;       10;    0.79;   stop
   241;    2790.76;     527.61;    2820.61;     523.61;    2818.84;     510.39;    2788.99;     514.39;       10;    0.79;   stop
   453;    1102.04;     650.76;    1103.59;     636.18;    1075.96;     633.24;    1074.41;     647.82;       10;    0.79;   stop
   367;    1075.57;    1060.07;    1103.17;    1058.58;    1102.43;    1044.93;    1074.83;    1046.42;       10;    0.79;   stop
   286;      55.43;    1119.79;      82.58;    1116.09;      80.70;    1102.21;      53.54;    1105.91;       10;    0.79;   move
   315;    2507.09;    1158.66;    2540.05;    1157.98;    2539.71;    1141.74;    2506.75;    1142.42;       10;    0.79;   stop
   274;    3806.02;     922.36;    3836.16;     919.95;    3834.98;     905.14;    3804.84;     907.55;       10;    0.79;   stop
   195;    3272.71;    1295.29;    3285.67;    1262.61;    3270.79;    1256.71;    3257.83;    1289.39;       10;    0.79;   stop
   272;    1959.28;     811.93;    1973.71;     810.97;    1971.92;     784.07;    1957.49;     785.03;       10;    0.78;   stop
    14;    2123.88;    1260.38;    2138.24;    1259.72;    2136.92;    1230.82;    2122.56;    1231.48;       10;    0.78;   stop
   401;    3119.64;    1191.62;    3121.55;    1178.27;    3094.36;    1174.38;    3092.45;    1187.73;       10;    0.78;   stop
   345;    2538.34;    1301.14;    2567.50;    1300.66;    2567.26;    1286.06;    2538.10;    1286.54;       10;    0.78;   stop
   290;    1923.95;     319.10;    1937.66;     318.19;    1935.75;     289.30;    1922.04;     290.21;       10;    0.78;   stop
   263;    1840.67;    1167.52;    1867.82;    1166.62;    1867.33;    1152.08;    1840.18;    1152.98;       10;    0.78;   stop
   268;    2747.03;    1267.29;    2774.57;    1265.74;    2773.77;    1251.51;    2746.23;    1253.06;       10;    0.78;   stop
   295;    2030.50;    1634.34;    2060.72;    1633.91;    2060.50;    1618.86;    2030.28;    1619.29;       10;    0.78;   stop
   370;    1966.58;     770.94;    1980.70;     770.12;    1979.02;     741.06;    1964.90;     741.88;       10;    0.78;   stop
   141;    1424.21;    1068.66;    1456.40;    1067.42;    1455.79;    1051.74;    1423.60;    1052.98;       10;    0.78;   stop
   477;    1960.81;     896.23;    1974.96;     895.36;    1973.29;     868.37;    1959.14;     869.24;       10;    0.78;   stop
  3513;    2276.86;    1047.42;    2277.20;    1034.05;    2251.54;    1033.38;    2251.20;    1046.75;       10;    0.78;   stop
  5139;    1802.22;    1107.95;    1832.97;    1107.11;    1832.58;    1092.85;    1801.83;    1093.69;       10;    0.78;   stop
   400;    2547.12;    1156.06;    2576.50;    1156.02;    2576.48;    1140.74;    2547.10;    1140.78;       10;    0.78;   stop
   265;    3444.72;     919.16;    3465.60;     899.99;    3456.28;     889.84;    3435.40;     909.01;       10;    0.78;   stop
   359;     296.88;    1177.83;     327.62;    1176.91;     327.12;    1160.17;     296.38;    1161.09;       10;    0.78;   stop
  3213;    1465.01;    1087.63;    1496.15;    1086.17;    1495.39;    1069.97;    1464.25;    1071.43;       10;    0.78;   move
   175;    1434.46;    1662.10;    1434.68;    1649.17;    1408.34;    1648.70;    1408.12;    1661.63;       10;    0.78;   stop
   349;    2565.51;    2032.26;    2571.59;    2017.58;    2540.09;    2004.54;    2534.01;    2019.22;       10;    0.78;   stop
   266;    2990.78;    1823.70;    2999.45;    1811.85;    2975.47;    1794.30;    2966.80;    1806.15;       10;    0.78;   stop
  5064;    1844.90;    1108.57;    1875.56;    1106.74;    1874.70;    1092.23;    1844.04;    1094.06;       10;    0.78;   stop
   334;    2355.59;    1158.30;    2385.19;    1157.16;    2384.61;    1142.10;    2355.01;    1143.24;       10;    0.78;   stop
   372;    3427.05;    1048.68;    3440.01;    1022.88;    3426.95;    1016.32;    3413.99;    1042.12;       10;    0.78;   stop
   276;     307.78;    1605.63;     309.51;    1591.86;     281.72;    1588.37;     279.99;    1602.14;       10;    0.78;   stop
   378;    3864.30;    1318.00;    3867.64;    1303.22;    3835.70;    1296.00;    3832.36;    1310.78;       10;    0.78;   stop
   100;    1953.57;     578.62;    1967.60;     578.15;    1966.73;     551.78;    1952.70;     552.25;       10;    0.78;   stop
   371;    3788.75;     306.85;    3800.13;     275.41;    3784.25;     269.65;    3772.87;     301.09;       10;    0.78;   stop
   312;     496.27;    1070.89;     524.60;    1067.85;     523.23;    1055.11;     494.90;    1058.15;       10;    0.78;   stop
   382;    1779.19;     581.32;    1779.86;     567.50;    1752.41;     566.18;    1751.74;     580.00;       10;    0.78;   stop
   404;    2638.01;    1032.42;    2666.96;    1029.48;    2665.59;    1015.98;    2636.64;    1018.92;       10;    0.78;   stop
   309;    2633.27;    1747.30;    2635.48;    1713.40;    2618.73;    1712.30;    2616.52;    1746.20;       10;    0.78;   stop
  5383;     868.25;      36.67;     898.06;      36.11;     897.75;      19.58;     867.94;      20.14;       10;    0.77;   stop
  4506;    1971.79;     519.78;    1985.60;     518.27;    1982.71;     491.82;    1968.90;     493.33;       10;    0.77;   stop
   332;    2544.04;     547.76;    2576.06;     545.02;    2574.76;     529.84;    2542.74;     532.58;       10;    0.77;   stop
   289;    2664.21;    1752.01;    2664.78;    1719.86;    2648.99;    1719.59;    2648.42;    1751.74;       10;    0.77;   stop
   335;    3628.03;     894.72;    3628.04;     880.80;    3600.97;     880.78;    3600.96;     894.70;       10;    0.77;   stop
  7074;    4038.40;    1278.91;    4042.16;    1264.73;    4009.60;    1256.09;    4005.84;    1270.27;       10;    0.77;   move
   137;      41.75;    1585.31;      42.28;    1571.72;      15.94;    1570.69;      15.41;    1584.28;       10;    0.77;   stop
   325;     435.72;      92.63;     464.91;      90.24;     463.78;      76.37;     434.59;      78.76;       10;    0.77;   stop
   291;    2511.24;     547.08;    2538.03;     544.39;    2536.76;     531.72;    2509.97;     534.41;       10;    0.77;   stop
   246;    2299.59;     562.30;    2329.23;     559.29;    2327.81;     545.30;    2298.17;     548.31;       10;    0.77;   stop
   311;    3815.92;     233.83;    3828.38;     202.94;    3814.08;     197.17;    3801.62;     228.06;       10;    0.77;   stop
   278;    2086.19;    1606.93;    2107.62;    1606.51;    2106.61;    1555.07;    2085.18;    1555.49;        9;    0.77;   stop
  6323;    2589.21;    2023.43;    2594.01;    2009.63;    2566.79;    2000.17;    2561.99;    2013.97;       10;    0.77;   stop
   280;    2202.14;     146.88;    2228.98;     144.58;    2227.86;     131.52;    2201.02;     133.82;       10;    0.77;   stop
   391;    2581.75;    1155.33;    2611.78;    1154.66;    2611.46;    1140.27;    2581.43;    1140.94;       10;    0.77;   stop
   277;     988.17;    1985.35;     988.26;    1953.70;     972.83;    1953.65;     972.74;    1985.30;       10;    0.77;   stop
   196;    2692.78;    1973.17;    2700.71;    1958.46;    2673.22;    1943.63;    2665.29;    1958.34;       10;    0.77;   stop
   437;    1951.63;     396.81;    1952.28;     363.07;    1937.57;     362.79;    1936.92;     396.53;       10;    0.77;   stop
   119;    2040.09;     949.07;    2054.17;     948.02;    2052.11;     920.53;    2038.03;     921.58;       10;    0.77;   stop
   369;    3656.80;     892.71;    3687.56;     889.68;    3686.20;     875.79;    3655.44;     878.82;       10;    0.77;   stop
   299;    2405.55;     555.86;    2434.65;     553.77;    2433.65;     539.74;    2404.55;     541.83;       10;    0.77;   stop
   127;      -0.83;    1128.46;      23.43;    1124.60;      21.19;    1110.54;      -3.07;    1114.40;       10;    0.77;   stop
  5150;    2489.16;    1071.48;    2517.43;    1070.31;    2516.84;    1056.12;    2488.57;    1057.29;       10;    0.77;   move
   316;    3723.54;     926.68;    3754.33;     924.92;    3753.46;     909.82;    3722.67;     911.58;       10;    0.77;   stop
   469;    2160.06;    1497.10;    2173.17;    1496.52;    2171.94;    1468.70;    2158.83;    1469.28;       10;    0.77;   stop
   310;    3325.75;    1444.37;    3333.92;    1417.85;    3320.25;    1413.63;    3312.08;    1440.15;       10;    0.77;   stop
   259;    2337.03;     559.90;    2367.75;     557.39;    2366.57;     542.90;    2335.85;     545.41;       10;    0.77;   stop
   409;    1577.60;    1172.93;    1606.44;    1169.33;    1604.80;    1156.27;    1575.96;    1159.87;       10;    0.77;   stop
   509;     496.94;    1652.95;     523.61;    1649.98;     522.06;    1636.05;     495.39;    1639.02;       10;    0.77;   stop
   385;    3127.53;    1821.71;    3154.36;    1794.50;    3140.97;    1781.29;    3114.14;    1808.50;        9;    0.77;   stop
   250;    2880.59;     519.82;    2909.45;     516.41;    2907.81;     502.58;    2878.95;     505.99;       10;    0.76;   stop
   446;    1227.15;    1055.72;    1254.70;    1053.96;    1253.85;    1040.68;    1226.30;    1042.44;       10;    0.76;   stop
  6085;    3280.70;    1105.67;    3282.34;    1088.98;    3245.30;    1085.33;    3243.66;    1102.02;       10;    0.76;   move
   374;     318.22;    1050.72;     323.39;    1019.90;     307.78;    1017.28;     302.61;    1048.10;       10;    0.76;   stop
   430;    2147.74;    2112.90;    2164.31;    2112.08;    2162.66;    2078.70;    2146.09;    2079.52;       10;    0.76;   stop
   365;    2030.60;    1671.94;    2061.67;    1671.80;    2061.60;    1655.66;    2030.53;    1655.80;       10;    0.76;   stop
   341;    2984.92;      80.98;    3013.26;      77.40;    3011.58;      64.02;    2983.24;      67.60;       10;    0.76;   stop
   320;    3830.45;     196.90;    3841.61;     167.43;    3827.55;     162.10;    3816.39;     191.57;       10;    0.76;   stop
   351;     925.05;    1999.89;     940.56;    1999.09;     938.95;    1968.11;     923.44;    1968.91;       10;    0.76;   stop
  2770;    2074.78;    1080.76;    2086.31;    1071.61;    2067.62;    1048.04;    2056.09;    1057.19;       10;    0.76;   move
   462;    2644.05;    1349.54;    2644.37;    1318.22;    2628.35;    1318.06;    2628.03;    1349.39;       10;    0.76;   stop
    63;    1968.45;    2143.15;    1986.25;    2109.42;    1970.75;    2101.25;    1952.95;    2134.98;        9;    0.76;   stop
   388;    1595.90;    1048.64;    1623.75;    1048.56;    1623.70;    1033.36;    1595.85;    1033.44;       10;    0.76;   stop
  4533;    2502.70;    1049.81;    2533.84;    1048.62;    2533.30;    1034.59;    2502.16;    1035.78;       10;    0.76;   move
   460;    2688.74;    1156.06;    2717.23;    1155.33;    2716.86;    1140.74;    2688.37;    1141.47;       10;    0.76;   stop
   363;    3728.53;     887.45;    3757.46;     885.40;    3756.47;     871.55;    3727.54;     873.60;       10;    0.76;   stop
   356;    1611.77;    1627.59;    1642.78;    1627.24;    1642.63;    1613.61;    1611.62;    1613.96;       10;    0.76;   stop
   329;     636.86;    1211.97;     667.17;    1211.90;     667.14;    1196.03;     636.83;    1196.10;       10;    0.76;   stop
   323;    2049.92;    1213.56;    2064.62;    1210.85;    2059.68;    1184.04;    2044.98;    1186.75;       10;    0.76;   stop
   336;     942.26;    1994.16;     958.33;    1993.27;     956.74;    1964.84;     940.67;    1965.73;       10;    0.76;   stop
   377;    3607.91;     656.21;    3618.92;     628.67;    3606.09;     623.54;    3595.08;     651.08;       10;    0.76;   stop
  2809;    2093.61;    1369.67;    2115.22;    1366.88;    2103.99;    1279.93;    2082.38;    1282.72;        9;    0.76;   move
   421;     556.07;     577.65;     559.08;     563.21;     530.93;     557.35;     527.92;     571.79;       10;    0.75;   stop
   522;     439.44;    1673.08;     446.63;    1659.20;     419.06;    1644.92;     411.87;    1658.80;       10;    0.75;   stop
   347;    2785.02;    1925.76;    2793.42;    1911.37;    2763.38;    1893.84;    2754.98;    1908.23;       10;    0.75;   stop
   327;    3773.18;     339.66;    3782.01;     313.86;    3768.82;     309.34;    3759.99;     335.14;       10;    0.75;   stop
   284;    1688.80;    1170.04;    1721.06;    1168.68;    1720.40;    1153.16;    1688.14;    1154.53;       10;    0.75;   stop
   427;    3693.39;     887.92;    3718.57;     886.03;    3717.61;     873.08;    3692.43;     874.97;       10;    0.75;   stop
   298;    2476.71;     551.11;    2507.00;     547.32;    2505.29;     533.69;    2475.00;     537.48;       10;    0.75;   stop
   417;    2887.51;    1958.14;    2910.53;    1943.67;    2903.11;    1931.86;    2880.09;    1946.33;       10;    0.75;   stop
  5075;    1958.35;     316.55;    1971.12;     316.25;    1970.45;     288.25;    1957.68;     288.55;       10;    0.75;   stop
  6622;     411.52;    1103.98;     443.76;    1103.38;     443.48;    1088.02;     411.24;    1088.62;       10;    0.75;   move
  5446;    1765.77;    1144.52;    1794.83;    1144.12;    1794.63;    1129.48;    1765.57;    1129.88;       10;    0.75;   stop
   456;     835.44;    1655.03;     835.62;    1640.35;     804.56;    1639.97;     804.38;    1654.65;       10;    0.75;   stop
  5426;    1391.05;    1646.05;    1415.91;    1645.75;    1415.75;    1632.35;    1390.89;    1632.65;       10;    0.75;   move
   474;    2833.81;    1894.21;    2839.73;    1881.45;    2816.72;    1870.79;    2810.80;    1883.55;       10;    0.75;   stop
  1838;     914.32;    1086.66;     943.35;    1085.26;     942.68;    1071.34;     913.65;    1072.74;       10;    0.75;   move
  3084;    1746.59;    1069.54;    1780.84;    1068.20;    1780.21;    1052.06;    1745.96;    1053.40;       10;    0.75;   move
   383;     740.88;    1656.41;     767.18;    1654.39;     766.12;    1640.59;     739.82;    1642.61;       10;    0.75;   stop
  4865;    1963.63;     393.29;    1978.92;     391.86;    1975.97;     360.31;    1960.68;     361.74;       10;    0.75;   stop
  1921;    3695.19;     542.55;    3703.53;     511.39;    3688.81;     507.45;    3680.47;     538.61;       10;    0.75;   stop
   380;    1965.15;     941.31;    1980.37;     939.70;    1977.65;     913.89;    1962.43;     915.50;       10;    0.75;   stop
   436;     907.16;    1656.14;     908.11;    1643.71;     883.84;    1641.86;     882.89;    1654.29;       10;    0.75;   stop
   444;     842.17;    1232.35;     856.09;    1232.21;     855.83;    1205.65;     841.91;    1205.79;       10;    0.74;   stop
   415;     890.99;    1177.46;     928.30;    1176.94;     928.06;    1160.14;     890.75;    1160.66;       10;    0.74;   stop
   455;    1499.52;    1174.55;    1529.73;    1173.67;    1529.28;    1158.25;    1499.07;    1159.13;       10;    0.74;   stop
   466;    2228.16;     567.35;    2256.03;     564.47;    2254.64;     551.05;    2226.77;     553.93;       10;    0.74;   stop
   553;     288.49;    1014.08;     289.67;     986.59;     274.01;     985.92;     272.83;    1013.41;       10;    0.74;   stop
   174;     907.25;    1999.64;     921.88;    1999.58;     921.75;    1970.36;     907.12;    1970.42;       10;    0.74;   stop
   470;    2077.82;     112.24;    2090.89;     111.02;    2088.58;      86.36;    2075.51;      87.58;       10;    0.74;   stop
   498;    2430.96;    2096.22;    2442.19;    2085.06;    2421.44;    2064.18;    2410.21;    2075.34;       10;    0.74;   stop
   247;    3016.43;     511.72;    3046.81;     506.31;    3044.32;     492.28;    3013.94;     497.69;       10;    0.74;   stop
  1691;     262.65;    1104.14;     295.64;    1101.19;     294.35;    1086.86;     261.36;    1089.81;       10;    0.74;   move
   461;    2440.10;    1310.19;    2440.76;    1293.00;    2399.10;    1291.41;    2398.44;    1308.60;        9;    0.74;   stop
   346;    2251.28;    1315.59;    2281.40;    1309.40;    2278.32;    1294.41;    2248.20;    1300.60;       10;    0.74;   stop
   376;    3652.05;     654.09;    3658.81;     629.15;    3645.95;     625.66;    3639.19;     650.60;       10;    0.74;   stop
   476;    1923.63;    1167.23;    1953.28;    1162.78;    1951.17;    1148.77;    1921.52;    1153.22;       10;    0.74;   stop
   525;    1539.77;    1174.29;    1568.93;    1172.88;    1568.23;    1158.51;    1539.07;    1159.92;       10;    0.74;   stop
   451;    2220.91;    2049.72;    2221.19;    2030.80;    2185.49;    2030.28;    2185.21;    2049.20;       10;    0.74;   stop
    98;    2628.62;    1856.29;    2630.48;    1827.51;    2614.98;    1826.51;    2613.12;    1855.29;       10;    0.74;   stop
  1546;     542.91;    1104.69;     542.95;    1088.38;     512.09;    1088.31;     512.05;    1104.62;       10;    0.74;   move
   447;    3440.35;    1021.59;    3453.42;     995.91;    3440.65;     989.41;    3427.58;    1015.09;       10;    0.74;   stop
   243;    2628.65;    1826.00;    2630.46;    1798.95;    2616.15;    1798.00;    2614.34;    1825.05;       10;    0.74;   stop
   393;     470.76;      87.02;     500.20;      84.93;     499.24;      71.48;     469.80;      73.57;       10;    0.73;   stop
   475;    2842.92;     522.78;    2870.77;     520.86;    2869.88;     508.02;    2842.03;     509.94;       10;    0.73;   stop
   499;     241.83;    1179.86;     272.76;    1177.85;     271.67;    1161.14;     240.74;    1163.15;       10;    0.73;   stop
   541;     498.14;    1178.18;     527.20;    1177.50;     526.86;    1162.82;     497.80;    1163.50;       10;    0.73;   stop
   411;    3409.30;    1296.20;    3431.84;    1268.78;    3419.70;    1258.80;    3397.16;    1286.22;       10;    0.73;   stop
   494;    1939.93;    1632.78;    1940.00;    1618.17;    1911.82;    1618.02;    1911.75;    1632.63;       10;    0.73;   stop
   337;    1637.81;    1664.90;    1638.22;    1650.28;    1610.59;    1649.50;    1610.18;    1664.12;       10;    0.73;   stop
  3613;    3465.19;    1077.05;    3485.02;    1040.21;    3467.81;    1030.95;    3447.98;    1067.79;        9;    0.73;   move
   479;     383.41;    1645.14;     384.01;    1631.92;     360.59;    1630.86;     359.99;    1644.08;       10;    0.73;   stop
   459;    3801.54;     268.43;    3811.51;     243.23;    3798.46;     238.07;    3788.49;     263.27;       10;    0.73;   stop
   505;     472.34;    2098.11;     489.38;    2096.80;     487.16;    2067.89;     470.12;    2069.20;       10;    0.73;   stop
   442;    2567.27;     121.32;    2596.31;     118.32;    2594.73;     103.08;    2565.69;     106.08;       10;    0.72;   stop
   405;    2665.48;    1631.74;    2668.15;    1601.11;    2653.72;    1599.86;    2651.05;    1630.49;       10;    0.72;   stop
   296;    2657.58;    1897.56;    2658.92;    1862.67;    2642.42;    1862.04;    2641.08;    1896.93;       10;    0.72;   stop
  1345;    2016.28;     928.06;    2030.76;     926.57;    2027.72;     897.14;    2013.24;     898.63;       10;    0.72;   move
   426;    3766.86;     883.49;    3793.59;     882.51;    3793.14;     870.01;    3766.41;     870.99;       10;    0.72;   stop
   429;     474.50;    2128.62;     490.64;    2128.26;     490.00;    2099.38;     473.86;    2099.74;       10;    0.72;   stop
   416;     645.37;    1653.37;     646.37;    1641.56;     623.63;    1639.63;     622.63;    1651.44;       10;    0.72;   stop
   396;     454.09;    1867.63;     469.71;    1864.90;     465.41;    1840.37;     449.79;    1843.10;       10;    0.72;   stop
   333;    2914.54;     517.62;    2944.95;     514.02;    2943.34;     500.38;    2912.92;     503.98;       10;    0.72;   stop
   483;     859.07;    1231.85;     875.64;    1230.37;     872.93;    1200.15;     856.36;    1201.63;       10;    0.72;   stop
   419;     891.90;    2000.89;     906.91;    1999.80;     904.65;    1968.71;     889.64;    1969.80;       10;    0.72;   stop
   526;    2168.14;    2112.56;    2182.43;    2111.82;    2180.86;    2081.44;    2166.57;    2082.18;       10;    0.72;   stop
   431;    3844.43;     161.50;    3855.61;     131.18;    3841.57;     126.00;    3830.39;     156.32;       10;    0.71;   stop
   484;     809.56;      44.91;     810.02;      30.94;     784.27;      30.09;     783.81;      44.06;       10;    0.71;   stop
   381;    3615.49;     753.19;    3623.59;     728.02;    3610.51;     723.81;    3602.41;     748.98;       10;    0.71;   stop
   574;    2480.45;    2072.86;    2486.50;    2057.92;    2455.95;    2045.54;    2449.90;    2060.48;       10;    0.71;   stop
  4593;    1712.11;     580.20;    1743.95;     580.09;    1743.89;     564.60;    1712.05;     564.71;       10;    0.71;   stop
   464;    1401.58;    1663.18;    1402.26;    1650.19;    1376.42;    1648.82;    1375.74;    1661.81;       10;    0.71;   stop
   523;     844.25;    1619.92;     867.77;    1619.87;     867.75;    1608.08;     844.23;    1608.13;       10;    0.71;   stop
   392;    1606.69;    1666.40;    1607.15;    1652.48;    1580.51;    1651.60;    1580.05;    1665.52;       10;    0.71;   stop
   495;    2747.71;     104.46;    2778.21;     101.22;    2776.69;      86.94;    2746.19;      90.18;       10;    0.70;   stop
  7073;    4026.44;     450.50;    4065.42;     446.16;    4063.56;     429.50;    4024.58;     433.84;       10;    0.70;   move
   501;    2713.78;     535.32;    2746.79;     530.36;    2744.62;     515.88;    2711.61;     520.84;       10;    0.70;   stop
   468;    1003.27;    1616.31;    1003.29;    1603.73;     978.73;    1603.69;     978.71;    1616.27;       10;    0.70;   stop
   297;     645.17;      65.14;     679.25;      62.05;     677.83;      46.36;     643.75;      49.45;       10;    0.70;   stop
   454;    1191.48;    1007.46;    1206.54;    1007.24;    1206.12;     977.34;    1191.06;     977.56;       10;    0.70;   stop
   450;    2727.27;    1955.90;    2736.47;    1943.67;    2708.33;    1922.50;    2699.13;    1934.73;       10;    0.70;   stop
   528;     526.52;     573.35;     529.35;     559.66;     501.48;     553.90;     498.65;     567.59;       10;    0.69;   stop
   549;    2191.59;    2111.41;    2204.30;    2108.31;    2198.01;    2082.59;    2185.30;    2085.70;       10;    0.69;   stop
   517;     325.62;    1073.57;     353.94;    1070.39;     352.38;    1056.43;     324.06;    1059.61;       10;    0.69;   stop
   387;    2839.12;     564.80;    2867.84;     562.12;    2866.48;     547.60;    2837.76;     550.28;       10;    0.69;   stop
  4141;    2014.08;     877.64;    2028.90;     875.45;    2025.62;     853.36;    2010.81;     855.55;       10;    0.69;   stop
   434;    3700.32;     930.35;    3700.82;     914.92;    3676.68;     914.15;    3676.18;     929.58;       10;    0.69;   stop
   576;     425.18;    1330.35;     442.36;    1330.33;     442.32;    1295.15;     425.14;    1295.17;       10;    0.69;   stop
   471;     441.67;    1746.26;     459.70;    1746.00;     459.33;    1719.74;     441.30;    1720.00;       10;    0.69;   stop
  6985;     476.23;    2003.05;     494.99;    2001.71;     491.77;    1956.95;     473.01;    1958.29;        9;    0.69;   move
   487;     998.48;    2073.52;    1010.01;    2072.26;    1007.52;    2049.48;     995.99;    2050.74;       10;    0.69;   stop
   236;    2067.35;    1326.47;    2084.23;    1324.29;    2080.05;    1291.93;    2063.17;    1294.11;       10;    0.69;   stop
  6057;    2506.38;     123.30;    2531.82;     121.55;    2530.82;     107.10;    2505.38;     108.85;       10;    0.69;   stop
   496;      -1.57;    1194.96;      12.66;    1194.46;      12.15;    1180.04;      -2.07;    1180.54;       10;    0.69;   stop
   441;    1387.79;    1627.31;    1421.07;    1625.41;    1420.21;    1610.29;    1386.93;    1612.19;       10;    0.69;   stop
   364;    1494.08;    1625.06;    1494.57;    1612.28;    1469.92;    1611.34;    1469.43;    1624.12;       10;    0.69;   stop
   512;     846.30;    1059.69;     873.97;    1056.88;     872.70;    1044.31;     845.03;    1047.12;       10;    0.69;   stop
   502;      95.63;    1184.91;     125.07;    1181.43;     123.37;    1167.09;      93.93;    1170.57;       10;    0.69;   stop
   708;    1231.06;    1179.30;    1261.18;    1178.85;    1260.94;    1162.70;    1230.82;    1163.15;       10;    0.69;   stop
   513;    2087.49;    1551.05;    2104.00;    1550.56;    2102.91;    1513.75;    2086.40;    1514.24;       10;    0.68;   stop
   497;    2646.77;    2069.35;    2671.10;    2055.23;    2664.03;    2043.05;    2639.70;    2057.17;       10;    0.68;   stop
   394;    1382.03;    1482.51;    1384.37;    1457.57;    1370.77;    1456.29;    1368.43;    1481.23;       10;    0.68;   stop
   521;    3365.64;    1061.17;    3380.86;    1031.83;    3367.36;    1024.83;    3352.14;    1054.17;       10;    0.68;   stop
   547;     588.08;    1616.32;     617.14;    1615.84;     616.92;    1602.68;     587.86;    1603.16;       10;    0.68;   stop
  1225;    3405.40;     480.38;    3437.85;     477.69;    3436.60;     462.62;    3404.15;     465.31;       10;    0.68;   stop
   463;    2304.80;     137.50;    2330.67;     134.54;    2329.20;     121.70;    2303.33;     124.66;       10;    0.68;   stop
  7021;     613.78;    1065.03;     646.29;    1059.76;     644.22;    1046.97;     611.71;    1052.24;       10;    0.68;   stop
   489;    3056.49;      74.01;    3087.56;      70.52;    3086.01;      56.74;    3054.94;      60.23;       10;    0.68;   stop
   623;    2070.80;    1366.37;    2086.51;    1364.00;    2081.20;    1328.83;    2065.49;    1331.20;        9;    0.68;   stop
   355;    1433.23;    1625.60;    1460.43;    1624.70;    1459.97;    1610.80;    1432.77;    1611.70;       10;    0.68;   stop
   472;    2983.87;     512.42;    3006.69;     509.18;    3004.93;     496.78;    2982.11;     500.02;       10;    0.67;   stop
   545;    1108.92;    1178.45;    1142.08;    1177.68;    1141.68;    1160.35;    1108.52;    1161.12;       10;    0.67;   stop
  6857;    1675.77;    1113.33;    1711.43;    1111.66;    1710.63;    1094.67;    1674.97;    1096.34;        9;    0.67;   stop
  4503;    2009.53;     794.35;    2023.49;     792.95;    2021.17;     769.85;    2007.21;     771.25;       10;    0.67;   stop
  3786;    2670.36;    1446.29;    2672.43;    1421.59;    2659.64;    1420.51;    2657.57;    1445.21;       10;    0.67;   stop
  2381;    1005.48;    1094.83;    1044.65;    1093.66;    1044.12;    1075.97;    1004.95;    1077.14;       10;    0.67;   move
   480;    1848.11;    1630.84;    1848.64;    1616.18;    1820.29;    1615.16;    1819.76;    1629.82;       10;    0.67;   stop
   503;    2168.89;     148.87;    2196.68;     146.82;    2195.71;     133.73;    2167.92;     135.78;       10;    0.67;   stop
   508;    2599.98;    2010.30;    2604.36;    1995.56;    2575.23;    1986.90;    2570.84;    2001.64;       10;    0.67;   stop
   561;    2918.09;    2066.59;    2930.36;    2060.16;    2915.91;    2032.61;    2903.64;    2039.04;       10;    0.67;   stop
   610;    3252.68;    1508.04;    3261.93;    1482.54;    3249.32;    1477.96;    3240.07;    1503.46;       10;    0.66;   stop
   611;    1912.00;     188.09;    1923.43;     187.45;    1922.00;     161.71;    1910.57;     162.35;       10;    0.66;   stop
   570;    1059.08;    1182.29;    1059.96;    1167.71;    1033.72;    1166.11;    1032.84;    1180.69;       10;    0.66;   stop
   544;    2700.22;     844.12;    2714.96;     843.57;    2713.78;     811.88;    2699.04;     812.43;       10;    0.66;   stop
   569;    3496.11;     867.45;    3513.61;     844.08;    3502.89;     836.05;    3485.39;     859.42;       10;    0.66;   stop
   481;    3246.04;     491.30;    3272.61;     487.45;    3270.76;     474.70;    3244.19;     478.55;       10;    0.66;   stop
   554;    2265.11;     566.53;    2293.94;     564.06;    2292.69;     549.47;    2263.86;     551.94;       10;    0.66;   stop
   566;    2664.42;     348.18;    2678.56;     347.65;    2677.59;     321.42;    2663.44;     321.95;       10;    0.66;   stop
   379;     358.95;     103.80;     386.12;     100.78;     384.55;      86.70;     357.38;      89.72;       10;    0.65;   stop
   443;    3322.97;      85.75;    3351.20;      83.22;    3350.03;      70.25;    3321.80;      72.78;       10;    0.65;   stop
   583;    1330.29;    1179.01;    1370.70;    1178.20;    1370.31;    1158.59;    1329.90;    1159.40;       10;    0.65;   stop
   324;    3676.61;     586.00;    3687.51;     556.60;    3672.39;     551.00;    3661.49;     580.40;       10;    0.65;   stop
   504;    3755.11;     450.12;    3789.90;     447.75;    3788.89;     432.88;    3754.10;     435.25;       10;    0.65;   stop
  6911;    3792.02;    1212.85;    3796.54;    1196.07;    3755.98;    1185.15;    3751.46;    1201.93;       10;    0.65;   move
   518;    2931.91;      85.01;    2961.04;      81.77;    2959.34;      66.49;    2930.21;      69.73;       10;    0.65;   stop
   493;    2272.16;     140.84;    2300.28;     140.02;    2299.84;     124.96;    2271.72;     125.78;       10;    0.64;   stop
   486;    2801.40;    1355.06;    2807.82;    1322.77;    2792.60;    1319.74;    2786.18;    1352.03;       10;    0.64;   stop
   581;    2942.60;    1296.61;    2942.76;    1280.75;    2907.00;    1280.39;    2906.84;    1296.25;       10;    0.64;   stop
   519;     985.29;      23.43;     985.30;       9.59;     958.41;       9.57;     958.40;      23.41;       10;    0.64;   stop
   558;    3796.58;     449.66;    3825.55;     445.63;    3823.42;     430.34;    3794.45;     434.37;       10;    0.64;   stop
   408;    3725.69;     495.59;    3760.08;     493.76;    3759.31;     479.41;    3724.92;     481.24;       10;    0.64;   stop
   609;     440.20;    1711.79;     456.71;    1710.13;     453.30;    1676.21;     436.79;    1677.87;       10;    0.64;   stop
   506;     815.58;    1618.88;     838.46;    1618.80;     838.42;    1607.12;     815.54;    1607.20;       10;    0.63;   stop
   422;    3213.57;      59.36;    3244.84;      56.04;    3243.23;      40.84;    3211.96;      44.16;       10;    0.63;   stop
   516;    3638.67;     932.52;    3664.60;     930.10;    3663.33;     916.48;    3637.40;     918.90;       10;    0.63;   stop
   348;    3111.98;      68.97;    3141.42;      66.22;    3140.02;      51.28;    3110.58;      54.03;       10;    0.63;   stop
   435;     521.16;    1376.48;     521.72;    1363.54;     497.84;    1362.52;     497.28;    1375.46;       10;    0.63;   stop
   568;    1574.50;    1663.43;    1575.16;    1651.26;    1547.90;    1649.77;    1547.24;    1661.94;       10;    0.63;   stop
   420;     612.11;      68.30;     641.14;      65.59;     639.89;      52.20;     610.86;      54.91;       10;    0.62;   stop
   458;    2947.46;     515.33;    2976.42;     511.36;    2974.54;     497.67;    2945.58;     501.64;       10;    0.62;   stop
   593;    1263.79;    1624.87;    1263.87;    1610.30;    1232.21;    1610.13;    1232.13;    1624.70;       10;    0.62;   stop
   556;    1326.50;    1854.66;    1339.14;    1854.13;    1338.10;    1829.34;    1325.46;    1829.87;       10;    0.62;   stop
   536;    2819.00;      94.64;    2845.35;      90.48;    2843.40;      78.16;    2817.05;      82.32;       10;    0.62;   stop
   500;     917.60;    1207.35;     917.86;    1193.17;     889.40;    1192.65;     889.14;    1206.83;       10;    0.62;   stop
   602;     822.48;    1016.68;     824.38;     987.34;     808.52;     986.32;     806.62;    1015.66;       10;    0.62;   stop
   542;    2495.85;    1300.90;    2495.98;    1287.73;    2472.95;    1287.50;    2472.82;    1300.67;       10;    0.62;   stop
   557;    2741.62;    1945.80;    2750.77;    1933.22;    2725.18;    1914.60;    2716.03;    1927.18;       10;    0.62;   stop
   537;    3759.12;     274.00;    3769.53;     246.71;    3755.88;     241.50;    3745.47;     268.79;       10;    0.62;   stop
  7008;    1107.90;    1178.19;    1140.51;    1177.32;    1140.10;    1161.81;    1107.49;    1162.68;        9;    0.62;   stop
   584;     555.94;    1616.54;     578.40;    1615.89;     578.06;    1604.46;     555.60;    1605.11;       10;    0.62;   stop
   520;    3361.25;      44.15;    3391.79;      41.86;    3390.75;      27.85;    3360.21;      30.14;       10;    0.61;   stop
   668;      11.64;    1090.01;      47.16;    1085.74;      45.27;    1069.99;       9.74;    1074.26;       10;    0.61;   stop
   580;    3399.43;     920.47;    3410.97;     910.39;    3390.57;     887.03;    3379.03;     897.11;       10;    0.61;   stop
   591;    1023.80;    1910.44;    1056.14;    1909.70;    1055.80;    1894.76;    1023.46;    1895.50;       10;    0.61;   stop
   457;    2405.60;     130.22;    2436.09;     127.40;    2434.80;     113.38;    2404.31;     116.20;       10;    0.61;   stop
   579;     378.30;    1067.41;     378.54;    1055.05;     355.70;    1054.59;     355.46;    1066.95;       10;    0.61;   stop
   548;     461.22;    1909.66;     478.99;    1899.87;     468.78;    1881.34;     451.01;    1891.13;       10;    0.61;   stop
  6812;    2455.58;     127.31;    2487.12;     124.31;    2485.62;     108.49;    2454.08;     111.49;       10;    0.61;   stop
   490;    3458.97;      35.10;    3486.71;      31.46;    3485.03;      18.65;    3457.29;      22.29;       10;    0.61;   stop
   559;    2529.13;    1272.53;    2557.69;    1271.69;    2557.27;    1257.07;    2528.71;    1257.91;       10;    0.60;   stop
   603;     772.56;    1655.07;     800.50;    1655.04;     800.49;    1640.13;     772.55;    1640.16;       10;    0.60;   stop
  1232;    2176.62;    1619.93;    2177.72;    1595.41;    2165.78;    1594.87;    2164.68;    1619.39;       10;    0.60;   stop
  4113;    1962.74;     609.20;    1964.12;     591.76;    1921.66;     588.40;    1920.28;     605.84;       10;    0.60;   stop
   418;    3664.41;     620.04;    3673.84;     590.51;    3659.59;     585.96;    3650.16;     615.49;       10;    0.60;   stop
   634;       8.50;    1580.95;       8.77;    1567.75;      -0.83;    1567.55;      -1.09;    1580.75;       10;    0.60;   stop
   597;     592.33;    1652.46;     617.77;    1652.28;     617.67;    1638.54;     592.23;    1638.72;       10;    0.60;   stop
   514;     844.77;    1655.50;     871.45;    1655.07;     871.23;    1641.50;     844.55;    1641.93;       10;    0.59;   stop
   492;    1604.92;    2125.79;    1606.63;    2094.28;    1590.68;    2093.41;    1588.97;    2124.92;       10;    0.59;   stop
   571;    2313.07;    2154.04;    2321.01;    2141.27;    2295.13;    2125.16;    2287.19;    2137.93;       10;    0.59;   stop
   679;    2633.40;    1700.51;    2635.26;    1669.95;    2621.00;    1669.09;    2619.14;    1699.65;       10;    0.59;   stop
   596;    1373.01;    1560.85;    1375.80;    1534.15;    1362.39;    1532.75;    1359.60;    1559.45;       10;    0.58;   stop
   587;    3858.75;     126.23;    3871.03;      97.70;    3857.25;      91.77;    3844.97;     120.30;       10;    0.58;   stop
   607;     934.76;    1655.99;     935.04;    1642.07;     912.04;    1641.61;     911.76;    1655.53;       10;    0.58;   stop
  3918;    2763.86;    1933.84;    2772.02;    1921.06;    2744.94;    1903.76;    2736.78;    1916.54;       10;    0.58;   stop
   539;    3794.12;     184.96;    3804.79;     160.08;    3791.88;     154.54;    3781.21;     179.42;       10;    0.58;   stop
   599;     660.54;    1238.11;     660.55;    1223.91;     631.46;    1223.89;     631.45;    1238.09;       10;    0.58;   stop
   648;     152.14;    1691.95;     176.00;    1691.70;     175.86;    1679.05;     152.00;    1679.30;       10;    0.58;   stop
   449;    3917.15;    1204.54;    3928.01;    1175.04;    3912.85;    1169.46;    3901.99;    1198.96;       10;    0.57;   stop
  1721;    2646.33;    2161.46;    2649.09;    2131.06;    2634.47;    2129.74;    2631.71;    2160.14;       10;    0.57;   stop
   613;    2879.43;     560.98;    2905.34;     558.20;    2903.82;     544.02;    2877.91;     546.80;       10;    0.57;   stop
   619;     866.22;      73.57;     897.51;      71.97;     896.78;      57.68;     865.49;      59.28;       10;    0.57;   stop
   491;    1895.58;    1668.23;    1896.85;    1654.69;    1870.02;    1652.17;    1868.75;    1665.71;       10;    0.56;   stop
  6787;    3491.53;      31.97;    3520.23;      30.39;    3519.47;      16.53;    3490.77;      18.11;       10;    0.56;   stop
   563;     187.77;    1596.21;     213.56;    1595.59;     213.23;    1581.79;     187.44;    1582.41;       10;    0.56;   stop
  3318;    2435.30;    2166.22;    2461.69;    2154.42;    2455.50;    2140.58;    2429.11;    2152.38;       10;    0.56;   stop
   589;    3162.87;    1791.38;    3180.48;    1770.99;    3169.63;    1761.62;    3152.02;    1782.01;       10;    0.56;   stop
   625;      29.92;     494.52;      32.28;     463.75;      15.77;     462.48;      13.40;     493.25;       10;    0.56;   stop
   531;    2583.02;     545.82;    2610.26;     543.29;    2608.98;     529.38;    2581.74;     531.91;       10;    0.56;   stop
    71;     422.61;    1023.57;     423.08;     998.70;     408.89;     998.43;     408.42;    1023.30;       10;    0.56;   stop
   661;     320.37;    1643.10;     321.51;    1627.86;     295.13;    1625.90;     293.99;    1641.14;       10;    0.56;   stop
   564;    1326.57;    1823.17;    1339.35;    1822.79;    1338.63;    1798.43;    1325.85;    1798.81;       10;    0.56;   stop
  4198;    3328.09;    1338.90;    3329.07;    1318.91;    3320.71;    1318.50;    3319.73;    1338.49;       10;    0.56;   stop
   706;     508.66;     599.36;     511.22;     585.23;     474.84;     578.64;     472.28;     592.77;       10;    0.55;   stop
   546;    3874.54;      88.94;    3883.19;      61.36;    3869.46;      57.06;    3860.81;      84.64;       10;    0.55;   stop
   543;    3754.72;     386.46;    3765.73;     356.15;    3750.28;     350.54;    3739.27;     380.85;       10;    0.55;   stop
   532;    1254.58;    1049.04;    1278.06;    1047.77;    1277.42;    1035.96;    1253.94;    1037.23;       10;    0.55;   stop
   691;    1024.33;     647.31;    1025.42;     633.27;     998.67;     631.19;     997.58;     645.23;       10;    0.55;   stop
   575;    3779.21;     223.04;    3787.34;     198.05;    3774.79;     193.96;    3766.66;     218.95;       10;    0.54;   stop
  5235;    2595.17;    1069.86;    2624.15;    1068.10;    2623.23;    1052.94;    2594.25;    1054.70;       10;    0.54;   move
   535;    1703.79;    1750.37;    1708.67;    1737.85;    1681.41;    1727.23;    1676.53;    1739.75;       10;    0.54;   stop
   398;    4056.06;     429.30;    4088.66;     423.79;    4085.94;     407.70;    4053.34;     413.21;       10;    0.54;   stop
  1261;    1223.50;    1173.93;    1223.67;    1159.38;    1198.50;    1159.07;    1198.33;    1173.62;       10;    0.54;   stop
   573;    3370.53;     983.20;    3386.94;     977.27;    3374.47;     942.80;    3358.06;     948.73;        9;    0.54;   stop
   533;     401.10;    1609.76;     401.95;    1598.93;     380.40;    1597.24;     379.55;    1608.07;       10;    0.54;   stop
  3430;    3366.28;    1302.43;    3376.90;    1275.52;    3363.72;    1270.32;    3353.10;    1297.23;       10;    0.54;   stop
   527;      26.60;    1621.90;      27.05;    1605.83;       0.56;    1605.10;       0.11;    1621.17;       10;    0.54;   stop
   588;     291.83;     879.11;     294.27;     853.85;     279.17;     852.39;     276.73;     877.65;       10;    0.53;   stop
  5537;    1963.16;     608.76;    1964.65;     591.98;    1922.44;     588.24;    1920.95;     605.02;        9;    0.53;   stop
  3550;    3070.71;    1776.92;    3075.47;    1763.16;    3046.29;    1753.08;    3041.53;    1766.84;       10;    0.53;   stop
  4614;    3535.37;     469.82;    3562.46;     465.91;    3560.63;     453.18;    3533.54;     457.09;       10;    0.53;   stop
   620;    3380.00;    1023.68;    3383.00;     994.77;    3369.00;     993.32;    3366.00;    1022.23;       10;    0.53;   stop
  6944;    3457.63;     495.91;    3492.02;     492.15;    3490.37;     477.09;    3455.98;     480.85;       10;    0.52;   move
   686;    3184.80;    1765.23;    3205.73;    1732.84;    3191.70;    1723.77;    3170.77;    1756.16;       10;    0.52;   stop
   465;    3108.78;     503.35;    3140.67;     500.21;    3139.22;     485.45;    3107.33;     488.59;       10;    0.52;   stop
   565;    1866.98;    1667.77;    1867.70;    1654.02;    1841.02;    1652.63;    1840.30;    1666.38;       10;    0.52;   stop
   680;    2385.38;    1347.93;    2386.87;    1311.32;    2371.02;    1310.67;    2369.53;    1347.28;       10;    0.52;   stop
   555;     873.26;    1997.99;     888.20;    1997.53;     887.44;    1972.81;     872.50;    1973.27;       10;    0.51;   stop
   592;      48.18;     893.88;      50.41;     879.14;      17.32;     874.12;      15.09;     888.86;       10;    0.51;   stop
   590;    2703.83;     927.80;    2720.94;     926.81;    2718.57;     886.00;    2701.46;     886.99;       10;    0.51;   stop
   524;    2740.95;    2022.63;    2768.72;    2011.46;    2763.05;    1997.37;    2735.28;    2008.54;       10;    0.51;   stop
   567;    1154.82;    1006.37;    1155.59;     979.04;    1141.18;     978.63;    1140.41;    1005.96;       10;    0.51;   stop
   386;     317.92;     111.43;     350.38;     107.53;     348.58;      92.57;     316.12;      96.47;       10;    0.51;   stop
   552;    3175.37;      61.80;    3203.42;      59.26;    3202.23;      46.20;    3174.19;      48.74;       10;    0.50;   stop
  7103;     774.95;    1088.63;     775.53;    1072.87;     767.51;    1072.57;     766.93;    1088.33;       10;    0.50;   stop
  7035;    2719.03;     125.30;    2748.26;     121.84;    2746.57;     107.50;    2717.34;     110.96;       10;    0.50;   move
   659;     806.60;    1241.57;     833.07;    1241.06;     832.82;    1228.03;     806.35;    1228.54;       10;    0.50;   stop
   690;    3960.55;     119.97;    3978.88;     119.29;    3977.45;      81.03;    3959.12;      81.71;       10;    0.50;   stop
  6946;    2123.97;     771.41;    2124.59;     750.49;    2114.43;     750.19;    2113.81;     771.11;       10;    0.50;   stop
  6533;     213.73;    1639.97;     241.39;    1638.40;     240.52;    1623.03;     212.86;    1624.60;       10;    0.50;   stop
  1415;    3622.25;     789.89;    3632.78;     763.76;    3618.75;     758.11;    3608.22;     784.24;       10;    0.50;   stop
   605;    2860.42;      91.22;    2899.34;      87.88;    2897.96;      71.78;    2859.04;      75.12;       10;    0.49;   stop
   586;    1614.65;     886.70;    1615.56;     874.03;    1585.75;     871.90;    1584.84;     884.57;       10;    0.49;   stop
   678;     382.74;    1892.45;     386.87;    1863.72;     371.76;    1861.55;     367.63;    1890.28;       10;    0.49;   stop
   644;    3586.59;    2065.69;    3619.81;    2049.61;    3612.41;    2034.31;    3579.19;    2050.39;       10;    0.49;   stop
   663;     134.60;     914.59;     138.09;     902.49;     113.53;     895.41;     110.04;     907.51;       10;    0.49;   stop
  4016;    2677.47;     510.92;    2690.61;     509.31;    2687.33;     482.68;    2674.19;     484.29;       10;    0.48;   stop
  3659;    1332.83;    2014.53;    1348.32;    2012.02;    1343.17;    1980.27;    1327.68;    1982.78;       10;    0.48;   stop
   631;    2464.63;     594.76;    2496.22;     591.24;    2494.57;     576.44;    2462.98;     579.96;       10;    0.48;   stop
   600;    1648.34;    1009.46;    1651.61;     980.56;    1637.26;     978.94;    1633.99;    1007.84;       10;    0.48;   stop
  5952;    2356.02;    1170.18;    2382.50;    1169.93;    2382.38;    1156.62;    2355.90;    1156.87;       10;    0.48;   stop
   653;     690.94;    1430.35;     692.64;    1418.85;     671.06;    1415.65;     669.36;    1427.15;       10;    0.48;   stop
  6652;    2777.72;    2006.54;    2807.24;    1993.33;    2800.68;    1978.67;    2771.16;    1991.87;       10;    0.48;   stop
  4479;    3348.07;    1298.56;    3358.08;    1270.31;    3342.93;    1264.94;    3332.92;    1293.19;       10;    0.48;   stop
   655;    3071.73;     506.07;    3104.21;     502.97;    3102.77;     487.93;    3070.29;     491.03;       10;    0.47;   stop
   582;    1889.18;    1168.83;    1918.74;    1168.07;    1918.42;    1155.57;    1888.86;    1156.33;       10;    0.47;   stop
  5441;    2675.29;     477.96;    2688.86;     477.65;    2688.31;     453.24;    2674.74;     453.55;       10;    0.47;   stop
   662;    3225.54;    1413.13;    3238.93;    1382.28;    3226.46;    1376.87;    3213.07;    1407.72;       10;    0.47;   stop
   626;     109.61;    1890.97;     134.97;    1871.56;     126.14;    1860.03;     100.78;    1879.44;       10;    0.47;   stop
  5595;     153.73;     894.69;     157.84;     881.03;     130.52;     872.81;     126.41;     886.47;       10;    0.47;   stop
   562;    2611.06;     543.54;    2640.88;     541.17;    2639.74;     526.86;    2609.92;     529.23;       10;    0.47;   stop
  5803;     690.52;    1452.94;     692.34;    1440.34;     669.48;    1437.06;     667.66;    1449.66;       10;    0.46;   stop
   616;     723.15;    1654.88;     723.27;    1643.34;     700.85;    1643.12;     700.73;    1654.66;       10;    0.46;   stop
  3230;    2373.87;     133.92;    2405.16;     131.86;    2404.13;     116.28;    2372.84;     118.34;       10;    0.46;   stop
   617;    1805.04;    1632.10;    1805.90;    1618.25;    1774.56;    1616.30;    1773.70;    1630.15;       10;    0.46;   stop
   629;     294.67;     848.64;     296.30;     819.22;     280.83;     818.36;     279.20;     847.78;       10;    0.46;   stop
  7091;    2071.06;    1365.70;    2087.69;    1363.30;    2082.64;    1328.30;    2066.01;    1330.70;       10;    0.46;   stop
   606;    3997.12;      77.52;    4010.83;      76.57;    4008.88;      48.23;    3995.17;      49.18;       10;    0.45;   stop
  7079;    3450.77;    1053.87;    3465.16;    1023.79;    3451.23;    1017.13;    3436.84;    1047.21;       10;    0.45;   stop
   628;    3320.24;     227.91;    3329.48;     227.61;    3328.56;     198.69;    3319.32;     198.99;       10;    0.44;   stop
   585;    3847.69;     445.48;    3880.18;     441.38;    3878.31;     426.52;    3845.82;     430.62;       10;    0.44;   stop
  5040;    1325.29;    1886.03;    1341.04;    1885.41;    1339.91;    1856.77;    1324.16;    1857.39;       10;    0.42;   stop
  4009;    3636.66;    2039.89;    3669.92;    2024.71;    3662.34;    2008.11;    3629.08;    2023.29;       10;    0.42;   stop
  6346;    1719.13;    1630.86;    1719.48;    1618.32;    1691.27;    1617.54;    1690.92;    1630.08;       10;    0.42;   stop
  7104;    1243.11;    1660.58;    1243.65;    1646.35;    1218.89;    1645.42;    1218.35;    1659.65;       10;    0.42;   stop
  7102;    3864.44;    1318.25;    3867.63;    1303.85;    3835.56;    1296.75;    3832.37;    1311.15;        9;    0.41;   stop
  7077;    2822.30;    1156.52;    2822.79;    1141.71;    2815.69;    1141.48;    2815.20;    1156.29;       10;    0.41;   stop
   681;    2939.78;    2112.24;    2954.67;    2104.19;    2936.59;    2070.76;    2921.71;    2078.81;       10;    0.41;   stop
  7099;    3370.57;     982.42;    3386.43;     976.66;    3374.43;     943.58;    3358.57;     949.34;       10;    0.41;   stop
  6842;     448.87;    1825.89;     464.10;    1823.01;     458.63;    1794.11;     443.40;    1796.99;       10;    0.40;   stop
  6399;    2844.90;    1357.45;    2845.62;    1335.80;    2831.90;    1335.35;    2831.18;    1357.00;       10;    0.40;   stop
  4692;     698.05;    1465.11;     721.37;    1455.35;     715.95;    1442.39;     692.63;    1452.15;       10;    0.40;   stop
  5679;      90.69;     139.53;     120.02;     136.73;     118.56;     121.47;      89.23;     124.27;       10;    0.40;   stop
   640;    3999.26;     115.47;    4015.33;     114.24;    4012.74;      80.53;    3996.67;      81.76;       10;    0.39;   stop
  7096;    2056.59;    2122.56;    2068.28;    2092.32;    2054.61;    2087.04;    2042.92;    2117.28;       10;    0.39;   stop
   700;    3965.38;     191.61;    3981.64;     191.09;    3980.62;     159.39;    3964.36;     159.91;       10;    0.39;   stop
   705;    1007.89;    1457.27;    1008.67;    1444.46;     980.11;    1442.73;     979.33;    1455.54;       10;    0.38;   stop
  7105;    1037.00;    1658.64;    1038.51;    1643.00;    1009.00;    1640.16;    1007.49;    1655.80;       10;    0.38;   stop
  6814;    1919.74;     160.03;    1929.99;     158.72;    1927.66;     140.57;    1917.41;     141.88;       10;    0.38;   stop
  7055;     519.62;      70.05;     529.84;      37.95;     513.38;      32.70;     503.16;      64.80;       10;    0.37;   stop
  4221;    2670.74;    1587.21;    2670.77;    1556.80;    2655.66;    1556.79;    2655.63;    1587.20;       10;    0.37;   stop
  4870;    3968.88;    1213.60;    3976.61;    1186.20;    3963.12;    1182.40;    3955.39;    1209.80;       10;    0.35;   stop