vehicle_id; veh_bb_x1; veh_bb_y1; veh_bb_x2; veh_bb_y2; veh_bb_x3; veh_bb_y3; veh_bb_x4; veh_bb_y4; det_class; conf_score; state
  5198;    3166.91;    1180.15;    3169.25;    1166.15;    3138.69;    1161.05;    3136.35;    1175.05;       10;    0.85;   stop
     6;    3285.33;    1374.51;    3296.31;    1346.92;    3282.67;    1341.49;    3271.69;    1369.08;       10;    0.85;   stop
  4641;    3174.62;    1162.44;    3176.66;    1148.53;    3145.38;    1143.96;    3143.34;    1157.87;       10;    0.84;   stop
     7;    2988.88;    1047.53;    2989.98;    1031.94;    2957.92;    1029.67;    2956.82;    1045.26;       10;    0.84;   stop
 11284;    3026.55;    1086.46;    3028.16;    1070.78;    2996.45;    1067.54;    2994.84;    1083.22;       10;    0.84;   move
  1207;    3242.75;    1485.79;    3254.01;    1457.24;    3241.25;    1452.21;    3229.99;    1480.76;       10;    0.84;   stop
  5608;    2097.25;    1902.18;    2107.31;    1868.27;    2090.95;    1863.42;    2080.89;    1897.33;       10;    0.84;   move
 10045;    2743.49;    1053.57;    2743.85;    1037.64;    2707.71;    1036.83;    2707.35;    1052.76;       10;    0.84;   stop
 11585;    2147.53;    1757.88;    2150.94;    1722.46;    2134.87;    1720.92;    2131.46;    1756.34;       10;    0.84;   stop
    25;    3207.78;    1204.05;    3209.52;    1188.97;    3174.72;    1184.95;    3172.98;    1200.03;       10;    0.84;   stop
  7722;    2120.20;    1802.90;    2123.17;    1770.95;    2107.60;    1769.50;    2104.63;    1801.45;       10;    0.84;   move
    12;    2938.90;    1164.31;    2939.75;    1150.36;    2912.60;    1148.69;    2911.75;    1162.64;       10;    0.84;   stop
    54;    1987.41;    2102.81;    2001.20;    2072.50;    1986.89;    2065.99;    1973.10;    2096.30;       10;    0.84;   stop
 11511;    2147.51;    1714.61;    2150.16;    1686.31;    2136.09;    1684.99;    2133.44;    1713.29;       10;    0.83;   stop
     1;    2417.20;    2105.52;    2428.54;    2093.24;    2405.20;    2071.68;    2393.86;    2083.96;       10;    0.83;   stop
  4858;    2399.80;    2115.57;    2410.46;    2102.12;    2383.60;    2080.83;    2372.94;    2094.28;       10;    0.83;   stop
    28;    2817.77;    1157.89;    2818.50;    1142.83;    2787.03;    1141.31;    2786.30;    1156.37;       10;    0.83;   stop
  8492;    3057.54;    1159.45;    3059.57;    1143.98;    3027.26;    1139.75;    3025.23;    1155.22;       10;    0.83;   stop
    15;    3167.34;    1070.54;    3169.34;    1057.47;    3143.16;    1053.46;    3141.16;    1066.53;       10;    0.83;   stop
  5437;    3116.71;    1154.80;    3118.41;    1140.73;    3089.29;    1137.20;    3087.59;    1151.27;       10;    0.83;   stop
 10335;    3334.55;    1334.33;    3342.53;    1306.41;    3329.45;    1302.67;    3321.47;    1330.59;       10;    0.83;   stop
    19;    3100.37;    1840.55;    3123.55;    1823.84;    3114.63;    1811.45;    3091.45;    1828.16;       10;    0.83;   stop
  8980;    2032.24;     830.37;    2047.21;     828.73;    2043.46;     794.43;    2028.49;     796.07;       10;    0.83;   stop
    43;    2905.28;    1163.11;    2906.19;    1147.83;    2873.72;    1145.89;    2872.81;    1161.17;       10;    0.83;   stop
    33;     704.11;    1394.47;     705.43;    1378.05;     673.89;    1375.53;     672.57;    1391.95;       10;    0.83;   stop
 10986;    2023.67;     692.62;    2038.35;     691.41;    2036.13;     664.58;    2021.45;     665.79;       10;    0.83;   move
   113;    2113.00;     839.50;    2127.55;     837.27;    2123.00;     807.50;    2108.45;     809.73;       10;    0.83;   stop
  3565;    3210.61;    1176.96;    3212.83;    1162.79;    3183.79;    1158.24;    3181.57;    1172.41;       10;    0.83;   stop
    10;    3100.88;    1060.74;    3102.74;    1047.28;    3073.62;    1043.26;    3071.76;    1056.72;       10;    0.83;   stop
  9485;    3873.23;    1296.95;    3876.57;    1282.35;    3844.77;    1275.05;    3841.43;    1289.65;       10;    0.83;   move
 10927;    3325.84;    1367.22;    3332.84;    1341.34;    3319.66;    1337.78;    3312.66;    1363.66;       10;    0.83;   stop
   152;     431.84;    1615.45;     433.50;    1599.82;     402.66;    1596.55;     401.00;    1612.18;       10;    0.83;   stop
   153;    2001.48;    2069.72;    2015.50;    2041.01;    2001.72;    2034.28;    1987.70;    2062.99;       10;    0.83;   stop
 10716;    2150.75;    1663.24;    2152.98;    1634.30;    2138.25;    1633.16;    2136.02;    1662.10;       10;    0.83;   stop
  9292;    2026.62;     744.05;    2041.38;     742.88;    2038.98;     712.75;    2024.22;     713.92;       10;    0.83;   stop
    74;    3033.04;    1176.41;    3035.05;    1162.90;    3007.36;    1158.79;    3005.35;    1172.30;       10;    0.83;   stop
    16;    2981.39;    1301.64;    2982.53;    1285.69;    2949.86;    1283.36;    2948.72;    1299.31;       10;    0.83;   stop
    38;      52.23;    1085.11;      81.32;    1080.43;      79.14;    1066.89;      50.05;    1071.57;       10;    0.83;   stop
 12668;      79.71;    1164.47;     112.36;    1160.13;     110.42;    1145.53;      77.77;    1149.87;       10;    0.83;   move
    67;    3254.14;    1342.44;    3265.35;    1312.63;    3251.86;    1307.56;    3240.65;    1337.37;       10;    0.83;   stop
  1038;    1951.49;     541.26;    1968.43;     539.46;    1964.91;     506.34;    1947.97;     508.14;       10;    0.82;   stop
  8451;    2568.17;    1118.82;    2595.24;    1118.42;    2595.03;    1104.78;    2567.96;    1105.18;       10;    0.82;   move
   104;    2860.80;    1268.16;    2860.95;    1254.15;    2831.48;    1253.84;    2831.33;    1267.85;       10;    0.82;   stop
 11649;    2145.84;    1796.79;    2148.36;    1767.29;    2133.36;    1766.01;    2130.84;    1795.51;       10;    0.82;   stop
    63;    1968.42;    2143.34;    1985.90;    2109.97;    1971.18;    2102.26;    1953.70;    2135.63;        9;    0.82;   stop
   360;     977.04;    1067.68;    1002.56;    1062.72;     999.96;    1049.32;     974.44;    1054.28;       10;    0.82;   stop
  9680;    2550.75;    1070.74;    2550.87;    1057.09;    2523.65;    1056.86;    2523.53;    1070.51;       10;    0.82;   stop
    21;    3590.75;     891.44;    3593.06;     876.45;    3561.25;     871.56;    3558.94;     886.55;       10;    0.82;   stop
    68;    3415.31;    1332.89;    3416.64;    1318.97;    3386.69;    1316.11;    3385.36;    1330.03;       10;    0.82;   stop
  4789;    2205.56;    1055.36;    2234.62;    1054.99;    2234.44;    1041.04;    2205.38;    1041.41;       10;    0.82;   stop
   186;    3023.56;    1951.18;    3037.31;    1941.18;    3016.69;    1912.82;    3002.94;    1922.82;       10;    0.82;   stop
 11002;    1879.54;    1148.23;    1910.36;    1147.60;    1910.06;    1132.97;    1879.24;    1133.60;       10;    0.82;   stop
   193;    3151.96;    1195.73;    3153.91;    1181.98;    3124.84;    1177.87;    3122.89;    1191.62;       10;    0.82;   stop
    61;    1540.23;    1663.11;    1540.61;    1648.46;    1510.17;    1647.69;    1509.79;    1662.34;       10;    0.82;   stop
    17;    2660.59;    1822.03;    2661.93;    1790.68;    2645.41;    1789.97;    2644.07;    1821.32;       10;    0.82;   stop
    24;    1212.01;     654.95;    1213.13;     640.68;    1185.99;     638.55;    1184.87;     652.82;       10;    0.82;   stop
 12506;    1034.81;    1093.14;    1035.15;    1078.55;    1006.19;    1077.86;    1005.85;    1092.45;       10;    0.82;   move
    22;    3402.52;    1359.07;    3407.40;    1345.94;    3380.48;    1335.93;    3375.60;    1349.06;       10;    0.82;   stop
    48;     667.59;    1618.05;     667.69;    1603.16;     636.41;    1602.95;     636.31;    1617.84;       10;    0.82;   stop
 12332;     558.82;    1634.52;     585.27;    1634.37;     585.18;    1619.48;     558.73;    1619.63;       10;    0.82;   move
  5511;    2048.26;    2024.42;    2062.75;    1990.98;    2048.44;    1984.78;    2033.95;    2018.22;       10;    0.82;   move
   147;    2069.25;      76.50;    2083.23;      75.04;    2080.25;      46.50;    2066.27;      47.96;       10;    0.82;   stop
    40;    2091.03;     669.82;    2105.29;     668.54;    2102.57;     638.18;    2088.31;     639.46;       10;    0.82;   stop
  9072;    2028.45;     786.50;    2044.92;     785.02;    2041.85;     750.70;    2025.38;     752.18;       10;    0.82;   stop
  5801;     766.01;    1089.10;     766.15;    1072.18;     731.99;    1071.90;     731.85;    1088.82;       10;    0.82;   move
   179;    2107.04;     696.33;    2121.76;     695.16;    2119.36;     665.07;    2104.64;     666.24;       10;    0.82;   stop
 11745;    1770.23;    1146.82;    1770.98;    1131.07;    1739.77;    1129.58;    1739.02;    1145.33;       10;    0.82;   move
    59;    3759.54;     925.38;    3794.86;     922.08;    3793.46;     907.12;    3758.14;     910.42;       10;    0.82;   stop
 12544;    3714.77;    1210.75;    3718.18;    1195.06;    3682.23;    1187.25;    3678.82;    1202.94;       10;    0.82;   move
    34;    1507.07;    1664.59;    1507.49;    1649.41;    1478.53;    1648.61;    1478.11;    1663.79;       10;    0.82;   stop
  5337;    2086.33;    1866.42;    2094.84;    1834.87;    2079.67;    1830.78;    2071.16;    1862.33;       10;    0.82;   stop
    83;    2925.04;    1932.06;    2952.48;    1920.30;    2946.16;    1905.54;    2918.72;    1917.30;       10;    0.82;   stop
  1396;    2071.19;     300.61;    2086.63;     299.09;    2083.71;     269.39;    2068.27;     270.91;       10;    0.82;   stop
  9460;    1695.29;    1112.41;    1731.21;    1111.35;    1730.71;    1094.39;    1694.79;    1095.45;       10;    0.82;   stop
  9911;    2667.14;    1051.16;    2696.51;    1051.06;    2696.46;    1036.84;    2667.09;    1036.94;       10;    0.82;   stop
    64;    3026.88;    1311.79;    3030.83;    1295.91;    2996.87;    1287.46;    2992.92;    1303.34;       10;    0.82;   stop
  9631;    2157.16;    1593.09;    2158.58;    1541.85;    2138.84;    1541.31;    2137.42;    1592.55;        9;    0.82;   stop
   128;    3078.77;    1183.33;    3080.88;    1169.55;    3051.63;    1165.07;    3049.52;    1178.85;       10;    0.82;   stop
  8792;    2087.81;    1327.56;    2101.72;    1325.93;    2098.59;    1299.24;    2084.68;    1300.87;       10;    0.82;   move
 12282;    3719.58;    1183.11;    3723.03;    1168.20;    3691.42;    1160.89;    3687.97;    1175.80;       10;    0.82;   stop
    75;    3266.35;    1470.52;    3273.81;    1445.22;    3261.15;    1441.48;    3253.69;    1466.78;       10;    0.82;   stop
    76;    2664.47;    1671.26;    2667.24;    1636.00;    2651.13;    1634.74;    2648.36;    1670.00;       10;    0.82;   stop
    31;     578.56;     532.54;     584.05;     500.48;     566.44;     497.46;     560.95;     529.52;       10;    0.82;   stop
   110;    2751.86;     532.24;    2782.70;     528.44;    2780.94;     514.16;    2750.10;     517.96;       10;    0.82;   stop
   301;    1161.21;     650.36;    1162.10;     635.08;    1128.79;     633.14;    1127.90;     648.42;       10;    0.82;   stop
 12771;      12.73;    1157.05;      45.49;    1151.38;      42.99;    1136.95;      10.23;    1142.62;       10;    0.82;   move
   103;    2717.71;    1005.97;    2731.95;    1003.07;    2726.29;     975.23;    2712.05;     978.13;       10;    0.82;   stop
   148;    1946.32;     699.25;    1961.36;     697.98;    1958.98;     669.95;    1943.94;     671.22;       10;    0.81;   stop
   262;    1965.84;    1011.62;    1990.32;     962.90;    1972.56;     953.98;    1948.08;    1002.70;        9;    0.81;   stop
    93;    1347.03;    1052.68;    1347.04;    1038.94;    1319.97;    1038.92;    1319.96;    1052.66;       10;    0.81;   stop
  8791;    2100.75;    1406.59;    2116.66;    1405.05;    2113.65;    1373.81;    2097.74;    1375.35;       10;    0.81;   move
   115;    2167.33;    1378.21;    2168.46;    1347.52;    2154.07;    1346.99;    2152.94;    1377.68;       10;    0.81;   stop
    70;    2649.42;    2129.94;    2651.23;    2098.53;    2636.18;    2097.66;    2634.37;    2129.07;       10;    0.81;   stop
  3306;    2061.88;     788.62;    2078.29;     787.28;    2075.72;     755.78;    2059.31;     757.12;       10;    0.81;   move
   100;    1953.36;     579.28;    1967.76;     579.01;    1967.24;     551.12;    1952.84;     551.39;       10;    0.81;   stop
  8586;    2036.83;     917.77;    2052.73;     916.72;    2050.37;     881.03;    2034.47;     882.08;       10;    0.81;   stop
  9629;    1649.05;    1113.14;    1679.10;    1112.02;    1678.55;    1097.26;    1648.50;    1098.38;       10;    0.81;   stop
   129;    3471.49;     895.13;    3489.58;     872.06;    3478.51;     863.37;    3460.42;     886.44;       10;    0.81;   stop
 10005;    3463.03;    1161.11;    3464.16;    1146.26;    3432.97;    1143.89;    3431.84;    1158.74;       10;    0.81;   move
   117;    2044.60;    1973.73;    2055.54;    1948.63;    2042.80;    1943.07;    2031.86;    1968.17;       10;    0.81;   stop
   185;    3032.07;    1917.86;    3061.26;    1902.59;    3053.18;    1887.14;    3023.99;    1902.41;       10;    0.81;   stop
   187;    2063.71;      40.66;    2078.94;      39.32;    2076.29;       9.14;    2061.06;      10.48;       10;    0.81;   stop
 12618;    1966.81;     132.23;    1982.23;     131.17;    1979.99;      98.77;    1964.57;      99.83;       10;    0.81;   move
    91;    1959.85;     665.96;    1975.38;     664.65;    1972.55;     631.24;    1957.02;     632.55;       10;    0.81;   stop
 11340;    1982.48;     680.63;    1999.57;     680.06;    1998.42;     645.37;    1981.33;     645.94;       10;    0.81;   move
  4992;     103.32;    1101.88;     135.56;    1098.87;     134.18;    1084.12;     101.94;    1087.13;       10;    0.81;   move
 12045;    1104.33;    1142.80;    1139.71;    1142.72;    1139.67;    1127.20;    1104.29;    1127.28;       10;    0.81;   move
  8221;    2233.85;    1073.77;    2233.92;    1061.17;    2208.55;    1061.03;    2208.48;    1073.63;       10;    0.81;   stop
 11971;    1269.13;    1139.58;    1300.37;    1138.97;    1300.07;    1123.62;    1268.83;    1124.23;       10;    0.81;   move
    86;    2349.08;    1159.69;    2349.21;    1144.58;    2317.92;    1144.31;    2317.79;    1159.42;       10;    0.81;   stop
  9491;    2134.96;    1490.52;    2149.49;    1490.39;    2149.24;    1460.28;    2134.71;    1460.41;       10;    0.81;   move
   145;    2885.79;    1041.41;    2917.64;    1041.30;    2917.58;    1025.59;    2885.74;    1025.70;       10;    0.81;   stop
   448;    2998.62;    1173.12;    3001.00;    1156.66;    2963.78;    1151.28;    2961.40;    1167.74;        9;    0.81;   stop
  8463;    2128.46;    1229.53;    2144.66;    1229.11;    2143.74;    1193.27;    2127.54;    1193.69;       10;    0.81;   move
  1143;    3260.04;    1442.76;    3272.09;    1411.50;    3258.46;    1406.24;    3246.41;    1437.50;       10;    0.81;   stop
    69;    3270.33;    1584.28;    3280.02;    1554.18;    3266.17;    1549.72;    3256.48;    1579.82;       10;    0.81;   stop
   248;     277.59;    1601.94;     278.45;    1586.76;     248.41;    1585.06;     247.55;    1600.24;       10;    0.81;   stop
   132;    1855.20;    1632.47;    1886.47;    1632.44;    1886.45;    1615.93;    1855.18;    1615.96;       10;    0.81;   stop
  7842;    2127.85;    1642.55;    2128.19;    1610.82;    2112.55;    1610.65;    2112.21;    1642.38;       10;    0.81;   move
  8456;    2110.52;    1505.38;    2125.95;    1505.16;    2125.48;    1471.82;    2110.05;    1472.04;       10;    0.81;   move
 11130;    2002.63;     737.83;    2015.55;     737.64;    2015.17;     710.57;    2002.25;     710.76;       10;    0.81;   move
  3921;    2068.73;     857.94;    2083.62;     856.73;    2081.37;     829.26;    2066.48;     830.47;       10;    0.81;   move
   204;     385.17;    1647.69;     417.42;    1647.51;     417.33;    1630.31;     385.08;    1630.49;       10;    0.81;   stop
  5075;    2012.17;    2104.60;    2021.98;    2081.11;    2010.23;    2076.20;    2000.42;    2099.69;       10;    0.81;   move
    13;    2660.71;    1856.84;    2660.87;    1826.05;    2644.09;    1825.96;    2643.93;    1856.75;       10;    0.81;   stop
    99;    2522.78;    2128.22;    2525.68;    2113.18;    2497.62;    2107.78;    2494.72;    2122.82;       10;    0.81;   stop
   140;    2109.85;     725.25;    2123.69;     724.01;    2121.35;     697.95;    2107.51;     699.19;       10;    0.81;   stop
   272;    1960.20;     812.83;    1973.95;     811.32;    1971.00;     784.37;    1957.25;     785.88;       10;    0.81;   stop
 11856;    2034.89;     866.29;    2049.13;     865.53;    2047.51;     835.31;    2033.27;     836.07;       10;    0.81;   stop
    14;    2073.47;     133.66;    2073.74;     106.47;    2060.13;     106.34;    2059.86;     133.53;       10;    0.81;   stop
   198;     768.76;    1066.04;     796.87;    1064.76;     796.24;    1050.96;     768.13;    1052.24;       10;    0.81;   stop
  8253;    2240.56;    1075.05;    2274.01;    1074.65;    2273.84;    1059.75;    2240.39;    1060.15;       10;    0.81;   stop
    88;    3403.13;     936.26;    3434.56;     925.71;    3429.87;     911.74;    3398.44;     922.29;       10;    0.81;   stop
 12059;    3506.65;    1152.91;    3510.19;    1136.91;    3470.35;    1128.09;    3466.81;    1144.09;       10;    0.81;   move
 12386;     282.22;    1622.77;     283.29;    1603.17;     247.78;    1601.23;     246.71;    1620.83;       10;    0.81;   move
   256;    2091.56;    1812.27;    2095.20;    1773.81;    2077.44;    1772.13;    2073.80;    1810.59;       10;    0.81;   stop
   155;    2092.31;     708.26;    2106.25;     707.82;    2105.29;     677.74;    2091.35;     678.18;       10;    0.81;   stop
   300;    2118.49;     802.39;    2132.33;     801.02;    2129.71;     774.41;    2115.87;     775.78;       10;    0.81;   stop
 11879;    1454.16;    1144.90;    1483.95;    1143.96;    1483.44;    1127.90;    1453.65;    1128.84;       10;    0.81;   move
 12601;    1881.87;    1064.34;    1911.63;    1057.89;    1908.38;    1042.86;    1878.62;    1049.31;       10;    0.81;   move
   216;    3476.65;     956.20;    3493.87;     929.32;    3481.35;     921.30;    3464.13;     948.18;       10;    0.81;   stop
   194;    3457.96;     990.48;    3475.27;     958.74;    3462.04;     951.52;    3444.73;     983.26;       10;    0.81;   stop
    52;    2172.09;    1729.87;    2173.34;    1700.36;    2158.31;    1699.73;    2157.06;    1729.24;       10;    0.81;   stop
   218;    2957.81;    1916.50;    2987.72;    1901.15;    2979.69;    1885.50;    2949.78;    1900.85;       10;    0.81;   stop
   228;    2082.39;     267.95;    2097.11;     267.42;    2096.01;     237.25;    2081.29;     237.78;       10;    0.81;   stop
  6911;    2283.28;    1056.60;    2283.43;    1040.13;    2247.92;    1039.80;    2247.77;    1056.27;       10;    0.81;   stop
   144;    2626.21;    1483.31;    2642.05;    1482.97;    2641.39;    1453.09;    2625.55;    1453.43;       10;    0.81;   stop
   176;    2669.07;    1536.78;    2669.20;    1510.08;    2654.93;    1510.02;    2654.80;    1536.72;       10;    0.81;   stop
    82;    3579.91;     842.65;    3589.19;     815.89;    3576.09;     811.35;    3566.81;     838.11;       10;    0.81;   stop
 11191;    3266.08;    1102.70;    3267.64;    1087.88;    3233.42;    1084.30;    3231.86;    1099.12;       10;    0.81;   move
 11684;    3575.90;    1147.11;    3578.52;    1131.97;    3549.10;    1126.89;    3546.48;    1142.03;       10;    0.81;   move
  9564;    3303.80;    1278.85;    3317.43;    1252.82;    3304.70;    1246.15;    3291.07;    1272.18;       10;    0.81;   move
    49;    2630.70;    1791.99;    2632.81;    1761.05;    2617.70;    1760.01;    2615.59;    1790.95;       10;    0.81;   stop
   331;    2133.35;    1934.65;    2141.56;    1901.99;    2126.25;    1898.15;    2118.04;    1930.81;       10;    0.81;   stop
   357;    3903.29;    1328.50;    3907.26;    1313.32;    3870.71;    1303.75;    3866.74;    1318.93;       10;    0.81;   stop
 11210;    2013.72;     613.22;    2028.33;     610.31;    2022.38;     580.48;    2007.77;     583.39;       10;    0.80;   move
  9085;    2533.78;    1051.59;    2568.39;    1051.22;    2568.22;    1035.21;    2533.61;    1035.58;       10;    0.80;   stop
  9893;    3340.15;    1211.38;    3362.47;    1193.23;    3353.85;    1182.62;    3331.53;    1200.77;       10;    0.80;   move
   195;    3271.58;    1294.90;    3284.08;    1263.79;    3269.92;    1258.10;    3257.42;    1289.21;       10;    0.80;   stop
   162;    3241.44;    1377.57;    3253.64;    1346.81;    3240.06;    1341.43;    3227.86;    1372.19;       10;    0.80;   stop
   168;    2082.74;     474.16;    2098.70;     473.87;    2098.06;     439.04;    2082.10;     439.33;       10;    0.80;   stop
   240;    2077.03;     341.71;    2091.47;     340.68;    2089.37;     311.09;    2074.93;     312.12;       10;    0.80;   stop
   156;    2089.25;     385.08;    2103.59;     384.34;    2101.95;     352.92;    2087.61;     353.66;       10;    0.80;   stop
   302;     735.65;    1066.22;     763.91;    1065.14;     763.35;    1050.78;     735.09;    1051.86;       10;    0.80;   stop
   157;     336.16;    1177.91;     363.15;    1177.37;     362.84;    1162.09;     335.85;    1162.63;       10;    0.80;   stop
  5266;    2120.76;     911.11;    2134.45;     909.88;    2132.04;     882.89;    2118.35;     884.12;       10;    0.80;   stop
  8541;    2037.16;     956.21;    2051.53;     955.50;    2050.04;     925.39;    2035.67;     926.10;       10;    0.80;   stop
  9295;    1898.44;    1127.76;    1926.47;    1126.76;    1925.96;    1112.64;    1897.93;    1113.64;       10;    0.80;   stop
  3737;    2118.07;     874.76;    2132.16;     873.68;    2130.13;     847.24;    2116.04;     848.32;       10;    0.80;   stop
   200;     928.70;    1177.48;     957.01;    1176.09;     956.30;    1161.52;     927.99;    1162.91;       10;    0.80;   stop
  8890;    1752.90;    1047.54;    1782.91;    1043.66;    1781.10;    1029.66;    1751.09;    1033.54;       10;    0.80;   stop
   232;    2687.17;    1270.74;    2687.31;    1256.74;    2659.63;    1256.46;    2659.49;    1270.46;       10;    0.80;   stop
 11833;    3668.82;    1171.82;    3672.98;    1156.14;    3639.18;    1147.18;    3635.02;    1162.86;       10;    0.80;   stop
   236;    2067.73;    1325.52;    2084.46;    1323.64;    2080.87;    1291.68;    2064.14;    1293.56;       10;    0.80;   stop
   349;    2565.64;    2032.22;    2571.60;    2016.90;    2539.96;    2004.58;    2534.00;    2019.90;       10;    0.80;   stop
 11886;    1961.53;     394.17;    1975.58;     393.48;    1974.07;     363.03;    1960.02;     363.72;       10;    0.80;   move
   306;    1109.68;    1058.75;    1137.21;    1056.80;    1136.32;    1044.25;    1108.79;    1046.20;       10;    0.80;   stop
   199;    1164.12;    1175.14;    1190.42;    1174.07;    1189.88;    1160.86;    1163.58;    1161.93;       10;    0.80;   stop
  8994;    2389.75;    1073.61;    2418.96;    1072.20;    2418.25;    1057.59;    2389.04;    1059.00;       10;    0.80;   stop
   350;    2867.97;    1162.95;    2868.89;    1145.40;    2831.63;    1143.45;    2830.71;    1161.00;        9;    0.80;   stop
 11748;    3413.30;    1136.01;    3414.84;    1121.23;    3383.70;    1117.99;    3382.16;    1132.77;       10;    0.80;   move
    84;    1948.10;     508.51;    1948.48;     476.87;    1933.65;     476.69;    1933.27;     508.33;       10;    0.80;   stop
  9296;    1747.68;    1061.54;    1773.72;    1060.38;    1773.12;    1046.86;    1747.08;    1048.02;       10;    0.80;   stop
   263;    1839.61;    1166.50;    1867.50;    1165.87;    1867.19;    1151.90;    1839.30;    1152.53;       10;    0.80;   stop
   164;     967.81;    1177.96;     995.74;    1175.34;     994.49;    1162.04;     966.56;    1164.66;       10;    0.80;   stop
 11571;    1839.21;    1147.59;    1866.17;    1147.21;    1865.99;    1133.61;    1839.03;    1133.99;       10;    0.80;   stop
   843;    1973.26;    1636.62;    1975.19;    1622.71;    1948.34;    1618.98;    1946.41;    1632.89;       10;    0.80;   stop
   197;    2375.91;    2124.00;    2383.67;    2108.98;    2354.69;    2094.00;    2346.93;    2109.02;       10;    0.80;   stop
   118;    1855.97;     587.37;    1856.97;     571.48;    1824.43;     569.43;    1823.43;     585.32;       10;    0.80;   stop
   507;     286.36;    1047.95;     287.73;    1018.80;     271.64;    1018.05;     270.27;    1047.20;       10;    0.80;   stop
   276;     307.30;    1605.23;     308.95;    1592.21;     281.70;    1588.77;     280.05;    1601.79;       10;    0.80;   stop
   261;    1951.01;     765.35;    1964.59;     764.12;    1962.19;     737.65;    1948.61;     738.88;       10;    0.80;   stop
  9904;    1815.86;    1127.12;    1843.19;    1126.61;    1842.94;    1113.28;    1815.61;    1113.79;       10;    0.80;   stop
  9212;    2432.80;    1073.96;    2466.91;    1072.86;    2466.40;    1057.24;    2432.29;    1058.34;       10;    0.80;   stop
  9748;    2592.77;    1069.57;    2592.77;    1054.43;    2562.02;    1054.43;    2562.02;    1069.57;       10;    0.80;   stop
  8379;    2783.30;    1136.26;    2783.51;    1120.20;    2748.30;    1119.74;    2748.09;    1135.80;       10;    0.80;   move
  9398;    2132.21;    1413.76;    2148.52;    1413.40;    2147.79;    1379.84;    2131.48;    1380.20;       10;    0.80;   move
   166;    2861.80;    1299.42;    2890.14;    1298.42;    2889.58;    1282.58;    2861.24;    1283.58;       10;    0.80;   stop
   249;    3300.11;    1393.74;    3309.33;    1363.69;    3294.89;    1359.26;    3285.67;    1389.31;       10;    0.80;   stop
    81;     698.72;    1414.58;     700.53;    1399.56;     670.28;    1395.92;     668.47;    1410.94;       10;    0.80;   stop
   224;     682.75;    1654.54;     683.49;    1640.06;     652.25;    1638.46;     651.51;    1652.94;       10;    0.80;   stop
   177;    3021.43;    1887.37;    3048.17;    1871.11;    3039.37;    1856.63;    3012.63;    1872.89;       10;    0.80;   stop
 11473;    2113.30;     598.14;    2147.08;     597.34;    2146.70;     581.46;    2112.92;     582.26;       10;    0.80;   move
   230;     383.57;    1178.76;     414.13;    1175.33;     412.43;    1160.24;     381.87;    1163.67;       10;    0.80;   stop
   169;    1412.05;    1054.20;    1438.74;    1052.70;    1437.95;    1038.60;    1411.26;    1040.10;       10;    0.80;   stop
  6758;    2841.88;    1122.97;    2870.25;    1121.91;    2869.72;    1107.83;    2841.35;    1108.89;       10;    0.80;   move
  3112;    2355.20;    1131.41;    2386.51;    1130.79;    2386.20;    1114.99;    2354.89;    1115.61;       10;    0.80;   move
    87;    2391.05;    1158.30;    2417.04;    1158.14;    2416.95;    1144.50;    2390.96;    1144.66;       10;    0.80;   stop
   412;     554.32;    1652.68;     554.78;    1637.19;     525.68;    1636.32;     525.22;    1651.81;       10;    0.80;   stop
   138;    2663.65;    1708.77;    2665.73;    1678.67;    2650.75;    1677.63;    2648.67;    1707.73;       10;    0.80;   stop
    62;    2803.32;    1913.85;    2812.01;    1900.98;    2787.08;    1884.15;    2778.39;    1897.02;       10;    0.80;   stop
   252;    1644.82;    1169.10;    1679.47;    1168.50;    1679.18;    1151.70;    1644.53;    1152.30;       10;    0.80;   stop
   255;    2778.57;    1155.59;    2779.30;    1141.42;    2751.83;    1140.01;    2751.10;    1154.18;       10;    0.80;   stop
   234;     703.48;    1617.93;     703.52;    1603.14;     674.52;    1603.07;     674.48;    1617.86;       10;    0.80;   stop
   165;     971.94;    1621.89;     972.24;    1606.67;     944.06;    1606.11;     943.76;    1621.33;       10;    0.80;   stop
   303;     691.03;    1177.92;     718.17;    1175.49;     716.97;    1162.08;     689.83;    1164.51;       10;    0.79;   stop
   305;    1487.05;    1051.22;    1514.78;    1050.02;    1514.15;    1035.58;    1486.42;    1036.78;       10;    0.79;   stop
   269;    2083.52;    1475.03;    2098.88;    1474.39;    2097.48;    1440.97;    2082.12;    1441.61;       10;    0.79;   stop
   146;    2885.66;    2004.39;    2900.41;    1997.32;    2885.22;    1965.61;    2870.47;    1972.68;       10;    0.79;   stop
 11217;    2079.67;     567.78;    2093.31;     561.69;    2081.93;     536.22;    2068.29;     542.31;       10;    0.79;   move
 11114;    1982.24;     780.10;    1996.66;     779.20;    1995.06;     753.50;    1980.64;     754.40;       10;    0.79;   move
   273;    2055.25;    1247.79;    2070.41;    1245.39;    2065.55;    1214.61;    2050.39;    1217.01;       10;    0.79;   stop
 11440;    3313.20;    1125.72;    3314.60;    1111.30;    3287.60;    1108.68;    3286.20;    1123.10;       10;    0.79;   move
   107;    2661.69;    1786.71;    2662.92;    1757.52;    2647.91;    1756.89;    2646.68;    1786.08;       10;    0.79;   stop
   229;    2197.77;     569.77;    2226.54;     567.50;    2225.43;     553.43;    2196.66;     555.70;       10;    0.79;   stop
   219;     664.49;    1067.34;     694.97;    1066.39;     694.51;    1051.66;     664.03;    1052.61;       10;    0.79;   stop
   317;     443.97;    1786.57;     462.33;    1785.81;     461.03;    1754.43;     442.67;    1755.19;       10;    0.79;   stop
 11567;    1971.30;     211.14;    1986.13;     210.42;    1984.70;     180.66;    1969.87;     181.38;       10;    0.79;   move
   241;    2790.66;     527.24;    2820.79;     523.14;    2818.94;     509.56;    2788.81;     513.66;       10;    0.79;   stop
  8678;    2130.70;    1292.76;    2145.06;    1292.06;    2143.70;    1264.44;    2129.34;    1265.14;       10;    0.79;   move
  4083;    2711.13;    1963.82;    2719.62;    1950.21;    2693.27;    1933.78;    2684.78;    1947.39;       10;    0.79;   stop
   237;    2454.38;    2082.44;    2462.14;    2069.01;    2434.02;    2052.76;    2426.26;    2066.19;       10;    0.79;   stop
   453;    1101.88;     650.87;    1103.40;     636.21;    1076.12;     633.38;    1074.60;     648.04;       10;    0.79;   stop
  9624;    2477.10;    1071.59;    2506.58;    1070.64;    2506.10;    1056.01;    2476.62;    1056.96;       10;    0.79;   stop
 12485;    2672.66;    2006.03;    2701.37;    1994.90;    2695.74;    1980.37;    2667.03;    1991.50;       10;    0.79;   move
   244;    3009.51;    1811.71;    3016.32;    1797.60;    2988.74;    1784.29;    2981.93;    1798.40;       10;    0.79;   stop
   378;    3864.32;    1317.85;    3867.87;    1302.69;    3835.68;    1295.15;    3832.13;    1310.31;       10;    0.79;   stop
 12138;     495.95;    1088.45;     526.60;    1088.35;     526.55;    1073.55;     495.90;    1073.65;       10;    0.79;   move
 11027;    1997.00;     947.06;    2010.61;     945.95;    2008.60;     921.34;    1994.99;     922.45;       10;    0.79;   move
  8105;    2651.84;    1133.20;    2651.86;    1120.45;    2625.36;    1120.40;    2625.34;    1133.15;       10;    0.79;   move
 12393;    1944.73;     130.32;    1960.87;     128.81;    1957.67;      94.68;    1941.53;      96.19;       10;    0.79;   move
   321;     554.31;    1029.63;     571.07;    1027.83;     567.69;     996.37;     550.93;     998.17;       10;    0.79;   stop
  8336;    1816.89;    1045.89;    1848.33;    1044.95;    1847.89;    1030.11;    1816.44;    1031.05;       10;    0.79;   stop
  7738;    1841.84;    1108.89;    1877.41;    1106.44;    1876.41;    1091.91;    1840.84;    1094.36;       10;    0.79;   stop
   226;    2354.16;    2134.88;    2361.44;    2120.44;    2332.64;    2105.92;    2325.36;    2120.36;       10;    0.79;   stop
   246;    2299.06;     562.59;    2329.30;     559.29;    2327.74;     545.01;    2297.50;     548.31;       10;    0.79;   stop
   188;    3019.21;      77.96;    3052.09;      74.01;    3050.29;      59.04;    3017.41;      62.99;       10;    0.79;   stop
  5457;     215.41;    1096.78;     244.72;    1095.49;     244.09;    1081.22;     214.78;    1082.51;       10;    0.79;   move
   343;     936.33;    1061.96;     963.57;    1060.16;     962.67;    1046.44;     935.43;    1048.24;       10;    0.79;   stop
   260;    1039.70;    1064.34;    1071.00;    1061.41;    1069.60;    1046.46;    1038.30;    1049.39;       10;    0.79;   stop
  8799;    1613.19;    1114.70;    1640.81;    1113.10;    1640.01;    1099.30;    1612.39;    1100.90;       10;    0.79;   stop
  8348;    2383.43;    1054.29;    2414.19;    1052.19;    2413.17;    1037.31;    2382.42;    1039.41;       10;    0.79;   stop
 12732;    3938.01;    1263.81;    3941.23;    1248.98;    3909.99;    1242.19;    3906.77;    1257.02;       10;    0.79;   move
   291;    2511.21;     547.20;    2538.02;     544.69;    2536.79;     531.60;    2509.98;     534.11;       10;    0.78;   stop
 11300;    1986.36;     511.29;    2003.00;     510.53;    2001.44;     476.31;    1984.80;     477.07;       10;    0.78;   move
   313;     206.48;    1178.98;     235.47;    1178.12;     235.02;    1163.02;     206.03;    1163.88;       10;    0.78;   stop
  9409;    2020.36;     940.01;    2034.90;     939.21;    2033.14;     907.39;    2018.60;     908.19;       10;    0.78;   stop
   254;    2423.30;    1157.31;    2447.39;    1156.77;    2447.10;    1144.29;    2423.01;    1144.83;       10;    0.78;   stop
 12399;    3768.51;    1203.12;    3771.37;    1187.87;    3739.49;    1181.88;    3736.63;    1197.13;       10;    0.78;   move
  8659;    3344.31;    1297.99;    3354.23;    1272.22;    3340.69;    1267.01;    3330.77;    1292.78;       10;    0.78;   stop
   345;    2538.32;    1301.29;    2567.64;    1300.57;    2567.28;    1285.91;    2537.96;    1286.63;       10;    0.78;   stop
   326;    1253.94;     656.08;    1254.21;     641.48;    1224.06;     640.92;    1223.79;     655.52;       10;    0.78;   stop
   259;    2336.97;     560.17;    2367.93;     557.46;    2366.63;     542.63;    2335.67;     545.34;       10;    0.78;   stop
   374;     318.72;    1050.59;     323.67;    1019.98;     307.78;    1017.41;     302.83;    1048.02;       10;    0.78;   stop
   304;     804.29;    1226.20;     835.03;    1225.56;     834.71;    1209.80;     803.97;    1210.44;       10;    0.78;   stop
 12376;    1656.81;    1079.76;    1683.36;    1078.69;    1682.79;    1064.64;    1656.24;    1065.71;       10;    0.78;   move
  9953;    2602.51;    1071.52;    2630.23;    1069.33;    2629.09;    1054.88;    2601.37;    1057.07;       10;    0.78;   stop
   223;      80.57;    1589.14;      81.27;    1574.58;      56.18;    1573.36;      55.48;    1587.92;       10;    0.78;   stop
   278;    2086.61;    1607.39;    2107.75;    1606.74;    2106.19;    1555.81;    2085.05;    1556.46;        9;    0.78;   stop
   175;    1434.86;    1662.60;    1435.23;    1648.95;    1407.94;    1648.20;    1407.57;    1661.85;       10;    0.78;   stop
   382;    1778.37;     581.77;    1779.06;     566.73;    1750.83;     565.43;    1750.14;     580.47;       10;    0.78;   stop
   271;    1948.27;     733.19;    1962.33;     732.07;    1960.13;     704.41;    1946.07;     705.53;       10;    0.78;   stop
   290;    1923.40;     319.10;    1938.15;     317.80;    1935.55;     288.10;    1920.80;     289.40;       10;    0.78;   stop
   250;    2880.25;     520.79;    2909.88;     517.22;    2908.15;     502.81;    2878.52;     506.38;       10;    0.78;   stop
   298;    2475.12;     551.69;    2506.10;     548.03;    2504.48;     534.31;    2473.50;     537.97;       10;    0.78;   stop
   367;    1075.32;    1060.17;    1103.41;    1058.71;    1102.68;    1044.83;    1074.59;    1046.29;       10;    0.78;   stop
   330;     802.10;    1210.34;     835.19;    1209.73;     834.90;    1193.66;     801.81;    1194.27;       10;    0.78;   stop
  3819;    2241.06;    1138.06;    2267.48;    1135.26;    2266.14;    1122.74;    2239.72;    1125.54;       10;    0.78;   move
   215;    2232.93;    1160.05;    2263.76;    1158.62;    2263.07;    1143.95;    2232.24;    1145.38;       10;    0.78;   stop
   315;    2507.10;    1158.56;    2539.00;    1157.54;    2538.50;    1141.84;    2506.60;    1142.86;       10;    0.78;   stop
   274;    3805.30;     922.60;    3836.12;     919.63;    3834.70;     904.90;    3803.88;     907.87;       10;    0.78;   stop
   266;    2991.41;    1824.14;    3000.23;    1811.31;    2974.84;    1793.86;    2966.02;    1806.69;       10;    0.78;   stop
   483;     859.32;    1232.13;     875.51;    1230.54;     872.68;    1201.87;     856.49;    1203.46;       10;    0.78;   stop
   284;    1689.48;    1170.02;    1721.71;    1168.35;    1720.92;    1153.18;    1688.69;    1154.85;       10;    0.78;   stop
   390;    1435.49;    1177.61;    1483.33;    1176.56;    1482.91;    1157.59;    1435.07;    1158.64;        9;    0.78;   stop
 11263;    3513.38;    1130.96;    3517.32;    1117.66;    3491.62;    1110.04;    3487.68;    1123.34;       10;    0.78;   move
  7571;    1556.21;    1063.84;    1591.71;    1063.14;    1591.39;    1046.96;    1555.89;    1047.67;        9;    0.78;   stop
   192;    1280.02;    1055.05;    1309.97;    1054.21;    1309.58;    1040.15;    1279.63;    1040.99;       10;    0.78;   stop
   222;    2463.50;    1157.71;    2491.29;    1156.95;    2490.90;    1142.69;    2463.11;    1143.45;       10;    0.78;   stop
   335;    3600.80;     894.67;    3628.27;     894.52;    3628.20;     880.33;    3600.73;     880.48;       10;    0.78;   stop
   154;    2675.12;    2056.74;    2703.53;    2041.60;    2695.68;    2026.86;    2667.27;    2042.00;       10;    0.78;   stop
   452;    2469.57;    2152.60;    2499.88;    2138.44;    2493.23;    2124.20;    2462.92;    2138.36;       10;    0.78;   stop
   280;    2202.01;     147.33;    2229.70;     144.66;    2228.39;     131.07;    2200.70;     133.74;       10;    0.78;   stop
   268;    2746.88;    1266.66;    2774.68;    1265.19;    2773.93;    1250.94;    2746.12;    1252.41;       10;    0.78;   stop
   265;    3444.65;     918.92;    3465.68;     899.91;    3456.35;     889.58;    3435.32;     908.59;       10;    0.78;   stop
   437;    1952.02;     397.17;    1952.68;     361.51;    1937.18;     361.23;    1936.52;     396.89;       10;    0.77;   stop
 11410;    1979.75;     328.28;    1994.40;     327.26;    1992.45;     299.32;    1977.80;     300.34;       10;    0.77;   move
    44;    2096.35;    1059.52;    2111.09;    1057.22;    2106.05;    1024.88;    2091.31;    1027.18;       10;    0.77;   move
   477;    1961.35;     896.26;    1974.65;     895.09;    1972.25;     867.74;    1958.95;     868.91;       10;    0.77;   stop
  8868;    2343.80;    1072.78;    2371.19;    1071.65;    2370.60;    1057.22;    2343.21;    1058.35;       10;    0.77;   stop
   372;    3426.43;    1048.29;    3439.19;    1023.10;    3426.57;    1016.71;    3413.81;    1041.90;       10;    0.77;   stop
   174;     921.67;    1999.50;     921.87;    1970.60;     907.33;    1970.50;     907.13;    1999.40;       10;    0.77;   stop
   289;    2664.17;    1752.23;    2665.07;    1719.81;    2649.03;    1719.37;    2648.13;    1751.79;       10;    0.77;   stop
   258;    1926.11;     203.63;    1940.26;     203.25;    1939.44;     172.57;    1925.29;     172.95;       10;    0.77;   stop
   371;    3788.77;     306.71;    3800.69;     273.14;    3784.23;     267.29;    3772.31;     300.86;       10;    0.77;   stop
   496;     280.76;    1159.77;     308.57;    1157.09;     307.24;    1143.23;     279.43;    1145.91;       10;    0.77;   move
   283;     919.14;    1224.28;     920.22;    1209.93;     890.86;    1207.72;     889.78;    1222.07;       10;    0.77;   stop
  7516;    2162.30;    1177.82;    2174.10;    1148.64;    2160.10;    1142.98;    2148.30;    1172.16;       10;    0.77;   move
   404;    2637.85;    1031.24;    2666.47;    1029.74;    2665.75;    1015.96;    2637.13;    1017.46;       10;    0.77;   stop
  8005;    2338.55;    1054.49;    2371.26;    1052.78;    2370.45;    1037.11;    2337.74;    1038.82;       10;    0.77;   stop
   316;    3723.86;     926.38;    3754.05;     924.53;    3753.14;     909.62;    3722.95;     911.47;       10;    0.77;   stop
   308;     584.13;    1653.50;     584.78;    1637.59;     557.87;    1636.50;     557.22;    1652.41;       10;    0.77;   stop
   299;    2405.39;     556.16;    2434.99;     553.71;    2433.81;     539.44;    2404.21;     541.89;       10;    0.77;   stop
   334;    2355.81;    1157.92;    2385.39;    1157.12;    2384.99;    1142.48;    2355.42;    1143.28;       10;    0.77;   stop
   184;    3624.63;     724.32;    3636.40;     694.64;    3621.37;     688.68;    3609.60;     718.36;       10;    0.77;   stop
   206;    3176.88;    1626.18;    3187.36;    1592.39;    3172.62;    1587.82;    3162.14;    1621.61;       10;    0.77;   stop
   282;     530.88;    1069.49;     558.93;    1067.89;     558.12;    1053.51;     530.07;    1055.11;       10;    0.77;   stop
   287;     355.43;    1644.59;     356.33;    1629.12;     327.07;    1627.41;     326.17;    1642.88;       10;    0.77;   stop
   332;    2543.77;     547.87;    2576.16;     545.54;    2575.03;     529.73;    2542.64;     532.06;       10;    0.77;   stop
   403;    2327.11;    1036.57;    2353.09;    1035.44;    2352.49;    1021.43;    2326.51;    1022.56;       10;    0.77;   stop
 12130;    1951.67;     302.38;    1969.78;     300.76;    1966.33;     262.22;    1948.22;     263.84;        9;    0.77;   move
 10072;    2904.52;      90.95;    2930.45;      87.19;    2928.28;      72.25;    2902.35;      76.01;       10;    0.77;   stop
 12577;    3787.17;     248.11;    3800.25;     216.32;    3785.83;     210.39;    3772.75;     242.18;       10;    0.77;   move
   352;    1053.17;     647.78;    1054.43;     633.99;    1026.83;     631.47;    1025.57;     645.26;       10;    0.77;   stop
 12177;     916.22;    1142.31;     944.93;    1141.21;     944.38;    1126.89;     915.67;    1127.99;       10;    0.77;   move
   380;    1965.36;     942.52;    1979.46;     941.80;    1978.04;     913.88;    1963.94;     914.60;       10;    0.77;   stop
  8440;    2488.30;    1049.38;    2523.89;    1048.93;    2523.70;    1033.82;    2488.11;    1034.27;       10;    0.77;   stop
   351;     925.19;    1999.54;     940.82;    1998.52;     938.81;    1967.46;     923.18;    1968.48;       10;    0.77;   stop
  9785;    2693.43;    1071.28;    2693.59;    1056.63;    2664.17;    1056.32;    2664.01;    1070.97;       10;    0.77;   stop
   341;    2984.05;      81.15;    3013.78;      77.19;    3011.95;      63.45;    2982.22;      67.41;       10;    0.76;   stop
 12602;     145.54;    1149.55;     175.43;    1147.49;     174.46;    1133.45;     144.57;    1135.51;       10;    0.76;   move
   391;    2581.68;    1155.26;    2611.94;    1154.36;    2611.52;    1140.34;    2581.26;    1141.24;       10;    0.76;   stop
   137;      42.09;    1585.60;      42.76;    1571.71;      15.60;    1570.40;      14.93;    1584.29;       10;    0.76;   stop
   309;    2633.21;    1747.26;    2635.27;    1713.34;    2618.79;    1712.34;    2616.73;    1746.26;       10;    0.76;   stop
   293;    1476.57;    1047.57;    1476.81;    1033.68;    1450.23;    1033.23;    1449.99;    1047.12;       10;    0.76;   stop
   294;    2168.87;    1760.50;    2170.87;    1736.13;    2158.33;    1735.10;    2156.33;    1759.47;       10;    0.76;   stop
   462;    2628.06;    1349.01;    2644.36;    1349.00;    2644.33;    1317.99;    2628.04;    1318.00;       10;    0.76;   stop
   642;    2147.85;    1896.86;    2156.09;    1853.39;    2135.75;    1849.54;    2127.51;    1893.01;        9;    0.76;   stop
   388;    1623.82;    1048.68;    1623.87;    1033.41;    1595.78;    1033.32;    1595.73;    1048.59;       10;    0.76;   stop
   400;    2546.66;    1156.01;    2574.86;    1155.39;    2574.54;    1140.79;    2546.34;    1141.41;       10;    0.76;   stop
   411;    3408.72;    1295.90;    3431.10;    1268.91;    3419.28;    1259.10;    3396.90;    1286.09;       10;    0.76;   stop
   277;     988.80;    1983.68;     989.30;    1953.80;     972.60;    1953.52;     972.10;    1983.40;       10;    0.76;   stop
   101;     409.43;    1067.30;     409.66;    1054.15;     384.07;    1053.70;     383.84;    1066.85;       10;    0.76;   stop
  5044;    1676.47;    1049.11;    1705.38;    1048.66;    1705.13;    1032.89;    1676.22;    1033.34;       10;    0.76;   stop
   295;    2030.48;    1633.46;    2060.04;    1633.22;    2059.92;    1618.54;    2030.36;    1618.78;       10;    0.76;   stop
   460;    2688.34;    1155.86;    2716.53;    1154.92;    2716.06;    1140.94;    2687.87;    1141.88;       10;    0.76;   stop
   346;    2250.67;    1316.16;    2281.25;    1309.60;    2278.13;    1295.04;    2247.55;    1301.60;       10;    0.76;   stop
  9959;    1855.79;    1128.45;    1889.19;    1126.10;    1888.11;    1110.75;    1854.71;    1113.10;       10;    0.76;   stop
   323;    2049.87;    1213.66;    2064.28;    1210.90;    2059.13;    1183.94;    2044.72;    1186.70;       10;    0.76;   stop
   217;    2096.90;     749.32;    2112.55;     746.96;    2107.50;     713.48;    2091.85;     715.84;       10;    0.76;   stop
   235;    1004.00;    1657.46;    1004.03;    1642.60;     978.00;    1642.54;     977.97;    1657.40;       10;    0.76;   stop
   205;    2076.08;    1411.94;    2094.16;    1409.34;    2087.92;    1366.06;    2069.84;    1368.66;        9;    0.76;   stop
   196;    2692.28;    1973.78;    2700.46;    1959.10;    2673.72;    1944.22;    2665.54;    1958.90;       10;    0.76;   stop
  9661;    3325.87;    1444.24;    3334.35;    1417.62;    3320.63;    1413.26;    3312.15;    1439.88;       10;    0.76;   stop
   359;     297.24;    1178.64;     327.52;    1176.25;     326.26;    1160.36;     295.98;    1162.75;       10;    0.75;   stop
  9811;    2617.12;    1049.71;    2648.42;    1048.97;    2648.08;    1034.69;    2616.78;    1035.43;       10;    0.75;   stop
   363;    3728.13;     887.54;    3756.94;     885.33;    3755.87;     871.46;    3727.06;     873.67;       10;    0.75;   stop
   430;    2147.69;    2112.78;    2163.56;    2112.19;    2162.31;    2078.82;    2146.44;    2079.41;       10;    0.75;   stop
   455;    1499.20;    1174.11;    1530.10;    1173.04;    1529.60;    1158.69;    1498.70;    1159.76;       10;    0.75;   stop
   409;    1578.37;    1172.62;    1606.66;    1169.47;    1605.23;    1156.58;    1576.94;    1159.73;       10;    0.75;   stop
   401;    3118.28;    1190.34;    3119.45;    1178.62;    3093.72;    1176.06;    3092.55;    1187.78;       10;    0.75;   stop
   513;    2087.88;    1551.58;    2104.74;    1550.83;    2103.02;    1512.02;    2086.16;    1512.77;       10;    0.75;   stop
   336;     949.36;    1993.82;     964.76;    1979.82;     949.64;    1963.18;     934.24;    1977.18;       10;    0.75;   stop
 12743;    1263.60;    1090.05;    1297.52;    1088.06;    1296.60;    1072.35;    1262.68;    1074.34;       10;    0.75;   move
   376;    3652.13;     654.03;    3658.49;     630.06;    3645.87;     626.72;    3639.51;     650.69;       10;    0.75;   stop
   356;    1641.93;    1627.23;    1642.07;    1613.09;    1610.07;    1612.77;    1609.93;    1626.91;       10;    0.75;   stop
   337;    1638.01;    1664.97;    1638.37;    1650.12;    1610.39;    1649.43;    1610.03;    1664.28;       10;    0.75;   stop
   325;     435.55;      92.41;     464.68;      89.77;     463.45;      76.09;     434.32;      78.73;       10;    0.75;   stop
   499;     241.64;    1179.10;     272.58;    1177.70;     271.86;    1161.90;     240.92;    1163.30;       10;    0.75;   stop
   396;     452.59;    1866.90;     467.81;    1865.29;     464.91;    1838.10;     449.69;    1839.71;       10;    0.75;   stop
   365;    2060.52;    1672.06;    2060.61;    1655.70;    2030.18;    1655.54;    2030.09;    1671.90;       10;    0.75;   stop
   442;    2567.22;     121.21;    2596.39;     118.20;    2594.78;     102.59;    2565.61;     105.60;       10;    0.74;   stop
 12258;    1947.97;     215.45;    1964.65;     213.42;    1960.63;     180.55;    1943.95;     182.58;       10;    0.74;   move
   333;    2914.42;     517.74;    2945.09;     514.11;    2943.46;     500.26;    2912.78;     503.89;       10;    0.74;   stop
   447;    3440.49;    1021.02;    3453.42;     995.53;    3440.51;     988.98;    3427.58;    1014.47;       10;    0.74;   stop
   498;    2431.12;    2096.73;    2442.79;    2084.93;    2421.28;    2063.67;    2409.61;    2075.47;       10;    0.74;   stop
   466;    2228.36;     568.17;    2255.64;     564.81;    2253.84;     550.23;    2226.56;     553.59;       10;    0.74;   stop
   529;    1955.63;     854.95;    1969.49;     853.40;    1966.17;     823.85;    1952.31;     825.40;       10;    0.74;   stop
   623;    2070.00;    1366.09;    2085.16;    1363.65;    2079.60;    1329.11;    2064.44;    1331.55;        9;    0.74;   stop
  7074;    2297.12;    1053.67;    2327.38;    1052.18;    2326.68;    1037.93;    2296.42;    1039.42;       10;    0.74;   stop
   377;    3607.40;     656.14;    3618.52;     628.88;    3605.60;     623.61;    3594.48;     650.87;       10;    0.74;   stop
   509;     496.97;    1652.40;     523.51;    1649.58;     522.03;    1635.60;     495.49;    1638.42;       10;    0.74;   stop
   474;    2833.61;    1894.13;    2839.94;    1881.05;    2816.85;    1869.87;    2810.51;    1882.95;       10;    0.74;   stop
   329;     636.36;    1211.95;     667.67;    1211.88;     667.64;    1196.05;     636.33;    1196.12;       10;    0.74;   stop
   288;     941.95;    1657.74;     970.10;    1657.64;     970.05;    1642.26;     941.90;    1642.36;       10;    0.74;   stop
    98;    2627.84;    1856.37;    2629.86;    1827.50;    2614.56;    1826.43;    2612.54;    1855.30;       10;    0.74;   stop
   347;    2784.99;    1925.46;    2793.65;    1910.84;    2763.41;    1892.94;    2754.75;    1907.56;       10;    0.74;   stop
   369;    3657.07;     892.10;    3688.19;     889.28;    3686.93;     875.40;    3655.81;     878.22;       10;    0.74;   stop
   522;     439.39;    1672.61;     446.32;    1658.67;     417.61;    1644.39;     410.68;    1658.33;       10;    0.74;   stop
   470;    2090.12;     112.02;    2090.14;      87.19;    2076.28;      87.18;    2076.26;     112.01;       10;    0.73;   stop
   312;     497.74;    1070.90;     526.54;    1068.07;     525.26;    1055.10;     496.46;    1057.93;       10;    0.73;   stop
  5222;     637.49;    1101.03;     637.82;    1084.61;     605.51;    1083.97;     605.18;    1100.39;       10;    0.73;   move
   553;     287.80;    1013.07;     289.27;     985.74;     274.20;     984.93;     272.73;    1012.26;       10;    0.73;   stop
  5383;     868.39;      38.10;     897.52;      36.59;     896.61;      18.90;     867.48;      20.41;       10;    0.73;   stop
   415;     890.38;    1177.58;     927.35;    1176.86;     927.02;    1160.02;     890.05;    1160.74;       10;    0.73;   stop
   525;    1539.30;    1174.09;    1569.27;    1172.88;    1568.70;    1158.71;    1538.73;    1159.92;       10;    0.73;   stop
   311;    3815.41;     233.85;    3828.00;     203.04;    3813.59;     197.15;    3801.00;     227.96;       10;    0.73;   stop
   392;    1607.53;    1666.02;    1607.57;    1650.87;    1579.67;    1650.78;    1579.63;    1665.93;       10;    0.73;   stop
   451;    2221.37;    2049.54;    2221.46;    2030.63;    2185.03;    2030.46;    2184.94;    2049.37;       10;    0.73;   stop
 11849;    3226.02;    1697.40;    3236.09;    1666.21;    3221.18;    1661.40;    3211.11;    1692.59;       10;    0.73;   stop
   243;    2628.85;    1825.66;    2630.67;    1798.12;    2615.95;    1797.14;    2614.13;    1824.68;       10;    0.73;   stop
   387;    2839.20;     565.09;    2867.90;     562.21;    2866.40;     547.31;    2837.71;     550.19;       10;    0.73;   stop
   381;    3615.35;     753.37;    3624.18;     725.19;    3609.65;     720.63;    3600.82;     748.81;       10;    0.73;   stop
 12527;     220.59;    1144.03;     243.84;    1142.80;     243.16;    1129.97;     219.91;    1131.20;       10;    0.73;   move
   531;    2582.83;     544.57;    2610.39;     542.15;    2609.17;     528.23;    2581.61;     530.65;       10;    0.72;   stop
  8264;    1888.24;    1106.40;    1918.17;    1104.89;    1917.46;    1090.80;    1887.53;    1092.31;       10;    0.72;   stop
   469;    2160.13;    1497.64;    2173.27;    1496.93;    2171.87;    1471.16;    2158.73;    1471.87;       10;    0.72;   stop
  9262;    2578.51;    1049.31;    2609.20;    1048.23;    2608.69;    1033.89;    2578.00;    1034.97;       10;    0.72;   stop
 12798;    1985.37;    1023.50;    1998.23;     997.69;    1985.43;     991.30;    1972.57;    1017.11;       10;    0.72;   move
 12425;     833.27;    1095.40;     861.36;    1095.23;     861.28;    1081.40;     833.19;    1081.57;       10;    0.72;   move
   476;    1923.08;    1167.01;    1953.58;    1162.95;    1951.72;    1148.99;    1921.22;    1153.05;       10;    0.72;   stop
   385;    3126.73;    1822.16;    3154.08;    1795.30;    3140.47;    1781.44;    3113.12;    1808.30;        9;    0.72;   stop
   417;    2887.77;    1958.09;    2911.07;    1943.08;    2903.23;    1930.91;    2879.93;    1945.92;       10;    0.72;   stop
   475;    2842.93;     522.37;    2870.83;     520.31;    2869.87;     507.23;    2841.97;     509.30;       10;    0.72;   stop
   247;    3016.37;     511.61;    3046.79;     506.35;    3044.38;     492.39;    3013.96;     497.65;       10;    0.72;   stop
  1921;    3694.84;     543.15;    3703.45;     510.94;    3688.16;     506.85;    3679.55;     539.06;       10;    0.72;   stop
 10789;    2287.39;    1076.50;    2333.86;    1073.98;    2332.81;    1054.70;    2286.34;    1057.22;        9;    0.72;   stop
   418;    3664.42;     619.27;    3673.14;     589.79;    3658.58;     585.48;    3649.86;     614.96;       10;    0.72;   stop
   526;    2167.72;    2112.73;    2182.32;    2111.95;    2180.68;    2081.27;    2166.08;    2082.05;       10;    0.72;   stop
  4593;    1711.72;     579.86;    1744.35;     579.72;    1744.28;     563.74;    1711.65;     563.88;       10;    0.72;   stop
   327;    3772.79;     339.68;    3781.60;     313.89;    3768.21;     309.32;    3759.40;     335.11;       10;    0.72;   stop
   399;    2561.26;    1031.51;    2590.04;    1031.30;    2589.94;    1018.09;    2561.16;    1018.30;       10;    0.71;   stop
   419;     890.58;    1999.85;     906.43;    1999.32;     905.42;    1969.15;     889.57;    1969.68;       10;    0.71;   stop
   296;    2658.55;    1898.21;    2660.00;    1862.09;    2642.65;    1861.39;    2641.21;    1897.51;       10;    0.71;   stop
   446;    1228.51;    1055.86;    1256.48;    1053.76;    1255.49;    1040.54;    1227.52;    1042.64;       10;    0.71;   stop
   383;     741.06;    1656.39;     768.11;    1654.02;     766.94;    1640.61;     739.89;    1642.98;       10;    0.71;   stop
   484;     809.55;      45.03;     810.01;      30.83;     783.45;      29.97;     782.99;      44.17;       10;    0.71;   stop
   501;    2713.84;     535.46;    2746.79;     530.48;    2744.56;     515.74;    2711.61;     520.72;       10;    0.71;   stop
   461;    2439.63;    1310.26;    2440.30;    1292.93;    2399.57;    1291.34;    2398.90;    1308.67;        9;    0.71;   stop
   518;    2933.69;      84.84;    2962.27;      81.01;    2960.31;      66.36;    2931.73;      70.19;       10;    0.71;   stop
   454;    1191.15;    1008.40;    1206.37;    1007.61;    1204.85;     978.60;    1189.63;     979.39;       10;    0.71;   stop
 12791;    3319.05;      68.46;    3351.57;      64.90;    3349.95;      50.04;    3317.43;      53.60;       10;    0.71;   move
   458;    2947.59;     515.54;    2976.40;     511.45;    2974.41;     497.46;    2945.60;     501.55;       10;    0.71;   stop
   517;     326.29;    1073.29;     354.59;    1070.45;     353.21;    1056.71;     324.91;    1059.55;       10;    0.71;   stop
   384;    1465.79;    1664.34;    1466.53;    1649.09;    1437.01;    1647.66;    1436.27;    1662.91;       10;    0.71;   stop
  8446;    2480.64;    2072.30;    2486.65;    2057.12;    2455.76;    2044.90;    2449.75;    2060.08;       10;    0.71;   stop
   421;     555.34;     577.92;     558.69;     563.69;     530.66;     557.08;     527.31;     571.31;       10;    0.70;   stop
   503;    2166.80;     149.77;    2197.28;     147.99;    2196.40;     132.83;    2165.92;     134.61;       10;    0.70;   stop
 10308;     666.29;    1344.15;     667.57;    1317.62;     651.71;    1316.85;     650.43;    1343.38;       10;    0.70;   stop
   464;    1402.04;    1663.43;    1402.53;    1649.51;    1375.96;    1648.57;    1375.47;    1662.49;       10;    0.70;   stop
   489;    3056.54;      73.75;    3085.26;      70.12;    3083.46;      55.85;    3054.74;      59.48;       10;    0.70;   stop
   562;    2610.14;     544.16;    2639.88;     540.85;    2638.26;     526.24;    2608.52;     529.55;       10;    0.70;   stop
   541;     498.06;    1178.44;     527.53;    1177.25;     526.94;    1162.56;     497.47;    1163.75;       10;    0.70;   stop
   427;    3693.87;     887.54;    3718.08;     885.72;    3717.13;     872.96;    3692.92;     874.78;       10;    0.70;   stop
   494;    1939.31;    1633.56;    1939.35;    1618.51;    1910.29;    1618.44;    1910.25;    1633.49;       10;    0.70;   stop
  4113;    1134.95;    1084.53;    1173.31;    1082.94;    1172.65;    1067.07;    1134.29;    1068.66;       10;    0.70;   move
   436;     909.58;    1655.44;     909.82;    1641.43;     883.22;    1640.96;     882.98;    1654.97;       10;    0.70;   stop
   416;     646.85;    1653.43;     647.80;    1641.44;     624.15;    1639.57;     623.20;    1651.56;       10;    0.70;   stop
   320;    3830.71;     196.94;    3841.70;     166.82;    3827.29;     161.56;    3816.30;     191.68;       10;    0.70;   stop
   528;     525.89;     573.37;     528.76;     559.39;     500.11;     553.51;     497.24;     567.48;       10;    0.70;   stop
   429;     475.90;    2129.41;     491.17;    2128.61;     489.60;    2098.59;     474.33;    2099.39;       10;    0.70;   stop
   444;     842.97;    1232.69;     856.20;    1232.33;     855.48;    1205.71;     842.25;    1206.07;       10;    0.69;   stop
   597;     618.12;    1652.73;     618.25;    1637.50;     590.88;    1637.27;     590.75;    1652.50;       10;    0.69;   stop
  8196;    2113.58;    1579.62;    2128.83;    1578.81;    2127.22;    1548.78;    2111.97;    1549.59;       10;    0.69;   move
   493;    2271.69;     141.52;    2300.96;     140.33;    2300.31;     124.28;    2271.04;     125.47;       10;    0.69;   stop
   348;    3111.83;      69.57;    3142.62;      66.63;    3141.17;      51.43;    3110.38;      54.37;       10;    0.69;   stop
   512;     845.99;    1058.37;     873.40;    1055.62;     872.11;    1042.83;     844.70;    1045.58;       10;    0.69;   stop
   441;    1388.50;    1628.05;    1421.63;    1626.04;    1420.70;    1610.75;    1387.57;    1612.76;       10;    0.69;   stop
   547;     586.54;    1617.26;     616.60;    1616.97;     616.46;    1602.74;     586.40;    1603.03;       10;    0.69;   stop
   566;    2664.40;     348.62;    2678.77;     347.99;    2677.60;     320.98;    2663.23;     321.61;       10;    0.69;   stop
   570;    1058.98;    1181.99;    1059.65;    1167.61;    1033.52;    1166.41;    1032.85;    1180.79;       10;    0.69;   stop
   549;    2191.69;    2111.32;    2204.40;    2108.23;    2197.91;    2081.48;    2185.20;    2084.56;       10;    0.69;   stop
   554;    2264.44;     566.73;    2294.09;     564.08;    2292.76;     549.27;    2263.11;     551.92;       10;    0.68;   stop
   393;     470.83;      87.26;     500.13;      85.16;     499.17;      71.74;     469.87;      73.84;       10;    0.68;   stop
   449;    3916.54;    1204.31;    3928.05;    1175.52;    3913.46;    1169.69;    3901.95;    1198.48;       10;    0.68;   stop
   479;     383.47;    1645.52;     384.24;    1631.81;     360.53;    1630.48;     359.76;    1644.19;       10;    0.68;   stop
   481;    3246.06;     491.53;    3272.75;     487.36;    3270.74;     474.47;    3244.05;     478.64;       10;    0.68;   stop
   487;     998.65;    2073.59;    1010.13;    2072.19;    1007.35;    2049.41;     995.87;    2050.81;       10;    0.68;   stop
   544;    2700.40;     844.11;    2715.02;     843.47;    2713.60;     811.29;    2698.98;     811.93;       10;    0.68;   stop
   450;    2726.28;    1954.97;    2735.63;    1941.85;    2708.12;    1922.23;    2698.77;    1935.35;       10;    0.68;   stop
   459;    3801.26;     268.12;    3810.94;     242.96;    3797.74;     237.88;    3788.06;     263.04;       10;    0.67;   stop
   495;    2746.69;     104.39;    2775.87;     100.82;    2774.11;      86.41;    2744.93;      89.98;       10;    0.67;   stop
  3786;    2670.41;    1446.14;    2672.61;    1420.58;    2659.59;    1419.46;    2657.39;    1445.02;       10;    0.67;   stop
   355;    1433.09;    1626.33;    1460.67;    1625.22;    1460.11;    1611.27;    1432.53;    1612.38;       10;    0.67;   stop
   536;    2818.82;      94.95;    2844.58;      90.44;    2842.38;      77.85;    2816.62;      82.36;       10;    0.67;   stop
  7687;    3765.86;     884.56;    3794.12;     882.31;    3793.14;     869.94;    3764.88;     872.19;       10;    0.67;   stop
   576;     442.46;    1330.74;     442.76;    1295.15;     425.54;    1295.01;     425.24;    1330.60;       10;    0.67;   stop
   405;    2665.32;    1631.45;    2668.09;    1601.46;    2653.88;    1600.15;    2651.11;    1630.14;       10;    0.67;   stop
   379;     358.51;     103.62;     385.80;     101.09;     384.49;      86.88;     357.20;      89.41;       10;    0.67;   stop
   472;    2984.26;     512.51;    3007.55;     509.13;    3005.74;     496.69;    2982.45;     500.07;       10;    0.67;   stop
   524;    2740.29;    2022.50;    2768.04;    2011.69;    2762.51;    1997.50;    2734.76;    2008.31;       10;    0.66;   stop
   434;    3677.55;     929.37;    3702.67;     927.10;    3701.45;     913.63;    3676.33;     915.90;       10;    0.66;   stop
   558;    3795.71;     449.55;    3825.23;     445.83;    3823.29;     430.45;    3793.77;     434.17;       10;    0.66;   stop
   523;     844.82;    1620.01;     868.29;    1619.78;     868.18;    1607.99;     844.71;    1608.22;       10;    0.66;   stop
   497;    2646.44;    2070.07;    2671.88;    2055.07;    2664.36;    2042.33;    2638.92;    2057.33;       10;    0.66;   stop
   561;    2918.17;    2065.94;    2930.33;    2059.52;    2915.83;    2032.06;    2903.67;    2038.48;       10;    0.66;   stop
  8691;    4069.52;    1345.57;    4073.46;    1329.56;    4040.48;    1321.43;    4036.54;    1337.44;       10;    0.66;   move
   463;    2304.26;     137.94;    2331.66;     135.24;    2330.34;     121.86;    2302.95;     124.56;       10;    0.66;   stop
   456;     835.16;    1654.73;     835.26;    1640.48;     804.84;    1640.27;     804.74;    1654.52;       10;    0.66;   stop
   422;    3213.39;      59.47;    3245.06;      56.07;    3243.41;      40.73;    3211.74;      44.13;       10;    0.65;   stop
   681;    2939.38;    2112.08;    2954.26;    2104.19;    2936.62;    2070.92;    2921.74;    2078.81;       10;    0.65;   stop
   611;    1911.91;     188.01;    1923.42;     187.43;    1922.09;     161.19;    1910.58;     161.77;       10;    0.65;   stop
   708;    1230.97;    1179.40;    1261.37;    1178.76;    1261.03;    1162.60;    1230.63;    1163.24;       10;    0.65;   stop
 11401;    2304.66;    1053.33;    2305.05;    1038.51;    2296.15;    1038.27;    2295.75;    1053.09;       10;    0.65;   stop
 10260;     723.42;    1346.95;     725.40;    1331.49;     694.58;    1327.55;     692.60;    1343.01;       10;    0.65;   stop
   519;     958.26;      23.62;     985.45;      23.60;     985.44;       9.38;     958.25;       9.40;       10;    0.65;   stop
   545;    1108.62;    1178.28;    1141.13;    1177.57;    1140.78;    1161.72;    1108.27;    1162.43;       10;    0.65;   stop
   504;    3754.09;     450.07;    3788.89;     447.77;    3787.91;     432.93;    3753.11;     435.23;       10;    0.65;   stop
 12719;    2631.47;     561.98;    2661.92;     547.07;    2655.33;     533.62;    2624.88;     548.53;       10;    0.64;   stop
   492;    1604.90;    2125.80;    1606.48;    2094.19;    1590.70;    2093.40;    1589.12;    2125.01;       10;    0.64;   stop
   420;     611.65;      69.03;     640.70;      66.17;     639.35;      52.47;     610.30;      55.33;       10;    0.64;   stop
   324;    3676.20;     585.70;    3686.92;     556.32;    3671.80;     550.80;    3661.08;     580.18;       10;    0.64;   stop
   431;    3844.28;     161.13;    3855.60;     131.10;    3841.72;     125.87;    3830.40;     155.90;       10;    0.64;   stop
   582;    1917.96;    1167.99;    1917.98;    1155.26;    1888.44;    1155.21;    1888.42;    1167.94;       10;    0.64;   stop
   521;    3365.82;    1059.27;    3380.35;    1030.34;    3367.18;    1023.73;    3352.65;    1052.66;       10;    0.64;   stop
   602;     822.38;    1017.25;     824.41;     987.84;     808.62;     986.75;     806.59;    1016.16;       10;    0.64;   stop
   600;    1649.24;    1009.23;    1652.44;     979.57;    1637.56;     977.97;    1634.36;    1007.63;       10;    0.64;   stop
   394;    1381.78;    1482.18;    1383.65;    1457.63;    1370.42;    1456.62;    1368.55;    1481.17;       10;    0.64;   stop
   500;     917.78;    1207.84;     918.02;    1193.63;     890.22;    1193.16;     889.98;    1207.37;       10;    0.63;   stop
   435;     521.41;    1376.08;     521.90;    1362.82;     497.59;    1361.92;     497.10;    1375.18;       10;    0.63;   stop
  6057;    2506.94;     123.24;    2532.62;     121.19;    2531.46;     106.56;    2505.78;     108.61;       10;    0.63;   stop
   408;    3725.41;     495.18;    3759.36;     493.37;    3758.59;     478.82;    3724.64;     480.63;       10;    0.63;   stop
 11434;     615.35;    1064.76;     650.64;    1059.46;     648.65;    1046.24;     613.36;    1051.54;       10;    0.63;   stop
 12783;    1934.31;      39.59;    1949.53;      38.71;    1947.59;       5.41;    1932.37;       6.29;       10;    0.63;   move
   548;     457.07;    1907.90;     472.45;    1906.75;     469.93;    1873.10;     454.55;    1874.25;       10;    0.63;   stop
   480;    1847.56;    1630.79;    1847.94;    1615.93;    1819.64;    1615.21;    1819.26;    1630.07;       10;    0.63;   stop
   607;     935.91;    1655.31;     936.12;    1641.45;     912.69;    1641.09;     912.48;    1654.95;       10;    0.63;   stop
  9738;     867.49;      73.42;     897.12;      72.14;     896.51;      58.08;     866.88;      59.36;       10;    0.62;   stop
  5441;    2674.77;     478.68;    2688.34;     478.29;    2687.63;     453.72;    2674.06;     454.11;       10;    0.62;   stop
 12821;    1270.14;    1139.16;    1279.98;    1139.07;    1279.86;    1125.84;    1270.02;    1125.93;       10;    0.62;   stop
   506;     816.09;    1619.92;     839.05;    1619.64;     838.91;    1608.08;     815.95;    1608.36;       10;    0.62;   stop
  7713;    2312.97;    2153.98;    2320.77;    2141.28;    2294.63;    2125.22;    2286.83;    2137.92;       10;    0.62;   stop
   559;    2529.16;    1272.54;    2557.72;    1271.60;    2557.24;    1257.06;    2528.68;    1258.00;       10;    0.62;   stop
   297;     643.66;      65.21;     678.82;      61.96;     677.34;      46.04;     642.18;      49.29;       10;    0.62;   stop
   141;    1537.25;    1048.70;    1563.58;    1048.64;    1563.55;    1034.50;    1537.22;    1034.56;       10;    0.62;   stop
   535;    1703.10;    1750.46;    1708.07;    1737.89;    1680.90;    1727.14;    1675.93;    1739.71;       10;    0.61;   stop
   516;    3638.64;     932.59;    3664.81;     929.73;    3663.36;     916.41;    3637.19;     919.27;       10;    0.61;   stop
   364;    1494.43;    1625.42;    1495.11;    1612.29;    1469.57;    1610.98;    1468.89;    1624.11;       10;    0.61;   stop
   542;    2495.59;    1300.55;    2495.63;    1287.92;    2473.21;    1287.85;    2473.17;    1300.48;       10;    0.61;   stop
   443;    3322.53;      86.14;    3349.92;      83.15;    3348.47;      69.86;    3321.08;      72.85;       10;    0.60;   stop
   569;    3495.54;     867.76;    3513.31;     844.54;    3502.46;     836.24;    3484.69;     859.46;       10;    0.60;   stop
   468;    1004.05;    1616.68;    1004.19;    1603.59;     978.95;    1603.32;     978.81;    1616.41;       10;    0.60;   stop
   603;     799.55;    1655.22;     799.67;    1641.01;     772.45;    1640.78;     772.33;    1654.99;       10;    0.60;   stop
 12089;    3103.71;    1803.29;    3134.39;    1776.51;    3122.69;    1763.11;    3092.01;    1789.89;       10;    0.60;   move
   580;    3398.73;     920.08;    3410.57;     909.81;    3390.27;     886.42;    3378.43;     896.69;       10;    0.60;   stop
   556;    1326.84;    1854.70;    1339.73;    1854.30;    1338.96;    1829.30;    1326.07;    1829.70;       10;    0.60;   stop
   631;    2464.33;     593.89;    2496.50;     590.53;    2494.87;     574.91;    2462.70;     578.27;       10;    0.59;   stop
   591;    1057.53;    1909.77;    1057.62;    1894.44;    1023.87;    1894.23;    1023.78;    1909.56;       10;    0.59;   stop
   679;    2632.82;    1701.10;    2634.86;    1669.44;    2620.38;    1668.50;    2618.34;    1700.16;       10;    0.59;   stop
   668;      11.96;    1089.91;      46.75;    1085.28;      44.73;    1070.09;       9.94;    1074.72;       10;    0.59;   stop
   586;    1615.08;     886.63;    1615.97;     874.05;    1586.52;     871.97;    1585.63;     884.55;       10;    0.58;   stop
   605;    2861.45;      92.47;    2899.75;      88.28;    2897.86;      71.03;    2859.56;      75.22;       10;    0.58;   stop
   505;     476.03;    2099.09;     494.25;    2093.95;     487.47;    2069.91;     469.25;    2075.05;       10;    0.58;   stop
    57;    2175.09;    1578.71;    2176.41;    1547.91;    2161.91;    1547.29;    2160.59;    1578.09;       10;    0.58;   stop
  3918;    2763.92;    1933.86;    2772.05;    1921.24;    2744.88;    1903.74;    2736.75;    1916.36;       10;    0.58;   stop
   557;    2741.52;    1945.71;    2750.64;    1933.25;    2725.28;    1914.69;    2716.16;    1927.15;       10;    0.58;   stop
  7280;     317.93;     110.85;     349.86;     107.02;     348.07;      92.15;     316.14;      95.98;       10;    0.57;   stop
   555;     873.62;    1998.83;     888.34;    1998.45;     887.68;    1973.17;     872.96;    1973.55;       10;    0.57;   stop
   613;    2879.54;     560.60;    2904.94;     557.75;    2903.33;     543.40;    2877.93;     546.25;       10;    0.57;   stop
   596;    1372.77;    1562.14;    1375.94;    1535.44;    1362.63;    1533.86;    1359.46;    1560.56;       10;    0.57;   stop
  8984;    2435.20;    2166.58;    2461.59;    2154.50;    2455.60;    2141.42;    2429.21;    2153.50;       10;    0.57;   stop
 10692;    3632.80;    2041.90;    3669.08;    2025.21;    3661.20;    2008.10;    3624.92;    2024.79;       10;    0.57;   stop
  9886;     355.80;    1067.97;     378.45;    1067.53;     378.20;    1055.03;     355.55;    1055.47;       10;    0.56;   stop
  5040;    1325.46;    1886.36;    1340.67;    1885.86;    1339.74;    1857.64;    1324.53;    1858.14;       10;    0.56;   stop
   680;    2385.80;    1348.37;    2386.84;    1310.70;    2370.00;    1310.23;    2368.96;    1347.90;       10;    0.56;   stop
 11039;     399.53;    1610.38;     400.54;    1598.51;     378.47;    1596.62;     377.46;    1608.49;       10;    0.56;   stop
   648;     152.25;    1691.90;     175.88;    1691.66;     175.75;    1679.10;     152.12;    1679.34;       10;    0.56;   stop
  7898;     808.27;    2142.74;     808.71;    2130.14;     783.73;    2129.26;     783.29;    2141.86;       10;    0.56;   stop
   568;    1574.64;    1663.41;    1574.83;    1651.40;    1548.96;    1650.99;    1548.77;    1663.00;       10;    0.56;   stop
  1721;    2645.76;    2162.29;    2648.65;    2131.50;    2633.84;    2130.11;    2630.95;    2160.90;       10;    0.56;   stop
   581;    2942.09;    1296.36;    2942.45;    1280.84;    2907.51;    1280.04;    2907.15;    1295.56;       10;    0.56;   stop
   620;    3379.64;    1023.14;    3382.55;     994.29;    3368.36;     992.86;    3365.45;    1021.71;       10;    0.55;   stop
   625;      29.93;     494.30;      32.07;     461.87;      14.48;     460.70;      12.34;     493.13;       10;    0.55;   stop
 11450;    2284.95;    1074.87;    2303.91;    1074.81;    2303.85;    1056.33;    2284.89;    1056.39;       10;    0.55;   stop
   457;    2405.59;     130.49;    2436.17;     127.63;    2434.81;     113.11;    2404.23;     115.97;       10;    0.55;   stop
 12789;    1108.00;    1178.22;    1140.46;    1177.26;    1140.00;    1161.78;    1107.54;    1162.74;        9;    0.55;   stop
   655;    3069.70;     505.94;    3103.27;     502.53;    3101.80;     488.06;    3068.23;     491.47;       10;    0.55;   stop
  1261;    1225.96;    1175.01;    1226.38;    1159.77;    1198.04;    1158.99;    1197.62;    1174.23;       10;    0.55;   stop
   552;    3175.81;      61.49;    3204.12;      59.54;    3203.19;      46.01;    3174.88;      47.96;       10;    0.54;   stop
   486;    2800.81;    1355.03;    2807.18;    1322.77;    2791.99;    1319.77;    2785.62;    1352.03;       10;    0.54;   stop
 12140;    1255.15;    1052.04;    1278.72;    1048.55;    1276.85;    1035.96;    1253.28;    1039.45;       10;    0.54;   stop
 10185;    1263.27;    1625.52;    1263.60;    1612.24;    1232.73;    1611.48;    1232.40;    1624.76;       10;    0.54;   stop
  7820;     321.76;    1643.53;     322.48;    1626.75;     292.74;    1625.47;     292.02;    1642.25;       10;    0.54;   stop
   565;    1866.58;    1667.68;    1867.59;    1654.77;    1841.42;    1652.72;    1840.41;    1665.63;       10;    0.54;   stop
   539;    3793.78;     184.51;    3804.20;     159.36;    3791.22;     153.99;    3780.80;     179.14;       10;    0.54;   stop
    71;     422.96;    1023.68;     423.37;     998.55;     409.04;     998.32;     408.63;    1023.45;       10;    0.54;   stop
   659;     805.35;    1242.54;     833.41;    1241.09;     832.65;    1226.46;     804.59;    1227.91;       10;    0.54;   stop
   508;    2600.67;    2010.18;    2604.02;    1993.03;    2573.33;    1987.02;    2569.98;    2004.17;       10;    0.54;   stop
   626;     108.72;    1891.55;     134.67;    1872.24;     125.90;    1860.45;      99.95;    1879.76;       10;    0.53;   stop
   705;    1008.30;    1457.10;    1009.15;    1444.28;     980.70;    1442.40;     979.85;    1455.22;       10;    0.53;   stop
   491;    1893.86;    1667.32;    1895.16;    1654.34;    1870.54;    1651.88;    1869.24;    1664.86;       10;    0.52;   stop
  4016;    2676.75;     511.29;    2690.06;     509.73;    2686.85;     482.31;    2673.54;     483.87;       10;    0.52;   stop
   585;    3848.18;     445.03;    3879.77;     440.89;    3877.82;     425.97;    3846.23;     430.11;       10;    0.52;   stop
   653;     691.83;    1430.85;     693.69;    1418.77;     670.17;    1415.15;     668.31;    1427.23;       10;    0.52;   stop
   690;    3960.60;     120.40;    3979.12;     119.56;    3977.40;      81.60;    3958.88;      82.44;       10;    0.51;   stop
   628;    3319.94;     228.44;    3329.74;     228.15;    3328.86;     198.16;    3319.06;     198.45;       10;    0.51;   stop
   567;    1154.82;    1006.10;    1155.34;     979.17;    1141.18;     978.90;    1140.66;    1005.83;       10;    0.51;   stop
  9884;    1792.83;    1112.71;    1829.38;    1111.62;    1828.85;    1094.09;    1792.31;    1095.18;        9;    0.51;   stop
   634;       7.84;    1581.60;       8.37;    1566.72;      -0.63;    1566.40;      -1.15;    1581.28;       10;    0.51;   stop
 12633;    1918.59;     160.46;    1930.00;     158.94;    1927.41;     139.54;    1916.00;     141.06;       10;    0.51;   stop
 10120;    2660.33;     108.57;    2688.79;     106.24;    2687.67;      92.43;    2659.21;      94.76;       10;    0.51;   stop
   606;    3996.88;      76.98;    4011.97;      76.54;    4011.12;      47.52;    3996.03;      47.96;       10;    0.51;   stop
   520;    3360.94;      43.97;    3391.10;      41.71;    3390.06;      27.78;    3359.90;      30.04;       10;    0.50;   stop
 10044;    1600.63;    1627.92;    1600.89;    1615.03;    1573.37;    1614.48;    1573.11;    1627.37;       10;    0.50;   stop
   686;    3184.35;    1765.19;    3206.11;    1733.35;    3192.15;    1723.81;    3170.39;    1755.65;       10;    0.50;   stop
 12717;    3370.72;     982.20;    3386.33;     976.43;    3374.28;     943.80;    3358.67;     949.57;       10;    0.50;   stop
 10821;     556.98;    1617.33;     580.61;    1616.22;     580.02;    1603.67;     556.39;    1604.78;       10;    0.49;   stop
   543;    3755.18;     387.24;    3765.73;     356.17;    3749.82;     350.76;    3739.27;     381.83;       10;    0.49;   stop
   640;    3998.52;     115.23;    4014.84;     114.59;    4013.48;      80.27;    3997.16;      80.91;       10;    0.49;   stop
   599;     630.86;    1238.33;     660.26;    1238.09;     660.14;    1223.67;     630.74;    1223.91;       10;    0.49;   stop
   564;    1326.89;    1823.12;    1338.86;    1822.58;    1337.71;    1797.28;    1325.74;    1797.82;       10;    0.49;   stop
   663;     126.12;     901.50;     129.52;     888.79;     102.26;     881.50;      98.86;     894.21;       10;    0.48;   stop
   590;    2703.15;     927.95;    2720.87;     927.22;    2719.25;     888.25;    2701.53;     888.98;       10;    0.48;   stop
 10407;    2332.56;     834.77;    2360.95;     834.56;    2360.84;     820.03;    2332.45;     820.24;       10;    0.48;   stop
   573;    3370.71;     983.01;    3386.85;     977.06;    3374.29;     942.99;    3358.15;     948.94;        9;    0.48;   stop
   587;    3859.11;     125.99;    3870.85;      97.20;    3856.89;      91.51;    3845.15;     120.30;       10;    0.48;   stop
   617;    1803.72;    1632.22;    1804.75;    1618.43;    1774.68;    1616.18;    1773.65;    1629.97;       10;    0.48;   stop
 12817;    2176.74;    1620.34;    2177.04;    1595.81;    2165.06;    1595.66;    2164.76;    1620.19;       10;    0.47;   stop
   589;    3162.61;    1790.99;    3180.32;    1770.41;    3169.39;    1761.01;    3151.68;    1781.59;       10;    0.47;   stop
  8899;    2665.58;     386.07;    2680.01;     385.54;    2678.82;     353.13;    2664.39;     353.66;       10;    0.47;   stop
   592;      47.66;     894.06;      50.14;     879.58;      17.34;     873.94;      14.86;     888.42;       10;    0.47;   stop
   563;     186.82;    1596.06;     213.55;    1595.38;     213.18;    1580.94;     186.45;    1581.62;       10;    0.47;   stop
 11186;    2685.42;    1303.13;    2710.63;    1303.04;    2710.58;    1288.87;    2685.37;    1288.96;       10;    0.47;   stop
   465;    3108.42;     504.09;    3140.98;     501.08;    3139.58;     485.91;    3107.02;     488.92;       10;    0.46;   stop
  5803;     692.77;    1453.23;     694.85;    1440.66;     671.23;    1436.77;     669.15;    1449.34;       10;    0.46;   stop
  5595;     154.36;     894.13;     158.28;     880.05;     128.89;     871.87;     124.97;     885.95;       10;    0.46;   stop
   546;    3874.49;      89.32;    3883.62;      61.27;    3869.51;      56.68;    3860.38;      84.73;       10;    0.46;   stop
 10110;    2776.97;    2007.49;    2810.44;    1993.34;    2803.83;    1977.71;    2770.36;    1991.86;       10;    0.45;   stop
 12568;    2674.05;     452.32;    2688.62;     450.38;    2684.75;     421.28;    2670.18;     423.22;       10;    0.45;   stop
  4614;    3535.01;     470.80;    3562.15;     466.35;    3559.99;     453.20;    3532.85;     457.65;       10;    0.45;   stop
   514;     843.36;    1656.01;     869.82;    1655.38;     869.49;    1641.59;     843.03;    1642.22;       10;    0.45;   stop
   644;    3586.51;    2065.73;    3619.90;    2049.50;    3612.49;    2034.27;    3579.10;    2050.50;       10;    0.45;   stop
 12616;     507.97;     598.25;     510.22;     584.50;     475.03;     578.75;     472.78;     592.50;       10;    0.44;   stop
 11249;    4055.97;     429.74;    4090.85;     423.81;    4088.03;     407.26;    4053.15;     413.19;       10;    0.44;   stop
   588;     291.71;     879.19;     294.23;     853.79;     279.29;     852.31;     276.77;     877.71;       10;    0.44;   stop
   527;      23.57;    1621.99;      24.06;    1605.72;       0.26;    1605.01;      -0.23;    1621.28;       10;    0.44;   stop
  9125;    1350.74;    2157.88;    1365.97;    2155.93;    1362.46;    2128.52;    1347.23;    2130.47;       10;    0.44;   stop
 12464;    1333.28;    2013.90;    1347.97;    2011.68;    1343.32;    1980.90;    1328.63;    1983.12;       10;    0.43;   stop
  6812;    2453.47;     126.63;    2486.23;     124.72;    2485.33;     109.17;    2452.57;     111.08;       10;    0.43;   stop
 12148;    3622.55;     789.97;    3632.95;     763.79;    3618.45;     758.03;    3608.05;     784.21;       10;    0.43;   stop
 12534;     462.27;    2020.06;     480.30;    2018.34;     476.73;    1980.94;     458.70;    1982.66;       10;    0.41;   stop
 12531;     519.20;      69.83;     529.60;      37.59;     512.80;      32.17;     502.40;      64.41;       10;    0.41;   stop
   691;    1024.44;     647.37;    1025.44;     633.30;     998.56;     631.38;     997.56;     645.45;       10;    0.40;   stop
   502;      97.12;    1184.15;     124.32;    1180.21;     122.38;    1166.85;      95.18;    1170.79;       10;    0.40;   stop
 11981;    2294.63;    2161.12;    2301.52;    2148.95;    2278.77;    2136.08;    2271.88;    2148.26;       10;    0.40;   stop
   683;    4001.69;     157.66;    4019.46;     156.14;    4016.31;     119.34;    3998.54;     120.86;       10;    0.40;   stop
 11176;     285.73;     114.37;     313.70;     113.64;     313.27;      97.13;     285.30;      97.86;       10;    0.39;   stop
  9043;    1711.90;    1217.29;    1740.41;    1212.70;    1738.10;    1198.31;    1709.59;    1202.90;       10;    0.39;   stop
 12225;    1905.88;     143.89;    1918.95;     141.96;    1914.92;     114.71;    1901.85;     116.64;       10;    0.39;   stop
 12027;    2374.02;     134.11;    2405.12;     131.87;    2403.98;     116.09;    2372.88;     118.33;       10;    0.39;   stop
   678;     385.09;    1890.89;     386.67;    1863.00;     370.91;    1862.11;     369.33;    1890.00;       10;    0.38;   stop
  9522;    2844.38;    1356.38;    2845.00;    1335.63;    2831.22;    1335.22;    2830.60;    1355.97;       10;    0.38;   stop
   662;    3225.79;    1413.17;    3238.82;    1382.12;    3226.21;    1376.83;    3213.18;    1407.88;       10;    0.38;   stop
  7489;      79.10;     402.23;      83.89;     373.28;      68.78;     370.77;      63.98;     399.72;       10;    0.37;   stop
  9937;    2959.69;    2146.51;    2973.16;    2139.02;    2958.31;    2112.29;    2944.84;    2119.78;       10;    0.36;   stop
 12820;    1037.82;    1659.16;    1039.41;    1643.96;    1009.68;    1640.84;    1008.09;    1656.04;       10;    0.36;   stop
 12769;    2717.12;    1301.78;    2739.06;    1301.45;    2738.88;    1289.62;    2716.94;    1289.95;       10;    0.35;   stop
 12812;    3070.24;    1776.36;    3074.93;    1762.81;    3045.51;    1752.64;    3040.82;    1766.19;       10;    0.35;   stop
 12749;    3404.34;     481.45;    3437.35;     477.77;    3435.66;     462.55;    3402.65;     466.23;       10;    0.35;   stop