vehicle_id; veh_bb_x1; veh_bb_y1; veh_bb_x2; veh_bb_y2; veh_bb_x3; veh_bb_y3; veh_bb_x4; veh_bb_y4; det_class; conf_score; state
    12;    2939.83;    1164.99;    2940.85;    1149.97;    2912.05;    1148.01;    2911.02;    1163.03;       10;    0.84;   stop
     6;    3285.61;    1375.43;    3297.71;    1348.02;    3283.99;    1341.97;    3271.89;    1369.38;       10;    0.84;   stop
 16216;    2125.39;    1864.05;    2133.34;    1831.14;    2116.81;    1827.15;    2108.86;    1860.06;       10;    0.84;   move
  5337;    2069.93;    1968.15;    2077.88;    1936.72;    2063.37;    1933.05;    2055.42;    1964.48;       10;    0.84;   move
    19;    3100.89;    1841.06;    3123.70;    1824.32;    3114.61;    1811.94;    3091.80;    1828.68;       10;    0.84;   stop
     7;    2988.98;    1047.55;    2989.97;    1031.65;    2957.82;    1029.65;    2956.83;    1045.55;       10;    0.84;   stop
    15;    3168.01;    1070.33;    3169.98;    1056.42;    3143.49;    1052.67;    3141.52;    1066.58;       10;    0.84;   stop
   153;    2002.06;    2070.57;    2015.61;    2041.34;    2001.14;    2034.63;    1987.59;    2063.86;       10;    0.84;   stop
 11340;    2117.74;    1788.96;    2123.15;    1753.49;    2107.06;    1751.04;    2101.65;    1786.51;       10;    0.84;   move
 13703;    1983.27;     396.77;    1997.96;     396.46;    1997.33;     366.43;    1982.64;     366.74;       10;    0.84;   stop
  7842;    2014.91;    2039.49;    2027.42;    2009.66;    2012.29;    2003.31;    1999.78;    2033.14;       10;    0.83;   stop
 11300;    2099.58;    1383.68;    2116.24;    1381.89;    2112.42;    1346.32;    2095.76;    1348.11;       10;    0.83;   move
    28;    2818.07;    1158.15;    2818.90;    1142.78;    2786.73;    1141.05;    2785.90;    1156.42;       10;    0.83;   stop
    25;    3207.80;    1204.69;    3209.63;    1189.54;    3174.70;    1185.31;    3172.87;    1200.46;       10;    0.83;   stop
 16303;    2082.64;    1996.52;    2092.92;    1967.16;    2078.96;    1962.28;    2068.68;    1991.64;       10;    0.83;   move
    38;      52.43;    1084.19;      81.94;    1079.99;      80.07;    1066.81;      50.56;    1071.01;       10;    0.83;   stop
 11130;    2125.72;    1631.55;    2126.55;    1604.07;    2112.68;    1603.65;    2111.85;    1631.13;       10;    0.83;   move
  8659;    3152.97;    1103.25;    3155.07;    1089.25;    3125.03;    1084.75;    3122.93;    1098.75;       10;    0.83;   move
    54;    1987.25;    2104.15;    2000.23;    2074.50;    1985.95;    2068.25;    1972.97;    2097.90;       10;    0.83;   stop
    43;    2905.44;    1163.18;    2906.52;    1147.03;    2873.56;    1144.82;    2872.48;    1160.97;       10;    0.83;   stop
    16;    2982.11;    1301.97;    2983.22;    1285.21;    2950.14;    1283.03;    2949.03;    1299.79;       10;    0.83;   stop
 13711;    2144.80;    1422.42;    2144.97;    1391.07;    2129.60;    1390.98;    2129.43;    1422.33;       10;    0.83;   stop
 12969;    3318.29;    1416.82;    3329.34;    1384.93;    3314.21;    1379.68;    3303.16;    1411.57;       10;    0.83;   move
   581;    3230.29;    1556.41;    3264.82;    1551.95;    3262.71;    1535.59;    3228.18;    1540.05;       10;    0.83;   stop
    31;     578.78;     532.01;     583.98;     499.86;     566.22;     496.99;     561.02;     529.14;       10;    0.83;   stop
    21;    3591.37;     892.16;    3594.02;     877.01;    3561.63;     871.34;    3558.98;     886.49;       10;    0.83;   stop
    52;    2172.46;    1730.71;    2173.82;    1700.78;    2158.54;    1700.09;    2157.18;    1730.02;       10;    0.83;   stop
    67;    3254.58;    1344.23;    3265.94;    1313.29;    3250.92;    1307.77;    3239.56;    1338.71;       10;    0.83;   stop
 15481;    3586.53;    1157.79;    3591.47;    1142.54;    3556.47;    1131.21;    3551.53;    1146.46;       10;    0.83;   stop
 15573;    3619.08;    1198.14;    3623.12;    1181.77;    3586.92;    1172.86;    3582.88;    1189.23;       10;    0.83;   stop
  1207;    3243.36;    1485.74;    3254.77;    1457.59;    3241.64;    1452.26;    3230.23;    1480.41;       10;    0.83;   stop
    33;     703.82;    1394.50;     705.29;    1378.33;     674.18;    1375.50;     672.71;    1391.67;       10;    0.83;   stop
    63;    1968.57;    2144.08;    1986.43;    2109.46;    1971.03;    2101.52;    1953.17;    2136.14;        9;    0.83;   stop
 14253;    2021.70;     694.10;    2037.39;     692.90;    2035.10;     663.10;    2019.41;     664.30;       10;    0.83;   move
  9072;    2171.54;    1128.57;    2175.79;    1114.00;    2143.66;    1104.63;    2139.41;    1119.20;       10;    0.83;   move
 15241;    3584.19;    1175.60;    3588.38;    1160.61;    3551.81;    1150.40;    3547.62;    1165.39;       10;    0.83;   stop
    34;    1507.18;    1664.82;    1507.66;    1649.28;    1478.42;    1648.38;    1477.94;    1663.92;       10;    0.83;   stop
   187;    2063.73;      39.41;    2078.72;      38.17;    2076.27;       8.59;    2061.28;       9.83;       10;    0.82;   stop
   113;    2113.08;     839.73;    2127.53;     837.47;    2122.92;     807.87;    2108.47;     810.13;       10;    0.82;   stop
   448;    2999.43;    1173.13;    3001.73;    1156.46;    2964.17;    1151.27;    2961.87;    1167.94;        9;    0.82;   stop
 15870;    3630.54;    1164.37;    3633.98;    1149.04;    3605.46;    1142.63;    3602.02;    1157.96;       10;    0.82;   stop
  9296;    1812.06;    1044.34;    1812.40;    1031.11;    1786.74;    1030.46;    1786.40;    1043.69;       10;    0.82;   stop
 13946;    1901.86;    1127.47;    1932.45;    1126.78;    1932.14;    1112.93;    1901.55;    1113.62;       10;    0.82;   stop
    74;    3033.74;    1176.17;    3035.85;    1162.12;    3007.26;    1157.83;    3005.15;    1171.88;       10;    0.82;   stop
 15971;    3677.13;    1178.10;    3680.31;    1163.54;    3649.87;    1156.90;    3646.69;    1171.46;       10;    0.82;   stop
    76;    2664.19;    1671.33;    2667.36;    1636.11;    2651.41;    1634.67;    2648.24;    1669.89;       10;    0.82;   stop
 13252;    2004.66;     690.31;    2020.15;     689.09;    2017.74;     658.49;    2002.25;     659.71;       10;    0.82;   move
 15459;     115.36;    1107.86;     147.06;    1105.24;     145.89;    1091.14;     114.19;    1093.76;       10;    0.82;   move
 11833;    2282.93;    1053.86;    2282.96;    1037.79;    2250.67;    1037.74;    2250.64;    1053.81;       10;    0.82;   stop
   152;     431.69;    1615.33;     433.27;    1599.82;     402.31;    1596.67;     400.73;    1612.18;       10;    0.82;   stop
  9631;    2162.62;    1525.52;    2221.15;    1521.65;    2219.78;    1500.88;    2161.25;    1504.75;        9;    0.82;   stop
    83;    2925.05;    1932.77;    2952.57;    1920.78;    2946.15;    1906.03;    2918.63;    1918.02;       10;    0.82;   stop
    64;    3027.17;    1312.08;    3031.22;    1296.05;    2997.08;    1287.42;    2993.03;    1303.45;       10;    0.82;   stop
    24;    1212.20;     654.83;    1213.26;     640.15;    1185.80;     638.17;    1184.74;     652.85;       10;    0.82;   stop
    22;    3403.24;    1359.27;    3408.13;    1345.31;    3380.76;    1335.73;    3375.87;    1349.69;       10;    0.82;   stop
   204;     415.80;    1647.84;     415.95;    1631.44;     385.20;    1631.16;     385.05;    1647.56;       10;    0.82;   stop
    17;    2661.20;    1822.40;    2662.22;    1791.33;    2646.00;    1790.80;    2644.98;    1821.87;       10;    0.82;   stop
   186;    3023.61;    1951.60;    3037.88;    1941.58;    3017.39;    1912.40;    3003.12;    1922.42;       10;    0.82;   stop
 15587;    1959.18;     350.07;    1963.67;     335.68;    1935.02;     326.73;    1930.53;     341.12;       10;    0.82;   stop
  1038;    1995.11;     903.56;    2011.47;     901.85;    2008.09;     869.44;    1991.73;     871.15;       10;    0.82;   move
    93;    1346.98;    1052.81;    1347.00;    1038.84;    1320.02;    1038.79;    1320.00;    1052.76;       10;    0.82;   stop
  9398;    2120.17;    1224.83;    2135.66;    1223.34;    2132.63;    1191.97;    2117.14;    1193.46;       10;    0.82;   stop
 13821;    2369.73;    1074.48;    2397.24;    1073.74;    2396.87;    1060.32;    2369.36;    1061.06;       10;    0.82;   stop
    10;    3100.81;    1060.87;    3102.65;    1047.04;    3073.19;    1043.13;    3071.35;    1056.96;       10;    0.82;   stop
  9409;    2861.70;    1133.65;    2861.80;    1118.55;    2829.23;    1118.35;    2829.14;    1133.45;       10;    0.82;   move
    48;     667.02;    1617.99;     667.14;    1603.27;     635.98;    1603.01;     635.86;    1617.73;       10;    0.82;   stop
 14566;    1974.93;     269.57;    1989.52;     269.07;    1988.57;     241.03;    1973.98;     241.53;       10;    0.82;   stop
  1396;    2071.19;     300.69;    2086.57;     299.05;    2083.41;     269.31;    2068.03;     270.95;       10;    0.82;   stop
 10716;    2122.37;    1264.72;    2136.75;    1263.97;    2135.23;    1234.88;    2120.85;    1235.63;       10;    0.82;   stop
  8980;    2257.86;    1132.49;    2258.12;    1116.88;    2224.34;    1116.31;    2224.08;    1131.92;       10;    0.82;   move
    86;    2349.40;    1159.73;    2349.44;    1144.37;    2318.21;    1144.27;    2318.16;    1159.63;       10;    0.82;   stop
 11511;    2125.96;    1298.48;    2140.44;    1298.08;    2139.64;    1269.52;    2125.16;    1269.92;       10;    0.82;   stop
    59;    3759.60;     925.80;    3794.82;     922.54;    3793.40;     907.20;    3758.18;     910.46;       10;    0.82;   stop
   145;    2918.60;    1041.27;    2918.77;    1025.09;    2885.53;    1024.73;    2885.35;    1040.91;       10;    0.82;   stop
    61;    1540.87;    1663.02;    1541.13;    1648.32;    1510.73;    1647.78;    1510.47;    1662.48;       10;    0.82;   stop
  4858;    2399.88;    2115.25;    2410.44;    2101.79;    2384.12;    2081.15;    2373.56;    2094.61;       10;    0.82;   stop
   357;    3903.31;    1328.52;    3907.19;    1313.24;    3870.69;    1303.98;    3866.81;    1319.26;       10;    0.82;   stop
 13613;    1988.07;     448.62;    2004.48;     447.31;    2001.93;     415.38;    1985.52;     416.69;       10;    0.82;   stop
   147;    2069.30;      76.13;    2082.95;      74.81;    2080.20;      46.27;    2066.55;      47.59;       10;    0.82;   stop
   110;    2751.97;     532.12;    2782.51;     528.54;    2780.83;     514.28;    2750.29;     517.86;       10;    0.82;   stop
 11440;     695.19;    1088.52;     721.16;    1087.84;     720.81;    1074.48;     694.84;    1075.16;       10;    0.82;   move
   179;    2108.28;     696.29;    2122.91;     695.12;    2120.52;     665.11;    2105.89;     666.28;       10;    0.82;   stop
   193;    3152.10;    1195.67;    3153.72;    1181.58;    3125.40;    1178.33;    3123.78;    1192.42;       10;    0.82;   stop
   104;    2831.16;    1267.83;    2861.10;    1267.80;    2861.09;    1253.17;    2831.15;    1253.20;       10;    0.82;   stop
   132;    1855.07;    1632.50;    1886.48;    1632.40;    1886.43;    1615.90;    1855.02;    1616.00;       10;    0.82;   stop
   331;    2133.70;    1935.43;    2141.80;    1902.32;    2126.50;    1898.57;    2118.40;    1931.68;       10;    0.82;   stop
 12903;    3362.62;    1315.14;    3377.05;    1281.92;    3361.38;    1275.11;    3346.95;    1308.33;       10;    0.82;   move
    40;    2091.02;     669.84;    2105.03;     668.58;    2102.27;     638.16;    2088.27;     639.42;       10;    0.82;   stop
 13119;    2008.77;     765.48;    2024.42;     764.36;    2021.93;     729.72;    2006.28;     730.84;       10;    0.82;   move
 16109;    2145.70;    1733.62;    2149.98;    1700.40;    2134.30;    1698.38;    2130.02;    1731.60;       10;    0.82;   move
   185;    3032.64;    1918.42;    3062.16;    1902.98;    3054.11;    1887.58;    3024.59;    1903.02;       10;    0.82;   stop
  9212;      -0.27;    1128.15;      29.96;    1122.86;      27.50;    1108.85;      -2.72;    1114.14;       10;    0.82;   move
    57;    2175.77;    1580.97;    2176.56;    1546.59;    2161.03;    1546.23;    2160.24;    1580.61;       10;    0.82;   stop
    49;    2630.61;    1793.25;    2633.00;    1761.09;    2617.79;    1759.95;    2615.40;    1792.11;       10;    0.82;   stop
   162;    3241.77;    1377.39;    3253.73;    1346.53;    3239.73;    1341.11;    3227.77;    1371.97;       10;    0.82;   stop
  1143;    3261.21;    1443.37;    3272.71;    1411.31;    3258.29;    1406.13;    3246.79;    1438.19;       10;    0.82;   stop
 16218;    1969.02;     214.55;    1983.65;     213.98;    1982.58;     186.25;    1967.95;     186.82;       10;    0.81;   move
    91;    1959.97;     665.69;    1975.31;     664.35;    1972.43;     631.51;    1957.09;     632.85;       10;    0.81;   stop
   272;    1960.35;     813.38;    1974.01;     811.76;    1970.85;     785.02;    1957.19;     786.64;       10;    0.81;   stop
 16281;    1963.02;     150.47;    1978.55;     149.33;    1976.18;     117.13;    1960.65;     118.27;       10;    0.81;   move
 12881;    2043.70;    1099.94;    2057.89;    1096.73;    2051.50;    1068.46;    2037.31;    1071.67;       10;    0.81;   move
    87;    2391.24;    1158.23;    2416.89;    1157.99;    2416.76;    1144.57;    2391.11;    1144.81;       10;    0.81;   stop
 12862;    2125.07;    1341.06;    2142.63;    1340.06;    2140.53;    1303.14;    2122.97;    1304.14;       10;    0.81;   stop
 15517;    1958.44;     393.31;    1975.21;     392.82;    1974.16;     356.69;    1957.39;     357.18;       10;    0.81;   stop
 16114;     842.15;    1091.52;     873.77;    1089.43;     872.85;    1075.48;     841.23;    1077.57;       10;    0.81;   move
  8890;    1754.28;    1046.72;    1782.72;    1042.99;    1780.92;    1029.28;    1752.48;    1033.01;       10;    0.81;   stop
   103;    2717.66;    1006.03;    2732.03;    1003.11;    2726.34;     975.17;    2711.97;     978.09;       10;    0.81;   stop
   117;    2045.52;    1974.17;    2055.80;    1949.03;    2043.08;    1943.83;    2032.80;    1968.97;       10;    0.81;   stop
 13305;    3290.51;    1494.26;    3300.90;    1465.22;    3286.99;    1460.24;    3276.60;    1489.28;       10;    0.81;   move
   169;    1411.90;    1053.57;    1438.79;    1052.27;    1438.10;    1038.03;    1411.21;    1039.33;       10;    0.81;   stop
    68;    3416.00;    1333.87;    3417.50;    1319.26;    3387.00;    1316.13;    3385.50;    1330.74;       10;    0.81;   stop
   236;    2067.91;    1326.06;    2085.28;    1324.08;    2081.59;    1291.74;    2064.22;    1293.72;       10;    0.81;   stop
   294;    2169.67;    1760.47;    2171.45;    1736.05;    2158.93;    1735.13;    2157.15;    1759.55;       10;    0.81;   stop
   218;    2957.88;    1917.69;    2988.43;    1902.13;    2980.37;    1886.31;    2949.82;    1901.87;       10;    0.81;   stop
 13621;    1976.95;     610.69;    1993.00;     608.66;    1989.05;     577.31;    1973.00;     579.34;       10;    0.81;   move
   100;    1968.45;     579.28;    1968.88;     551.35;    1953.95;     551.12;    1953.52;     579.05;       10;    0.81;   stop
   148;    1946.65;     698.92;    1960.92;     697.74;    1958.65;     670.28;    1944.38;     671.46;       10;    0.81;   stop
  9491;    2138.23;    1225.05;    2155.55;    1223.38;    2152.97;    1196.55;    2135.65;    1198.22;       10;    0.81;   stop
 15184;    2132.08;    1464.26;    2147.79;    1463.94;    2147.12;    1430.14;    2131.41;    1430.46;       10;    0.81;   stop
 12399;    2300.46;    1053.85;    2331.84;    1053.63;    2331.74;    1038.95;    2300.36;    1039.17;       10;    0.81;   stop
 13559;    2387.41;    1054.23;    2418.13;    1053.09;    2417.59;    1038.57;    2386.87;    1039.71;       10;    0.81;   stop
 14631;    2550.67;    1050.51;    2551.02;    1034.63;    2517.73;    1033.89;    2517.38;    1049.77;       10;    0.81;   stop
   232;    2687.27;    1271.58;    2687.39;    1257.06;    2659.53;    1256.82;    2659.41;    1271.34;       10;    0.81;   stop
   144;    2626.12;    1483.46;    2642.07;    1483.14;    2641.48;    1452.94;    2625.53;    1453.26;       10;    0.81;   stop
    69;    3270.18;    1585.22;    3279.86;    1554.74;    3265.82;    1550.28;    3256.14;    1580.76;       10;    0.81;   stop
   507;     286.29;    1047.82;     287.75;    1019.00;     271.71;    1018.18;     270.25;    1047.00;       10;    0.81;   stop
   198;     768.54;    1065.95;     796.94;    1064.98;     796.46;    1051.05;     768.06;    1052.02;       10;    0.81;   stop
   157;     335.74;    1178.07;     363.07;    1177.52;     362.76;    1161.93;     335.43;    1162.48;       10;    0.81;   stop
 13381;    1996.61;     591.30;    2011.57;     589.86;    2008.99;     563.10;    1994.03;     564.54;       10;    0.81;   move
  9292;    2071.83;    1056.95;    2084.35;    1050.06;    2070.57;    1025.05;    2058.05;    1031.94;       10;    0.81;   move
   200;     928.79;    1176.43;     956.67;    1175.33;     956.11;    1161.17;     928.23;    1162.27;       10;    0.81;   stop
 11649;    2287.08;    1311.87;    2316.01;    1311.34;    2315.72;    1295.73;    2286.79;    1296.26;       10;    0.81;   stop
   176;    2669.09;    1537.64;    2669.31;    1510.49;    2654.91;    1510.36;    2654.69;    1537.51;       10;    0.81;   stop
 16037;    3729.33;    1191.87;    3732.38;    1176.31;    3695.67;    1169.13;    3692.62;    1184.69;       10;    0.81;   move
   165;     971.32;    1621.87;     971.63;    1606.69;     943.68;    1606.13;     943.37;    1621.31;       10;    0.81;   stop
   107;    2661.81;    1787.48;    2662.95;    1757.90;    2647.79;    1757.32;    2646.65;    1786.90;       10;    0.81;   stop
   156;    2089.28;     384.28;    2103.57;     383.52;    2101.92;     352.52;    2087.62;     353.28;       10;    0.81;   stop
   138;    2664.13;    1708.87;    2666.43;    1678.67;    2651.47;    1677.53;    2649.17;    1707.73;       10;    0.81;   stop
    99;    2522.89;    2128.63;    2525.58;    2113.60;    2497.51;    2108.57;    2494.82;    2123.60;       10;    0.81;   stop
   228;    2082.52;     267.70;    2097.29;     267.01;    2095.88;     236.90;    2081.11;     237.59;       10;    0.81;   stop
  8336;    1817.18;    1044.86;    1847.71;    1044.62;    1847.59;    1029.94;    1817.07;    1030.18;       10;    0.81;   stop
   128;    3078.58;    1183.32;    3080.70;    1169.52;    3051.82;    1165.08;    3049.70;    1178.88;       10;    0.81;   stop
 13069;    2125.50;    1381.58;    2141.95;    1380.70;    2140.10;    1346.02;    2123.65;    1346.90;       10;    0.81;   stop
   349;    2566.25;    2031.79;    2571.86;    2016.46;    2540.55;    2005.01;    2534.94;    2020.34;       10;    0.81;   stop
     1;    2416.73;    2105.96;    2428.12;    2094.21;    2405.67;    2072.44;    2394.28;    2084.19;       10;    0.81;   stop
   146;    2885.99;    2005.03;    2900.59;    1997.68;    2884.63;    1965.97;    2870.03;    1973.32;       10;    0.81;   stop
   240;    2077.82;     341.34;    2091.29;     340.16;    2088.78;     311.46;    2075.31;     312.64;       10;    0.81;   stop
   306;    1109.65;    1058.32;    1137.31;    1056.19;    1136.35;    1043.68;    1108.69;    1045.81;       10;    0.81;   stop
 13501;    1985.17;     697.21;    2001.60;     695.74;    1998.83;     664.79;    1982.40;     666.26;       10;    0.81;   move
   255;    2777.88;    1155.70;    2778.62;    1141.31;    2751.32;    1139.90;    2750.58;    1154.29;       10;    0.81;   stop
   129;    3471.70;     895.05;    3489.42;     872.01;    3478.30;     863.45;    3460.58;     886.49;       10;    0.81;   stop
   249;    3300.18;    1394.93;    3310.51;    1363.39;    3295.82;    1358.57;    3285.49;    1390.11;       10;    0.81;   stop
   177;    3021.18;    1886.65;    3048.06;    1871.71;    3040.07;    1857.35;    3013.19;    1872.29;       10;    0.81;   stop
   230;     383.49;    1178.86;     414.28;    1175.25;     412.51;    1160.14;     381.72;    1163.75;       10;    0.80;   stop
 13489;    2269.62;    1075.80;    2297.04;    1074.86;    2296.58;    1061.40;    2269.16;    1062.34;       10;    0.80;   stop
  8541;    2674.31;    1130.78;    2674.48;    1116.00;    2641.29;    1115.62;    2641.12;    1130.40;       10;    0.80;   move
   115;    2167.93;    1377.96;    2168.67;    1347.60;    2154.07;    1347.24;    2153.33;    1377.60;       10;    0.80;   stop
    81;     698.06;    1414.58;     699.95;    1399.74;     669.94;    1395.92;     668.05;    1410.76;       10;    0.80;   stop
   248;     276.02;    1601.48;     276.67;    1586.79;     247.98;    1585.52;     247.33;    1600.21;       10;    0.80;   stop
   140;    2109.95;     725.24;    2123.66;     723.97;    2121.25;     697.96;    2107.54;     699.23;       10;    0.80;   stop
   302;     734.41;    1066.22;     763.08;    1065.27;     762.59;    1050.78;     733.92;    1051.73;       10;    0.80;   stop
 16380;      21.35;    1161.85;      55.08;    1155.57;      52.40;    1141.15;      18.67;    1147.43;       10;    0.80;   move
   199;    1163.87;    1175.14;    1190.64;    1174.11;    1190.13;    1160.86;    1163.36;    1161.89;       10;    0.80;   stop
  5266;    2120.68;     910.92;    2134.63;     909.63;    2132.12;     882.48;    2118.17;     883.77;       10;    0.80;   stop
 13422;    2228.95;    1076.78;    2261.90;    1075.80;    2261.45;    1060.42;    2228.50;    1061.40;       10;    0.80;   stop
 16052;     807.01;    1100.18;     807.21;    1085.43;     775.97;    1085.02;     775.78;    1099.77;       10;    0.80;   move
   164;     967.44;    1177.97;     995.76;    1175.44;     994.56;    1162.03;     966.24;    1164.56;       10;    0.80;   stop
 13033;    2345.40;    1052.22;    2374.53;    1051.95;    2374.40;    1038.18;    2345.27;    1038.45;       10;    0.80;   stop
 10335;    3255.76;    1106.76;    3258.58;    1092.56;    3229.84;    1086.84;    3227.02;    1101.04;       10;    0.80;   move
   256;    2091.26;    1812.67;    2094.98;    1775.84;    2078.04;    1774.13;    2074.32;    1810.96;       10;    0.80;   stop
    13;    2661.05;    1856.55;    2661.26;    1826.36;    2644.95;    1826.25;    2644.74;    1856.44;       10;    0.80;   stop
 13693;    1967.22;     541.61;    1981.22;     540.74;    1979.58;     514.39;    1965.58;     515.26;       10;    0.80;   move
   118;    1855.91;     587.25;    1856.87;     571.53;    1824.49;     569.55;    1823.53;     585.27;       10;    0.80;   stop
 13790;    1981.66;     362.28;    1997.16;     361.38;    1995.14;     326.52;    1979.64;     327.42;       10;    0.80;   stop
   188;    3019.25;      77.72;    3051.53;      73.75;    3049.75;      59.28;    3017.47;      63.25;       10;    0.80;   stop
   305;    1487.09;    1051.42;    1514.81;    1050.11;    1514.11;    1035.39;    1486.39;    1036.69;       10;    0.80;   stop
 15446;    1572.35;    1149.57;    1603.64;    1148.06;    1602.85;    1131.63;    1571.56;    1133.14;       10;    0.80;   move
   350;    2868.09;    1162.87;    2868.86;    1145.16;    2831.51;    1143.53;    2830.74;    1161.24;        9;    0.80;   stop
 11571;    3723.56;     906.62;    3752.61;     904.16;    3751.44;     890.38;    3722.39;     892.84;       10;    0.80;   move
   216;    3476.52;     956.43;    3494.07;     929.19;    3481.48;     921.07;    3463.93;     948.31;       10;    0.80;   stop
   194;    3457.74;     990.69;    3475.48;     958.62;    3462.26;     951.31;    3444.52;     983.38;       10;    0.80;   stop
  9661;    3325.41;    1444.86;    3334.30;    1418.21;    3320.59;    1413.64;    3311.70;    1440.29;       10;    0.80;   stop
 16350;    1967.27;      96.76;    1981.54;      95.71;    1979.53;      68.24;    1965.26;      69.29;       10;    0.80;   move
   367;    1074.62;    1059.68;    1104.16;    1057.99;    1103.38;    1044.32;    1073.84;    1046.01;       10;    0.80;   stop
 11284;     493.92;    1092.11;     523.67;    1091.93;     523.58;    1076.89;     493.83;    1077.07;       10;    0.80;   move
   205;    2077.24;    1411.37;    2094.85;    1408.64;    2088.16;    1365.43;    2070.54;    1368.16;        9;    0.80;   stop
 15185;    2880.53;     542.17;    2914.24;     539.01;    2912.67;     522.23;    2878.96;     525.39;       10;    0.80;   move
   271;    1947.17;     732.34;    1962.41;     731.66;    1961.23;     705.26;    1945.99;     705.94;       10;    0.80;   stop
 11886;    1658.21;    1085.11;    1687.79;    1084.35;    1687.39;    1068.89;    1657.81;    1069.65;       10;    0.80;   move
   234;     674.17;    1618.26;     701.89;    1618.13;     701.83;    1603.74;     674.11;    1603.87;       10;    0.80;   stop
   365;    2061.48;    1671.86;    2061.56;    1655.91;    2030.42;    1655.74;    2030.34;    1671.69;       10;    0.80;   stop
   378;    3864.31;    1318.15;    3867.61;    1303.12;    3835.69;    1296.10;    3832.39;    1311.13;       10;    0.80;   stop
    14;    2072.93;     134.01;    2073.34;     107.39;    2060.07;     107.19;    2059.66;     133.81;       10;    0.80;   stop
   290;    1923.11;     318.75;    1937.62;     317.87;    1935.84;     288.45;    1921.33;     289.33;       10;    0.80;   stop
  9748;     255.81;    1101.53;     285.61;    1100.64;     285.19;    1086.47;     255.39;    1087.36;       10;    0.80;   move
   261;    1951.09;     764.99;    1964.42;     763.80;    1962.11;     738.01;    1948.78;     739.20;       10;    0.80;   stop
  7571;    1555.80;    1063.67;    1592.16;    1062.90;    1591.80;    1045.93;    1555.44;    1046.70;        9;    0.80;   stop
   403;    2327.39;    1036.03;    2352.51;    1035.48;    2352.21;    1021.97;    2327.09;    1022.52;       10;    0.80;   stop
  8586;    2438.86;    1130.09;    2472.89;    1128.93;    2472.34;    1112.71;    2438.31;    1113.87;       10;    0.80;   move
    88;    3403.09;     936.38;    3434.67;     925.79;    3429.91;     911.62;    3398.33;     922.21;       10;    0.80;   stop
   352;    1053.08;     647.64;    1054.28;     634.03;    1026.92;     631.61;    1025.72;     645.22;       10;    0.80;   stop
  9680;     187.08;    1093.34;     213.76;    1092.62;     213.42;    1079.66;     186.74;    1080.38;       10;    0.80;   move
 11585;    2142.79;    1268.24;    2157.33;    1267.47;    2155.61;    1234.96;    2141.06;    1235.73;       10;    0.80;   stop
   843;    1973.23;    1636.34;    1974.93;    1622.53;    1948.37;    1619.26;    1946.67;    1633.07;       10;    0.80;   stop
    70;    2650.24;    2129.69;    2651.34;    2098.43;    2636.56;    2097.91;    2635.46;    2129.17;       10;    0.80;   stop
   168;    2082.94;     474.02;    2098.54;     473.71;    2097.86;     439.18;    2082.26;     439.49;       10;    0.80;   stop
 15262;    1969.32;     463.14;    1985.23;     461.89;    1982.78;     430.86;    1966.87;     432.11;       10;    0.80;   move
  9959;    2096.44;     790.13;    2110.94;     789.59;    2109.76;     757.87;    2095.26;     758.41;       10;    0.80;   stop
   304;     804.18;    1226.25;     835.06;    1225.78;     834.82;    1209.75;     803.94;    1210.22;       10;    0.80;   stop
   192;    1278.92;    1055.39;    1311.08;    1054.52;    1310.68;    1039.81;    1278.52;    1040.68;       10;    0.80;   stop
 13284;    1992.05;     811.23;    2008.05;     809.51;    2004.75;     778.77;    1988.75;     780.49;       10;    0.80;   move
   197;    2376.20;    2124.17;    2384.37;    2109.45;    2356.20;    2093.83;    2348.03;    2108.55;       10;    0.80;   stop
   166;    2861.28;    1299.84;    2890.15;    1298.28;    2889.22;    1281.16;    2860.35;    1282.72;       10;    0.80;   stop
   219;     664.56;    1067.29;     694.92;    1066.28;     694.44;    1051.71;     664.08;    1052.72;       10;    0.79;   stop
 15798;     919.67;    1153.54;     953.60;    1152.98;     953.33;    1136.46;     919.40;    1137.02;       10;    0.79;   move
   303;     691.17;    1177.50;     718.11;    1174.93;     716.83;    1161.50;     689.89;    1164.07;       10;    0.79;   stop
 13643;    2315.79;    1074.08;    2341.48;    1073.09;    2341.01;    1060.72;    2315.32;    1061.71;       10;    0.79;   stop
   345;    2538.13;    1301.06;    2566.57;    1300.47;    2566.27;    1286.14;    2537.83;    1286.73;       10;    0.79;   stop
  3737;    2118.93;     874.09;    2133.86;     872.78;    2131.47;     845.51;    2116.54;     846.82;       10;    0.79;   stop
   155;    2092.06;     707.53;    2105.82;     706.94;    2104.54;     677.27;    2090.78;     677.86;       10;    0.79;   stop
 13258;    2029.84;     794.13;    2044.89;     793.00;    2042.86;     765.87;    2027.81;     767.00;       10;    0.79;   move
   260;    1039.91;    1063.82;    1070.87;    1060.77;    1069.39;    1045.78;    1038.43;    1048.83;       10;    0.79;   stop
   268;    2746.85;    1267.22;    2774.63;    1265.91;    2773.95;    1251.58;    2746.17;    1252.89;       10;    0.79;   stop
    75;    3266.19;    1471.34;    3274.39;    1446.07;    3260.81;    1441.66;    3252.61;    1466.93;       10;    0.79;   stop
   280;    2202.45;     146.89;    2229.43;     144.32;    2228.15;     130.91;    2201.17;     133.48;       10;    0.79;   stop
   258;    1925.97;     203.58;    1940.51;     203.13;    1939.58;     172.62;    1925.04;     173.07;       10;    0.79;   stop
   241;    2791.30;     527.11;    2821.34;     522.93;    2819.50;     509.69;    2789.46;     513.87;       10;    0.79;   stop
   246;    2299.35;     562.46;    2329.02;     559.13;    2327.45;     545.14;    2297.78;     548.47;       10;    0.79;   stop
   382;    1778.34;     581.12;    1778.99;     567.36;    1752.06;     566.08;    1751.41;     579.84;       10;    0.79;   stop
   399;    2559.25;    1031.96;    2588.47;    1031.72;    2588.35;    1017.64;    2559.14;    1017.88;       10;    0.79;   stop
   224;     682.39;    1654.48;     683.11;    1640.09;     651.61;    1638.52;     650.89;    1652.91;       10;    0.79;   stop
   289;    2663.46;    1752.73;    2664.51;    1719.37;    2648.54;    1718.87;    2647.49;    1752.23;       10;    0.79;   stop
   301;    1161.40;     650.53;    1162.13;     635.04;    1128.60;     633.47;    1127.87;     648.96;       10;    0.79;   stop
   321;     554.02;    1029.60;     570.94;    1028.01;     567.98;     996.40;     551.06;     997.99;       10;    0.79;   stop
   252;    1643.95;    1169.39;    1679.21;    1168.66;    1678.85;    1151.41;    1643.59;    1152.14;       10;    0.79;   stop
 13001;    2023.69;    1022.13;    2038.41;    1020.77;    2035.81;     992.67;    2021.09;     994.03;       10;    0.79;   move
 14548;    2478.45;    1052.90;    2506.18;    1052.42;    2505.95;    1038.70;    2478.22;    1039.18;       10;    0.79;   stop
   206;    3177.69;    1626.39;    3187.84;    1593.03;    3173.31;    1588.61;    3163.16;    1621.97;       10;    0.79;   stop
    84;    1933.53;     508.36;    1948.51;     508.34;    1948.47;     478.04;    1933.49;     478.06;       10;    0.79;   stop
   374;     318.70;    1050.80;     323.63;    1019.71;     307.80;    1017.20;     302.87;    1048.29;       10;    0.79;   stop
   313;     206.32;    1178.83;     235.00;    1178.20;     234.68;    1163.17;     206.00;    1163.80;       10;    0.79;   stop
 11856;    2317.53;    1122.80;    2345.13;    1121.78;    2344.67;    1109.20;    2317.07;    1110.22;       10;    0.79;   move
 12393;    2075.85;    1241.31;    2091.40;    1237.99;    2084.45;    1205.49;    2068.91;    1208.81;       10;    0.79;   move
   195;    3271.99;    1295.32;    3284.62;    1263.48;    3270.01;    1257.68;    3257.38;    1289.52;       10;    0.79;   stop
   223;      79.61;    1589.32;      80.52;    1574.18;      55.39;    1572.68;      54.48;    1587.82;       10;    0.79;   stop
   308;     583.20;    1653.26;     583.90;    1637.92;     557.80;    1636.74;     557.10;    1652.08;       10;    0.79;   stop
   317;     443.75;    1788.39;     461.74;    1787.85;     460.75;    1754.61;     442.76;    1755.15;       10;    0.79;   stop
   244;    3009.62;    1812.06;    3016.31;    1798.06;    2988.88;    1784.94;    2982.19;    1798.94;       10;    0.79;   stop
   330;     802.23;    1210.06;     835.10;    1209.40;     834.77;    1192.94;     801.90;    1193.60;       10;    0.79;   stop
   483;     858.73;    1232.60;     875.65;    1231.25;     873.27;    1201.40;     856.35;    1202.75;       10;    0.79;   stop
   293;    1475.65;    1047.48;    1475.73;    1033.48;    1449.95;    1033.32;    1449.87;    1047.32;       10;    0.79;   stop
 13136;     819.84;    1076.51;     827.20;    1046.34;     812.23;    1042.69;     804.88;    1072.86;       10;    0.79;   stop
   315;    2507.47;    1158.72;    2539.78;    1157.81;    2539.33;    1141.68;    2507.02;    1142.59;       10;    0.79;   stop
   326;    1253.64;     656.33;    1254.15;     641.70;    1224.36;     640.67;    1223.85;     655.30;       10;    0.79;   stop
 11114;    1655.88;    1050.48;    1669.00;    1045.27;    1659.72;    1021.92;    1646.60;    1027.13;       10;    0.79;   move
   343;     936.02;    1061.91;     963.33;    1059.99;     962.38;    1046.49;     935.07;    1048.41;       10;    0.79;   stop
   346;    2251.39;    1315.11;    2280.95;    1309.60;    2278.21;    1294.89;    2248.65;    1300.40;       10;    0.79;   stop
   371;    3788.68;     306.51;    3800.28;     273.62;    3784.32;     267.99;    3772.72;     300.88;       10;    0.79;   stop
   215;    2233.22;    1160.09;    2262.28;    1159.49;    2261.98;    1145.11;    2232.92;    1145.71;       10;    0.79;   stop
 15449;    2416.64;    1073.14;    2445.34;    1070.68;    2444.16;    1056.86;    2415.46;    1059.32;       10;    0.79;   stop
   254;    2422.95;    1156.76;    2447.73;    1156.20;    2447.45;    1143.64;    2422.67;    1144.20;       10;    0.79;   stop
    82;    3580.14;     842.38;    3588.87;     815.91;    3575.86;     811.62;    3567.13;     838.09;       10;    0.79;   stop
   274;    3805.80;     922.56;    3836.34;     920.27;    3835.20;     904.94;    3804.66;     907.23;       10;    0.79;   stop
   412;     553.74;    1653.20;     554.43;    1638.14;     525.26;    1636.80;     524.57;    1651.86;       10;    0.79;   stop
   222;    2462.98;    1158.00;    2491.88;    1157.08;    2491.42;    1142.40;    2462.52;    1143.32;       10;    0.78;   stop
   266;    2991.13;    1824.49;    2999.80;    1812.06;    2974.62;    1794.51;    2965.95;    1806.94;       10;    0.78;   stop
 16062;    1956.48;     313.47;    1971.29;     312.17;    1968.62;     281.73;    1953.81;     283.03;       10;    0.78;   stop
   300;    2117.23;     801.41;    2131.05;     800.41;    2129.17;     774.19;    2115.35;     775.19;       10;    0.78;   stop
   311;    3815.22;     233.38;    3827.73;     202.84;    3813.78;     197.12;    3801.27;     227.66;       10;    0.78;   stop
   282;     530.60;    1068.77;     559.07;    1067.43;     558.40;    1053.23;     529.93;    1054.57;       10;    0.78;   stop
 15635;    1217.84;    1143.10;    1246.04;    1142.54;    1245.76;    1128.50;    1217.56;    1129.06;       10;    0.78;   move
   263;    1840.27;    1167.41;    1868.15;    1166.60;    1867.73;    1152.19;    1839.85;    1153.00;       10;    0.78;   stop
   295;    2030.16;    1634.38;    2060.53;    1633.81;    2060.24;    1618.82;    2029.87;    1619.39;       10;    0.78;   stop
   250;    2880.39;     520.65;    2909.61;     517.40;    2908.01;     502.95;    2878.79;     506.20;       10;    0.78;   stop
   298;    2475.75;     550.97;    2506.57;     547.54;    2505.05;     533.83;    2474.23;     537.26;       10;    0.78;   stop
   359;     297.22;    1177.68;     326.91;    1176.51;     326.28;    1160.32;     296.59;    1161.49;       10;    0.78;   stop
   262;    1965.55;    1011.44;    1990.34;     963.13;    1972.85;     954.16;    1948.06;    1002.47;        9;    0.78;   stop
   390;    1435.11;    1177.52;    1483.73;    1176.38;    1483.29;    1157.68;    1434.67;    1158.82;        9;    0.78;   stop
   401;    3119.80;    1191.33;    3121.34;    1177.74;    3094.20;    1174.67;    3092.66;    1188.26;       10;    0.78;   stop
   154;    2675.92;    2056.35;    2703.70;    2041.34;    2696.08;    2027.25;    2668.30;    2042.27;       10;    0.78;   stop
   235;     978.49;    1657.32;    1003.63;    1657.11;    1003.51;    1642.68;     978.37;    1642.89;       10;    0.78;   stop
   175;    1434.26;    1662.79;    1434.72;    1648.92;    1407.34;    1648.01;    1406.88;    1661.88;       10;    0.78;   stop
    62;    2803.33;    1913.58;    2811.78;    1900.96;    2787.07;    1884.42;    2778.62;    1897.04;       10;    0.78;   stop
   237;    2455.00;    2082.75;    2462.55;    2069.11;    2434.60;    2053.65;    2427.05;    2067.29;       10;    0.78;   stop
   283;     919.27;    1224.46;     920.33;    1209.65;     890.73;    1207.54;     889.67;    1222.35;       10;    0.78;   stop
 13364;    1934.54;    1107.37;    1934.58;    1092.30;    1903.06;    1092.23;    1903.02;    1107.30;       10;    0.78;   stop
   284;    1689.34;    1170.15;    1721.88;    1168.42;    1721.06;    1153.05;    1688.52;    1154.78;       10;    0.78;   stop
 13901;    2429.71;    1053.14;    2456.71;    1050.32;    2455.09;    1034.86;    2428.09;    1037.68;       10;    0.78;   stop
   184;    3624.20;     724.47;    3635.90;     695.03;    3620.80;     689.03;    3609.10;     718.47;       10;    0.78;   stop
 13973;    3639.43;    1234.13;    3642.89;    1219.05;    3611.57;    1211.87;    3608.11;    1226.95;       10;    0.78;   move
 15691;    2424.73;    2139.42;    2449.97;    2127.06;    2443.27;    2113.38;    2418.03;    2125.74;       10;    0.78;   move
 13694;    3620.50;      20.43;    3653.38;      18.55;    3652.50;       3.07;    3619.62;       4.95;       10;    0.78;   stop
   335;    3600.11;     894.69;    3627.95;     894.56;    3627.89;     880.31;    3600.05;     880.44;       10;    0.78;   stop
  4083;    2711.00;    1964.27;    2719.37;    1951.35;    2693.40;    1934.53;    2685.03;    1947.45;       10;    0.78;   stop
   341;    2984.84;      81.06;    3014.18;      77.12;    3012.36;      63.54;    2983.02;      67.48;       10;    0.78;   stop
 10072;    2904.59;      90.24;    2930.18;      86.73;    2928.21;      72.36;    2902.62;      75.87;       10;    0.78;   stop
   137;      41.56;    1585.05;      42.16;    1571.65;      15.03;    1570.45;      14.43;    1583.85;       10;    0.78;   stop
   436;     907.85;    1655.95;     908.17;    1642.64;     883.15;    1642.05;     882.83;    1655.36;       10;    0.78;   stop
   226;    2354.69;    2135.31;    2361.85;    2120.32;    2333.31;    2106.69;    2326.15;    2121.68;       10;    0.78;   stop
 11410;    2032.19;     869.48;    2047.47;     868.44;    2045.41;     838.12;    2030.13;     839.16;       10;    0.77;   move
   259;    2337.09;     559.39;    2367.81;     556.61;    2366.51;     542.21;    2335.79;     544.99;       10;    0.77;   stop
 13337;    1162.10;    1087.94;    1192.07;    1087.58;    1191.90;    1073.06;    1161.93;    1073.42;       10;    0.77;   move
   273;    2056.33;    1248.38;    2071.83;    1245.87;    2066.87;    1215.22;    2051.37;    1217.73;       10;    0.77;   stop
   334;    2355.96;    1157.95;    2384.75;    1156.93;    2384.24;    1142.45;    2355.45;    1143.47;       10;    0.77;   stop
   400;    2546.39;    1155.63;    2575.11;    1155.07;    2574.81;    1139.97;    2546.09;    1140.53;       10;    0.77;   stop
 16161;    3736.64;    1216.43;    3739.51;    1199.28;    3705.36;    1193.57;    3702.49;    1210.72;       10;    0.77;   move
   229;    2199.09;     569.61;    2227.58;     567.42;    2226.51;     553.59;    2198.02;     555.78;       10;    0.77;   stop
   291;    2511.82;     547.19;    2538.68;     544.47;    2537.38;     531.61;    2510.52;     534.33;       10;    0.77;   stop
   320;    3830.68;     196.88;    3841.55;     167.35;    3827.32;     162.12;    3816.45;     191.65;       10;    0.77;   stop
   453;    1102.02;     650.68;    1103.57;     636.29;    1075.98;     633.32;    1074.43;     647.71;       10;    0.77;   stop
   101;     409.97;    1067.36;     410.18;    1054.04;     384.03;    1053.64;     383.82;    1066.96;       10;    0.77;   stop
   312;     496.44;    1070.75;     524.81;    1067.96;     523.56;    1055.25;     495.19;    1058.04;       10;    0.77;   stop
 16140;     528.86;    1143.65;     564.26;    1143.40;     564.14;    1126.35;     528.74;    1126.60;       10;    0.77;   move
   332;    2544.24;     547.98;    2577.05;     545.26;    2575.76;     529.62;    2542.95;     532.34;       10;    0.77;   stop
   316;    3724.03;     926.74;    3754.03;     924.58;    3752.97;     909.76;    3722.97;     911.92;       10;    0.77;   stop
   460;    2689.14;    1155.73;    2716.85;    1154.96;    2716.46;    1141.07;    2688.75;    1141.84;       10;    0.77;   stop
   265;    3444.02;     919.24;    3465.31;     900.18;    3455.98;     889.76;    3434.69;     908.82;       10;    0.77;   stop
   337;    1638.62;    1665.16;    1639.06;    1650.06;    1610.98;    1649.24;    1610.54;    1664.34;       10;    0.77;   stop
   299;    2405.43;     555.46;    2434.89;     553.14;    2433.77;     538.94;    2404.31;     541.26;       10;    0.77;   stop
  1921;    3694.55;     542.65;    3703.07;     511.32;    3688.45;     507.35;    3679.93;     538.68;       10;    0.77;   stop
   446;    1227.51;    1055.68;    1254.32;    1054.00;    1253.49;    1040.72;    1226.68;    1042.40;       10;    0.77;   stop
   477;    1962.08;     896.27;    1975.17;     895.09;    1972.72;     867.73;    1959.63;     868.91;       10;    0.77;   stop
   372;    3427.21;    1047.71;    3439.64;    1022.67;    3426.79;    1016.29;    3414.36;    1041.33;       10;    0.77;   stop
   277;     972.76;    1985.28;     988.30;    1985.25;     988.24;    1953.72;     972.70;    1953.75;       10;    0.77;   stop
   409;    1578.60;    1172.71;    1605.94;    1170.92;    1605.00;    1156.50;    1577.66;    1158.28;       10;    0.77;   stop
   391;    2581.72;    1155.28;    2611.90;    1154.39;    2611.48;    1140.32;    2581.31;    1141.21;       10;    0.77;   stop
   276;     306.56;    1605.72;     308.42;    1591.93;     281.44;    1588.28;     279.58;    1602.07;       10;    0.77;   stop
   462;    2644.14;    1349.99;    2644.59;    1317.84;    2628.26;    1317.61;    2627.81;    1349.76;       10;    0.77;   stop
   309;    2633.29;    1747.31;    2635.32;    1713.28;    2618.71;    1712.29;    2616.68;    1746.32;       10;    0.77;   stop
   196;    2692.45;    1973.56;    2700.35;    1959.44;    2673.55;    1944.44;    2665.65;    1958.56;       10;    0.77;   stop
 11210;    2034.49;     931.34;    2050.24;     930.23;    2047.91;     897.46;    2032.16;     898.57;       10;    0.77;   move
   404;    2638.34;    1031.51;    2666.52;    1028.79;    2665.26;    1015.69;    2637.08;    1018.41;       10;    0.77;   stop
   287;     355.09;    1645.46;     356.26;    1629.77;     326.41;    1627.54;     325.24;    1643.23;       10;    0.77;   stop
   288;     968.93;    1657.57;     969.13;    1642.81;     942.07;    1642.43;     941.87;    1657.19;       10;    0.77;   stop
   351;     925.00;    1999.77;     940.25;    1999.16;     939.00;    1968.23;     923.75;    1968.84;       10;    0.77;   stop
   278;    2088.49;    1607.58;    2108.48;    1606.89;    2106.71;    1555.62;    2086.72;    1556.31;        9;    0.76;   stop
   269;    2083.73;    1476.13;    2099.21;    1475.51;    2097.87;    1442.27;    2082.39;    1442.89;       10;    0.76;   stop
   384;    1466.56;    1663.88;    1467.40;    1648.55;    1437.44;    1646.92;    1436.60;    1662.25;       10;    0.76;   stop
   336;     941.81;    1994.16;     957.74;    1993.29;     956.19;    1964.84;     940.26;    1965.71;       10;    0.76;   stop
   356;    1611.50;    1627.69;    1642.96;    1627.56;    1642.90;    1613.51;    1611.44;    1613.64;       10;    0.76;   stop
   442;    2567.30;     121.40;    2596.29;     118.40;    2594.70;     103.00;    2565.71;     106.00;       10;    0.76;   stop
   327;    3772.51;     340.11;    3781.77;     313.51;    3768.49;     308.89;    3759.23;     335.49;       10;    0.76;   stop
   388;    1624.13;    1048.78;    1624.16;    1033.27;    1595.47;    1033.22;    1595.44;    1048.73;       10;    0.76;   stop
  5044;    1676.22;    1048.38;    1705.58;    1048.01;    1705.38;    1032.42;    1676.02;    1032.79;       10;    0.76;   stop
 12258;    1732.88;    1079.51;    1763.57;    1077.80;    1762.72;    1062.49;    1732.03;    1064.20;       10;    0.76;   move
   456;     835.07;    1654.97;     835.09;    1640.08;     803.93;    1640.03;     803.91;    1654.92;       10;    0.76;   stop
 13514;    2762.03;    1963.71;    2792.98;    1949.07;    2786.37;    1935.09;    2755.42;    1949.73;       10;    0.76;   move
   529;    1955.56;     854.86;    1969.16;     853.37;    1965.94;     823.94;    1952.34;     825.43;       10;    0.76;   stop
 16367;    3617.58;     691.26;    3628.93;     659.84;    3613.42;     654.24;    3602.07;     685.66;       10;    0.76;   move
   642;    2148.23;    1897.27;    2156.93;    1853.15;    2136.57;    1849.13;    2127.87;    1893.25;        9;    0.76;   stop
   325;     435.86;      92.20;     464.81;      89.66;     463.64;      76.30;     434.69;      78.84;       10;    0.76;   stop
   377;    3608.01;     655.98;    3618.88;     628.66;    3605.99;     623.52;    3595.12;     650.84;       10;    0.76;   stop
   174;     921.54;    1999.45;     921.98;    1970.78;     907.46;    1970.55;     907.02;    1999.22;       10;    0.76;   stop
 11684;    2241.86;    1048.22;    2242.14;    1034.32;    2215.14;    1033.78;    2214.86;    1047.68;       10;    0.75;   stop
 10927;    3320.46;    1141.11;    3327.76;    1128.85;    3304.34;    1114.89;    3297.04;    1127.15;       10;    0.75;   move
   385;    3128.00;    1822.37;    3155.36;    1794.99;    3141.60;    1781.23;    3114.24;    1808.61;        9;    0.75;   stop
   474;    2833.32;    1895.22;    2839.79;    1882.28;    2816.81;    1870.78;    2810.33;    1883.72;       10;    0.75;   stop
  9811;     413.55;    1088.68;     444.20;    1087.11;     443.45;    1072.32;     412.80;    1073.89;       10;    0.75;   move
 12928;    1972.11;    1032.32;    1987.87;    1013.15;    1978.29;    1005.28;    1962.53;    1024.45;       10;    0.75;   move
  5198;    2593.98;    2017.32;    2598.66;    2002.21;    2569.22;    1993.08;    2564.54;    2008.19;       10;    0.75;   stop
   623;    2070.10;    1365.94;    2085.17;    1363.44;    2079.50;    1329.26;    2064.43;    1331.76;        9;    0.75;   stop
 10986;    2041.42;     994.16;    2055.60;     993.07;    2053.48;     965.44;    2039.30;     966.53;       10;    0.75;   move
   437;    1952.31;     395.77;    1952.87;     359.27;    1936.89;     359.03;    1936.33;     395.53;       10;    0.75;   stop
 13680;    1866.32;    1107.57;    1896.21;    1106.47;    1895.68;    1092.03;    1865.79;    1093.13;       10;    0.75;   stop
   217;    2096.21;     748.02;    2111.77;     746.46;    2108.59;     714.78;    2093.03;     716.34;       10;    0.75;   stop
   329;     636.39;    1211.90;     666.74;    1211.64;     666.61;    1196.10;     636.26;    1196.36;       10;    0.75;   stop
 12783;    1912.84;    1063.71;    1942.06;    1053.04;    1937.26;    1039.89;    1908.04;    1050.56;       10;    0.75;   move
   369;    3656.01;     892.64;    3687.28;     889.72;    3685.99;     875.86;    3654.72;     878.78;       10;    0.75;   stop
   512;     845.84;    1058.04;     872.51;    1055.57;     871.36;    1043.16;     844.69;    1045.63;       10;    0.75;   stop
   364;    1494.35;    1625.11;    1494.75;    1612.06;    1469.65;    1611.29;    1469.25;    1624.34;       10;    0.75;   stop
   430;    2147.20;    2113.44;    2164.18;    2112.95;    2163.20;    2079.36;    2146.22;    2079.85;       10;    0.75;   stop
   495;    2746.32;     104.57;    2777.41;     100.89;    2775.68;      86.23;    2744.59;      89.91;       10;    0.74;   stop
   509;     496.52;    1652.26;     522.94;    1649.46;     521.48;    1635.74;     495.06;    1638.54;       10;    0.74;   stop
   451;    2218.54;    2049.42;    2218.69;    2032.06;    2185.66;    2031.78;    2185.51;    2049.14;       10;    0.74;   stop
   417;    2887.50;    1958.40;    2910.56;    1943.54;    2902.88;    1931.60;    2879.81;    1946.46;       10;    0.74;   stop
   411;    3409.41;    1296.41;    3433.23;    1268.30;    3420.59;    1257.59;    3396.77;    1285.70;       10;    0.74;   stop
  5383;     896.81;      39.03;     897.62;      20.15;     870.19;      18.97;     869.38;      37.85;       10;    0.74;   stop
   393;     470.89;      87.00;     500.98;      85.07;     500.11;      71.50;     470.02;      73.43;       10;    0.74;   stop
   392;    1607.17;    1666.79;    1607.51;    1651.85;    1580.03;    1651.21;    1579.69;    1666.15;       10;    0.74;   stop
   348;    3112.49;      68.95;    3141.52;      65.95;    3140.01;      51.30;    3110.98;      54.30;       10;    0.74;   stop
   455;    1499.42;    1174.69;    1529.99;    1173.49;    1529.38;    1158.11;    1498.81;    1159.31;       10;    0.74;   stop
   476;    1924.78;    1166.93;    1953.26;    1162.65;    1951.22;    1149.07;    1922.74;    1153.35;       10;    0.74;   stop
   447;    3440.56;    1021.52;    3453.33;     995.90;    3440.44;     989.48;    3427.67;    1015.10;       10;    0.74;   stop
    98;    2628.57;    1856.77;    2630.14;    1828.05;    2615.03;    1827.23;    2613.46;    1855.95;       10;    0.74;   stop
   247;    3016.23;     511.46;    3046.38;     506.27;    3044.02;     492.54;    3013.87;     497.73;       10;    0.74;   stop
   396;     451.92;    1866.07;     466.36;    1865.40;     465.08;    1837.93;     450.64;    1838.60;       10;    0.74;   stop
   243;    2628.93;    1826.06;    2630.42;    1798.73;    2615.87;    1797.94;    2614.38;    1825.27;       10;    0.74;   stop
   376;    3651.33;     654.12;    3658.44;     629.27;    3645.67;     625.63;    3638.56;     650.48;       10;    0.74;   stop
   466;    2228.21;     567.49;    2255.73;     564.18;    2253.99;     549.71;    2226.47;     553.02;       10;    0.74;   stop
   518;    2933.97;      84.66;    2962.04;      80.67;    2960.03;      66.54;    2931.96;      70.53;       10;    0.73;   stop
   454;    1190.95;    1008.04;    1206.30;    1007.39;    1205.05;     977.96;    1189.70;     978.61;       10;    0.73;   stop
   499;     241.47;    1178.92;     272.22;    1177.56;     271.53;    1162.08;     240.78;    1163.44;       10;    0.73;   stop
   441;    1388.48;    1627.57;    1421.68;    1625.50;    1420.72;    1610.03;    1387.52;    1612.10;       10;    0.73;   stop
   494;    1940.02;    1633.42;    1940.11;    1618.76;    1911.73;    1618.58;    1911.64;    1633.24;       10;    0.73;   stop
  4593;    1712.01;     579.72;    1744.07;     579.57;    1744.00;     563.88;    1711.93;     564.03;       10;    0.73;   stop
   415;     890.61;    1177.63;     927.84;    1176.97;     927.54;    1159.97;     890.31;    1160.63;       10;    0.73;   stop
   363;    3728.38;     887.59;    3755.64;     885.55;    3754.62;     871.91;    3727.36;     873.95;       10;    0.73;   stop
   383;     740.70;    1656.38;     766.10;    1654.97;     765.30;    1640.62;     739.90;    1642.03;       10;    0.73;   stop
   429;     475.99;    2130.20;     490.93;    2129.22;     489.01;    2099.80;     474.07;    2100.78;       10;    0.73;   stop
   333;    2914.59;     517.53;    2944.98;     514.03;    2943.41;     500.47;    2913.02;     503.97;       10;    0.73;   stop
   421;     555.78;     577.69;     559.07;     563.58;     532.22;     557.31;     528.93;     571.42;       10;    0.73;   stop
   380;    1966.93;     944.54;    1980.17;     942.97;    1976.77;     914.26;    1963.53;     915.83;       10;    0.73;   stop
   505;     471.98;    2098.49;     489.06;    2097.28;     487.02;    2068.51;     469.94;    2069.72;       10;    0.73;   stop
 15561;     622.45;    1102.71;     650.18;    1101.48;     649.55;    1087.29;     621.82;    1088.52;       10;    0.73;   move
   347;    2785.07;    1925.58;    2793.29;    1911.43;    2763.33;    1894.02;    2755.11;    1908.17;       10;    0.73;   stop
   459;    3801.23;     268.28;    3811.46;     242.82;    3798.77;     237.72;    3788.54;     263.18;       10;    0.73;   stop
   419;     891.53;    2000.80;     906.90;    2000.10;     905.47;    1968.80;     890.10;    1969.50;       10;    0.73;   stop
   422;    3213.19;      59.83;    3245.26;      56.39;    3243.61;      40.97;    3211.54;      44.41;       10;    0.72;   stop
  6057;    2506.98;     123.44;    2532.50;     121.55;    2531.42;     106.96;    2505.90;     108.85;       10;    0.72;   stop
   323;    2049.90;    1213.94;    2064.44;    1211.12;    2059.10;    1183.66;    2044.56;    1186.48;       10;    0.72;   stop
   418;    3664.12;     619.68;    3673.61;     590.04;    3658.88;     585.32;    3649.39;     614.96;       10;    0.72;   stop
   493;    2272.12;     140.64;    2300.15;     140.15;    2299.88;     124.56;    2271.85;     125.05;       10;    0.72;   stop
 16002;    2150.81;    1591.08;    2151.32;    1567.61;    2137.99;    1567.32;    2137.48;    1590.79;       10;    0.72;   move
   498;    2431.33;    2097.08;    2443.04;    2085.48;    2422.27;    2064.52;    2410.56;    2076.12;       10;    0.72;   stop
   501;    2713.46;     535.28;    2745.91;     530.41;    2743.74;     515.92;    2711.29;     520.79;       10;    0.72;   stop
   387;    2839.16;     565.17;    2867.93;     562.34;    2866.44;     547.23;    2837.67;     550.06;       10;    0.72;   stop
   458;    2947.47;     515.28;    2976.95;     510.71;    2974.78;     496.72;    2945.30;     501.29;       10;    0.72;   stop
   431;    3843.35;     161.34;    3854.71;     130.92;    3840.65;     125.66;    3829.29;     156.08;       10;    0.72;   stop
   489;    3056.26;      73.64;    3087.04;      70.10;    3085.49;      56.61;    3054.71;      60.15;       10;    0.72;   stop
   504;    3755.04;     450.11;    3789.12;     447.39;    3787.96;     432.89;    3753.88;     435.61;       10;    0.71;   stop
   520;    3360.86;      44.33;    3391.32;      41.84;    3390.14;      27.42;    3359.68;      29.91;       10;    0.71;   stop
   541;     497.99;    1178.14;     527.74;    1176.67;     527.01;    1161.86;     497.26;    1163.33;       10;    0.71;   stop
   502;      95.44;    1185.09;     124.27;    1181.45;     122.44;    1166.91;      93.60;    1170.55;       10;    0.71;   stop
   487;     997.83;    2073.07;    1009.54;    2072.39;    1008.17;    2048.93;     996.46;    2049.61;       10;    0.71;   stop
   526;    2168.23;    2112.86;    2182.15;    2112.11;    2180.57;    2082.34;    2166.65;    2083.09;       10;    0.71;   stop
 13928;    2408.75;    2126.41;    2435.25;    2112.55;    2428.05;    2098.79;    2401.55;    2112.65;       10;    0.71;   stop
   470;    2075.19;     111.92;    2088.99;     111.82;    2088.81;      87.28;    2075.01;      87.38;       10;    0.71;   stop
   355;    1432.86;    1626.02;    1460.92;    1624.89;    1460.34;    1610.38;    1432.28;    1611.51;       10;    0.71;   stop
   484;     782.64;      44.99;     811.53;      44.68;     811.36;      29.01;     782.47;      29.32;       10;    0.71;   stop
   444;     842.62;    1231.87;     855.74;    1231.61;     855.23;    1205.33;     842.11;    1205.59;       10;    0.71;   stop
 16343;    3917.31;    1237.54;    3921.44;    1220.10;    3880.69;    1210.46;    3876.56;    1227.90;       10;    0.71;   move
   472;    2984.55;     512.25;    3007.09;     509.23;    3005.45;     496.95;    2982.91;     499.97;       10;    0.71;   stop
   549;    2191.64;    2110.84;    2204.50;    2107.73;    2197.96;    2080.76;    2185.10;    2083.87;       10;    0.71;   stop
   558;    3795.97;     449.57;    3825.01;     445.82;    3823.03;     430.43;    3793.99;     434.18;       10;    0.70;   stop
   469;    2162.13;    1497.52;    2174.66;    1496.39;    2172.27;    1470.08;    2159.74;    1471.21;       10;    0.70;   stop
   522;     438.86;    1671.32;     445.06;    1657.66;     418.64;    1645.68;     412.44;    1659.34;       10;    0.70;   stop
   536;    2819.22;      94.67;    2844.07;      90.47;    2841.98;      78.13;    2817.13;      82.33;       10;    0.70;   stop
   408;    3725.59;     496.23;    3760.34;     494.10;    3759.41;     478.77;    3724.66;     480.90;       10;    0.70;   stop
   553;     287.63;    1013.54;     288.90;     986.15;     273.87;     985.46;     272.60;    1012.85;       10;    0.70;   stop
   570;    1059.21;    1182.00;    1059.89;    1167.62;    1033.89;    1166.40;    1033.22;    1180.78;       10;    0.70;   stop
  3786;    2670.35;    1446.32;    2672.57;    1421.64;    2659.65;    1420.48;    2657.43;    1445.16;       10;    0.70;   stop
   434;    3676.87;     930.01;    3701.32;     929.69;    3701.13;     914.49;    3676.68;     914.81;       10;    0.70;   stop
 14392;     739.87;    1306.87;     757.30;    1303.28;     751.13;    1273.38;     733.70;    1276.97;       10;    0.70;   stop
   297;     643.56;      65.20;     679.06;      61.53;     677.44;      45.80;     641.94;      49.47;       10;    0.70;   stop
   443;    3322.90;      85.60;    3350.36;      82.95;    3349.10;      69.90;    3321.64;      72.55;       10;    0.70;   stop
   461;    2439.84;    1310.30;    2440.50;    1292.85;    2399.36;    1291.30;    2398.70;    1308.75;        9;    0.70;   stop
   566;    2664.32;     348.16;    2678.43;     347.76;    2677.68;     321.44;    2663.57;     321.84;       10;    0.70;   stop
   435;     521.67;    1376.42;     522.28;    1363.20;     497.83;    1362.08;     497.22;    1375.30;       10;    0.70;   stop
   548;     456.34;    1907.38;     470.82;    1906.63;     469.16;    1874.62;     454.68;    1875.37;       10;    0.70;   stop
   405;    2665.44;    1631.96;    2667.76;    1603.17;    2653.76;    1602.04;    2651.44;    1630.83;       10;    0.70;   stop
   481;    3246.33;     490.84;    3272.48;     486.70;    3270.47;     473.96;    3244.32;     478.10;       10;    0.70;   stop
   528;     526.95;     572.81;     529.88;     557.81;     501.05;     552.19;     498.12;     567.19;       10;    0.69;   stop
   394;    1381.79;    1482.39;    1383.88;    1457.54;    1370.41;    1456.41;    1368.32;    1481.26;       10;    0.69;   stop
   525;    1539.20;    1173.52;    1568.19;    1172.32;    1567.60;    1158.08;    1538.61;    1159.28;       10;    0.69;   stop
   427;    3693.15;     888.00;    3718.63;     886.46;    3717.85;     873.50;    3692.37;     875.04;       10;    0.69;   stop
   554;    2264.63;     566.02;    2294.38;     563.58;    2293.17;     548.78;    2263.42;     551.22;       10;    0.69;   stop
   296;    2658.31;    1898.18;    2659.31;    1863.09;    2642.89;    1862.62;    2641.89;    1897.71;       10;    0.69;   stop
 10120;    2663.34;     107.66;    2688.77;     106.63;    2688.26;      93.94;    2662.83;      94.97;       10;    0.69;   stop
   463;    2304.34;     137.41;    2330.91;     134.87;    2329.66;     121.79;    2303.09;     124.33;       10;    0.69;   stop
 11849;    3226.11;    1697.26;    3235.83;    1666.15;    3221.09;    1661.54;    3211.37;    1692.65;       10;    0.69;   stop
   497;    2646.82;    2070.20;    2672.22;    2055.85;    2665.18;    2043.40;    2639.78;    2057.75;       10;    0.69;   stop
   519;     986.11;      23.22;     986.20;       9.37;     959.09;       9.18;     959.00;      23.03;       10;    0.69;   stop
   503;    2167.15;     149.51;    2196.94;     147.69;    2196.05;     133.09;    2166.26;     134.91;       10;    0.69;   stop
 13180;    2011.53;     860.22;    2028.86;     858.57;    2025.28;     820.98;    2007.94;     822.63;        9;    0.69;   move
   457;    2405.80;     130.10;    2435.96;     127.22;    2434.60;     112.90;    2404.44;     115.78;       10;    0.69;   stop
   475;    2842.35;     522.51;    2870.32;     520.23;    2869.25;     507.09;    2841.28;     509.37;       10;    0.69;   stop
   559;    2529.32;    1272.64;    2557.64;    1271.55;    2557.08;    1256.96;    2528.76;    1258.05;       10;    0.69;   stop
   452;    2470.40;    2152.14;    2499.98;    2138.74;    2493.60;    2124.66;    2464.02;    2138.06;       10;    0.69;   stop
 13317;    3996.01;      43.93;    4012.80;      43.49;    4011.99;      12.32;    3995.20;      12.76;       10;    0.69;   stop
 12921;    3765.09;     884.62;    3793.85;     882.48;    3792.91;     869.88;    3764.15;     872.02;       10;    0.69;   stop
   521;    3365.70;    1060.81;    3381.10;    1031.41;    3367.30;    1024.19;    3351.90;    1053.59;       10;    0.69;   stop
   500;     918.15;    1207.45;     918.44;    1193.12;     889.85;    1192.55;     889.56;    1206.88;       10;    0.68;   stop
 15998;     300.47;    1110.56;     329.71;    1109.11;     329.03;    1095.44;     299.79;    1096.89;       10;    0.68;   move
   611;    1912.16;     188.32;    1923.46;     187.62;    1921.84;     161.48;    1910.54;     162.18;       10;    0.68;   stop
 12889;    3458.53;      35.30;    3485.24;      31.75;    3483.47;      18.45;    3456.76;      22.00;       10;    0.68;   stop
 15857;     722.08;    1142.72;     752.46;    1139.40;     750.92;    1125.28;     720.54;    1128.60;       10;    0.68;   move
   542;    2495.94;    1300.86;    2496.12;    1287.86;    2472.86;    1287.54;    2472.68;    1300.54;       10;    0.68;   stop
 12130;    2105.76;    1487.70;    2125.12;    1486.75;    2123.04;    1444.50;    2103.68;    1445.45;       10;    0.68;   move
 13041;    3491.64;      31.21;    3518.93;      30.03;    3518.36;      16.79;    3491.07;      17.97;       10;    0.68;   stop
   479;     382.65;    1645.22;     383.37;    1632.04;     360.35;    1630.78;     359.63;    1643.96;       10;    0.68;   stop
   516;    3638.59;     932.35;    3664.68;     929.83;    3663.41;     916.65;    3637.32;     919.17;       10;    0.68;   stop
   600;    1648.92;    1009.48;    1652.40;     980.68;    1637.88;     978.92;    1634.40;    1007.72;       10;    0.68;   stop
   607;     936.41;    1655.26;     936.69;    1641.61;     912.79;    1641.14;     912.51;    1654.79;       10;    0.68;   stop
   464;    1401.83;    1663.97;    1402.41;    1650.35;    1376.17;    1649.23;    1375.59;    1662.85;       10;    0.68;   stop
   517;     325.15;    1073.11;     353.17;    1070.35;     351.85;    1056.89;     323.83;    1059.65;       10;    0.67;   stop
   416;     645.47;    1653.33;     646.50;    1641.72;     623.53;    1639.67;     622.50;    1651.28;       10;    0.67;   stop
   523;     868.07;    1619.94;     868.13;    1608.17;     844.93;    1608.06;     844.87;    1619.83;       10;    0.67;   stop
   506;     816.92;    1620.19;     841.06;    1619.83;     840.88;    1607.81;     816.74;    1608.17;       10;    0.67;   stop
   544;    2700.21;     844.26;    2715.16;     843.62;    2713.79;     811.74;    2698.84;     812.38;       10;    0.67;   stop
   381;    3615.38;     753.91;    3623.74;     728.40;    3610.62;     724.09;    3602.26;     749.60;       10;    0.67;   stop
   605;    2862.44;      91.37;    2898.87;      88.28;    2897.50;      72.13;    2861.07;      75.22;       10;    0.67;   stop
   324;    3676.71;     584.93;    3687.07;     555.65;    3671.29;     550.07;    3660.93;     579.35;       10;    0.67;   stop
 16172;    1254.32;    1049.58;    1277.37;    1045.85;    1275.68;    1035.42;    1252.63;    1039.15;       10;    0.67;   stop
   450;    2726.27;    1955.63;    2735.58;    1942.97;    2708.13;    1922.77;    2698.82;    1935.43;       10;    0.67;   stop
   589;    3162.53;    1791.26;    3180.24;    1770.24;    3168.97;    1760.74;    3151.26;    1781.76;       10;    0.67;   stop
  6812;    2455.94;     127.48;    2486.81;     124.53;    2485.26;     108.32;    2454.39;     111.27;       10;    0.67;   stop
   547;     588.12;    1616.60;     616.96;    1616.43;     616.88;    1603.40;     588.04;    1603.57;       10;    0.67;   stop
   141;    1536.92;    1048.31;    1563.96;    1048.15;    1563.88;    1033.69;    1536.84;    1033.85;       10;    0.66;   stop
 15529;    3857.70;     901.14;    3889.84;     897.82;    3888.30;     882.86;    3856.16;     886.18;       10;    0.66;   move
   681;    2939.99;    2112.94;    2954.92;    2104.87;    2936.64;    2071.06;    2921.71;    2079.13;       10;    0.66;   stop
   576;     442.03;    1330.64;     442.11;    1295.14;     424.97;    1295.11;     424.89;    1330.61;       10;    0.66;   stop
   582;    1888.16;    1169.36;    1919.73;    1168.71;    1919.44;    1155.04;    1887.87;    1155.69;       10;    0.65;   stop
   561;    2918.06;    2066.47;    2930.27;    2060.07;    2915.94;    2032.73;    2903.73;    2039.13;       10;    0.65;   stop
 14853;    2088.15;    1552.17;    2104.47;    1551.19;    2102.26;    1514.43;    2085.93;    1515.41;       10;    0.65;   stop
   524;    2740.20;    2022.86;    2767.92;    2012.21;    2762.60;    1998.34;    2734.88;    2008.99;       10;    0.65;   stop
   420;     611.33;      68.34;     640.85;      65.90;     639.67;      51.66;     610.15;      54.10;       10;    0.65;   stop
  8446;    2480.50;    2072.83;    2486.52;    2057.87;    2455.90;    2045.57;    2449.88;    2060.53;       10;    0.64;   stop
   486;    2801.89;    1353.91;    2807.03;    1322.11;    2792.11;    1319.69;    2786.97;    1351.49;       10;    0.64;   stop
   555;     874.35;    1998.45;     888.49;    1998.00;     887.65;    1971.55;     873.51;    1972.00;       10;    0.64;   stop
   480;    1847.91;    1631.39;    1848.23;    1616.41;    1820.47;    1615.81;    1820.15;    1630.79;       10;    0.64;   stop
   531;    2582.81;     544.93;    2610.25;     542.83;    2609.19;     529.07;    2581.75;     531.17;       10;    0.64;   stop
   468;     979.50;    1616.43;    1003.59;    1616.27;    1003.50;    1603.57;     979.41;    1603.73;       10;    0.64;   stop
   492;    1604.64;    2126.60;    1607.04;    2095.02;    1590.96;    2093.80;    1588.56;    2125.38;       10;    0.64;   stop
   563;     186.56;    1595.66;     213.34;    1595.37;     213.19;    1581.34;     186.41;    1581.63;       10;    0.63;   stop
   514;     844.45;    1656.47;     872.03;    1655.52;     871.55;    1641.53;     843.97;    1642.48;       10;    0.63;   stop
 16226;     970.49;    1093.77;     997.36;    1092.88;     996.91;    1079.43;     970.04;    1080.32;       10;    0.63;   move
   606;    3997.16;      77.46;    4011.68;      77.03;    4010.84;      48.04;    3996.32;      48.47;       10;    0.63;   stop
   543;    3754.16;     386.63;    3765.17;     355.85;    3749.84;     350.37;    3738.83;     381.15;       10;    0.63;   stop
   586;    1615.23;     887.12;    1616.21;     874.35;    1586.37;     872.08;    1585.40;     884.85;       10;    0.62;   stop
   591;    1056.72;    1910.42;    1056.85;    1895.06;    1023.18;    1894.78;    1023.05;    1910.14;       10;    0.62;   stop
  9738;     866.91;      73.31;     896.97;      71.40;     896.09;      57.44;     866.03;      59.35;       10;    0.62;   stop
 11434;     614.94;    1064.83;     651.11;    1059.12;     649.06;    1046.17;     612.89;    1051.88;       10;    0.62;   stop
   620;    3379.54;    1023.84;    3382.81;     994.77;    3368.46;     993.16;    3365.19;    1022.23;       10;    0.62;   stop
   691;    1024.53;     647.37;    1025.57;     633.40;     998.47;     631.38;     997.43;     645.35;       10;    0.61;   stop
 16401;    4056.66;    1274.91;    4060.83;    1259.75;    4029.34;    1251.09;    4025.17;    1266.25;       10;    0.61;   stop
   678;     381.79;    1892.54;     386.51;    1863.81;     372.21;    1861.46;     367.49;    1890.19;       10;    0.61;   stop
 13491;    1986.58;     492.88;    2003.13;     492.46;    2002.22;     456.32;    1985.67;     456.74;       10;    0.61;   stop
   562;    2610.28;     543.58;    2639.24;     541.36;    2638.12;     526.82;    2609.16;     529.04;       10;    0.61;   stop
   679;    2633.34;    1700.20;    2635.46;    1669.18;    2621.06;    1668.20;    2618.94;    1699.22;       10;    0.61;   stop
   539;    3793.38;     184.28;    3803.87;     160.01;    3791.62;     154.72;    3781.13;     178.99;       10;    0.61;   stop
 15937;    2461.11;     573.18;    2491.80;     568.98;    2489.69;     553.62;    2459.00;     557.82;       10;    0.61;   move
   587;    3858.92;     126.01;    3870.73;      97.68;    3857.08;      91.99;    3845.27;     120.32;       10;    0.61;   stop
   613;    2879.87;     560.33;    2906.61;     557.70;    2905.13;     542.67;    2878.39;     545.30;       10;    0.61;   stop
   648;     175.32;    1691.99;     175.55;    1679.44;     152.18;    1679.01;     151.95;    1691.56;       10;    0.61;   stop
   644;    3586.95;    2066.54;    3619.47;    2050.80;    3612.05;    2035.46;    3579.53;    2051.20;       10;    0.61;   stop
   705;    1007.67;    1457.35;    1008.44;    1444.29;     980.33;    1442.65;     979.56;    1455.71;       10;    0.60;   stop
   557;    2742.26;    1946.07;    2751.09;    1933.86;    2725.74;    1915.53;    2716.91;    1927.74;       10;    0.60;   stop
 10185;    1262.23;    1625.28;    1262.63;    1611.62;    1231.77;    1610.72;    1231.37;    1624.38;       10;    0.60;   stop
   527;      22.05;    1621.97;      22.96;    1606.36;       0.23;    1605.03;      -0.68;    1620.64;       10;    0.60;   stop
   603;     800.04;    1655.06;     800.04;    1640.14;     771.97;    1640.14;     771.97;    1655.06;       10;    0.60;   stop
   575;    3778.29;     224.10;    3787.22;     199.43;    3774.71;     194.90;    3765.78;     219.57;       10;    0.59;   stop
   569;    3496.73;     867.32;    3513.16;     844.53;    3502.27;     836.68;    3485.84;     859.47;       10;    0.59;   stop
 16195;     462.85;    1142.10;     492.83;    1141.76;     492.65;    1125.90;     462.67;    1126.24;       10;    0.59;   move
   580;    3399.43;     920.73;    3411.07;     910.44;    3390.57;     887.27;    3378.93;     897.56;       10;    0.59;   stop
   597;     593.72;    1652.18;     617.37;    1652.02;     617.28;    1638.82;     593.63;    1638.98;       10;    0.59;   stop
   625;      30.16;     494.65;      32.92;     462.83;      15.97;     461.35;      13.20;     493.17;       10;    0.59;   stop
   535;    1703.18;    1750.28;    1707.99;    1737.75;    1680.82;    1727.32;    1676.01;    1739.85;       10;    0.59;   stop
   631;    2463.01;     593.28;    2495.53;     589.56;    2493.79;     574.32;    2461.27;     578.04;       10;    0.58;   stop
 15427;     400.41;    1609.75;     401.27;    1598.97;     379.59;    1597.25;     378.73;    1608.03;       10;    0.58;   stop
   686;    3184.73;    1765.64;    3206.52;    1732.81;    3192.27;    1723.36;    3170.48;    1756.19;       10;    0.58;   stop
   546;    3874.00;      89.18;    3883.73;      61.67;    3870.00;      56.82;    3860.27;      84.33;       10;    0.58;   stop
   568;    1575.28;    1663.31;    1575.46;    1651.47;    1550.72;    1651.09;    1550.54;    1662.93;       10;    0.58;   stop
   680;    2385.76;    1347.55;    2386.10;    1310.60;    2370.04;    1310.45;    2369.70;    1347.40;       10;    0.58;   stop
   379;     358.83;     103.75;     386.56;     101.08;     385.17;      86.75;     357.44;      89.42;       10;    0.58;   stop
   585;    3847.00;     445.07;    3878.99;     440.78;    3877.00;     425.93;    3845.01;     430.22;       10;    0.57;   stop
 13383;     378.20;    1066.75;     378.31;    1054.47;     355.30;    1054.25;     355.19;    1066.53;       10;    0.57;   stop
 12723;    2654.98;    1587.54;    2671.76;    1587.36;    2671.42;    1554.06;    2654.64;    1554.24;       10;    0.57;   stop
   657;       0.13;    1421.77;      18.63;    1421.49;      18.43;    1408.23;      -0.07;    1408.51;       10;    0.57;   stop
 16282;    3917.98;    1237.32;    3921.95;    1220.63;    3880.02;    1210.68;    3876.05;    1227.37;        9;    0.57;   move
  7448;     440.10;    1711.91;     457.17;    1710.04;     453.90;    1680.09;     436.83;    1681.96;       10;    0.57;   stop
   640;    3999.40;     115.15;    4015.24;     113.90;    4012.60;      80.35;    3996.76;      81.60;       10;    0.57;   stop
   602;     823.04;    1016.90;     825.05;     987.19;     808.96;     986.10;     806.95;    1015.81;       10;    0.56;   stop
   596;    1373.06;    1562.22;    1375.89;    1535.20;    1362.34;    1533.78;    1359.51;    1560.80;       10;    0.56;   stop
 13955;    1978.86;     319.08;    1995.30;     317.46;    1991.94;     283.32;    1975.50;     284.94;        9;    0.56;   stop
   628;    3319.37;     229.36;    3333.34;     228.80;    3332.13;     198.64;    3318.16;     199.20;       10;    0.55;   stop
   465;    3108.88;     504.08;    3140.66;     500.80;    3139.12;     485.92;    3107.34;     489.20;       10;    0.55;   stop
   573;    3370.55;     982.49;    3386.95;     976.44;    3374.45;     942.51;    3358.05;     948.56;        9;    0.55;   stop
   655;    3071.08;     506.36;    3104.54;     502.77;    3102.92;     487.64;    3069.46;     491.23;       10;    0.55;   stop
 16366;    1980.13;     320.07;    1996.01;     318.55;    1992.67;     283.53;    1976.79;     285.05;       10;    0.54;   stop
 16349;    1108.68;    1178.15;    1141.62;    1177.57;    1141.32;    1160.65;    1108.38;    1161.23;       10;    0.54;   stop
  3918;    2764.44;    1934.18;    2772.39;    1921.65;    2745.56;    1904.62;    2737.61;    1917.15;       10;    0.54;   stop
   545;    1107.95;    1178.34;    1140.50;    1177.42;    1140.05;    1161.66;    1107.50;    1162.58;        9;    0.54;   stop
   653;     691.58;    1430.90;     693.44;    1418.79;     669.42;    1415.10;     667.56;    1427.21;       10;    0.53;   stop
   617;    1803.69;    1632.90;    1804.55;    1618.48;    1774.71;    1616.70;    1773.85;    1631.12;       10;    0.53;   stop
   663;     126.08;     900.94;     129.43;     888.01;     102.55;     881.06;      99.20;     893.99;       10;    0.53;   stop
   588;     292.11;     879.02;     294.27;     853.80;     278.89;     852.48;     276.73;     877.70;       10;    0.53;   stop
 16333;    2059.29;    2123.20;    2069.84;    2091.58;    2054.31;    2086.40;    2043.76;    2118.02;       10;    0.53;   stop
 12817;    2177.00;    1620.52;    2177.57;    1595.76;    2165.40;    1595.48;    2164.83;    1620.24;       10;    0.53;   stop
  4614;    3534.69;     470.07;    3562.31;     465.76;    3560.31;     452.93;    3532.69;     457.24;       10;    0.53;   stop
 12027;    2374.92;     133.80;    2405.50;     131.39;    2404.28;     115.80;    2373.70;     118.21;       10;    0.53;   stop
 16107;    2581.22;    2048.91;    2609.09;    2036.15;    2602.38;    2021.49;    2574.51;    2034.25;       10;    0.53;   move
 10407;    2333.44;     834.48;    2361.17;     834.46;    2361.16;     820.32;    2333.43;     820.34;       10;    0.52;   stop
   599;     631.11;    1237.83;     660.00;    1237.62;     659.89;    1223.17;     631.00;    1223.38;       10;    0.52;   stop
  5595;     154.65;     893.78;     158.85;     879.26;     127.60;     870.22;     123.40;     884.74;       10;    0.52;   stop
  7820;     321.52;    1642.91;     321.99;    1626.89;     294.48;    1626.09;     294.01;    1642.11;       10;    0.52;   stop
   491;    1895.36;    1668.38;    1896.81;    1654.89;    1870.24;    1652.02;    1868.79;    1665.51;       10;    0.52;   stop
 13354;    2777.33;    2007.05;    2806.93;    1995.32;    2801.07;    1980.55;    2771.47;    1992.28;       10;    0.52;   stop
 13431;     664.51;    1343.83;     666.53;    1317.31;     651.49;    1316.17;     649.47;    1342.69;       10;    0.52;   stop
 15368;    1333.39;    2015.54;    1350.71;    2012.70;    1345.61;    1981.66;    1328.29;    1984.50;       10;    0.52;   stop
   626;     109.57;    1890.39;     134.47;    1871.98;     126.06;    1860.61;     101.16;    1879.02;       10;    0.51;   stop
   659;     804.59;    1241.33;     829.81;    1241.19;     829.73;    1228.27;     804.52;    1228.41;       10;    0.51;   stop
   590;    2703.51;     927.50;    2720.52;     926.76;    2718.89;     889.30;    2701.88;     890.04;       10;    0.51;   stop
 14057;    3565.59;      27.23;    3597.87;      24.33;    3596.41;       8.02;    3564.13;      10.92;       10;    0.51;   stop
 13254;    3965.85;     191.28;    3981.76;     190.45;    3980.15;     159.72;    3964.24;     160.55;       10;    0.51;   stop
  5441;    2675.85;     477.83;    2691.22;     474.42;    2686.55;     453.37;    2671.18;     456.78;       10;    0.51;   stop
 16335;    2011.67;     860.99;    2028.54;     859.48;    2025.13;     821.41;    2008.26;     822.92;       10;    0.50;   move
 16250;     662.99;     597.81;     666.57;     582.66;     635.01;     575.19;     631.43;     590.34;       10;    0.50;   stop
  5803;     693.12;    1453.36;     695.00;    1439.96;     667.88;    1436.14;     666.00;    1449.54;       10;    0.50;   stop
   552;    3175.81;      61.45;    3203.62;      59.48;    3202.69;      46.30;    3174.88;      48.27;       10;    0.49;   stop
   449;    3917.13;    1204.51;    3928.59;    1174.50;    3912.87;    1168.49;    3901.41;    1198.50;       10;    0.49;   stop
    71;     422.45;    1023.51;     423.17;     998.91;     409.05;     998.49;     408.33;    1023.09;       10;    0.49;   stop
   668;      11.12;    1090.15;      45.44;    1085.58;      43.48;    1070.85;       9.16;    1075.42;        9;    0.48;   stop
 12362;    1650.77;     974.20;    1652.37;     950.33;    1638.43;     949.40;    1636.83;     973.27;       10;    0.48;   stop
   556;    1327.13;    1853.40;    1338.93;    1852.97;    1338.07;    1829.40;    1326.27;    1829.83;       10;    0.48;   stop
   634;       8.31;    1580.80;       8.62;    1567.92;      -0.74;    1567.70;      -1.05;    1580.58;       10;    0.48;   stop
   662;    3226.16;    1411.17;    3240.09;    1380.37;    3227.84;    1374.83;    3213.91;    1405.63;       10;    0.48;   stop
 14402;    4003.35;     156.68;    4020.70;     154.79;    4016.65;     117.82;    3999.30;     119.71;       10;    0.47;   stop
  5952;    2356.50;    1169.77;    2381.96;    1169.66;    2381.90;    1157.03;    2356.44;    1157.14;       10;    0.47;   stop
   565;    1866.80;    1667.47;    1868.05;    1654.27;    1841.20;    1651.73;    1839.95;    1664.93;       10;    0.47;   stop
 10821;     556.99;    1616.83;     579.50;    1615.88;     579.01;    1604.17;     556.50;    1605.12;       10;    0.47;   stop
  7280;     317.64;     110.82;     350.40;     107.40;     348.86;      92.68;     316.10;      96.10;       10;    0.46;   stop
 16387;      11.83;    1089.69;      46.46;    1085.26;      44.54;    1070.31;       9.92;    1074.74;       10;    0.46;   stop
   564;    1326.89;    1824.90;    1339.13;    1824.52;    1338.31;    1797.90;    1326.07;    1798.28;       10;    0.46;   stop
 15245;      79.16;     401.89;      83.83;     373.52;      69.22;     371.11;      64.54;     399.48;       10;    0.46;   stop
 11249;    4055.68;     428.29;    4086.71;     423.63;    4084.32;     407.71;    4053.29;     412.37;       10;    0.46;   stop
 14192;    3405.11;     481.39;    3437.50;     478.01;    3435.89;     462.61;    3403.50;     465.99;       10;    0.45;   stop
 14874;     741.06;    1617.58;     741.07;    1605.44;     714.94;    1605.42;     714.93;    1617.56;       10;    0.45;   stop
 15941;    3984.63;     869.32;    4010.86;     866.01;    4009.37;     854.18;    3983.14;     857.49;       10;    0.44;   stop
   708;    1229.81;    1179.42;    1260.59;    1178.65;    1260.19;    1162.58;    1229.41;    1163.35;       10;    0.44;   stop
 16337;    3632.98;    2042.49;    3668.64;    2025.96;    3661.02;    2009.51;    3625.36;    2026.04;       10;    0.44;   stop
   537;    3757.77;     274.27;    3768.77;     246.63;    3755.23;     241.23;    3744.23;     268.87;       10;    0.44;   stop
 16399;    3354.13;    1228.97;    3372.36;    1226.09;    3365.87;    1185.03;    3347.64;    1187.91;       10;    0.44;   stop
   567;    1155.16;    1006.25;    1155.37;     978.86;    1140.84;     978.75;    1140.63;    1006.14;       10;    0.44;   stop
 11484;    3943.13;     872.96;    3975.96;     870.25;    3974.87;     857.04;    3942.04;     859.75;       10;    0.44;   stop
 13150;    3254.66;      57.18;    3279.69;      54.10;    3277.84;      39.07;    3252.81;      42.15;       10;    0.43;   stop
  1261;    1223.47;    1174.32;    1223.99;    1159.41;    1197.53;    1158.48;    1197.01;    1173.39;       10;    0.43;   stop
 16405;    2127.78;    2112.02;    2144.46;    2111.90;    2144.22;    2077.18;    2127.54;    2077.30;       10;    0.43;   stop
 13798;    3071.33;    1777.16;    3076.04;    1763.06;    3045.42;    1752.84;    3040.71;    1766.94;       10;    0.43;   stop
 15285;      22.72;    1418.75;      48.79;    1416.83;      47.78;    1403.25;      21.71;    1405.17;       10;    0.42;   stop
   690;    3976.55;     118.89;    3979.56;      87.54;    3959.45;      85.61;    3956.44;     116.96;       10;    0.42;   stop
 15145;    1243.06;    1660.45;    1243.65;    1646.61;    1218.94;    1645.55;    1218.35;    1659.39;       10;    0.42;   stop
 16383;    3370.74;     982.21;    3386.54;     976.23;    3374.26;     943.79;    3358.46;     949.77;       10;    0.41;   stop
 16212;     723.54;    1656.13;     723.95;    1644.68;     701.46;    1643.87;     701.05;    1655.32;       10;    0.41;   stop
 15650;    2665.96;     386.11;    2680.04;     385.41;    2678.44;     353.09;    2664.36;     353.79;       10;    0.40;   stop
 14884;    2844.93;    1357.40;    2845.53;    1335.77;    2831.87;    1335.40;    2831.27;    1357.03;       10;    0.40;   stop
 10143;    3903.57;     875.00;    3931.48;     872.80;    3930.43;     859.50;    3902.52;     861.70;       10;    0.40;   stop
 16015;    1905.55;     141.56;    1917.20;     140.48;    1914.70;     113.44;    1903.05;     114.52;       10;    0.40;   move
 12674;     294.72;     848.08;     296.55;     819.39;     281.28;     818.42;     279.45;     847.11;       10;    0.39;   stop
 16020;     287.76;     114.82;     315.15;     112.34;     313.74;      96.68;     286.35;      99.16;       10;    0.38;   stop
 13637;    2710.95;    1303.08;    2711.04;    1289.07;    2686.25;    1288.92;    2686.16;    1302.93;       10;    0.38;   stop
 16294;      91.04;     139.73;     119.87;     136.89;     118.33;     121.27;      89.50;     124.11;       10;    0.37;   stop
 16406;    1719.36;    1631.04;    1719.57;    1617.82;    1691.04;    1617.36;    1690.83;    1630.58;       10;    0.35;   stop
  9937;    2961.02;    2147.64;    2974.37;    2139.75;    2958.18;    2112.36;    2944.83;    2120.25;       10;    0.35;   stop
 16400;    2147.71;    1896.26;    2155.62;    1852.50;    2135.89;    1848.94;    2127.98;    1892.70;       10;    0.35;   stop