vehicle_id;veh_bb_x1;veh_bb_y1;veh_bb_x2;veh_bb_y2;veh_bb_x3;veh_bb_y3;veh_bb_x4;veh_bb_y4;det_class;conf_score;state
57;1789.64;234.13;1804.28;233.19;1802.48;205.18;1787.85;206.12;10;0.79;parked
84;1810.01;506.27;1824.3;504.99;1821.49;473.6;1807.2;474.88;10;0.8;parked
142;1823.73;684.81;1837.93;683.34;1834.77;652.81;1820.57;654.28;10;0.79;parked
203;1825.79;821.75;1843.12;820.01;1838.34;772.37;1821.0;774.11;9;0.8;parked
212;1770.84;190.43;1785.53;189.11;1783.08;161.7;1768.39;163.01;10;0.77;parked
220;1766.51;145.62;1780.5;145.35;1779.96;117.63;1765.97;117.9;10;0.76;parked
222;1811.5;712.42;1827.31;710.23;1823.0;679.2;1807.19;681.4;10;0.77;parked
233;1790.83;469.98;1806.9;468.19;1803.03;433.39;1786.96;435.18;10;0.76;parked
238;1777.47;93.06;1790.34;92.58;1789.25;63.32;1776.38;63.79;10;0.76;parked
293;1807.35;677.7;1822.16;676.36;1819.55;647.55;1804.74;648.89;10;0.73;parked
301;1786.54;224.19;1786.61;194.34;1771.83;194.31;1771.76;224.16;10;0.73;parked
338;1799.57;352.54;1813.99;351.48;1811.68;320.21;1797.26;321.27;10;0.75;parked
350;1776.72;267.3;1791.46;265.98;1788.59;233.89;1773.85;235.21;10;0.74;parked
360;1762.06;60.77;1776.82;60.41;1776.07;29.79;1761.31;30.16;10;0.7;parked
438;1793.63;268.03;1808.3;266.46;1805.15;237.09;1790.48;238.67;10;0.73;parked
442;1811.5;557.03;1826.86;555.97;1824.97;528.59;1809.61;529.66;10;0.68;parked
498;1761.34;95.32;1773.04;95.26;1772.9;67.8;1761.19;67.87;10;0.58;parked
592;1824.6;887.37;1840.13;886.01;1837.19;852.44;1821.65;853.8;10;0.42;parked
614;1785.64;114.44;1785.83;95.5;1773.07;95.38;1772.88;114.31;10;0.46;parked
1299;1828.87;615.53;1839.82;607.18;1823.63;585.97;1812.68;594.32;10;0.69;parked
3732;1824.35;887.3;1840.15;886.04;1837.43;851.95;1821.63;853.21;9;0.48;parked
