vehicle_id;veh_bb_x1;veh_bb_y1;veh_bb_x2;veh_bb_y2;veh_bb_x3;veh_bb_y3;veh_bb_x4;veh_bb_y4;det_class;conf_score;state
3;1648.14;1122.13;1648.22;1108.93;1617.74;1108.75;1617.66;1121.94;10;0.74;move
5;1862.09;1227.52;1863.82;1214.84;1839.16;1211.48;1837.43;1224.16;10;0.81;stop
6;1937.71;1020.73;1951.21;1018.37;1945.79;987.39;1932.29;989.76;10;0.79;move
7;3392.85;1146.99;3395.78;1134.41;3365.59;1127.38;3362.66;1139.97;10;0.83;stop
8;1975.75;1123.68;1976.14;1109.21;1943.09;1108.32;1942.7;1122.79;10;0.78;move
9;1825.22;1138.71;1825.31;1127.22;1801.78;1127.04;1801.69;1138.53;10;0.76;move
11;2706.99;1129.66;2708.24;1117.53;2680.94;1114.71;2679.69;1126.85;10;0.83;stop
12;1817.75;2117.1;1830.21;2092.67;1819.14;2087.03;1806.68;2111.45;10;0.83;stop
16;377.91;1083.55;378.04;1071.08;351.93;1070.82;351.81;1083.29;10;0.81;stop
18;2157.13;1149.5;2157.69;1136.64;2128.75;1135.38;2128.19;1148.23;10;0.79;move
19;3359.69;1179.41;3363.66;1166.52;3332.18;1156.84;3328.22;1169.73;10;0.82;stop
20;1914.22;1858.99;1919.58;1828.95;1905.9;1826.51;1900.55;1856.55;10;0.82;stop
22;539.0;1090.81;539.61;1080.89;516.62;1079.5;516.02;1089.42;10;0.8;stop
23;1046.65;1210.7;1047.16;1197.92;1019.6;1196.8;1019.08;1209.58;10;0.83;stop
24;1309.21;1098.41;1309.37;1084.44;1278.85;1084.09;1278.69;1098.06;10;0.82;stop
26;2923.72;1157.63;2925.84;1145.77;2897.78;1140.75;2895.66;1152.6;10;0.84;stop
27;1950.47;1986.34;1959.45;1956.13;1946.53;1952.29;1937.55;1982.5;10;0.82;stop
28;2991.59;1296.91;2994.2;1282.38;2962.94;1276.76;2960.33;1291.29;10;0.82;stop
29;1039.81;1096.76;1040.47;1086.14;1018.94;1084.8;1018.28;1095.42;10;0.81;stop
31;1197.09;1216.21;1225.67;1216.06;1225.6;1202.54;1197.02;1202.69;10;0.82;stop
33;1542.52;1123.46;1573.02;1122.56;1572.61;1108.54;1542.1;1109.44;10;0.73;move
37;3840.01;1454.13;3842.16;1439.56;3828.74;1437.58;3826.59;1452.16;10;0.66;stop
38;873.6;1090.6;873.93;1078.0;846.24;1077.28;845.91;1089.88;10;0.82;stop
39;1405.46;1098.09;1434.08;1097.99;1434.04;1085.53;1405.42;1085.63;10;0.8;stop
43;1967.64;1540.88;1981.59;1540.73;1981.3;1514.05;1967.35;1514.2;10;0.81;stop
45;608.59;1195.65;609.4;1183.61;582.97;1181.85;582.17;1193.89;10;0.82;stop
46;1560.5;1099.65;1561.01;1087.33;1534.38;1086.23;1533.87;1098.54;10;0.82;stop
47;3224.22;1049.66;3254.38;1039.7;3250.15;1026.91;3220.0;1036.86;10;0.82;stop
48;2952.82;1288.46;2955.25;1274.93;2922.5;1269.04;2920.06;1282.57;10;0.81;stop
50;1337.07;1219.48;1337.53;1202.75;1293.18;1201.52;1292.72;1218.25;9;0.81;stop
51;1968.34;909.8;1981.85;908.36;1978.91;880.64;1965.4;882.08;10;0.82;stop
54;1779.15;1167.68;1779.63;1153.12;1747.73;1152.07;1747.24;1166.63;10;0.82;stop
55;911.89;1090.7;939.17;1090.36;939.02;1078.3;911.74;1078.64;10;0.81;stop
56;2857.45;1145.97;2859.25;1133.48;2830.6;1129.34;2828.8;1141.84;10;0.83;stop
58;1968.41;1631.78;1982.48;1631.65;1982.21;1602.6;1968.14;1602.72;10;0.82;stop
59;3031.19;1304.05;3033.42;1290.22;3000.22;1284.86;2997.98;1298.68;10;0.82;stop
62;3635.6;1392.08;3639.68;1377.31;3605.65;1367.92;3601.57;1382.69;10;0.8;move
64;1344.07;1701.75;1344.52;1688.82;1317.68;1687.87;1317.23;1700.8;10;0.81;stop
70;776.73;2012.43;790.17;2012.27;789.84;1984.13;776.39;1984.29;10;0.81;stop
71;1842.13;1724.02;1842.72;1709.56;1813.18;1708.36;1812.59;1722.81;10;0.82;stop
73;1170.42;1094.19;1170.61;1083.09;1147.08;1082.69;1146.89;1093.79;10;0.79;stop
75;1704.41;1101.42;1704.57;1089.31;1677.34;1088.95;1677.18;1101.07;10;0.82;stop
76;1426.46;1219.08;1426.76;1205.9;1400.67;1205.3;1400.36;1218.48;10;0.8;stop
80;2865.06;1380.34;2870.11;1366.86;2837.19;1354.53;2832.14;1368.02;10;0.81;stop
82;1835.94;884.04;1836.47;855.46;1822.74;855.21;1822.22;883.79;10;0.83;stop
83;974.91;1092.11;975.03;1080.57;946.31;1080.26;946.19;1091.8;10;0.81;stop
84;3781.04;1437.39;3784.64;1424.03;3752.71;1415.42;3749.11;1428.79;10;0.8;move
86;2293.59;1233.7;2293.9;1220.57;2266.79;1219.93;2266.47;1233.05;10;0.8;stop
87;1749.72;1684.91;1750.59;1672.81;1724.89;1670.97;1724.02;1683.07;10;0.81;stop
88;3467.89;1379.62;3471.41;1366.2;3439.61;1357.88;3436.09;1371.3;10;0.82;stop
89;3671.01;1434.05;3674.47;1421.8;3647.11;1414.07;3643.65;1426.32;10;0.82;stop
91;897.93;1202.97;898.61;1191.09;871.13;1189.53;870.45;1201.41;10;0.8;stop
94;1468.37;1217.83;1494.91;1217.77;1494.88;1205.42;1468.34;1205.48;10;0.8;stop
97;1200.97;1129.05;1201.48;1115.25;1172.78;1114.2;1172.27;1128.0;10;0.8;move
98;2500.47;1237.72;2501.08;1225.17;2472.78;1223.78;2472.17;1236.33;10;0.81;stop
99;2749.85;1134.97;2751.68;1121.45;2718.24;1116.91;2716.4;1130.42;10;0.82;stop
100;2118.26;1131.03;2118.73;1116.63;2086.61;1115.6;2086.15;1129.99;10;0.77;move
101;1980.83;1470.97;1981.18;1436.17;1966.98;1436.03;1966.64;1470.83;10;0.79;stop
102;1953.17;864.15;1966.44;864.11;1966.33;830.1;1953.06;830.14;10;0.82;stop
103;1932.81;147.57;1944.22;147.39;1943.84;123.0;1932.44;123.17;10;0.8;stop
104;840.63;1089.76;840.82;1078.57;814.81;1078.11;814.61;1089.3;10;0.8;stop
105;3075.66;1252.6;3077.86;1239.55;3049.59;1234.78;3047.39;1247.83;10;0.75;stop
106;1375.31;1099.25;1375.64;1086.19;1348.32;1085.5;1347.98;1098.56;10;0.81;stop
107;2335.48;1234.73;2364.46;1234.59;2364.4;1221.15;2335.41;1221.28;10;0.81;stop
109;2768.02;1255.74;2768.87;1243.59;2742.72;1241.76;2741.87;1253.91;10;0.81;stop
110;2499.67;1153.89;2500.23;1140.12;2469.08;1138.86;2468.52;1152.63;10;0.8;move
111;790.81;1674.67;791.17;1661.68;765.06;1660.96;764.7;1673.94;10;0.8;stop
112;3709.46;1447.17;3713.52;1433.25;3679.91;1423.45;3675.85;1437.37;10;0.81;stop
113;704.59;1246.31;704.67;1233.56;675.41;1233.38;675.33;1246.13;10;0.8;stop
114;2087.09;1147.58;2087.5;1134.87;2058.73;1133.92;2058.31;1146.63;10;0.82;move
115;1968.16;1504.98;1980.79;1504.71;1980.22;1477.4;1967.58;1477.67;10;0.81;stop
116;1872.67;1000.91;1885.91;1000.43;1884.83;970.09;1871.59;970.57;10;0.75;stop
117;1967.41;769.14;1980.5;768.83;1979.84;740.61;1966.75;740.92;10;0.82;stop
118;1952.76;907.59;1964.46;905.64;1959.9;878.35;1948.2;880.3;10;0.82;stop
120;3048.21;1180.47;3050.59;1168.46;3024.44;1163.28;3022.06;1175.29;10;0.81;stop
121;2199.43;1151.06;2199.81;1139.14;2174.2;1138.32;2173.81;1150.23;10;0.79;move
122;2676.21;1126.85;2677.24;1113.04;2646.91;1110.78;2645.88;1124.59;10;0.82;stop
123;2876.22;1273.56;2878.93;1252.28;2825.66;1245.5;2822.95;1266.78;9;0.81;stop
124;2900.85;1397.38;2907.93;1384.89;2877.9;1367.87;2870.82;1380.36;10;0.81;stop
126;1953.08;348.01;1964.75;347.73;1964.17;323.62;1952.5;323.9;10;0.8;stop
128;1506.48;1062.96;1508.91;1035.16;1496.15;1034.04;1493.71;1061.84;10;0.8;stop
130;1831.11;1013.31;1833.34;983.39;1820.64;982.44;1818.41;1012.36;10;0.79;stop
132;2044.35;1126.25;2044.91;1112.6;2014.65;1111.37;2014.09;1125.02;10;0.83;move
133;771.54;2012.01;772.96;1984.27;760.34;1983.62;758.91;2011.36;10;0.8;stop
134;818.89;1639.74;819.17;1627.81;795.06;1627.26;794.78;1639.19;10;0.79;stop
135;1965.93;1949.47;1971.35;1918.35;1958.07;1916.03;1952.65;1947.15;10;0.81;stop
136;1812.04;800.05;1825.68;798.41;1822.31;770.45;1808.68;772.09;10;0.81;stop
139;1891.18;985.42;1905.21;984.91;1904.2;957.45;1890.16;957.97;10;0.79;stop
140;2088.36;1166.3;2088.77;1153.29;2058.39;1152.33;2057.98;1165.34;10;0.8;stop
141;2463.32;1237.44;2463.87;1222.93;2434.56;1221.81;2434.0;1236.32;10;0.79;stop
142;2656.84;1245.62;2657.82;1232.68;2629.16;1230.5;2628.18;1243.44;10;0.8;stop
144;1905.05;1892.43;1908.44;1868.87;1897.63;1867.32;1894.25;1890.88;10;0.78;stop
145;1835.32;2083.18;1847.09;2057.52;1835.75;2052.32;1823.97;2077.98;10;0.81;stop
146;1871.21;918.37;1884.76;918.08;1884.04;885.56;1870.49;885.86;10;0.8;stop
148;593.96;633.29;596.26;622.9;573.23;617.8;570.93;628.19;10;0.76;stop
149;631.13;1235.26;634.44;1204.7;620.44;1203.18;617.12;1233.73;10;0.79;stop
151;2060.67;1344.64;2086.22;1343.63;2085.71;1330.61;2060.15;1331.62;10;0.79;stop
152;2006.87;1143.36;2007.39;1130.29;1977.88;1129.14;1977.36;1142.21;10;0.82;move
153;1852.33;2044.75;1864.28;2018.34;1852.76;2013.13;1840.82;2039.54;10;0.8;stop
155;1946.18;742.82;1959.79;741.93;1957.57;708.43;1943.96;709.32;10;0.8;stop
156;3684.37;1405.43;3688.43;1392.26;3654.38;1381.76;3650.32;1394.93;10;0.8;move
157;3365.23;595.51;3392.56;592.65;3391.33;580.82;3364.0;583.68;10;0.76;stop
158;467.92;1084.25;468.37;1073.01;443.33;1072.0;442.88;1083.24;10;0.81;stop
159;1726.53;1182.06;1726.94;1170.05;1701.39;1169.19;1700.99;1181.2;10;0.82;stop
160;262.04;1184.17;262.42;1171.61;236.24;1170.83;235.86;1183.39;10;0.79;stop
163;1955.77;1709.17;1958.52;1681.73;1945.73;1680.45;1942.98;1707.89;10;0.83;stop
164;2804.6;1352.05;2804.86;1340.61;2781.77;1340.08;2781.51;1351.52;10;0.81;stop
165;1433.0;57.25;1433.04;45.21;1405.37;45.12;1405.34;57.17;10;0.81;stop
166;1048.35;697.75;1049.32;687.1;1025.03;684.88;1024.05;695.52;10;0.8;stop
167;138.96;1180.4;139.67;1166.81;109.72;1165.22;109.0;1178.81;10;0.78;stop
168;3579.13;1386.77;3583.04;1373.23;3550.55;1363.86;3546.65;1377.4;10;0.81;move
169;1610.1;1100.15;1632.54;1099.38;1632.15;1087.98;1609.71;1088.74;10;0.79;stop
170;1725.48;1222.87;1726.28;1210.02;1697.89;1208.25;1697.09;1221.1;10;0.79;stop
171;1817.17;623.41;1829.33;622.7;1827.83;597.22;1815.67;597.93;10;0.78;stop
172;2485.24;1747.7;2487.27;1714.78;2473.38;1713.93;2471.36;1746.84;10;0.79;stop
176;1399.2;58.41;1399.49;46.32;1371.67;45.66;1371.38;57.75;10;0.8;stop
178;385.59;1083.41;408.38;1082.6;408.0;1071.9;385.21;1072.71;10;0.79;stop
180;798.27;1201.8;823.64;1201.72;823.6;1189.77;798.23;1189.84;10;0.79;stop
182;1328.1;59.47;1328.43;46.44;1299.9;45.72;1299.57;58.74;10;0.79;stop
184;1818.28;656.22;1830.16;655.68;1828.97;629.65;1817.09;630.2;10;0.8;stop
186;224.1;1185.92;224.37;1167.99;173.17;1167.21;172.89;1185.13;9;0.8;stop
187;1892.11;163.86;1906.48;163.6;1905.89;131.45;1891.52;131.72;10;0.8;move
188;1893.48;1024.48;1906.26;1023.54;1904.14;994.89;1891.36;995.84;10;0.78;stop
190;1512.78;992.58;1514.6;966.84;1503.34;966.04;1501.52;991.78;10;0.79;stop
191;1650.1;1220.69;1651.84;1208.76;1624.78;1204.81;1623.03;1216.74;10;0.8;stop
192;1225.77;1524.46;1230.42;1496.69;1217.16;1494.47;1212.52;1522.25;10;0.77;stop
193;2641.69;1413.95;2655.05;1413.16;2653.31;1383.92;2639.95;1384.72;10;0.79;stop
194;3350.93;1193.28;3354.22;1180.53;3325.01;1172.97;3321.71;1185.72;10;0.81;stop
195;1004.06;1092.33;1004.57;1079.93;979.69;1078.92;979.18;1091.32;10;0.75;stop
196;724.8;1256.03;725.28;1228.57;712.39;1228.34;711.91;1255.8;10;0.79;stop
197;1125.72;704.58;1126.68;692.65;1098.97;690.42;1098.0;702.35;10;0.79;stop
199;1720.83;1133.19;1721.5;1120.55;1693.31;1119.06;1692.64;1131.7;10;0.79;move
200;3570.49;1008.58;3570.68;995.27;3540.44;994.86;3540.26;1008.16;10;0.78;stop
201;2698.47;1252.52;2699.88;1235.77;2664.32;1232.79;2662.92;1249.54;9;0.7;stop
203;1931.29;118.78;1944.32;118.16;1943.12;92.72;1930.09;93.34;10;0.8;stop
204;561.17;1428.06;563.27;1415.41;534.77;1410.69;532.67;1423.34;10;0.76;stop
208;3518.33;673.74;3528.16;644.68;3514.79;640.17;3504.97;669.22;10;0.79;stop
209;1273.35;1697.26;1274.12;1685.06;1247.21;1683.37;1246.44;1695.56;10;0.79;stop
210;1886.95;1728.33;1887.61;1715.53;1861.46;1714.17;1860.79;1726.97;10;0.79;stop
211;1173.35;65.46;1199.96;65.2;1199.84;52.67;1173.23;52.92;10;0.78;stop
212;1970.71;834.65;1983.54;834.18;1982.54;806.73;1969.71;807.19;10;0.79;stop
214;1088.43;700.44;1089.41;689.28;1064.07;687.06;1063.09;698.22;10;0.77;stop
217;2954.17;1163.79;2956.7;1151.12;2930.33;1145.83;2927.8;1158.5;10;0.79;stop
218;1983.97;1291.39;1996.89;1290.68;1995.34;1262.36;1982.42;1263.07;10;0.76;stop
219;2889.67;1152.49;2891.82;1139.93;2863.07;1135.01;2860.92;1147.57;10;0.83;stop
220;844.26;1676.75;845.07;1665.16;819.61;1663.38;818.8;1674.97;10;0.77;stop
222;764.7;1045.32;768.46;1034.67;746.53;1026.93;742.77;1037.58;10;0.79;stop
225;2328.7;1234.26;2329.03;1221.22;2300.3;1220.49;2299.97;1233.53;10;0.79;stop
227;1801.96;579.15;1814.42;578.85;1813.79;552.6;1801.33;552.9;10;0.77;stop
228;769.56;1022.31;769.78;1010.67;743.56;1010.19;743.35;1021.83;10;0.77;stop
229;1823.2;775.86;1835.85;775.13;1834.17;746.26;1821.53;747.0;10;0.79;stop
231;760.93;1200.08;761.05;1188.57;735.99;1188.3;735.86;1199.81;10;0.8;stop
236;2094.32;1229.9;2094.55;1216.35;2064.43;1215.85;2064.2;1229.4;10;0.78;stop
237;2214.6;1232.64;2214.86;1218.14;2184.33;1217.61;2184.08;1232.11;10;0.79;stop
238;2568.3;1239.34;2568.76;1226.57;2539.95;1225.53;2539.49;1238.3;10;0.79;stop
239;1712.2;1682.33;1713.09;1669.85;1686.02;1667.92;1685.13;1680.4;10;0.78;stop
240;1899.97;1301.62;1911.29;1299.69;1907.03;1274.63;1895.71;1276.56;10;0.77;stop
241;1689.97;1221.05;1690.49;1208.95;1664.78;1207.83;1664.26;1219.92;10;0.79;stop
242;2737.14;1253.22;2738.52;1239.7;2706.36;1236.41;2704.98;1249.93;10;0.81;stop
243;2435.52;1379.11;2435.53;1367.03;2410.6;1367.01;2410.59;1379.1;10;0.79;stop
245;3356.82;1066.82;3362.44;1041.8;3349.12;1038.8;3343.5;1063.83;10;0.75;move
246;2993.75;1171.54;2996.41;1160.09;2969.5;1153.83;2966.84;1165.28;10;0.79;stop
247;1901.95;1936.6;1912.73;1898.36;1897.36;1894.03;1886.58;1932.27;9;0.81;stop
249;3588.65;1409.42;3593.31;1397.51;3564.48;1386.21;3559.81;1398.12;10;0.81;stop
250;1949.3;233.7;1949.3;205.05;1936.45;205.05;1936.45;233.7;10;0.79;stop
251;2114.52;290.46;2124.56;283.92;2110.98;263.04;2100.94;269.58;10;0.79;stop
252;1787.55;45.16;1799.83;44.62;1798.57;16.15;1786.3;16.69;10;0.78;stop
253;438.56;1082.63;438.62;1071.89;414.1;1071.74;414.03;1082.48;10;0.8;stop
254;1974.63;938.41;1986.54;937.44;1984.43;911.65;1972.52;912.62;10;0.75;stop
256;1968.02;800.02;1980.06;799.63;1979.23;773.86;1967.19;774.24;10;0.8;stop
258;2603.95;1241.31;2604.09;1228.36;2578.55;1228.06;2578.41;1241.02;10;0.79;stop
259;3195.91;1414.37;3206.29;1385.35;3192.21;1380.32;3181.83;1409.33;10;0.8;stop
260;2527.88;576.77;2540.11;576.64;2539.87;553.86;2527.64;553.99;10;0.78;stop
261;1456.21;1097.76;1480.16;1097.52;1480.04;1085.86;1456.09;1086.11;10;0.8;stop
262;1669.95;1101.24;1670.02;1089.28;1646.55;1089.14;1646.48;1101.09;10;0.73;stop
264;1307.23;1699.76;1308.05;1688.24;1283.65;1686.49;1282.82;1698.01;10;0.76;stop
265;1170.66;1882.57;1171.05;1860.5;1159.78;1860.3;1159.39;1882.38;10;0.79;stop
266;1944.92;100.86;1957.72;100.37;1956.58;70.7;1943.78;71.19;10;0.79;stop
267;1952.91;389.43;1970.62;371.72;1962.09;363.19;1944.38;380.91;10;0.75;stop
268;237.2;1080.73;237.66;1068.99;212.8;1068.02;212.34;1079.76;10;0.78;stop
269;1891.85;941.18;1904.85;940.75;1903.9;912.25;1890.9;912.69;10;0.78;stop
270;1823.42;921.38;1835.71;921.19;1835.27;891.56;1822.98;891.74;10;0.81;stop
271;1009.5;1209.59;1009.5;1195.66;980.06;1195.66;980.06;1209.59;10;0.73;stop
272;1182.39;1214.2;1182.52;1201.47;1153.11;1201.18;1152.98;1213.9;10;0.79;stop
273;1835.8;1397.05;1846.44;1394.03;1839.77;1370.45;1829.12;1373.47;10;0.79;stop
274;2860.8;617.25;2888.09;615.29;2887.25;603.61;2859.96;605.57;10;0.78;stop
277;1952.25;549.87;1965.67;549.53;1965.0;523.38;1951.58;523.72;10;0.77;stop
278;3556.81;155.14;3590.59;153.11;3589.75;139.23;3555.98;141.26;10;0.77;stop
279;1010.67;694.0;1011.73;682.52;986.21;680.14;985.14;691.62;10;0.77;stop
280;1510.98;1029.44;1513.18;998.7;1500.64;997.81;1498.45;1028.55;10;0.78;stop
281;1119.05;1093.56;1119.14;1080.13;1091.02;1079.94;1090.92;1093.37;10;0.77;stop
284;2345.73;1378.99;2346.41;1366.4;2318.15;1364.89;2317.47;1377.47;10;0.77;stop
285;1966.68;1295.39;1978.94;1294.29;1976.63;1268.48;1964.37;1269.58;10;0.76;stop
286;1787.73;75.69;1800.78;75.26;1799.94;49.75;1786.89;50.18;10;0.77;stop
287;1809.09;355.21;1820.93;354.83;1820.16;331.04;1808.32;331.42;10;0.79;stop
288;3512.9;1360.14;3516.81;1346.98;3486.47;1337.98;3482.57;1351.14;10;0.82;move
290;3450.02;843.17;3461.85;816.11;3448.1;810.11;3436.28;837.17;10;0.78;stop
291;3299.67;1067.71;3315.8;1043.11;3305.02;1036.04;3288.89;1060.64;10;0.8;stop
293;3130.39;1377.5;3139.19;1349.04;3124.61;1344.53;3115.81;1372.99;10;0.59;stop
294;739.75;2011.42;739.92;1983.53;727.79;1983.45;727.62;2011.35;10;0.77;stop
295;2725.47;622.9;2753.5;621.57;2752.9;608.98;2724.88;610.31;10;0.75;stop
296;295.23;1077.46;295.85;1066.15;270.08;1064.73;269.46;1076.03;10;0.8;stop
297;292.85;1185.6;293.17;1171.9;265.9;1171.28;265.58;1184.97;10;0.77;stop
298;640.45;1196.6;640.61;1184.05;614.86;1183.71;614.7;1196.26;10;0.76;stop
299;1982.32;869.71;1982.32;845.91;1970.93;845.91;1970.93;869.71;10;0.79;stop
300;1778.14;1224.09;1805.75;1222.49;1804.98;1209.29;1777.38;1210.89;10;0.77;stop
302;3404.91;1359.77;3409.66;1347.69;3383.52;1337.42;3378.78;1349.5;10;0.76;stop
303;3631.82;1313.28;3636.48;1299.13;3605.68;1288.98;3601.02;1303.13;10;0.81;stop
304;1063.97;72.23;1088.86;71.93;1088.72;60.52;1063.83;60.82;10;0.78;stop
305;1948.88;169.34;1960.85;168.61;1959.27;142.85;1947.31;143.58;10;0.78;stop
306;1813.96;467.91;1827.06;467.34;1825.74;436.59;1812.64;437.16;10;0.77;stop
308;805.95;1058.72;806.11;1031.6;793.52;1031.53;793.35;1058.65;10;0.77;stop
309;1334.48;1092.32;1334.54;1081.3;1312.64;1081.18;1312.58;1092.2;10;0.74;stop
311;711.73;2011.18;724.03;2010.98;723.59;1983.51;711.28;1983.7;10;0.74;stop
312;1807.43;1722.17;1808.14;1710.74;1781.32;1709.08;1780.61;1720.51;10;0.78;stop
313;2689.0;1382.89;2689.05;1370.19;2659.62;1370.08;2659.57;1382.78;10;0.78;stop
314;3184.87;1448.01;3193.57;1418.51;3178.88;1414.17;3170.17;1443.68;10;0.79;stop
315;1950.94;325.53;1951.68;298.05;1939.5;297.72;1938.76;325.2;10;0.78;stop
317;3161.73;105.43;3162.46;76.79;3148.58;76.44;3147.86;105.08;10;0.75;stop
318;3596.84;152.89;3626.58;150.87;3625.66;137.26;3595.92;139.29;10;0.74;stop
319;326.0;1081.72;350.08;1081.4;349.93;1069.85;325.85;1070.16;10;0.79;stop
320;1792.0;272.66;1803.78;272.52;1803.5;248.78;1791.72;248.92;10;0.77;stop
322;2584.73;1118.33;2585.67;1107.6;2565.15;1105.8;2564.21;1116.53;10;0.79;stop
324;2826.51;619.34;2853.08;617.17;2852.16;605.98;2825.59;608.15;10;0.78;stop
325;2689.41;624.64;2721.02;622.62;2720.2;609.81;2688.59;611.84;10;0.76;stop
326;2347.62;1151.73;2347.93;1137.27;2312.88;1136.52;2312.57;1150.98;10;0.8;move
327;1169.94;1915.44;1170.64;1888.35;1156.94;1887.99;1156.23;1915.09;10;0.77;stop
328;1477.94;1670.26;1478.59;1657.85;1450.44;1656.36;1449.78;1668.77;10;0.75;stop
329;3105.76;1318.01;3108.29;1304.79;3081.74;1299.72;3079.21;1312.94;10;0.75;stop
330;1808.37;767.73;1820.54;767.31;1819.67;742.02;1807.49;742.44;10;0.78;stop
331;1886.65;824.04;1898.07;823.22;1896.35;799.34;1884.93;800.16;10;0.76;stop
332;439.54;1037.29;454.36;1035.62;451.09;1006.46;436.27;1008.13;10;0.73;stop
333;573.92;1085.86;574.05;1073.51;545.46;1073.2;545.33;1085.55;10;0.76;stop
334;1508.07;940.57;1512.64;928.32;1483.31;917.37;1478.74;929.61;10;0.76;stop
335;1919.67;1528.33;1930.29;1527.93;1929.43;1504.67;1918.8;1505.07;10;0.77;stop
336;2623.9;1124.95;2625.37;1111.74;2593.48;1108.18;2592.0;1121.39;10;0.79;stop
337;1262.36;1660.98;1262.89;1648.79;1236.26;1647.65;1235.74;1659.83;10;0.77;stop
338;754.37;2011.8;755.02;1986.77;742.79;1986.45;742.14;2011.48;10;0.76;stop
339;2488.94;1698.97;2489.59;1672.99;2476.44;1672.66;2475.78;1698.63;10;0.77;stop
340;2141.74;1380.97;2171.13;1378.48;2170.01;1365.15;2140.62;1367.64;10;0.77;stop
341;1954.24;498.44;1968.3;498.04;1967.51;470.19;1953.45;470.59;10;0.77;stop
342;353.74;1189.12;382.09;1188.35;381.73;1175.26;353.38;1176.03;10;0.76;stop
343;2088.87;1381.71;2118.53;1381.1;2118.26;1367.79;2088.59;1368.4;10;0.76;stop
344;2567.43;631.37;2593.29;627.65;2591.44;614.85;2565.59;618.57;10;0.78;stop
346;3136.56;1065.31;3161.78;1056.85;3157.81;1045.0;3132.59;1053.46;10;0.77;stop
347;1456.87;1128.0;1457.15;1116.98;1433.25;1116.38;1432.97;1127.39;10;0.8;move
348;3067.87;1309.02;3069.58;1295.51;3041.63;1291.98;3039.92;1305.49;10;0.79;stop
349;1361.46;58.49;1361.84;46.98;1336.29;46.13;1335.91;57.65;10;0.78;stop
350;1808.64;386.43;1808.78;356.13;1794.73;356.07;1794.6;386.37;10;0.79;stop
351;2509.44;186.46;2521.77;186.19;2521.19;160.6;2508.86;160.88;10;0.73;stop
352;3060.99;187.44;3090.43;184.48;3089.01;170.31;3059.57;173.27;10;0.77;stop
353;1812.4;837.19;1826.23;836.78;1825.33;806.44;1811.51;806.84;10;0.79;stop
354;1889.95;57.05;1901.85;56.78;1901.3;33.51;1889.4;33.79;10;0.8;move
355;1409.4;1704.23;1410.65;1692.65;1385.1;1689.89;1383.85;1701.48;10;0.75;stop
356;2264.69;641.38;2290.27;640.93;2290.06;629.02;2264.48;629.48;10;0.73;stop
357;2904.41;1278.9;2906.62;1266.07;2881.37;1261.72;2879.16;1274.56;10;0.79;stop
358;3579.51;588.17;3611.06;584.1;3609.24;569.99;3577.69;574.07;10;0.78;stop
359;3619.4;1044.53;3650.65;1042.99;3649.98;1029.22;3618.72;1030.76;10;0.74;stop
360;878.67;1680.11;879.59;1667.81;850.45;1665.64;849.54;1677.94;10;0.75;stop
361;2681.74;664.11;2710.58;662.91;2710.01;649.32;2681.17;650.53;10;0.76;stop
362;27.36;1079.11;56.48;1078.73;56.31;1065.89;27.19;1066.27;10;0.73;stop
363;3400.16;1324.86;3403.68;1310.25;3370.47;1302.25;3366.95;1316.86;10;0.78;move
364;2226.33;1232.55;2252.04;1232.31;2251.92;1219.95;2226.21;1220.19;10;0.77;stop
365;2244.56;1111.8;2244.77;1100.39;2220.75;1099.95;2220.54;1111.36;10;0.77;stop
366;3294.67;1009.52;3313.25;988.52;3303.45;979.85;3284.88;1000.86;10;0.77;stop
368;1784.04;1685.41;1784.78;1674.45;1759.05;1672.71;1758.31;1683.67;10;0.73;stop
369;983.81;693.72;984.66;681.96;956.81;679.95;955.96;691.71;10;0.72;stop
370;643.82;1086.76;671.71;1086.25;671.49;1074.17;643.6;1074.69;10;0.76;stop
371;1893.5;1274.15;1904.2;1271.31;1897.75;1246.98;1887.05;1249.82;10;0.79;stop
373;2805.94;1137.95;2807.57;1125.42;2782.68;1122.17;2781.05;1134.71;10;0.79;stop
374;2480.51;1819.61;2481.91;1794.55;2470.24;1793.89;2468.84;1818.95;10;0.77;stop
375;3613.78;442.15;3623.33;415.54;3610.59;410.97;3601.04;437.58;10;0.73;stop
376;1958.79;955.67;1971.21;954.51;1968.49;925.33;1956.07;926.49;10;0.77;stop
378;3231.49;1406.25;3251.22;1382.83;3240.07;1373.44;3220.34;1396.85;10;0.77;stop
379;1169.22;1956.53;1170.89;1931.17;1158.41;1930.34;1156.73;1955.71;10;0.78;stop
380;1171.14;1849.73;1172.64;1825.27;1160.43;1824.52;1158.92;1848.98;10;0.76;stop
382;337.76;1382.73;364.21;1379.13;362.55;1366.96;336.1;1370.55;10;0.73;stop
384;2916.92;616.84;2948.19;614.87;2947.33;601.25;2916.06;603.22;10;0.76;stop
385;2132.87;1167.42;2133.11;1153.97;2103.88;1153.45;2103.64;1166.91;10;0.8;stop
386;2308.56;1112.85;2336.29;1112.63;2336.19;1100.02;2308.46;1100.25;10;0.76;stop
387;3281.45;1100.07;3298.17;1071.5;3284.8;1063.68;3268.08;1092.25;10;0.79;stop
388;1698.27;1720.52;1699.7;1708.0;1674.48;1705.1;1673.05;1717.63;10;0.76;stop
389;1843.07;1510.91;1873.16;1506.06;1871.03;1492.84;1840.94;1497.69;10;0.77;stop
390;1544.9;1219.53;1570.61;1218.67;1570.22;1207.09;1544.52;1207.95;10;0.77;stop
391;2400.23;638.82;2427.43;637.45;2426.77;624.27;2399.57;625.64;10;0.73;stop
392;2400.75;1114.17;2431.19;1113.16;2430.75;1099.83;2400.31;1100.84;10;0.74;stop
393;2738.21;1352.46;2738.32;1341.04;2713.17;1340.79;2713.05;1352.21;10;0.76;stop
395;1376.82;1703.13;1377.29;1690.87;1351.31;1689.87;1350.84;1702.13;10;0.77;stop
396;2122.95;647.77;2150.6;646.0;2149.8;633.61;2122.15;635.38;10;0.72;stop
397;725.73;1098.89;761.28;1097.36;760.64;1082.49;725.09;1084.01;10;0.62;stop
398;1355.28;1219.74;1382.36;1218.67;1381.85;1205.76;1354.77;1206.83;10;0.76;stop
401;686.63;1670.5;687.2;1657.94;659.62;1656.69;659.05;1669.25;10;0.62;stop
402;1980.58;1663.69;1980.67;1637.1;1968.35;1637.06;1968.27;1663.65;10;0.81;stop
403;2596.07;627.55;2621.59;626.99;2621.31;614.45;2595.79;615.01;10;0.76;stop
404;171.86;1050.84;176.24;1026.18;163.06;1023.84;158.68;1048.51;10;0.72;stop
405;2950.34;614.23;2979.43;613.62;2979.16;600.77;2950.07;601.38;10;0.75;stop
407;481.52;1625.55;482.83;1613.44;457.38;1610.7;456.08;1622.81;10;0.57;stop
408;2272.87;1383.12;2274.13;1368.22;2232.38;1364.69;2231.12;1379.59;9;0.77;stop
409;2149.46;236.95;2172.51;235.62;2171.86;224.3;2148.8;225.63;10;0.68;stop
410;3687.35;268.19;3697.01;244.25;3685.15;239.47;3675.49;263.4;10;0.69;stop
412;3221.97;1463.9;3227.38;1451.01;3198.97;1439.07;3193.55;1451.96;10;0.74;stop
413;1790.55;105.74;1801.44;105.28;1800.45;81.57;1789.56;82.03;10;0.7;stop
414;1476.08;941.65;1477.47;929.56;1450.05;926.41;1448.66;938.5;10;0.77;stop
416;2398.53;1379.22;2398.96;1366.68;2372.22;1365.78;2371.79;1378.32;10;0.64;stop
419;1914.42;1471.28;1929.2;1469.38;1923.98;1428.97;1909.21;1430.87;9;0.77;stop
420;3434.9;778.93;3444.66;753.33;3431.35;748.26;3421.59;773.85;10;0.74;stop
421;3497.23;1008.89;3521.98;1008.6;3521.84;996.42;3497.08;996.72;10;0.73;stop
422;1883.57;748.78;1897.95;747.72;1895.77;718.22;1881.39;719.28;10;0.79;stop
423;1959.9;451.8;1971.86;451.28;1970.85;427.95;1958.89;428.47;10;0.77;stop
424;2089.16;647.71;2113.92;645.59;2112.9;633.66;2088.14;635.78;10;0.74;stop
425;3337.41;1307.27;3340.04;1292.83;3309.46;1287.26;3306.83;1301.7;10;0.8;move
428;2632.49;627.26;2659.86;625.61;2659.14;613.62;2631.77;615.26;10;0.76;stop
429;2364.41;1112.39;2364.64;1100.98;2339.96;1100.48;2339.74;1111.9;10;0.75;stop
430;3162.69;1461.19;3173.98;1429.73;3157.93;1423.97;3146.64;1455.43;10;0.79;stop
431;1955.27;62.09;1955.53;36.46;1943.98;36.35;1943.72;61.97;10;0.75;stop
432;105.88;1178.86;106.05;1165.31;74.24;1164.89;74.06;1178.44;10;0.73;stop
433;1219.71;1564.73;1223.71;1537.49;1211.97;1535.77;1207.98;1563.01;10;0.74;stop
434;2533.38;708.91;2545.93;708.21;2544.5;682.71;2531.95;683.41;10;0.75;stop
435;2148.82;1110.68;2148.83;1098.83;2125.8;1098.82;2125.79;1110.67;10;0.77;stop
436;2528.23;611.48;2541.0;611.32;2540.64;583.27;2527.88;583.43;10;0.75;stop
437;3195.19;1088.61;3210.65;1082.78;3198.56;1050.76;3183.1;1056.6;10;0.79;stop
439;753.87;1672.3;754.35;1659.83;728.78;1658.83;728.29;1671.3;10;0.73;stop
440;1205.42;65.71;1236.66;63.89;1235.83;49.6;1204.59;51.43;10;0.73;stop
441;2876.06;196.65;2901.15;195.19;2900.44;183.04;2875.35;184.5;10;0.7;stop
442;1054.2;1048.37;1067.04;1048.35;1066.98;1020.5;1054.15;1020.53;10;0.7;stop
443;2359.17;639.36;2385.44;637.62;2384.58;624.58;2358.31;626.32;10;0.75;stop
444;3074.65;1071.69;3110.21;1070.11;3109.56;1055.5;3074.0;1057.08;10;0.75;stop
445;2637.35;1356.39;2638.41;1337.95;2590.15;1335.17;2589.09;1353.61;9;0.63;stop
446;3111.23;1354.03;3120.07;1328.0;3106.74;1323.47;3097.9;1349.5;10;0.76;stop
447;2666.03;1164.96;2667.1;1151.37;2639.09;1149.17;2638.03;1162.76;10;0.81;stop
448;3811.66;1474.59;3814.72;1462.31;3791.47;1456.51;3788.4;1468.78;10;0.64;stop
450;1215.81;1603.26;1219.16;1574.03;1206.88;1572.62;1203.52;1601.85;10;0.75;stop
451;3051.55;609.27;3077.36;606.32;3075.95;593.92;3050.14;596.87;10;0.73;stop
452;1225.36;1100.42;1225.89;1081.16;1177.64;1079.83;1177.11;1099.09;9;0.64;stop
453;3505.09;701.45;3514.89;677.0;3501.78;671.75;3491.99;696.2;10;0.73;stop
454;2919.61;1454.78;2929.85;1443.38;2901.8;1418.19;2891.56;1429.58;10;0.7;stop
455;939.13;690.02;940.12;677.95;913.18;675.73;912.19;687.8;10;0.76;stop
456;1829.75;587.72;1830.31;563.43;1818.63;563.16;1818.07;587.45;10;0.8;stop
457;3404.76;164.58;3436.95;162.9;3436.17;148.08;3403.99;149.76;10;0.74;stop
458;1983.63;1072.84;1995.89;1070.21;1989.87;1042.16;1977.61;1044.79;10;0.77;stop
460;2490.04;1443.72;2503.49;1443.7;2503.46;1413.78;2490.01;1413.8;10;0.7;stop
461;3268.04;1030.13;3288.54;1013.14;3280.4;1003.31;3259.9;1020.3;10;0.75;stop
462;3540.76;1047.14;3571.98;1045.04;3571.12;1032.23;3539.9;1034.33;10;0.74;stop
463;3614.05;583.56;3642.29;583.35;3642.2;570.51;3613.96;570.71;10;0.74;stop
464;1937.35;2020.33;1947.69;1995.12;1935.93;1990.3;1925.59;2015.51;10;0.75;stop
465;2812.54;1392.96;2813.91;1380.24;2787.14;1377.36;2785.77;1390.07;10;0.76;stop
466;1834.9;739.14;1835.37;708.94;1822.1;708.74;1821.63;738.93;10;0.78;stop
467;2508.08;157.59;2521.02;156.73;2519.17;128.72;2506.23;129.58;10;0.69;stop
468;2323.69;229.23;2351.92;228.23;2351.44;214.58;2323.21;215.58;10;0.65;stop
469;2522.31;479.44;2535.55;478.7;2534.19;454.31;2520.95;455.05;10;0.71;stop
470;3698.93;240.03;3709.77;211.99;3696.07;206.69;3685.23;234.73;10;0.69;stop
473;3225.59;1032.56;3235.38;1023.98;3215.98;1001.82;3206.18;1010.4;10;0.76;stop
475;1522.34;866.03;1525.66;841.61;1514.04;840.03;1510.72;864.45;10;0.75;stop
476;2844.04;201.3;2873.18;199.15;2872.13;184.95;2842.99;187.1;10;0.71;stop
477;794.26;1201.88;794.73;1188.74;763.02;1187.62;762.55;1200.76;10;0.69;stop
478;2467.29;634.33;2493.14;632.81;2492.46;621.17;2466.61;622.69;10;0.75;stop
479;3756.61;573.98;3784.07;570.68;3782.76;559.81;3755.3;563.11;10;0.75;stop
480;3004.24;1527.23;3021.75;1515.21;2987.79;1465.74;2970.28;1477.76;9;0.72;stop
481;2445.16;1898.44;2446.89;1871.07;2434.71;1870.31;2432.99;1897.68;10;0.74;stop
482;3296.68;173.95;3329.73;171.6;3328.63;156.05;3295.58;158.4;10;0.74;stop
483;1443.99;937.97;1444.73;925.57;1416.89;923.9;1416.14;936.31;10;0.73;stop
484;2113.41;1231.65;2141.43;1231.46;2141.34;1217.47;2113.32;1217.67;10;0.73;stop
485;3446.67;1011.88;3446.76;999.25;3418.64;999.06;3418.55;1011.68;10;0.73;stop
486;631.58;643.18;634.12;632.39;608.73;626.42;606.2;637.22;10;0.7;stop
487;3261.44;1134.8;3275.71;1108.73;3263.56;1102.07;3249.29;1128.14;10;0.77;stop
488;3501.56;1048.78;3531.13;1047.65;3530.62;1034.34;3501.05;1035.48;10;0.74;stop
489;1241.09;1696.74;1241.88;1684.34;1217.04;1682.76;1216.25;1695.16;10;0.73;stop
491;2510.4;214.08;2521.84;213.84;2521.35;190.36;2509.91;190.6;10;0.71;stop
492;3796.51;152.43;3813.8;141.92;3800.99;120.85;3783.7;131.36;10;0.48;move
493;3644.12;365.98;3656.66;339.35;3644.01;333.4;3631.47;360.02;10;0.61;stop
494;1861.22;719.82;1874.87;719.35;1873.78;687.55;1860.13;688.02;10;0.79;stop
495;2551.37;218.1;2576.39;217.3;2576.01;205.47;2550.99;206.26;10;0.73;stop
496;2760.71;204.57;2788.01;202.85;2787.18;189.64;2759.88;191.37;10;0.69;stop
497;1522.58;903.14;1524.44;876.88;1512.67;876.04;1510.81;902.31;10;0.7;stop
500;1976.96;1022.01;1987.7;1020.89;1985.48;999.61;1974.74;1000.73;10;0.76;stop
501;2494.2;1611.45;2495.91;1582.16;2481.3;1581.3;2479.59;1610.59;10;0.78;stop
502;3466.3;594.27;3496.03;593.28;3495.57;579.48;3465.84;580.47;10;0.74;stop
503;2759.16;620.95;2785.68;618.39;2784.51;606.23;2757.99;608.79;10;0.75;stop
504;1798.25;172.66;1810.45;172.13;1809.39;147.41;1797.19;147.93;10;0.78;stop
505;2794.3;620.89;2822.9;619.91;2822.45;606.77;2793.85;607.74;10;0.76;stop
506;1721.59;655.73;1722.77;642.96;1693.61;640.27;1692.43;653.04;10;0.73;stop
510;3303.63;1101.7;3315.42;1079.41;3303.87;1073.3;3292.08;1095.59;10;0.77;stop
511;3135.16;1191.56;3162.71;1186.35;3160.15;1172.82;3132.6;1178.03;10;0.74;stop
512;2177.5;236.82;2208.3;233.6;2206.82;219.37;2176.01;222.59;10;0.7;stop
513;3598.27;476.84;3608.26;452.53;3596.1;447.54;3586.12;471.85;10;0.73;stop
516;2484.02;1788.54;2485.5;1753.56;2471.23;1752.96;2469.75;1787.94;10;0.58;stop
518;1816.6;964.6;1830.58;964.12;1829.53;933.27;1815.54;933.75;10;0.73;stop
519;821.24;95.04;821.43;83.13;794.96;82.71;794.77;94.62;10;0.73;stop
520;1794.1;316.27;1806.33;315.52;1804.68;288.42;1792.45;289.16;10;0.76;stop
521;1812.1;388.5;1824.26;388.12;1823.39;360.75;1811.23;361.13;10;0.77;stop
522;2524.26;548.95;2537.44;548.13;2535.61;518.68;2522.44;519.49;10;0.71;stop
523;2054.63;650.66;2084.28;649.75;2083.87;636.34;2054.22;637.25;10;0.77;stop
524;3799.3;999.93;3828.92;998.35;3828.2;984.76;3798.58;986.34;10;0.73;stop
525;592.65;1630.81;593.58;1618.73;567.04;1616.69;566.11;1628.77;10;0.61;stop
527;2975.54;1535.95;2987.58;1529.92;2974.31;1503.42;2962.26;1509.46;10;0.74;stop
528;1807.5;244.9;1808.93;226.09;1799.29;225.35;1797.86;244.16;10;0.7;stop
529;2601.21;214.0;2631.26;212.91;2630.79;200.0;2600.74;201.09;10;0.7;stop
530;3319.5;1071.4;3329.45;1049.82;3318.0;1044.54;3308.05;1066.12;10;0.75;stop
531;3195.1;601.67;3223.62;598.16;3222.09;585.67;3193.56;589.18;10;0.72;stop
532;1615.4;1676.76;1615.61;1664.99;1588.6;1664.49;1588.39;1676.26;10;0.69;stop
533;1993.46;1680.19;2003.92;1680.16;2003.85;1657.68;1993.39;1657.71;10;0.72;stop
534;3163.15;66.92;3164.63;36.25;3149.04;35.5;3147.55;66.17;10;0.67;stop
535;133.58;1596.4;134.24;1585.04;109.23;1583.6;108.58;1594.96;10;0.72;stop
536;3110.96;605.31;3138.81;602.1;3137.48;590.59;3109.63;593.8;10;0.73;stop
537;3742.56;45.47;3755.96;11.74;3740.57;5.62;3727.16;39.36;10;0.72;stop
538;1734.93;1165.62;1735.31;1152.71;1707.48;1151.88;1707.09;1164.79;10;0.8;stop
539;2496.7;1562.73;2497.28;1533.52;2484.43;1533.27;2483.84;1562.48;10;0.73;stop
540;3428.91;1367.55;3432.28;1356.35;3412.03;1350.26;3408.66;1361.46;10;0.72;stop
541;1335.56;1664.82;1337.2;1652.99;1311.57;1649.43;1309.93;1661.26;10;0.67;stop
542;2935.2;1431.82;2946.53;1420.05;2915.55;1390.24;2904.22;1402.01;10;0.72;stop
543;688.88;105.23;689.46;92.42;662.06;91.18;661.48;103.99;10;0.61;stop
544;1067.57;1652.13;1068.24;1640.97;1045.74;1639.62;1045.07;1650.78;10;0.71;stop
545;3288.01;1130.39;3299.4;1107.1;3288.55;1101.8;3277.16;1125.09;10;0.72;stop
546;1442.36;1706.16;1443.2;1694.31;1417.39;1692.46;1416.55;1704.32;10;0.69;stop
547;3756.03;1000.88;3785.7;999.71;3785.22;987.56;3755.55;988.73;10;0.71;stop
548;2072.71;241.31;2101.28;240.75;2101.04;228.38;2072.47;228.94;10;0.69;stop
549;3194.24;710.36;3194.28;684.66;3180.76;684.64;3180.72;710.34;10;0.68;stop
550;1505.75;1219.04;1532.94;1218.89;1532.87;1206.46;1505.68;1206.61;10;0.74;stop
551;718.12;1671.22;718.66;1658.99;692.82;1657.84;692.27;1670.07;10;0.64;stop
552;919.04;1210.05;920.53;1200.17;902.52;1197.45;901.03;1207.33;10;0.76;stop
553;705.37;1229.77;705.65;1217.71;679.32;1217.11;679.04;1229.16;10;0.74;stop
554;2534.02;743.54;2546.17;743.01;2544.98;715.58;2532.83;716.11;10;0.75;stop
555;3084.87;606.0;3109.32;602.64;3107.79;591.43;3083.33;594.78;10;0.71;stop
556;720.48;1635.92;721.23;1624.35;697.96;1622.83;697.21;1634.4;10;0.61;stop
557;365.17;136.62;392.58;135.03;391.86;122.6;364.45;124.19;10;0.72;stop
558;290.56;145.14;315.52;142.29;314.12;130.02;289.16;132.87;10;0.68;stop
559;1800.34;219.41;1814.15;219.26;1813.77;183.9;1799.96;184.05;10;0.67;stop
560;2519.11;124.38;2519.25;97.87;2507.02;97.81;2506.87;124.31;10;0.69;stop
561;3724.2;576.12;3754.21;573.86;3753.3;561.77;3723.29;564.03;10;0.71;stop
562;2432.6;226.04;2457.87;225.17;2457.4;211.59;2432.13;212.46;10;0.72;stop
565;1992.39;1644.03;2005.31;1643.87;2004.92;1612.84;1992.0;1613.01;10;0.7;stop
566;2794.22;202.16;2821.04;200.6;2820.24;186.9;2793.42;188.47;10;0.66;stop
567;3619.46;332.7;3630.32;304.92;3618.04;300.12;3607.18;327.89;10;0.7;stop
570;1439.25;1667.47;1439.28;1655.83;1416.0;1655.78;1415.97;1667.42;10;0.6;stop
571;2188.23;646.05;2217.02;644.6;2216.33;630.82;2187.54;632.27;10;0.69;stop
572;1968.01;1595.64;1981.57;1595.38;1980.93;1561.11;1967.36;1561.37;10;0.79;stop
573;1725.28;1720.22;1726.96;1708.95;1703.17;1705.41;1701.49;1716.67;10;0.75;stop
574;2274.93;231.16;2305.93;230.56;2305.69;218.27;2274.69;218.88;10;0.67;stop
575;3577.67;1045.62;3611.73;1043.94;3611.08;1030.94;3577.02;1032.62;10;0.76;stop
576;2695.8;2088.54;2707.55;2083.32;2695.88;2057.08;2684.13;2062.31;10;0.67;stop
577;648.9;1668.27;649.51;1656.36;626.1;1655.17;625.49;1667.08;10;0.47;stop
578;2649.96;1442.39;2652.09;1417.9;2639.41;1416.8;2637.28;1441.28;10;0.72;stop
579;2909.65;197.64;2936.71;194.47;2935.2;181.57;2908.14;184.75;10;0.65;stop
580;1976.54;1910.95;1981.83;1872.43;1965.46;1870.18;1960.17;1908.7;10;0.69;stop
581;1978.53;2160.01;1979.35;2135.66;1967.03;2135.24;1966.21;2159.59;10;0.64;stop
582;3435.43;2143.59;3464.25;2132.17;3458.0;2116.41;3429.19;2127.83;10;0.61;stop
584;61.03;1624.65;62.15;1611.2;33.37;1608.79;32.24;1622.24;10;0.52;stop
585;2450.74;1594.24;2462.59;1593.88;2461.76;1567.01;2449.91;1567.37;10;0.64;stop
586;2525.62;511.87;2536.97;511.66;2536.51;487.13;2525.16;487.34;10;0.64;stop
587;3670.96;580.79;3700.93;577.84;3699.67;565.07;3669.7;568.02;10;0.68;stop
588;518.28;1624.64;518.59;1612.32;490.47;1611.61;490.16;1623.93;10;0.65;stop
589;541.7;1626.68;542.89;1616.41;524.23;1614.25;523.05;1624.53;10;0.57;stop
590;1123.12;379.87;1149.52;379.55;1149.38;368.26;1122.98;368.57;10;0.53;stop
592;3463.71;1050.87;3493.98;1049.76;3493.48;1036.01;3463.21;1037.11;10;0.69;stop
594;2242.5;233.49;2272.35;232.16;2271.75;218.76;2241.9;220.09;10;0.64;stop
595;189.38;889.7;193.02;865.38;180.0;863.42;176.35;887.75;10;0.48;stop
598;2512.98;318.92;2526.56;318.44;2525.52;289.14;2511.94;289.62;10;0.63;stop
599;3202.73;177.12;3232.35;174.7;3231.33;162.25;3201.71;164.67;10;0.7;stop
600;468.88;1032.84;470.3;1007.86;457.84;1007.16;456.42;1032.14;10;0.61;stop
601;1021.57;1038.14;1021.77;1014.16;1009.06;1014.05;1008.85;1038.03;10;0.6;stop
602;163.72;1599.67;164.94;1588.45;142.14;1585.96;140.91;1597.18;10;0.66;stop
603;2451.96;1772.28;2454.46;1745.59;2442.54;1744.47;2440.04;1771.16;10;0.72;stop
604;3195.8;215.59;3220.91;212.5;3219.51;201.13;3194.4;204.22;10;0.66;stop
605;3634.04;1262.82;3649.8;1262.16;3648.46;1229.99;3632.7;1230.65;10;0.68;stop
606;1954.07;200.84;1965.0;200.42;1964.21;179.97;1953.29;180.39;10;0.63;stop
607;2674.04;210.89;2699.61;208.78;2698.59;196.36;2673.01;198.47;10;0.64;stop
608;399.72;131.74;428.2;130.4;427.62;118.11;399.15;119.44;10;0.67;stop
609;410.81;1657.19;411.32;1643.91;382.78;1642.81;382.27;1656.09;10;0.6;stop
610;2620.78;1443.86;2633.45;1419.3;2622.47;1413.64;2609.8;1438.2;10;0.63;stop
611;1486.67;1707.9;1487.44;1695.94;1458.58;1694.1;1457.81;1706.06;10;0.67;stop
612;791.83;131.0;817.44;129.24;816.64;117.62;791.03;119.38;10;0.67;stop
613;2536.97;792.52;2550.27;792.33;2549.91;766.73;2536.6;766.92;10;0.69;stop
614;2964.78;1466.22;2977.16;1455.01;2948.97;1423.9;2936.59;1435.12;9;0.62;stop
616;1549.01;1770.11;1549.84;1756.39;1518.87;1754.51;1518.04;1768.23;10;0.61;stop
617;3100.47;184.31;3119.79;183.5;3119.28;171.19;3099.96;172.0;10;0.63;stop
619;729.82;101.2;730.42;90.08;719.56;89.49;718.95;100.6;10;0.59;stop
620;3025.77;188.66;3051.4;185.65;3049.98;173.59;3024.35;176.6;10;0.6;stop
623;563.75;625.85;566.2;615.09;537.82;608.61;535.36;619.36;10;0.73;stop
625;3752.52;142.65;3784.04;140.57;3783.1;126.41;3751.59;128.49;10;0.54;stop
627;3782.76;269.58;3800.77;269.06;3799.73;233.39;3781.73;233.91;10;0.52;stop
628;619.62;1630.55;619.83;1619.24;597.26;1618.83;597.05;1630.13;10;0.47;stop
629;2730.49;1385.74;2731.17;1370.99;2696.14;1369.38;2695.46;1384.13;10;0.63;stop
630;1338.05;94.43;1364.84;92.98;1364.2;81.07;1337.41;82.52;10;0.59;stop
631;632.1;1087.35;633.16;1076.39;613.84;1074.53;612.78;1085.49;10;0.6;stop
632;2476.83;1904.68;2477.8;1871.23;2463.8;1870.82;2462.82;1904.27;10;0.64;stop
633;2484.24;208.06;2485.59;185.81;2474.39;185.13;2473.04;207.38;10;0.58;stop
634;2725.56;663.69;2752.22;660.41;2750.56;646.94;2723.9;650.22;10;0.68;stop
635;3191.79;680.86;3192.11;651.24;3178.52;651.09;3178.2;680.71;10;0.67;stop
637;631.47;109.23;656.76;106.89;655.72;95.61;630.43;97.95;10;0.61;stop
639;3638.57;150.79;3669.36;148.42;3668.3;134.68;3637.52;137.04;10;0.55;stop
641;3807.87;1979.59;3839.75;1960.75;3830.88;1945.73;3799.0;1964.57;10;0.59;stop
645;3439.11;874.02;3447.87;846.8;3434.64;842.54;3425.88;869.76;10;0.59;stop
646;1269.22;60.09;1294.9;59.61;1294.66;46.79;1268.98;47.27;10;0.66;stop
647;3579.01;1005.46;3601.66;1004.7;3601.31;994.23;3578.66;994.99;10;0.66;stop
649;2042.51;241.68;2068.96;240.5;2068.43;228.57;2041.98;229.75;10;0.67;stop
650;169.32;1181.16;169.32;1167.28;143.8;1167.28;143.8;1181.16;10;0.66;stop
651;1966.51;1332.87;1978.85;1332.22;1977.36;1304.13;1965.02;1304.78;10;0.61;stop
652;1228.94;1660.08;1230.05;1649.59;1209.49;1647.42;1208.39;1657.91;10;0.59;stop
653;564.73;118.37;593.76;117.15;593.09;101.01;564.05;102.22;10;0.52;stop
654;2366.52;229.09;2392.66;227.46;2391.86;214.72;2365.72;216.36;10;0.65;stop
655;3558.41;576.68;3571.55;574.02;3566.59;549.5;3553.45;552.15;10;0.64;stop
656;1542.83;1674.68;1543.42;1663.13;1522.8;1662.07;1522.2;1673.62;10;0.47;stop
657;669.75;652.74;672.37;641.83;644.63;635.15;642.0;646.06;10;0.49;stop
658;2518.98;407.7;2531.23;407.45;2530.77;384.3;2518.52;384.55;10;0.65;stop
660;2323.12;679.47;2352.56;678.25;2352.0;664.9;2322.57;666.12;10;0.6;stop
661;3627.06;408.04;3637.38;383.56;3625.44;378.52;3615.12;403.01;10;0.48;stop
662;3190.01;1166.82;3203.8;1139.52;3190.62;1132.86;3176.83;1160.16;10;0.73;stop
663;3213.73;1369.11;3225.81;1337.94;3210.02;1331.82;3197.94;1362.99;9;0.6;stop
665;2434.33;635.94;2460.77;634.71;2460.17;621.81;2433.73;623.04;10;0.66;stop
666;1404.08;933.93;1404.63;923.49;1382.55;922.32;1381.99;932.76;10;0.56;stop
667;1910.31;1425.55;1923.2;1423.97;1919.19;1391.45;1906.3;1393.03;9;0.68;stop
669;3802.01;303.81;3802.05;275.12;3786.12;275.1;3786.07;303.78;10;0.59;stop
671;3331.62;169.34;3358.54;167.14;3357.44;153.63;3330.52;155.83;10;0.59;stop
672;1529.88;755.08;1531.76;730.83;1520.0;729.92;1518.12;754.17;10;0.43;stop
675;2218.7;1420.57;2219.9;1385.1;2205.55;1384.62;2204.35;1420.09;9;0.54;stop
677;1300.14;1661.87;1300.48;1649.71;1274.98;1649.01;1274.65;1661.17;10;0.62;stop
678;2678.72;1437.81;2678.75;1397.77;2660.15;1397.75;2660.12;1437.8;9;0.62;stop
679;2120.93;1113.72;2121.02;1096.01;2077.57;1095.78;2077.48;1113.49;9;0.55;stop
680;1960.23;2161.7;1961.57;2136.46;1949.05;2135.8;1947.71;2161.04;10;0.59;stop
681;911.63;688.3;912.21;677.54;890.06;676.33;889.48;687.09;10;0.65;stop
682;3153.47;1413.61;3165.26;1379.77;3147.47;1373.58;3135.68;1407.41;9;0.54;stop
683;3774.4;1464.46;3777.47;1452.74;3749.98;1445.54;3746.91;1457.26;10;0.63;stop
684;3100.59;170.48;3119.46;169.95;3119.16;159.15;3100.29;159.68;10;0.62;stop
685;55.28;899.4;58.88;887.27;29.56;878.57;25.96;890.7;10;0.42;stop
686;2781.73;1388.93;2783.28;1373.57;2739.91;1369.2;2738.36;1384.56;9;0.59;stop
687;2856.8;1402.29;2861.23;1385.26;2820.23;1374.59;2815.8;1391.61;9;0.47;stop
688;2720.01;208.29;2753.53;206.5;2752.74;191.65;2719.22;193.44;10;0.52;stop
691;895.46;1606.94;895.49;1583.58;884.01;1583.56;883.98;1606.92;10;0.58;stop
692;3273.37;1396.41;3314.04;1390.51;3311.63;1373.9;3270.96;1379.8;9;0.43;stop
695;2518.56;253.15;2542.97;249.48;2541.32;238.48;2516.91;242.14;10;0.58;stop
697;3672.32;313.25;3685.68;277.83;3668.3;271.28;3654.94;306.7;9;0.54;stop
698;2820.06;1262.13;2821.79;1247.82;2793.31;1244.37;2791.58;1258.68;10;0.73;stop
699;3271.32;599.67;3297.26;596.76;3295.87;584.39;3269.93;587.3;10;0.65;stop
701;3163.3075;318.66499999999996;3170.860833333333;309.02416666666664;3165.7524999999996;294.1066666666667;3158.1991666666663;303.74916666666667;10;0.3983333333333333;stop
702;3582.09;520.38;3592.23;491.65;3577.6;486.49;3567.46;515.22;10;0.58;stop
703;614.46;1666.81;615.01;1654.02;588.35;1652.88;587.8;1665.67;10;0.37;stop
704;3658.6;1262.59;3674.2;1261.86;3672.65;1228.35;3657.05;1229.08;10;0.46;stop
706;3416.21;1049.27;3440.14;1048.42;3439.73;1036.67;3415.79;1037.51;10;0.6;stop
707;1053.86;1686.47;1054.84;1674.8;1030.77;1672.78;1029.79;1684.45;10;0.53;stop
708;3160.92;354.58;3173.6;353.83;3171.89;325.11;3159.21;325.86;10;0.51;stop
709;1920.49;1611.72;1934.55;1611.17;1933.11;1574.28;1919.04;1574.83;10;0.66;stop
710;3247.82;1159.81;3260.12;1133.81;3247.18;1127.69;3234.88;1153.69;10;0.62;stop
714;2527.66;1354.85;2578.43;1354.57;2578.34;1337.28;2527.57;1337.55;9;0.46;stop
715;1090.2;1212.9;1090.59;1197.36;1054.8;1196.48;1054.41;1212.02;10;0.51;stop
716;3493.46;733.82;3503.04;707.56;3490.92;703.14;3481.34;729.39;10;0.56;stop
718;2046.01;275.03;2073.96;273.49;2073.36;262.72;2045.42;264.26;10;0.54;stop
719;2035.49;1571.8;2067.05;1570.06;2066.26;1555.7;2034.7;1557.44;10;0.63;stop
727;1797.91;227.06;1798.09;201.64;1788.07;201.57;1787.89;226.99;10;0.38;stop
728;550.31;1465.4;553.12;1453.78;530.62;1448.35;527.82;1459.97;10;0.42;stop
729;3121.15;289.17;3134.78;288.72;3133.85;261.14;3120.22;261.59;10;0.51;stop
730;3322.04;985.2;3339.56;959.49;3326.71;950.73;3309.19;976.44;10;0.56;stop
734;3589.9;400.47;3601.39;371.5;3588.54;366.4;3577.05;395.38;10;0.62;stop
736;1992.87;1820.47;1993.75;1799.1;1982.88;1798.65;1982.0;1820.02;10;0.65;stop
739;2475.42;1959.62;2478.8;1927.81;2462.96;1926.13;2459.58;1957.94;10;0.52;stop
742;2466.43;1553.32;2468.14;1525.48;2455.07;1524.68;2453.36;1552.52;9;0.54;stop
746;1617.17;646.02;1617.57;635.2;1591.33;634.23;1590.93;645.05;10;0.5;stop
748;1658.73;677.55;1658.99;667.4;1636.39;666.82;1636.13;676.98;10;0.48;stop
749;1174.01;1813.78;1174.95;1786.65;1162.61;1786.22;1161.68;1813.35;10;0.45;stop
751;1526.37;824.05;1529.29;795.07;1515.63;793.7;1512.71;822.68;10;0.5;stop
752;3415.01;2098.06;3423.63;2088.18;3407.18;2073.82;3398.56;2083.69;10;0.44;stop
754;525.96;1076.84;525.97;1068.18;508.1;1068.16;508.09;1076.82;10;0.51;stop
757;1083.41;1687.64;1084.48;1677.25;1062.53;1674.99;1061.46;1685.37;10;0.49;stop
761;3056.57;1498.7;3068.4;1464.04;3051.24;1458.18;3039.41;1492.83;10;0.55;stop
763;2125.54;275.95;2136.51;275.71;2135.96;251.11;2124.99;251.35;10;0.57;stop
764;1105.0;1655.42;1106.26;1645.24;1079.75;1641.95;1078.49;1652.13;10;0.5;stop
770;2475.29;1347.84;2475.69;1334.51;2445.08;1333.59;2444.68;1346.93;9;0.44;stop
787;3435.24;1122.4;3447.02;1094.11;3432.88;1088.23;3421.11;1116.52;10;0.59;stop
795;3005.15;1543.99;3016.17;1540.63;3009.85;1519.95;2998.83;1523.31;10;0.5;stop
799;257.91;1075.03;258.55;1064.64;238.5;1063.41;237.86;1073.8;10;0.41;stop
819;900.46;85.62;901.32;72.94;877.32;71.32;876.47;84.0;10;0.58;stop
855;1977.39;1712.22;1979.36;1680.45;1966.49;1679.65;1964.51;1711.42;10;0.8;stop
920;1869.27;868.9;1882.36;868.51;1881.48;838.85;1868.39;839.24;10;0.78;stop
1088;3240.5;1296.63;3242.2;1283.66;3211.38;1279.62;3209.68;1292.59;10;0.79;move
1116;2265.1;1129.34;2265.42;1115.63;2239.58;1115.04;2239.27;1128.74;10;0.8;move
1184;2645.62;1143.77;2646.59;1129.64;2616.76;1127.6;2615.79;1141.74;10;0.81;stop
1251;2386.09;1132.06;2386.26;1119.41;2359.91;1119.06;2359.74;1131.72;10;0.78;move
1270;1974.5;1755.0;1976.77;1722.2;1963.0;1721.25;1960.73;1754.05;10;0.81;stop
1295;1868.35;831.41;1880.84;831.09;1880.15;804.34;1867.66;804.66;10;0.79;stop
1370;2798.79;1177.41;2800.52;1162.32;2761.99;1157.9;2760.26;1172.99;10;0.69;stop
1402;1988.22;1423.59;1991.85;1339.15;1971.78;1338.29;1968.15;1422.73;9;0.8;stop
1472;1971.31;1792.49;1973.93;1767.07;1962.44;1765.88;1959.82;1791.31;10;0.8;stop
1517;1842.59;2130.49;1855.7;2099.3;1842.82;2093.88;1829.71;2125.08;10;0.81;stop
1518;1854.19;848.58;1854.26;819.82;1841.06;819.79;1840.99;848.55;10;0.8;stop
1573;2845.68;1181.36;2847.51;1170.27;2822.44;1166.14;2820.62;1177.23;10;0.8;stop
1656;1918.24;221.1;1929.47;220.99;1929.26;199.09;1918.03;199.2;10;0.77;move
1669;318.11;141.21;347.4;139.33;346.58;126.45;317.28;128.33;10;0.58;stop
1734;1867.76;797.94;1879.99;797.34;1878.49;766.93;1866.26;767.54;10;0.78;stop
1833;1867.64;955.24;1881.07;954.53;1879.36;922.39;1865.93;923.1;10;0.79;stop
1837;1965.54;1827.04;1968.94;1802.72;1957.24;1801.09;1953.84;1825.41;10;0.78;stop
1903;3345.23;949.25;3359.26;924.91;3348.52;918.72;3334.49;943.06;10;0.5;stop
1959;2735.9;1170.97;2737.09;1157.41;2709.22;1154.97;2708.03;1168.52;10;0.76;stop
2019;1957.98;1862.69;1961.49;1837.9;1950.27;1836.31;1946.76;1861.1;10;0.79;stop
2038;1852.0;1011.54;1853.23;981.37;1840.16;980.83;1838.93;1011.01;10;0.8;stop
2139;2690.56;1146.19;2691.7;1131.75;2658.58;1129.12;2657.44;1143.57;10;0.82;stop
2155;2569.88;1137.47;2570.6;1124.29;2540.62;1122.66;2539.9;1135.83;10;0.83;stop
2158;3085.53;1274.26;3088.13;1259.31;3055.47;1253.62;3052.87;1268.56;10;0.82;stop
2206;1855.73;968.91;1856.04;939.22;1843.27;939.09;1842.96;968.78;10;0.79;stop
2318;1951.94;1904.16;1957.37;1875.96;1945.06;1873.59;1939.63;1901.79;10;0.83;stop
2353;1372.31;95.99;1396.58;95.49;1396.32;82.89;1372.05;83.39;10;0.47;stop
2402;192.97;859.79;195.81;832.84;182.73;831.46;179.89;858.41;10;0.47;stop
2435;1841.76;930.83;1855.8;930.8;1855.74;898.42;1841.7;898.45;10;0.82;stop
2473;2785.95;1156.24;2787.32;1145.08;2763.3;1142.14;2761.93;1153.29;10;0.81;stop
2614;1913.75;388.53;1927.89;387.4;1925.5;357.35;1911.36;358.48;10;0.81;move
2705;1897.93;314.67;1909.86;314.31;1909.07;287.77;1897.14;288.12;10;0.8;move
2715;1853.99;886.48;1854.03;857.29;1840.7;857.27;1840.65;886.46;10;0.81;stop
2754;1938.16;1409.48;1951.0;1408.07;1947.49;1376.02;1934.66;1377.43;10;0.69;move
2817;3108.61;1194.32;3111.59;1177.65;3063.89;1169.12;3060.91;1185.78;9;0.57;stop
2939;2540.86;894.12;2553.11;893.96;2552.76;868.75;2540.51;868.92;10;0.42;stop
2964;2936.3;1244.66;2938.65;1231.28;2907.7;1225.84;2905.35;1239.22;10;0.82;move
2971;3585.03;626.02;3585.34;611.25;3551.22;610.55;3550.91;625.31;10;0.64;stop
3083;1840.74;806.29;1854.34;806.12;1853.95;775.46;1840.35;775.63;10;0.78;stop
3243;1701.84;1162.44;1702.02;1152.04;1682.02;1151.68;1681.83;1162.09;10;0.81;stop
3345;1917.84;616.8;1936.94;615.8;1932.38;528.45;1913.28;529.45;9;0.72;move
3352;3508.45;584.45;3519.16;566.65;3509.67;560.94;3498.96;578.74;10;0.43;stop
3386;2896.95;1192.18;2899.17;1179.08;2869.62;1174.07;2867.4;1187.17;10;0.82;stop
3423;1840.98;762.6;1855.0;762.16;1853.99;730.27;1839.97;730.72;10;0.81;stop
3612;1862.88;762.05;1877.66;761.39;1876.25;729.7;1861.46;730.36;10;0.76;stop
3631;637.01;2151.57;637.39;2141.05;616.42;2140.31;616.05;2150.83;10;0.52;stop
3645;3023.94;1242.49;3026.5;1229.26;2994.81;1223.13;2992.25;1236.36;10;0.82;stop
3647;627.06;111.43;627.39;99.69;603.87;99.04;603.55;110.78;10;0.51;stop
3741;2942.08;1199.54;2944.77;1184.93;2910.92;1178.71;2908.23;1193.32;10;0.82;stop
3791;1873.29;598.65;1873.29;572.48;1860.58;572.48;1860.58;598.65;10;0.5;stop
3825;1047.81;1035.83;1048.36;1015.37;1036.25;1015.05;1035.7;1035.5;10;0.57;stop
3859;1845.23;707.4;1858.58;706.8;1857.15;675.22;1843.8;675.83;10;0.79;stop
4164;1857.59;554.87;1870.87;554.6;1870.29;525.13;1857.0;525.4;10;0.77;stop
4229;2735.15;1153.27;2736.29;1139.65;2705.17;1137.04;2704.02;1150.66;10;0.84;stop
4327;2834.97;1161.27;2837.18;1148.4;2806.43;1143.11;2804.22;1155.98;10;0.83;stop
4428;2907.68;1173.92;2909.77;1161.2;2877.82;1155.96;2875.73;1168.67;10;0.84;stop
4480;2963.42;1230.65;2964.96;1218.42;2940.02;1215.29;2938.48;1227.52;10;0.78;stop
4538;1843.34;668.62;1856.43;667.95;1855.01;639.76;1841.91;640.42;10;0.78;stop
4577;2986.34;1208.85;2988.94;1195.45;2958.91;1189.65;2956.31;1203.05;10;0.81;stop
4585;2817.83;1222.61;2818.07;1207.93;2784.29;1207.39;2784.05;1222.07;10;0.79;move
4603;2945.59;1181.12;2947.98;1168.01;2916.41;1162.26;2914.02;1175.36;10;0.84;stop
4651;1890.71;898.47;1903.85;898.01;1902.79;867.78;1889.65;868.24;10;0.76;stop
4759;3146.75;1287.52;3148.02;1274.55;3120.44;1271.86;3119.17;1284.82;10;0.82;stop
4774;1672.03;1164.84;1672.17;1152.96;1647.85;1152.66;1647.7;1164.54;10;0.8;stop
4850;1167.45;2120.61;1178.27;2119.19;1175.36;2097.02;1164.54;2098.44;10;0.48;stop
4886;2630.89;1209.86;2631.57;1196.8;2604.49;1195.39;2603.8;1208.45;10;0.8;move
4936;1889.06;859.55;1902.33;858.55;1899.94;826.82;1886.67;827.82;10;0.77;stop
4942;2862.47;639.53;2891.82;637.67;2890.97;624.22;2861.61;626.08;10;0.49;move
4971;2329.21;1130.72;2329.69;1116.96;2299.79;1115.91;2299.31;1129.66;10;0.81;move
5020;2978.57;1186.18;2980.94;1174.95;2955.43;1169.57;2953.06;1180.8;10;0.74;stop
5223;3023.11;1193.33;3025.46;1181.06;2998.64;1175.92;2996.29;1188.19;10;0.83;stop
5227;3033.56;1275.39;3036.17;1261.5;3006.19;1255.86;3003.58;1269.75;10;0.83;stop
5250;1885.31;785.77;1898.16;784.75;1896.01;757.73;1883.15;758.75;10;0.8;stop
5310;3029.61;1216.84;3031.76;1202.26;2998.89;1197.41;2996.74;1211.99;10;0.82;stop
5392;2984.49;1258.76;2986.84;1246.37;2956.44;1240.61;2954.1;1253.01;10;0.82;stop
5533;2727.17;1229.5;2727.88;1214.42;2694.95;1212.88;2694.25;1227.96;10;0.82;move
5553;967.5;1208.8;968.08;1193.37;930.1;1191.95;929.52;1207.38;10;0.52;stop
5567;3067.64;1206.15;3070.38;1191.84;3036.89;1185.42;3034.15;1199.72;10;0.83;stop
5657;1943.08;1625.21;1959.08;1624.91;1958.42;1590.04;1942.42;1590.34;10;0.59;stop
5755;2548.27;1207.52;2548.96;1193.56;2519.48;1192.11;2518.79;1206.07;10;0.8;move
5811;3105.92;606.3766666666667;3120.2633333333333;604.2433333333333;3118.705;593.8066666666667;3104.3616666666667;595.94;10;0.35000000000000003;stop
5827;1880.08;709.14;1893.23;707.94;1890.92;682.49;1877.77;683.68;10;0.79;stop
5959;3332.42;1279.21;3335.64;1266.08;3305.08;1258.6;3301.86;1271.73;10;0.8;stop
5976;260.68;1609.48;261.7;1598.97;239.01;1596.77;237.99;1607.28;10;0.52;stop
6115;3060.25;1222.43;3062.17;1209.75;3035.38;1205.69;3033.45;1218.37;10;0.69;stop
6123;2534.09;1237.98;2534.35;1226.31;2510.03;1225.77;2509.77;1237.44;10;0.76;stop
6167;3228.67;1161.26;3235.63;1136.57;3222.26;1132.8;3215.31;1157.49;10;0.73;stop
6215;452.23;1621.83;453.04;1608.79;422.92;1606.92;422.11;1619.96;10;0.45;stop
6224;1505.54;1162.83;1505.63;1150.37;1479.09;1150.17;1478.99;1162.63;10;0.82;stop
6267;1896.15;1067.32;1906.83;1063.97;1899.6;1040.93;1888.92;1044.28;10;0.52;stop
6288;2025.1;1204.57;2025.23;1185.31;1970.53;1184.93;1970.4;1204.19;9;0.73;move
6335;3110.19;1214.18;3112.57;1199.78;3079.19;1194.25;3076.8;1208.65;10;0.81;stop
6386;1923.89;1556.74;1924.99;1535.29;1914.61;1534.76;1913.51;1556.21;10;0.65;stop
6444;1878.45;675.22;1890.04;673.73;1886.83;648.9;1875.24;650.4;10;0.79;stop
6559;322.81;2094.8999999999996;323.975;2066.275;310.47;2065.7200000000003;309.305;2094.355;10;0.375;stop
6561;1154.0;1656.06;1154.56;1645.21;1129.75;1643.94;1129.19;1654.79;10;0.44;stop
6578;3181.62;1240.4;3183.03;1226.37;3153.07;1223.35;3151.65;1237.38;10;0.79;stop
6594;704.73;1264.16;705.4;1250.74;676.2;1249.28;675.53;1262.7;10;0.39;stop
6619;159.4;1080.81;178.78;1065.64;171.77;1056.69;152.39;1071.86;10;0.73;stop
6621;1492.64;1200.22;1492.78;1186.22;1460.49;1185.9;1460.35;1199.9;10;0.82;move
6638;470.09;1659.68;470.85;1647.43;446.78;1645.95;446.03;1658.2;10;0.51;stop
6655;270.02;1649.27;271.52;1636.08;243.73;1632.92;242.23;1646.1;10;0.63;stop
6702;530.16;1252.63;530.25;1240.37;504.84;1240.18;504.75;1252.44;10;0.53;stop
6716;1713.22;1203.48;1713.8;1190.61;1686.53;1189.39;1685.95;1202.27;10;0.76;move
6719;240.38;1646.68;242.18;1633.42;215.94;1629.88;214.15;1643.14;10;0.6;stop
6729;3156.34;1219.92;3158.65;1207.7;3131.47;1202.58;3129.17;1214.8;10;0.82;stop
6816;1858.77;497.83;1870.88;497.28;1869.67;470.8;1857.56;471.35;10;0.77;stop
6891;1200.42;1193.63;1200.83;1180.82;1178.96;1180.12;1178.54;1192.93;10;0.79;move
6903;3285.13;1253.38;3287.01;1237.75;3246.43;1232.87;3244.55;1248.5;10;0.77;stop
6925;1512.41;1181.26;1512.45;1168.95;1485.71;1168.87;1485.68;1181.17;10;0.81;move
6929;1840.18;622.45;1852.07;621.91;1850.94;597.05;1839.06;597.59;10;0.73;stop
6964;2525.45;284.66;2526.1;261.29;2514.17;260.96;2513.53;284.33;10;0.46;stop
7096;3147.36;1237.72;3150.37;1224.17;3120.77;1217.6;3117.76;1231.14;10;0.77;stop
7131;1842.1;538.86;1854.97;538.41;1853.99;510.76;1841.12;511.21;10;0.77;stop
7146;1423.03;2161.59;1425.14;2132.36;1411.97;2131.41;1409.86;2160.64;10;0.58;stop
7162;1838.22;575.17;1849.88;574.5;1848.4;548.71;1836.75;549.37;10;0.77;stop
7211;1855.88;465.29;1870.9;464.86;1870.03;434.71;1855.0;435.14;10;0.75;stop
7262;1162.19;1176.02;1162.43;1162.23;1133.94;1161.73;1133.7;1175.52;10;0.77;move
7266;1015.57;1650.15;1039.33;1649.95;1039.24;1639.35;1015.48;1639.55;10;0.47;stop
7268;3325.53;1260.01;3328.52;1246.6;3296.03;1239.36;3293.04;1252.77;10;0.81;stop
7327;1833.11;494.32;1847.28;494.09;1846.76;463.05;1832.6;463.28;10;0.79;stop
7360;3282.32;1232.26;3284.36;1219.22;3254.86;1214.62;3252.83;1227.65;10;0.78;stop
7363;3200.72;1222.59;3202.6;1209.03;3170.53;1204.6;3168.65;1218.15;10;0.82;stop
7379;1247.034;1217.268;1247.296;1206.4260000000002;1229.09;1205.982;1228.828;1216.8239999999998;10;0.468;stop
7396;1852.7;426.26;1865.3;425.65;1863.93;397.24;1851.32;397.85;10;0.79;stop
7435;1002.78;1189.16;1003.0;1174.9;962.22;1174.27;962.0;1188.54;9;0.81;move
7467;957.63;1170.55;958.1;1157.02;927.02;1155.95;926.56;1169.48;10;0.81;move
7535;1871.59;641.0;1884.8;639.68;1882.16;613.37;1868.95;614.7;10;0.76;stop
7541;1825.82;368.37;1840.35;368.0;1839.43;332.5;1824.9;332.88;10;0.76;stop
7563;1851.33;383.48;1865.67;382.84;1864.17;348.9;1849.83;349.53;10;0.8;stop
7573;3373.98;1272.93;3377.33;1260.21;3348.83;1252.69;3345.48;1265.42;10;0.8;stop
7581;3455.9;163.01;3488.85;161.34;3488.16;147.78;3455.21;149.44;10;0.63;stop
7611;3210.61;618.3;3238.99;612.7;3236.58;600.45;3208.19;606.05;10;0.74;stop
7633;1635.95;1164.32;1636.26;1151.61;1608.55;1150.93;1608.24;1163.64;10;0.81;stop
7702;3419.06;1288.21;3422.68;1275.97;3393.75;1267.42;3390.13;1279.65;10;0.76;stop
7740;1826.27;322.07;1839.56;321.35;1837.86;289.93;1824.57;290.65;10;0.79;stop
7749;813.94;1166.12;814.53;1153.49;789.18;1152.32;788.6;1164.95;10;0.81;move
7799;1597.72;1164.05;1597.95;1151.71;1570.28;1151.2;1570.05;1163.54;10;0.81;stop
7810;892.01;1183.17;892.13;1169.43;865.52;1169.2;865.4;1182.95;10;0.8;move
7812;3382.12;950.84;3393.38;926.64;3381.0;920.88;3369.74;945.08;10;0.71;move
7843;1849.2;342.07;1863.13;340.78;1860.11;308.18;1846.18;309.47;10;0.82;stop
7937;1771.93;1183.57;1772.28;1170.76;1742.57;1169.93;1742.22;1182.74;10;0.8;stop
7945;740.35;1163.28;740.96;1150.07;709.03;1148.6;708.42;1161.81;10;0.8;move
7968;3379.89;1255.45;3383.24;1242.67;3352.3;1234.55;3348.94;1247.33;10;0.81;stop
7991;1823.96;281.42;1838.08;280.88;1836.98;251.83;1822.86;252.37;10;0.78;stop
8006;3632.47;348.51;3643.33;325.66;3631.28;319.93;3620.42;342.77;10;0.7;move
8030;770.21;1180.53;770.41;1166.68;739.44;1166.22;739.24;1180.07;10;0.83;move
8040;1557.44;1164.54;1557.65;1151.14;1529.56;1150.71;1529.35;1164.11;10;0.75;stop
8073;1849.81;301.09;1864.52;300.2;1862.59;268.16;1847.89;269.05;10;0.81;stop
8140;1821.58;241.44;1833.75;241.16;1833.17;215.87;1821.0;216.15;10;0.73;stop
8145;3274.33;1165.78;3288.37;1135.38;3275.04;1129.22;3261.01;1159.62;10;0.51;stop
8206;3436.0;1272.4;3439.91;1260.08;3412.44;1251.35;3408.53;1263.67;10;0.79;stop
8222;1845.82;265.15;1857.98;264.42;1856.56;240.54;1844.4;241.26;10;0.71;stop
8252;1938.45;1956.97;1945.13;1933.08;1933.8;1929.91;1927.12;1953.79;10;0.81;move
8267;1883.65;2095.05;1894.86;2067.92;1882.85;2062.95;1871.64;2090.08;10;0.78;move
8282;1823.78;205.87;1835.46;205.63;1834.91;179.44;1823.22;179.69;10;0.79;stop
8302;664.82;1180.35;665.24;1163.7;616.74;1162.47;616.32;1179.12;9;0.71;move
8304;2196.98;1109.98;2197.46;1098.23;2173.83;1097.27;2173.36;1109.02;10;0.77;stop
8311;3782.5055555555555;1037.7088888888889;3813.66;1036.5033333333333;3813.1244444444446;1022.7044444444444;3781.967777777778;1023.9177777777778;10;0.4322222222222222;stop
8330;3478.8;1286.98;3482.4;1273.43;3451.2;1265.13;3447.6;1278.68;10;0.79;stop
8334;3820.68;224.65;3838.49;222.47;3834.95;193.48;3817.14;195.65;10;0.55;stop
8380;1848.67;228.87;1861.52;228.86;1861.49;200.31;1848.64;200.33;10;0.78;stop
8451;1820.25;174.24;1834.26;173.75;1833.09;140.76;1819.08;141.25;10;0.81;stop
8459;2283.38;679.44;2307.53;679.07;2307.37;668.31;2283.22;668.68;10;0.47;stop
8464;3385.88;183.18;3415.05;180.25;3413.81;167.92;3384.64;170.85;10;0.69;move
8506;442.29;1642.36;443.03;1629.98;419.74;1628.58;419.0;1640.96;10;0.57;move
8517;3520.42;1297.02;3523.71;1285.41;3498.65;1278.29;3495.35;1289.9;10;0.82;stop
8567;222.11;150.85;248.87;149.7;248.28;136.02;221.53;137.17;10;0.69;stop
8604;1816.79;130.46;1832.23;129.73;1830.46;92.29;1815.02;93.02;10;0.79;stop
8645;3674.21;1292.28;3675.57;1261.26;3658.91;1260.53;3657.56;1291.55;10;0.57;stop
8652;1846.88;186.16;1858.52;185.79;1857.74;161.46;1846.11;161.83;10;0.76;stop
8654;886.65;704.4;888.4;690.17;855.41;686.1;853.66;700.33;10;0.77;stop
8662;3395.78;591.65;3421.97;589.2;3420.78;576.47;3394.59;578.92;10;0.7;stop
8675;3826.92;138.52;3840.39;138.06;3839.96;125.38;3826.49;125.84;10;0.36;stop
8700;326.0742857142857;2139.4128571428573;326.8057142857143;2109.117142857143;313.64142857142855;2108.8;312.90285714285716;2139.095714285714;10;0.38;stop
8703;2470.2276923076925;1113.7207692307693;2478.133076923077;1104.9546153846154;2460.2723076923075;1101.0546153846153;2452.366923076923;1109.8207692307692;10;0.7269230769230769;stop
8730;3579.65;1325.68;3582.81;1312.66;3547.23;1304.01;3544.06;1317.03;10;0.76;move
8759;3288.33;620.89;3322.31;617.92;3321.04;603.48;3287.07;606.46;10;0.74;stop
8832;1994.14;1558.38;2005.19;1557.88;2004.3;1538.18;1993.25;1538.68;10;0.41;stop
8833;1844.51;143.91;1859.58;143.0;1857.86;114.28;1842.79;115.18;10;0.8;stop
8841;2527.13;1081.31;2527.42;1052.94;2514.74;1052.81;2514.46;1081.18;10;0.74;stop
8859;2564.094;1092.91;2564.752;1067.874;2552.036;1067.542;2551.3779999999997;1092.574;10;0.73;stop
8879;2160.005;1231.3899999999999;2160.45;1218.125;2148.745;1217.7350000000001;2148.3;1230.995;10;0.63;stop
8895;75.55;1589.1808333333333;76.20916666666666;1577.0825;53.1375;1575.8191666666667;52.47833333333333;1587.9175;10;0.39;stop
8905;2232.92;1347.48;2233.87;1335.59;2206.52;1333.4;2205.57;1345.29;10;0.37;stop
8907;753.05;1243.09;759.81;1231.51;737.36;1218.41;730.6;1229.99;10;0.79;stop
8935;2039.64;2109.32;2040.92;2094.64;2004.36;2091.43;2003.08;2106.11;9;0.44;stop
8936;1819.56;82.59;1831.4;82.4;1830.97;55.79;1819.13;55.98;10;0.79;stop
8938;3152.88;1412.94;3164.33;1379.14;3147.12;1373.31;3135.67;1407.11;10;0.51;stop
8940;1565.4;1710.46;1565.7;1696.67;1536.22;1696.04;1535.93;1709.83;9;0.37;stop
9028;210.83;1027.09;212.53;1003.57;199.09;1002.6;197.39;1026.12;10;0.42;stop
9033;3821.16;266.22;3837.85;265.48;3836.34;231.59;3819.65;232.33;10;0.5;stop
9038;254.91;148.87;286.17;146.47;285.09;132.38;253.83;134.78;10;0.72;stop
9040;1533.43;1791.39;1537.33;1779.32;1513.07;1771.49;1509.17;1783.56;10;0.36;stop
9041;1846.11;108.84;1856.75;108.15;1855.14;83.54;1844.5;84.23;10;0.79;stop
9076;432.77;141.21;456.29;128.65;450.35;117.54;426.84;130.1;10;0.49;move
9089;3552.16;490.86;3562.01;463.33;3549.4;458.82;3539.55;486.35;10;0.45;stop
9107;305.02;1662.79;317.94;1655.73;305.76;1633.46;292.84;1640.52;10;0.6;stop
9110;1448.69;1160.75;1449.04;1148.57;1420.06;1147.75;1419.71;1159.93;10;0.78;move
9117;446.42;105.3;457.21;83.48;445.15;77.51;434.35;99.33;10;0.45;stop
9134;1935.6;1660.05;1935.79;1617.16;1918.84;1617.08;1918.64;1659.97;9;0.41;stop
9155;1816.84;43.52;1830.88;42.82;1829.29;11.04;1815.24;11.75;10;0.77;stop
9170;1801.79;2157.53;1813.74;2157.52;1813.72;2130.97;1801.77;2130.98;10;0.72;stop
9175;529.25;119.1;561.24;118.69;561.06;104.96;529.07;105.37;10;0.43;stop
9203;3677.38;1345.75;3681.37;1330.72;3646.37;1321.43;3642.38;1336.47;10;0.81;move
9209;2446.87;1857.4450000000002;2447.54;1836.3200000000002;2435.25;1835.9299999999998;2434.58;1857.0549999999998;10;0.39;stop
9221;3730.112;203.704;3731.7;191.608;3709.136;188.642;3707.548;200.74200000000002;10;0.396;stop
9238;3218.58;1086.64;3232.83;1080.8;3220.17;1049.92;3205.92;1055.76;10;0.82;stop
9253;1799.52;220.47;1813.45;220.24;1812.86;183.41;1798.92;183.63;9;0.39;stop
9276;2730.5;1386.34;2731.42;1372.15;2696.69;1369.91;2695.77;1384.1;9;0.51;stop
9296;784.47;1262.91;785.86;1250.08;756.92;1246.96;755.53;1259.79;10;0.46;stop
9299;354.31;1654.9;379.86;1652.73;378.81;1640.42;353.27;1642.58;10;0.5;stop
9301;2497.87;1852.66;2499.12;1839.01;2468.63;1836.22;2467.38;1849.87;10;0.36;stop
9312;3487.95;796.18;3488.89;783.34;3465.49;781.63;3464.55;794.47;10;0.5;stop
9315;729.715;801.23;731.11;780.13;719.975;779.395;718.5799999999999;800.495;10;0.385;stop
9317;503.78;1662.25;504.12;1649.71;477.78;1649.0;477.44;1661.54;10;0.42;stop
9318;3153.66;314.4;3155.67;288.0;3142.59;287.0;3140.58;313.41;10;0.61;move
9331;1840.92;53.4;1853.22;53.27;1852.92;25.35;1840.62;25.48;10;0.81;stop
9340;494.4;122.55;516.18;108.0;508.72;96.83;486.94;111.38;10;0.36;stop
9342;374.8805882352941;169.83411764705883;378.1770588235294;158.59588235294117;353.9741176470588;156.94117647058823;350.6688235294118;168.1794117647059;10;0.37;stop
9343;269.78;227.49;272.95;201.61;259.91;200.01;256.74;225.89;10;0.37;stop
9344;461.88;75.6;472.11;48.66;457.81;43.23;447.58;70.17;10;0.37;stop
9345;313.86;1327.745;315.925;1302.51;303.25;1301.47;301.19;1326.71;10;0.365;stop
9348;2148.02;1230.75;2175.02;1230.68;2174.98;1217.25;2147.98;1217.32;10;0.72;stop
9364;728.31;1099.25;760.05;1098.07;759.5;1083.25;727.76;1084.43;9;0.55;stop
9367;1282.1952631578947;99.78210526315789;1307.7073684210527;96.17947368421052;1305.687894736842;81.90105263157895;1280.175789473684;85.51052631578946;10;0.36684210526315786;stop
9372;2399.72;244.16;2427.82;243.0;2427.28;230.03;2399.18;231.19;10;0.67;move
9381;2902.275;1993.93;2913.4874999999997;1987.025;2897.69;1961.38;2886.4700000000003;1968.2925;10;0.36749999999999994;stop
9383;3312.77;598.63;3341.14;597.52;3340.67;585.43;3312.3;586.54;10;0.44;stop
9387;2646.27;1142.83;2646.66;1129.88;2639.64;1129.67;2639.25;1142.62;10;0.67;stop
9398;1300.1;1163.01;1326.48;1161.23;1325.65;1148.86;1299.27;1150.65;10;0.8;move
9404;1009.672;1649.2844;1009.8564;1638.3011999999999;990.0404000000001;1637.9656;989.8560000000001;1648.9488;10;0.3784;stop
9411;417.09058823529415;1621.7611764705882;417.55117647058825;1610.6841176470589;392.43941176470594;1609.641176470588;391.9788235294118;1620.71;10;0.4152941176470588;stop
9423;446.34250000000003;1191.7124999999999;474.64750000000004;1191.1725000000001;474.39750000000004;1178.0525;446.09749999999997;1178.5925;10;0.36749999999999994;stop
9426;298.21;1771.48;309.97;1771.13;309.29;1747.9;297.53;1748.24;10;0.4;stop
9432;533.2871428571428;1662.5928571428572;533.9192857142857;1650.8414285714287;510.9564285714286;1649.597142857143;510.31428571428575;1661.3485714285712;10;0.40714285714285714;stop
9437;2484.57;1789.9;2486.07;1754.46;2471.8;1753.85;2470.31;1789.29;9;0.42;stop
9438;209.31;1643.62;211.69;1629.6;181.62;1624.5;179.25;1638.52;10;0.38;stop
9439;3419.24;376.08;3432.8;372.08;3424.5;343.92;3410.95;347.92;10;0.39;stop
9442;3260.38;964.93;3283.6;951.91;3277.74;941.47;3254.53;954.5;10;0.49;stop
9443;179.27;1020.79;179.56;995.03;162.92;994.83;162.63;1020.6;10;0.37;stop
9445;1639.4;645.91;1639.9;636.4;1621.97;635.47;1621.48;644.97;10;0.37;stop
9459;2494.58;1518.5549999999998;2501.755;1495.9;2491.05;1492.505;2483.87;1515.1599999999999;10;0.355;stop
9460;1942.81;1624.97;1958.78;1624.51;1957.75;1589.15;1941.78;1589.62;9;0.39;stop
9462;263.35;259.84;266.92;232.75;253.21;230.94;249.64;258.03;10;0.39;stop
9469;3214.09;1370.48;3226.9;1338.37;3210.6;1331.87;3197.79;1363.97;10;0.38;stop
9472;1089.04;1212.81;1089.14;1196.02;1054.65;1195.81;1054.55;1212.6;9;0.48;stop
9476;3649.0960000000005;572.7139999999999;3667.2840000000006;572.4639999999999;3667.154;563.0400000000001;3648.9660000000003;563.2900000000001;10;0.38400000000000006;stop
