vehicle_id;veh_bb_x1;veh_bb_y1;veh_bb_x2;veh_bb_y2;veh_bb_x3;veh_bb_y3;veh_bb_x4;veh_bb_y4;det_class;conf_score;state
5;1862.04;1227.77;1863.96;1214.94;1839.21;1211.23;1837.29;1224.06;10;0.8;stop
7;3392.21;1147.02;3395.19;1134.46;3365.29;1127.36;3362.31;1139.92;10;0.83;stop
11;2706.71;1129.29;2707.7;1117.34;2680.54;1115.09;2679.55;1127.03;10;0.82;stop
12;1818.0;2116.91;1830.14;2092.71;1819.17;2087.21;1807.03;2111.41;10;0.82;stop
16;377.87;1084.07;378.02;1071.56;351.98;1071.24;351.82;1083.75;10;0.81;stop
19;3359.81;1180.16;3363.92;1166.96;3332.07;1157.03;3327.95;1170.23;10;0.81;stop
20;1914.34;1858.94;1919.6;1828.93;1906.06;1826.56;1900.81;1856.57;10;0.83;stop
22;539.08;1090.28;539.56;1080.17;516.54;1079.1;516.07;1089.2;10;0.8;stop
23;1046.73;1210.9;1047.27;1197.73;1019.52;1196.6;1018.98;1209.77;10;0.82;stop
24;1309.17;1098.35;1309.23;1084.27;1278.89;1084.15;1278.83;1098.23;10;0.81;stop
26;2923.85;1157.11;2926.02;1145.41;2897.65;1140.14;2895.48;1151.84;10;0.84;stop
27;1950.94;1986.05;1959.25;1956.25;1946.06;1952.57;1937.75;1982.37;10;0.83;stop
28;2991.46;1296.82;2994.08;1282.31;2962.6;1276.62;2959.98;1291.13;10;0.82;stop
29;1038.92;1097.16;1039.51;1086.54;1017.95;1085.34;1017.36;1095.96;10;0.8;stop
31;1197.31;1216.24;1225.43;1216.12;1225.38;1202.51;1197.25;1202.63;10;0.83;stop
38;873.4;1089.91;873.58;1077.24;845.88;1076.84;845.7;1089.51;10;0.82;stop
39;1433.68;1097.98;1433.84;1086.01;1405.82;1085.65;1405.66;1097.61;10;0.81;stop
43;1964.61;1334.64;1977.46;1334.16;1976.45;1306.86;1963.6;1307.34;10;0.79;stop
45;608.34;1195.22;609.24;1183.33;583.23;1181.35;582.32;1193.24;10;0.82;stop
46;1560.16;1099.55;1560.74;1087.58;1534.72;1086.33;1534.14;1098.29;10;0.82;stop
47;3223.86;1049.93;3254.03;1039.45;3249.57;1026.63;3219.41;1037.11;10;0.82;stop
48;2952.48;1288.41;2954.88;1274.81;2922.36;1269.09;2919.97;1282.69;10;0.82;stop
50;1336.38;1220.04;1336.88;1203.4;1292.74;1202.08;1292.25;1218.72;9;0.82;stop
51;1968.23;910.49;1981.91;909.08;1979.02;881.07;1965.34;882.48;10;0.81;stop
55;912.3;1090.69;939.23;1090.53;939.16;1078.31;912.23;1078.47;10;0.81;stop
56;2857.44;1146.46;2859.38;1133.66;2831.31;1129.41;2829.37;1142.21;10;0.83;stop
58;1984.13;1329.83;1997.34;1329.34;1996.31;1301.55;1983.1;1302.04;10;0.78;stop
59;3031.6;1303.72;3033.79;1289.81;2999.15;1284.34;2996.96;1298.25;10;0.81;stop
64;1344.09;1701.96;1344.72;1688.97;1317.66;1687.66;1317.03;1700.65;10;0.81;stop
70;789.94;2012.79;790.05;1984.76;776.62;1984.71;776.51;2012.74;10;0.78;stop
71;1842.27;1724.53;1842.77;1709.99;1813.04;1708.97;1812.54;1723.51;10;0.81;stop
73;1170.11;1094.75;1170.43;1083.73;1147.39;1083.06;1147.07;1094.08;10;0.76;stop
75;1704.2;1102.17;1704.51;1090.01;1677.55;1089.33;1677.24;1101.49;10;0.82;stop
76;1426.35;1219.44;1426.78;1205.76;1400.78;1204.94;1400.35;1218.62;10;0.79;stop
80;2864.9;1380.2;2869.89;1366.74;2837.35;1354.68;2832.36;1368.13;10;0.81;stop
82;1835.59;883.78;1835.85;855.6;1822.25;855.47;1821.99;883.65;10;0.79;stop
83;974.78;1092.13;974.94;1080.64;946.72;1080.25;946.56;1091.74;10;0.81;stop
86;2293.1;1233.8;2293.49;1220.62;2266.15;1219.82;2265.76;1233.01;10;0.8;stop
87;1749.57;1685.14;1750.6;1672.9;1724.83;1670.74;1723.8;1682.98;10;0.81;stop
88;3467.42;1379.77;3471.13;1366.28;3440.08;1357.73;3436.37;1371.22;10;0.81;stop
89;3672.21;1434.31;3675.67;1422.28;3647.79;1414.28;3644.33;1426.32;10;0.82;stop
91;898.55;1202.85;899.16;1191.07;871.45;1189.65;870.84;1201.43;10;0.79;stop
94;1468.93;1218.04;1494.59;1217.47;1494.32;1205.21;1468.66;1205.78;10;0.8;stop
98;2499.93;1237.77;2500.52;1225.05;2472.2;1223.73;2471.6;1236.45;10;0.81;stop
99;2748.81;1134.54;2750.56;1121.68;2718.57;1117.33;2716.82;1130.19;10;0.83;stop
100;1747.08;1113.5;1747.64;1099.5;1716.28;1098.25;1715.72;1112.25;10;0.8;stop
102;1953.28;864.27;1966.73;864.06;1966.22;829.98;1952.77;830.19;10;0.81;stop
103;1932.94;147.65;1944.3;147.24;1943.44;123.47;1932.07;123.89;10;0.81;stop
104;840.94;1089.88;841.05;1078.23;815.2;1077.99;815.09;1089.65;10;0.8;stop
106;1374.16;1098.36;1374.45;1085.86;1348.34;1085.26;1348.05;1097.76;10;0.8;stop
107;2335.19;1234.65;2364.76;1234.48;2364.68;1221.23;2335.12;1221.4;10;0.81;stop
109;2767.32;1255.78;2768.37;1244.0;2742.84;1241.72;2741.79;1253.5;10;0.81;stop
111;791.29;1674.53;791.58;1661.71;764.87;1661.1;764.57;1673.92;10;0.8;stop
112;3709.59;1447.46;3713.64;1433.34;3679.79;1423.63;3675.74;1437.75;10;0.81;stop
113;704.17;1246.3;704.28;1233.63;674.89;1233.38;674.79;1246.05;10;0.79;stop
115;1963.29;1297.93;1975.35;1297.42;1974.21;1270.45;1962.15;1270.95;10;0.8;stop
117;1967.3;768.06;1979.99;767.77;1979.39;740.57;1966.7;740.85;10;0.81;stop
118;1951.9;907.69;1963.9;906.05;1960.19;878.81;1948.19;880.45;10;0.82;stop
120;3048.94;1180.93;3051.26;1168.88;3024.65;1163.76;3022.33;1175.81;10;0.8;stop
122;2676.33;1127.06;2677.57;1113.34;2646.79;1110.57;2645.56;1124.29;10;0.81;stop
123;2876.63;1273.66;2879.41;1252.34;2826.19;1245.4;2823.41;1266.72;9;0.82;stop
124;2900.84;1397.49;2908.04;1384.68;2877.91;1367.76;2870.71;1380.57;10;0.81;stop
126;1954.32;348.01;1966.02;347.6;1965.18;323.62;1953.48;324.03;10;0.79;stop
128;1506.12;1062.08;1508.91;1035.08;1496.5;1033.8;1493.72;1060.8;10;0.8;stop
130;1831.02;1013.79;1833.84;983.17;1820.73;981.96;1817.91;1012.58;10;0.78;stop
133;771.29;2012.64;773.39;1983.92;760.58;1982.98;758.49;2011.71;10;0.76;stop
134;818.93;1639.86;819.22;1627.73;795.03;1627.14;794.73;1639.27;10;0.8;stop
135;1965.38;1950.23;1971.69;1919.03;1958.62;1916.39;1952.31;1947.59;10;0.82;stop
136;1811.97;800.7;1824.96;799.24;1821.78;770.93;1808.79;772.38;10;0.81;stop
141;2463.37;1237.89;2463.88;1223.52;2434.5;1222.48;2434.0;1236.85;10;0.8;stop
142;2656.86;1245.94;2657.63;1233.02;2629.14;1231.31;2628.37;1244.23;10;0.8;stop
144;1905.08;1891.57;1908.42;1868.62;1897.6;1867.06;1894.27;1890.0;10;0.77;stop
145;1835.64;2083.38;1847.28;2057.28;1835.7;2052.12;1824.06;2078.22;10;0.8;stop
148;594.07;633.21;596.36;622.73;573.12;617.64;570.83;628.13;10;0.79;stop
149;630.88;1235.09;634.61;1204.08;620.68;1202.41;616.95;1233.42;10;0.79;stop
151;2060.9;1344.78;2086.58;1343.75;2086.04;1330.47;2060.36;1331.5;10;0.79;stop
153;1852.93;2044.92;1864.23;2019.11;1852.72;2014.08;1841.43;2039.89;10;0.8;stop
155;1946.39;743.48;1960.19;742.31;1957.36;708.89;1943.56;710.06;10;0.8;stop
157;3365.41;595.6;3392.3;593.03;3391.16;581.08;3364.27;583.65;10;0.74;stop
158;467.63;1084.4;468.08;1072.85;442.21;1071.85;441.77;1083.4;10;0.8;stop
160;262.14;1184.71;262.42;1171.8;235.67;1171.23;235.4;1184.13;10;0.78;stop
163;1884.29;1690.81;1884.73;1679.42;1862.42;1678.57;1861.99;1689.95;10;0.67;stop
164;2804.75;1352.3;2805.18;1340.69;2781.62;1339.82;2781.2;1351.43;10;0.81;stop
165;1432.73;57.26;1432.89;45.49;1405.65;45.11;1405.48;56.89;10;0.8;stop
166;1048.43;697.82;1049.39;686.97;1024.95;684.8;1023.99;695.66;10;0.79;stop
167;139.23;1180.74;139.82;1167.15;108.97;1165.82;108.38;1179.42;10;0.77;stop
169;1610.99;1100.35;1636.11;1099.6;1635.76;1087.78;1610.64;1088.52;10;0.79;stop
170;1724.45;1223.45;1725.24;1210.49;1697.8;1208.8;1697.01;1221.76;10;0.81;stop
171;1816.78;623.02;1829.1;622.59;1828.22;597.6;1815.9;598.04;10;0.78;stop
172;2485.25;1747.91;2487.3;1714.57;2473.38;1713.72;2471.33;1747.05;10;0.8;stop
176;1399.38;58.55;1399.67;46.18;1371.5;45.51;1371.21;57.88;10;0.81;stop
178;384.93;1083.47;408.52;1082.77;408.2;1071.84;384.61;1072.54;10;0.78;stop
180;797.55;1202.01;823.53;1201.71;823.39;1189.55;797.41;1189.85;10;0.79;stop
182;1328.07;59.45;1328.36;46.37;1299.93;45.74;1299.64;58.81;10;0.79;stop
184;1818.96;656.12;1830.62;655.57;1829.41;629.76;1817.75;630.3;10;0.82;stop
186;223.98;1186.08;224.17;1167.56;172.58;1167.05;172.39;1185.56;9;0.79;stop
190;1512.83;993.21;1514.74;967.39;1503.29;966.54;1501.39;992.36;10;0.79;stop
191;1650.56;1220.75;1652.12;1208.22;1624.32;1204.75;1622.75;1217.28;10;0.8;stop
192;1225.41;1524.1;1230.3;1496.54;1217.53;1494.28;1212.64;1521.83;10;0.78;stop
193;2642.34;1413.32;2655.81;1412.38;2653.78;1383.43;2640.32;1384.37;10;0.8;stop
194;3350.19;1193.21;3353.58;1180.45;3325.75;1173.04;3322.36;1185.8;10;0.8;stop
195;1003.09;1092.11;1003.43;1079.79;979.72;1079.14;979.38;1091.46;10;0.77;stop
196;724.8;1255.81;725.25;1228.78;712.39;1228.57;711.94;1255.59;10;0.76;stop
197;1125.8;704.58;1126.69;692.47;1098.89;690.42;1098.0;702.53;10;0.8;stop
200;3569.85;1008.83;3570.03;995.0;3540.15;994.61;3539.97;1008.44;10;0.75;stop
201;2698.77;1252.36;2700.09;1235.76;2664.55;1232.95;2663.23;1249.55;9;0.66;stop
203;1931.38;118.73;1944.13;118.03;1942.74;92.77;1929.99;93.47;10;0.8;stop
204;561.11;1428.25;563.17;1414.89;534.83;1410.5;532.76;1423.86;10;0.78;stop
208;3518.32;674.09;3528.17;645.32;3514.81;640.75;3504.96;669.52;10;0.77;stop
209;1273.15;1697.91;1273.98;1685.64;1247.41;1683.84;1246.58;1696.11;10;0.79;stop
210;1887.0;1728.1;1887.51;1715.46;1861.41;1714.4;1860.9;1727.04;10;0.79;stop
211;1173.17;65.19;1200.03;65.17;1200.02;52.37;1173.16;52.39;10;0.78;stop
212;1969.53;834.98;1982.82;834.33;1981.47;806.4;1968.18;807.04;10;0.79;stop
214;1088.54;700.68;1089.57;689.4;1063.96;687.06;1062.93;698.33;10;0.76;stop
217;2953.71;1162.69;2955.83;1149.99;2930.79;1145.81;2928.67;1158.51;10;0.79;stop
219;2890.12;1152.17;2892.15;1139.48;2863.88;1134.95;2861.85;1147.64;10;0.83;stop
220;843.71;1677.39;844.61;1665.8;819.6;1663.86;818.7;1675.45;10;0.78;stop
222;764.8;1045.78;768.58;1035.2;747.27;1027.6;743.49;1038.18;10;0.78;stop
225;2329.04;1234.82;2329.31;1221.64;2299.96;1221.05;2299.69;1234.24;10;0.79;stop
227;1802.35;579.45;1815.44;579.0;1814.52;552.3;1801.43;552.75;10;0.77;stop
228;769.25;1022.79;769.36;1010.89;742.94;1010.64;742.83;1022.55;10;0.77;stop
229;1823.76;775.94;1836.18;774.83;1833.62;746.18;1821.19;747.3;10;0.79;stop
231;760.58;1199.95;760.61;1188.49;735.63;1188.43;735.61;1199.89;10;0.8;stop
236;2094.39;1229.43;2094.77;1216.06;2064.36;1215.2;2063.98;1228.57;10;0.79;stop
237;2214.55;1232.73;2214.91;1218.27;2184.38;1217.52;2184.03;1231.98;10;0.8;stop
238;2568.07;1239.15;2568.5;1226.71;2540.18;1225.73;2539.75;1238.17;10;0.79;stop
239;1712.32;1682.61;1713.36;1669.96;1685.16;1667.64;1684.11;1680.29;10;0.79;stop
240;1900.1;1302.17;1911.35;1300.16;1906.9;1275.21;1895.65;1277.21;10;0.8;stop
241;1690.55;1221.46;1691.29;1209.01;1664.2;1207.41;1663.46;1219.86;10;0.78;stop
242;2736.76;1253.85;2738.12;1240.1;2705.61;1236.9;2704.26;1250.65;10;0.81;stop
243;2435.64;1379.27;2435.8;1367.19;2410.49;1366.86;2410.33;1378.94;10;0.79;stop
246;2993.41;1171.59;2996.12;1159.84;2969.84;1153.79;2967.13;1165.54;10;0.81;stop
247;1902.17;1937.04;1912.95;1897.86;1897.43;1893.58;1886.64;1932.77;9;0.8;stop
249;3588.71;1409.9;3593.7;1397.8;3564.42;1385.73;3559.43;1397.83;10;0.79;stop
250;1936.75;234.56;1949.24;234.46;1949.0;205.31;1936.51;205.42;10;0.78;stop
251;2114.65;290.53;2124.67;283.92;2110.85;262.97;2100.83;269.58;10;0.79;stop
252;1787.46;46.06;1799.6;45.55;1798.38;16.38;1786.24;16.89;10;0.76;stop
253;438.77;1082.8;438.88;1071.82;414.36;1071.58;414.25;1082.55;10;0.79;stop
254;1974.25;937.98;1986.43;937.16;1984.81;913.2;1972.63;914.03;10;0.75;stop
256;1967.91;799.82;1979.97;799.26;1978.78;773.5;1966.71;774.06;10;0.79;stop
258;2603.84;1241.75;2603.99;1229.04;2578.66;1228.75;2578.51;1241.46;10;0.79;stop
259;3196.05;1414.45;3206.24;1385.18;3192.08;1380.24;3181.88;1409.51;10;0.8;stop
260;2527.84;577.21;2540.13;577.09;2539.91;554.54;2527.62;554.66;10;0.79;stop
261;1456.14;1097.84;1480.29;1097.48;1480.11;1085.79;1455.96;1086.15;10;0.8;stop
262;1669.71;1101.32;1669.78;1089.2;1644.54;1089.05;1644.47;1101.17;10;0.77;stop
264;1307.21;1699.79;1308.05;1688.22;1283.66;1686.46;1282.83;1698.03;10;0.76;stop
265;1171.0;1883.45;1171.33;1860.71;1160.0;1860.55;1159.67;1883.29;10;0.79;stop
266;1944.93;101.0;1957.75;100.49;1956.57;70.56;1943.75;71.07;10;0.78;stop
267;1953.08;389.53;1970.62;371.63;1961.92;363.1;1944.38;381.0;10;0.77;stop
268;237.49;1080.33;237.53;1068.51;212.98;1068.42;212.94;1080.24;10;0.77;stop
270;1830.08;929.36;1841.3;926.75;1835.17;900.45;1823.95;903.07;10;0.77;stop
271;1009.21;1209.96;1009.29;1195.45;979.79;1195.29;979.71;1209.8;10;0.74;stop
272;1180.72;1214.6;1180.87;1202.26;1151.41;1201.9;1151.26;1214.24;10;0.79;stop
273;1835.6;1396.92;1846.31;1394.03;1839.96;1370.58;1829.26;1373.47;10;0.79;stop
274;2861.26;617.45;2887.66;614.9;2886.55;603.41;2860.15;605.96;10;0.78;stop
277;1952.36;550.42;1966.02;549.85;1964.89;522.83;1951.23;523.4;10;0.79;stop
278;3556.97;155.06;3591.33;153.06;3590.53;139.31;3556.17;141.31;10;0.76;stop
279;1010.68;693.94;1011.72;682.53;986.2;680.2;985.15;691.61;10;0.77;stop
280;1510.81;1031.05;1513.71;999.64;1500.81;998.45;1497.91;1029.86;10;0.78;stop
281;1118.14;1093.1;1118.15;1080.42;1091.36;1080.4;1091.35;1093.08;10;0.77;stop
284;2345.57;1379.11;2346.34;1366.46;2318.3;1364.76;2317.53;1377.41;10;0.8;stop
286;1787.91;74.7;1799.19;74.42;1798.59;50.17;1787.31;50.45;10;0.73;stop
287;1808.91;354.76;1820.43;354.17;1819.21;330.37;1807.7;330.95;10;0.78;stop
290;3449.84;843.41;3462.04;816.0;3448.28;809.88;3436.08;837.28;10;0.78;stop
291;3298.71;1067.75;3314.94;1043.15;3304.1;1036.0;3287.87;1060.6;10;0.78;stop
293;3129.99;1377.57;3138.41;1349.18;3124.07;1344.93;3115.65;1373.32;10;0.65;stop
294;739.99;2011.37;740.12;1983.56;728.01;1983.51;727.88;2011.31;10;0.75;stop
295;2724.2;623.16;2753.69;621.62;2753.05;609.27;2723.56;610.82;10;0.78;stop
296;295.49;1077.02;296.02;1065.5;268.42;1064.23;267.89;1075.75;10;0.79;stop
297;292.72;1185.56;292.98;1171.81;266.03;1171.32;265.77;1185.06;10;0.74;stop
298;639.64;1196.53;639.75;1184.0;614.73;1183.79;614.63;1196.32;10;0.75;stop
299;1971.01;869.42;1982.44;869.33;1982.24;845.08;1970.81;845.17;10;0.78;stop
300;1778.62;1224.11;1806.1;1223.19;1805.63;1209.26;1778.15;1210.18;10;0.78;stop
302;3405.68;1360.41;3410.37;1348.09;3383.7;1337.95;3379.01;1350.27;10;0.75;stop
303;3632.28;1313.14;3636.72;1299.05;3605.22;1289.13;3600.78;1303.22;10;0.79;stop
304;1088.27;72.18;1088.36;60.76;1063.29;60.57;1063.2;71.99;10;0.78;stop
305;1948.78;169.13;1960.32;168.67;1959.37;144.75;1947.83;145.2;10;0.76;stop
306;1814.21;468.91;1827.05;468.44;1825.91;437.84;1813.07;438.31;10;0.8;stop
308;806.07;1058.99;806.34;1031.39;793.4;1031.26;793.12;1058.86;10;0.77;stop
309;1333.71;1092.23;1333.75;1081.35;1312.29;1081.27;1312.25;1092.15;10;0.75;stop
311;711.72;2011.62;724.14;2011.37;723.6;1984.01;711.17;1984.26;10;0.68;stop
312;1807.01;1722.56;1808.05;1711.2;1780.62;1708.69;1779.58;1720.05;10;0.78;stop
313;2688.06;1383.03;2688.06;1370.41;2659.56;1370.41;2659.56;1383.03;10;0.77;stop
314;3184.67;1448.57;3193.91;1418.67;3179.08;1414.09;3169.84;1443.98;10;0.77;stop
315;1951.19;325.61;1951.59;297.82;1939.25;297.64;1938.85;325.43;10;0.8;stop
317;3161.94;104.91;3162.52;76.79;3148.37;76.5;3147.79;104.62;10;0.76;stop
318;3596.81;152.55;3626.54;150.59;3625.69;137.61;3595.96;139.57;10;0.74;stop
319;326.53;1081.94;351.1;1081.32;350.81;1069.62;326.24;1070.24;10;0.77;stop
320;1791.76;273.4;1803.66;272.87;1802.62;249.16;1790.71;249.69;10;0.77;stop
322;2584.49;1118.47;2585.23;1108.2;2565.38;1106.78;2564.65;1117.05;10;0.79;stop
324;2826.61;619.29;2852.99;617.13;2852.06;605.79;2825.68;607.95;10;0.76;stop
325;2690.23;625.0;2719.15;623.31;2718.39;610.25;2689.47;611.94;10;0.76;stop
327;1170.26;1915.03;1171.36;1888.02;1157.93;1887.47;1156.83;1914.48;10;0.76;stop
328;1477.49;1669.96;1477.97;1657.77;1449.76;1656.66;1449.28;1668.86;10;0.74;stop
329;3104.14;1317.39;3106.69;1304.88;3079.61;1299.36;3077.06;1311.87;10;0.73;stop
330;1808.02;767.21;1820.07;766.85;1819.31;741.41;1807.26;741.77;10;0.72;stop
332;439.6;1037.23;454.29;1035.58;451.03;1006.52;436.34;1008.17;10;0.7;stop
333;573.52;1086.54;573.61;1073.66;544.92;1073.46;544.83;1086.34;10;0.76;stop
334;1439.43;935.15;1440.26;921.34;1407.94;919.41;1407.11;933.22;10;0.71;stop
335;1918.76;1529.84;1930.61;1528.89;1928.74;1505.41;1916.89;1506.36;10;0.77;stop
336;2623.86;1125.34;2625.54;1111.76;2593.52;1107.78;2591.83;1121.37;10;0.81;stop
337;1262.1;1661.04;1262.78;1649.1;1236.53;1647.59;1235.84;1659.53;10;0.76;stop
338;754.11;2012.28;754.91;1987.48;743.02;1987.09;742.22;2011.9;10;0.73;stop
339;2488.85;1698.68;2489.28;1673.16;2476.53;1672.95;2476.1;1698.46;10;0.77;stop
341;1955.97;499.28;1969.49;498.56;1967.93;469.35;1954.42;470.07;10;0.77;stop
342;354.78;1189.82;382.51;1188.97;382.1;1175.5;354.37;1176.35;10;0.72;stop
343;2088.74;1381.75;2118.59;1381.3;2118.38;1367.75;2088.54;1368.2;10;0.76;stop
344;2566.92;631.75;2592.84;627.73;2590.83;614.75;2564.91;618.77;10;0.78;stop
346;3136.42;1065.18;3161.77;1057.11;3157.96;1045.13;3132.61;1053.2;10;0.77;stop
348;3067.5;1309.14;3069.41;1295.76;3042.0;1291.86;3040.09;1305.24;10;0.8;stop
349;1360.86;58.16;1361.21;46.69;1335.77;45.9;1335.42;57.38;10;0.79;stop
350;1794.72;386.17;1808.75;386.13;1808.66;356.33;1794.63;356.37;10;0.78;stop
351;2509.67;185.8;2521.52;185.52;2520.95;161.27;2509.11;161.54;10;0.71;stop
352;3060.91;187.29;3090.37;184.62;3089.09;170.46;3059.63;173.13;10;0.76;stop
353;1812.75;837.68;1826.16;836.9;1824.42;807.07;1811.01;807.85;10;0.77;stop
355;1409.74;1704.25;1410.87;1692.37;1384.76;1689.88;1383.63;1701.76;10;0.75;stop
356;2265.09;641.34;2289.87;640.88;2289.66;629.07;2264.88;629.53;10;0.74;stop
357;2904.19;1278.18;2906.45;1265.39;2881.31;1260.95;2879.05;1273.74;10;0.78;stop
358;3579.41;587.97;3611.1;584.0;3609.34;569.96;3577.65;573.93;10;0.73;stop
359;3619.41;1044.71;3650.52;1043.42;3649.97;1029.97;3618.85;1031.26;10;0.74;stop
360;878.76;1680.29;879.69;1667.64;849.8;1665.46;848.87;1678.11;10;0.76;stop
361;2681.39;664.35;2710.9;663.16;2710.36;649.65;2680.85;650.84;10;0.77;stop
362;26.91;1079.9;56.63;1079.13;56.3;1066.04;26.57;1066.8;10;0.72;stop
364;2226.34;1232.69;2252.02;1232.46;2251.91;1219.81;2226.23;1220.04;10;0.78;stop
365;2245.61;1112.44;2245.82;1100.89;2220.26;1100.44;2220.06;1111.99;10;0.78;stop
366;3293.95;1009.48;3312.91;988.74;3303.24;979.9;3284.28;1000.63;10;0.76;stop
368;1783.97;1685.41;1784.69;1674.4;1758.84;1672.71;1758.12;1683.73;10;0.73;stop
369;983.56;693.37;984.19;681.51;957.07;680.07;956.44;691.93;10;0.71;stop
370;644.83;1086.43;670.59;1086.18;670.48;1074.51;644.72;1074.76;10;0.77;stop
371;1893.49;1273.9;1904.33;1271.05;1897.76;1246.1;1886.92;1248.95;10;0.78;stop
373;2805.74;1138.15;2807.63;1125.74;2782.89;1121.97;2780.99;1134.39;10;0.71;stop
374;2479.96;1819.65;2481.29;1794.46;2469.67;1793.85;2468.34;1819.04;10;0.75;stop
375;3614.05;441.78;3622.81;415.52;3610.32;411.35;3601.56;437.61;10;0.72;stop
376;1958.21;957.19;1970.96;956.4;1969.07;926.06;1956.32;926.85;10;0.77;stop
378;3231.11;1406.2;3250.99;1381.96;3239.51;1372.55;3219.63;1396.79;10;0.75;stop
379;1169.69;1956.49;1171.09;1931.08;1158.5;1930.38;1157.09;1955.8;10;0.76;stop
380;1171.2;1849.65;1172.69;1825.36;1160.36;1824.6;1158.87;1848.89;10;0.77;stop
382;337.73;1382.68;364.14;1379.38;362.59;1367.01;336.18;1370.31;10;0.72;stop
384;2916.61;616.99;2948.46;615.07;2947.64;601.39;2915.79;603.3;10;0.75;stop
386;2308.45;1113.22;2336.57;1112.63;2336.3;1099.66;2308.18;1100.25;10;0.77;stop
387;3281.57;1099.97;3298.11;1071.6;3284.68;1063.77;3268.14;1092.15;10;0.78;stop
388;1699.02;1720.55;1700.32;1707.64;1674.86;1705.07;1673.55;1717.99;10;0.76;stop
389;1842.48;1511.31;1872.98;1506.89;1871.05;1493.56;1840.55;1497.99;10;0.77;stop
390;1544.17;1220.67;1571.42;1219.68;1570.96;1207.08;1543.71;1208.07;10;0.71;stop
391;2400.73;639.32;2428.15;637.81;2427.39;624.05;2399.97;625.56;10;0.73;stop
392;2401.16;1114.34;2431.66;1113.88;2431.46;1100.79;2400.97;1101.24;10;0.75;stop
393;2738.36;1352.41;2738.43;1340.99;2713.01;1340.84;2712.94;1352.26;10;0.77;stop
395;1377.44;1703.11;1377.84;1690.73;1351.81;1689.89;1351.41;1702.27;10;0.78;stop
396;2123.01;647.67;2150.52;645.91;2149.74;633.71;2122.23;635.47;10;0.72;stop
398;1355.51;1219.22;1382.07;1218.31;1381.62;1205.16;1355.06;1206.07;10;0.76;stop
401;686.3;1670.6;686.88;1657.84;659.01;1656.58;658.44;1669.34;10;0.54;stop
402;1965.13;1371.28;1977.94;1370.78;1976.87;1343.34;1964.06;1343.85;10;0.78;stop
403;2595.93;627.78;2621.86;626.95;2621.45;614.22;2595.52;615.05;10;0.76;stop
404;171.3;1050.65;176.12;1025.6;163.15;1023.1;158.33;1048.15;10;0.73;stop
405;2950.79;614.48;2979.04;613.75;2978.71;601.08;2950.46;601.82;10;0.76;stop
407;481.91;1625.0;483.19;1613.09;457.47;1610.31;456.19;1622.23;10;0.51;stop
408;2272.98;1382.99;2274.01;1367.61;2232.27;1364.82;2231.24;1380.2;9;0.75;stop
409;2149.51;236.49;2172.57;236.06;2172.36;224.76;2149.3;225.19;10;0.73;stop
410;3687.24;268.32;3697.0;244.65;3685.26;239.81;3675.5;263.48;10;0.65;stop
412;3220.89;1463.66;3226.32;1450.92;3199.11;1439.31;3193.68;1452.04;10;0.74;stop
413;1791.7;106.35;1802.98;104.97;1799.91;79.84;1788.63;81.22;10;0.75;stop
414;1478.16;941.8;1479.43;929.21;1450.22;926.27;1448.95;938.85;10;0.71;stop
416;2397.33;1379.24;2397.77;1366.7;2371.17;1365.76;2370.73;1378.3;10;0.72;stop
419;1914.5;1471.89;1929.49;1469.92;1924.19;1429.49;1909.2;1431.45;9;0.72;stop
420;3435.14;779.22;3445.31;753.72;3432.05;748.43;3421.88;773.93;10;0.72;stop
421;3496.12;1009.26;3522.17;1008.92;3522.0;996.06;3495.96;996.4;10;0.72;stop
423;1959.65;451.82;1971.21;451.56;1970.72;430.18;1959.17;430.44;10;0.78;stop
424;2088.98;648.08;2112.69;646.34;2111.77;633.85;2088.06;635.6;10;0.75;stop
428;2633.7;627.31;2659.81;625.72;2659.05;613.28;2632.94;614.87;10;0.75;stop
430;3162.37;1461.26;3173.59;1429.68;3157.32;1423.9;3146.1;1455.48;10;0.76;stop
431;1955.04;62.59;1956.07;36.88;1944.21;36.41;1943.18;62.12;10;0.72;stop
432;105.01;1178.64;105.02;1165.13;73.94;1165.11;73.93;1178.62;10;0.7;stop
433;1220.37;1563.63;1224.99;1534.35;1212.44;1532.37;1207.82;1561.65;10;0.76;stop
434;2532.6;707.9;2544.86;707.55;2544.15;682.6;2531.89;682.95;10;0.76;stop
435;2149.16;1110.22;2149.22;1098.28;2125.84;1098.15;2125.78;1110.1;10;0.78;stop
436;2528.69;610.83;2541.52;610.74;2541.31;583.07;2528.48;583.17;10;0.74;stop
437;3195.77;1088.97;3210.37;1083.31;3197.98;1051.35;3183.38;1057.0;10;0.76;stop
439;753.64;1672.28;754.12;1659.82;728.76;1658.85;728.28;1671.3;10;0.74;stop
440;1205.17;65.7;1236.35;63.88;1235.52;49.61;1204.34;51.43;10;0.74;stop
441;2876.28;196.62;2901.01;194.99;2900.22;183.06;2875.49;184.7;10;0.69;stop
442;1054.25;1048.82;1067.03;1048.52;1066.38;1021.18;1053.6;1021.48;10;0.69;stop
443;2359.41;639.69;2386.44;637.68;2385.46;624.53;2358.43;626.54;10;0.74;stop
444;3074.77;1072.08;3109.68;1070.46;3108.98;1055.29;3074.07;1056.91;10;0.74;stop
445;2637.39;1356.16;2638.5;1337.77;2590.11;1334.84;2589.0;1353.23;9;0.72;stop
446;3111.07;1354.58;3119.17;1327.86;3105.96;1323.86;3097.86;1350.58;10;0.77;stop
447;743.96;1118.26;744.09;1106.11;721.03;1105.87;720.9;1118.01;10;0.81;move
448;3811.22;1474.89;3814.53;1462.16;3786.28;1454.8;3782.97;1467.53;10;0.69;stop
450;1215.97;1602.76;1218.68;1573.14;1206.16;1571.99;1203.45;1601.61;10;0.74;stop
451;3051.41;609.15;3077.24;606.68;3076.09;594.6;3050.26;597.07;10;0.73;stop
452;1225.11;1100.48;1225.65;1081.1;1177.33;1079.77;1176.79;1099.15;9;0.64;stop
453;3505.46;702.18;3515.35;677.39;3502.35;672.2;3492.46;696.99;10;0.71;stop
454;2919.36;1453.8;2929.09;1442.86;2902.14;1418.89;2892.41;1429.83;10;0.75;stop
455;937.93;690.47;939.18;678.45;912.69;675.7;911.44;687.72;10;0.73;stop
456;1830.09;588.24;1830.26;563.84;1818.29;563.76;1818.12;588.16;10;0.8;stop
457;3404.54;165.35;3435.58;163.15;3434.52;148.24;3403.49;150.45;10;0.73;stop
458;1983.94;1072.53;1996.28;1069.96;1990.31;1041.34;1977.97;1043.92;10;0.75;stop
460;2503.17;1443.06;2503.65;1414.66;2490.33;1414.44;2489.85;1442.84;10;0.74;stop
461;3267.71;1029.75;3288.82;1012.86;3280.73;1002.75;3259.62;1019.64;10;0.76;stop
462;3540.6;1046.7;3571.94;1045.15;3571.27;1031.73;3539.94;1033.29;10;0.74;stop
463;3613.88;583.99;3642.5;583.73;3642.37;570.42;3613.75;570.68;10;0.71;stop
464;1938.27;2020.19;1947.85;1994.87;1936.14;1990.44;1926.55;2015.75;10;0.78;stop
465;2813.01;1393.06;2814.61;1380.11;2786.87;1376.69;2785.27;1389.64;10;0.75;stop
466;1834.05;739.7;1834.95;709.69;1822.2;709.3;1821.3;739.31;10;0.76;stop
467;2508.09;158.17;2520.98;157.33;2519.16;129.27;2506.27;130.1;10;0.69;stop
468;2323.81;228.88;2351.78;227.92;2351.31;214.37;2323.34;215.33;10;0.62;stop
469;2521.91;479.6;2535.05;478.75;2533.46;454.15;2520.32;455.0;10;0.7;stop
470;3698.69;240.66;3709.56;212.6;3696.31;207.47;3685.44;235.52;10;0.65;stop
473;3224.86;1032.63;3234.84;1024.13;3215.77;1001.74;3205.79;1010.24;10;0.75;stop
475;1522.21;866.34;1525.64;841.9;1514.17;840.29;1510.73;864.73;10;0.75;stop
476;2843.66;201.74;2873.08;199.65;2872.09;185.82;2842.67;187.91;10;0.7;stop
477;793.84;1200.96;794.16;1188.19;762.45;1187.41;762.14;1200.19;10;0.7;stop
478;2467.03;634.52;2492.48;632.59;2491.6;620.98;2466.15;622.91;10;0.75;stop
479;3756.41;574.25;3784.22;571.16;3782.96;559.89;3755.16;562.98;10;0.63;stop
480;3003.24;1524.86;3019.96;1513.38;2987.01;1465.39;2970.29;1476.87;9;0.72;stop
481;2445.08;1898.04;2446.93;1870.4;2434.8;1869.59;2432.95;1897.23;10;0.72;stop
482;3296.95;174.07;3329.63;171.4;3328.36;155.93;3295.69;158.6;10;0.73;stop
484;2141.16;1230.86;2141.16;1217.14;2111.53;1217.14;2111.53;1230.86;10;0.74;stop
485;3447.41;1012.08;3447.44;998.92;3418.84;998.86;3418.81;1012.02;10;0.73;stop
486;632.41;643.74;635.11;632.85;608.84;626.33;606.14;637.23;10;0.64;stop
487;3262.1;1132.96;3275.08;1108.5;3262.9;1102.04;3249.92;1126.5;10;0.76;stop
488;3500.95;1048.93;3530.76;1047.93;3530.3;1034.2;3500.49;1035.19;10;0.73;stop
489;1241.41;1696.95;1242.28;1684.28;1217.28;1682.55;1216.4;1695.22;10;0.73;stop
491;2510.51;214.33;2521.98;213.97;2521.24;190.67;2509.77;191.03;10;0.71;stop
492;3788.44;140.66;3819.4;138.68;3818.44;123.71;3787.48;125.69;10;0.58;stop
493;3645.25;366.15;3657.53;339.0;3644.75;333.23;3632.47;360.37;10;0.67;stop
495;2551.49;218.39;2576.3;217.52;2575.88;205.73;2551.08;206.61;10;0.72;stop
496;2760.37;204.72;2788.9;202.78;2787.99;189.5;2759.46;191.44;10;0.65;stop
497;1522.93;903.07;1524.77;875.25;1512.32;874.43;1510.48;902.25;10;0.7;stop
500;1976.11;1021.85;1987.25;1021.11;1985.76;998.65;1974.62;999.39;10;0.75;stop
501;2494.92;1611.56;2496.53;1582.0;2481.7;1581.19;2480.09;1610.75;10;0.78;stop
502;3466.15;594.58;3496.19;593.58;3495.73;579.64;3465.68;580.64;10;0.72;stop
503;2760.0;621.44;2785.77;619.31;2784.75;607.06;2758.98;609.19;10;0.73;stop
504;1798.16;172.96;1810.3;172.28;1808.92;147.66;1796.78;148.34;10;0.75;stop
505;2794.16;621.05;2822.98;620.2;2822.59;606.88;2793.77;607.74;10;0.76;stop
506;1721.55;655.7;1722.7;642.92;1693.64;640.3;1692.49;653.08;10;0.74;stop
510;3303.72;1102.16;3315.4;1079.86;3303.78;1073.77;3292.1;1096.08;10;0.77;stop
511;3134.74;1191.06;3162.16;1185.96;3159.63;1172.38;3132.21;1177.48;10;0.73;stop
513;3598.44;476.67;3608.03;452.52;3595.94;447.71;3586.34;471.86;10;0.72;stop
516;2484.12;1789.07;2485.54;1754.14;2471.13;1753.55;2469.71;1788.49;10;0.66;stop
518;1816.76;964.09;1830.82;963.42;1829.36;932.66;1815.31;933.33;10;0.69;stop
519;820.83;94.22;820.86;82.49;794.39;82.41;794.36;94.13;10;0.74;stop
520;1794.1;316.31;1806.24;315.6;1804.68;288.94;1792.54;289.65;10;0.76;stop
521;1812.48;387.94;1824.92;387.05;1823.0;360.19;1810.56;361.08;10;0.77;stop
522;2530.17;548.12;2544.02;536.36;2529.71;519.5;2515.85;531.27;10;0.69;stop
523;2055.57;650.77;2084.48;649.87;2084.05;636.23;2055.15;637.13;10;0.78;stop
524;3799.32;999.7;3828.81;998.3;3828.18;984.99;3798.69;986.39;10;0.73;stop
525;592.49;1630.74;593.42;1618.82;567.2;1616.76;566.26;1628.68;10;0.46;stop
527;2975.73;1535.48;2987.25;1529.6;2974.02;1503.71;2962.5;1509.59;10;0.74;stop
528;1807.84;244.07;1808.53;225.98;1798.81;225.61;1798.13;243.71;10;0.61;stop
529;2601.03;214.22;2631.52;212.95;2630.97;199.78;2600.48;201.05;10;0.67;stop
530;3319.23;1071.3;3329.43;1049.98;3318.27;1044.64;3308.07;1065.95;10;0.7;stop
531;3195.07;601.6;3224.26;598.81;3223.06;586.21;3193.86;589.0;10;0.67;stop
532;1615.01;1676.7;1615.14;1664.84;1587.86;1664.55;1587.73;1676.41;10;0.68;stop
533;2004.32;1680.3;2004.4;1657.62;1993.56;1657.58;1993.47;1680.25;10;0.74;stop
534;3162.77;66.16;3164.55;36.46;3149.42;35.56;3147.64;65.26;10;0.69;stop
535;133.77;1596.48;134.4;1584.87;109.74;1583.52;109.11;1595.13;10;0.69;stop
536;3110.89;604.99;3139.47;602.57;3138.48;590.91;3109.9;593.33;10;0.63;stop
537;3742.73;45.23;3755.61;11.7;3740.39;5.86;3727.51;39.39;10;0.72;stop
539;2497.37;1562.86;2498.12;1533.48;2484.88;1533.14;2484.13;1562.52;10;0.75;stop
540;3430.08;1367.73;3433.57;1356.65;3412.73;1350.08;3409.24;1361.16;10;0.74;stop
541;1336.15;1665.24;1337.91;1652.83;1310.97;1649.01;1309.21;1661.42;10;0.7;stop
542;2935.36;1431.99;2946.53;1420.24;2915.39;1390.64;2904.22;1402.38;10;0.71;stop
543;689.19;105.76;689.43;92.08;661.75;91.59;661.51;105.27;10;0.53;stop
544;1068.21;1651.87;1068.65;1640.8;1045.66;1639.88;1045.22;1650.95;10;0.72;stop
545;3287.52;1130.26;3298.8;1107.15;3288.11;1101.93;3276.82;1125.04;10;0.74;stop
546;1442.41;1706.01;1443.13;1694.2;1417.34;1692.62;1416.62;1704.42;10;0.69;stop
547;3756.14;1000.99;3787.38;999.99;3786.98;987.45;3755.74;988.44;10;0.68;stop
548;2099.83;240.69;2099.87;227.96;2071.67;227.87;2071.63;240.6;10;0.69;stop
549;3194.16;710.43;3194.24;684.62;3180.84;684.57;3180.76;710.38;10;0.62;stop
550;1532.52;1219.99;1532.88;1207.43;1504.98;1206.63;1504.62;1219.2;10;0.72;stop
551;717.92;1671.72;718.46;1659.39;693.02;1658.28;692.48;1670.61;10;0.52;stop
552;919.08;1210.34;920.35;1200.39;902.48;1198.1;901.21;1208.05;10;0.74;stop
553;704.98;1229.79;705.31;1217.79;679.71;1217.09;679.38;1229.08;10;0.74;stop
554;2533.74;744.74;2546.47;744.21;2545.26;715.51;2532.53;716.04;10;0.75;stop
555;3083.47;605.96;3110.06;604.16;3109.28;592.72;3082.69;594.53;10;0.76;stop
556;719.93;1636.13;720.84;1624.43;697.57;1622.62;696.66;1634.32;10;0.44;stop
557;364.02;137.12;391.51;135.22;390.67;123.04;363.18;124.93;10;0.48;stop
558;290.24;145.0;315.44;142.02;313.98;129.69;288.78;132.67;10;0.45;stop
559;1800.06;219.41;1814.07;219.29;1813.77;183.91;1799.76;184.02;10;0.7;stop
560;2519.26;124.72;2519.3;98.05;2506.86;98.03;2506.82;124.7;10;0.7;stop
561;3726.04;576.13;3753.71;575.42;3753.34;560.82;3725.66;561.53;10;0.56;stop
562;2432.83;226.37;2457.94;224.96;2457.17;211.26;2432.06;212.66;10;0.67;stop
565;1992.46;1644.21;2005.13;1643.88;2004.29;1611.54;1991.62;1611.87;10;0.72;stop
566;2794.14;201.95;2820.53;200.63;2819.85;187.11;2793.46;188.44;10;0.62;stop
567;3620.95;331.56;3630.13;304.8;3618.42;300.79;3609.24;327.54;10;0.64;stop
570;1439.39;1668.0;1439.72;1655.94;1414.74;1655.25;1414.4;1667.31;10;0.65;stop
571;2188.67;646.34;2216.85;644.39;2215.89;630.54;2187.71;632.48;10;0.69;stop
572;1980.58;1296.88;1994.39;1296.24;1992.92;1264.74;1979.11;1265.38;10;0.78;stop
573;1724.48;1720.11;1726.14;1708.91;1703.24;1705.52;1701.58;1716.71;10;0.77;stop
574;2275.67;231.19;2306.4;230.39;2306.08;218.25;2275.35;219.05;10;0.64;stop
575;3578.23;1046.39;3611.07;1045.09;3610.52;1031.11;3577.68;1032.41;10;0.73;stop
576;2696.12;2089.77;2708.26;2084.11;2695.09;2055.86;2682.95;2061.51;10;0.69;stop
577;648.0533333333333;1667.8866666666668;648.71;1656.1966666666667;626.0066666666667;1654.9266666666667;625.3566666666667;1666.6166666666668;10;0.3766666666666667;stop
578;2650.01;1442.34;2652.06;1417.91;2639.36;1416.84;2637.31;1441.28;10;0.7;stop
579;2909.88;198.04;2937.82;194.82;2936.37;182.21;2908.43;185.43;10;0.61;stop
580;1975.99;1911.83;1982.45;1873.17;1966.01;1870.42;1959.55;1909.08;10;0.72;stop
581;1978.5;2162.85;1979.27;2137.27;1967.06;2136.9;1966.29;2162.48;10;0.71;stop
582;3434.44;2143.44;3463.99;2132.29;3458.06;2116.56;3428.51;2127.71;10;0.56;stop
584;61.58;1623.75;62.56;1610.96;33.76;1608.75;32.77;1621.54;10;0.36;stop
585;2450.63;1594.33;2462.72;1593.94;2461.87;1568.04;2449.78;1568.44;10;0.68;stop
586;2525.67;511.87;2536.91;511.66;2536.45;487.13;2525.21;487.34;10;0.68;stop
587;3670.88;581.2;3701.15;577.95;3699.74;564.89;3669.48;568.14;10;0.57;stop
588;517.84;1624.79;518.35;1612.63;489.97;1611.46;489.46;1623.62;10;0.53;stop
589;544.14;1626.96;545.27;1616.15;524.61;1613.98;523.48;1624.79;10;0.44;stop
590;1122.73;380.22;1148.48;379.33;1148.09;367.91;1122.33;368.8;10;0.65;stop
592;3463.51;1051.02;3493.36;1049.69;3492.74;1035.85;3462.89;1037.18;10;0.68;stop
594;2242.05;232.83;2271.88;231.03;2271.08;217.73;2241.25;219.53;10;0.6;stop
595;189.36;889.6;192.91;865.47;179.79;863.53;176.23;887.66;10;0.61;stop
598;2512.76;318.92;2526.34;318.64;2525.74;289.71;2512.16;289.99;10;0.6;stop
599;3203.07;177.25;3230.35;174.41;3229.12;162.59;3201.83;165.44;10;0.68;stop
600;468.67;1033.31;470.2;1008.41;457.58;1007.63;456.05;1032.53;10;0.54;stop
601;1021.38;1038.21;1021.54;1015.0;1009.24;1014.92;1009.08;1038.12;10;0.51;stop
602;164.3;1599.36;165.14;1587.99;142.03;1586.26;141.19;1597.64;10;0.63;stop
603;2452.0;1771.94;2454.46;1745.94;2442.5;1744.81;2440.04;1770.81;10;0.71;stop
604;3195.51;215.6;3221.17;212.51;3219.8;201.12;3194.14;204.21;10;0.62;stop
605;3634.15;1262.02;3649.65;1261.38;3648.35;1229.85;3632.85;1230.5;10;0.66;stop
606;1954.2;201.23;1965.35;200.84;1964.65;180.15;1953.49;180.53;10;0.67;stop
607;2673.42;210.56;2698.67;209.32;2698.08;197.26;2672.83;198.5;10;0.63;stop
609;410.47;1657.8;411.18;1644.67;382.65;1643.14;381.95;1656.26;10;0.55;stop
610;2621.08;1443.84;2633.28;1419.15;2622.17;1413.66;2609.97;1438.35;10;0.67;stop
611;1486.45;1707.97;1487.27;1695.97;1458.8;1694.03;1457.98;1706.03;10;0.62;stop
612;791.39;131.6;817.99;129.59;817.08;117.58;790.48;119.6;10;0.71;stop
613;2537.0;792.45;2550.13;792.32;2549.87;766.8;2536.74;766.93;10;0.68;stop
614;2965.34;1466.21;2977.69;1455.05;2948.87;1423.17;2936.53;1434.32;9;0.61;stop
616;1549.1;1770.62;1549.86;1756.82;1518.77;1755.13;1518.02;1768.93;10;0.66;stop
617;3100.39;184.05;3119.75;183.4;3119.36;171.45;3100.0;172.1;10;0.65;stop
620;3026.34;188.44;3050.81;185.5;3049.41;173.81;3024.94;176.75;10;0.59;stop
623;563.92;625.96;566.26;615.18;537.64;608.97;535.3;619.74;10;0.7;stop
627;3782.48;269.7;3800.76;269.32;3800.02;233.74;3781.74;234.11;10;0.56;stop
628;620.2642857142857;1631.3;620.6942857142857;1619.8757142857144;597.5457142857143;1619.0128571428572;597.1228571428571;1630.4342857142858;10;0.3571428571428571;stop
629;2730.4;1385.83;2731.06;1370.82;2696.22;1369.3;2695.56;1384.3;10;0.64;stop
630;1337.88;94.54;1365.09;92.89;1364.37;80.96;1337.16;82.61;10;0.65;stop
631;631.68;1087.44;632.64;1076.07;613.32;1074.44;612.36;1085.81;10;0.52;stop
632;2476.89;1904.65;2477.63;1871.16;2463.74;1870.85;2462.99;1904.34;10;0.58;stop
633;2484.13;208.14;2485.58;185.76;2474.49;185.04;2473.05;207.43;10;0.55;stop
634;2726.0;663.65;2752.81;660.56;2751.25;646.98;2724.44;650.07;10;0.69;stop
635;3191.88;681.16;3192.18;651.63;3178.43;651.49;3178.14;681.02;10;0.66;stop
637;631.19;108.99;656.94;106.86;655.99;95.38;630.24;97.51;10;0.47;stop
639;3639.57;151.3;3668.76;148.17;3667.3;134.63;3638.12;137.77;10;0.5;stop
641;3807.76;1979.56;3839.41;1961.31;3830.99;1946.69;3799.34;1964.94;10;0.61;stop
645;3438.2;874.65;3448.29;847.61;3435.55;842.85;3425.46;869.89;10;0.64;stop
646;1269.4;60.74;1294.76;60.16;1294.48;47.83;1269.12;48.4;10;0.65;stop
647;3577.76;1005.26;3601.04;1004.49;3600.68;993.49;3577.4;994.26;10;0.57;stop
649;2042.07;241.79;2068.41;240.31;2067.75;228.46;2041.4;229.94;10;0.64;stop
650;144.66;1182.22;169.59;1181.87;169.4;1168.09;144.47;1168.44;10;0.57;stop
652;1229.57;1660.05;1230.67;1649.65;1209.99;1647.45;1208.89;1657.85;10;0.6;stop
653;565.31;116.73;596.18;114.75;595.32;101.24;564.44;103.22;10;0.54;stop
654;2374.02;232.42;2390.75;223.9;2383.23;209.14;2366.5;217.67;10;0.5;stop
655;3558.9;576.7;3572.5;573.65;3567.04;549.35;3553.43;552.41;10;0.57;stop
656;1541.02;1675.23;1541.88;1663.06;1520.1;1661.52;1519.24;1673.69;10;0.48;stop
657;670.6;653.21;673.29;642.03;644.71;635.15;642.02;646.33;10;0.5;stop
658;2518.93;407.32;2531.13;407.15;2530.82;384.68;2518.62;384.85;10;0.67;stop
660;2323.26;679.53;2352.45;678.28;2351.87;664.84;2322.68;666.1;10;0.5;stop
661;3627.41;407.4;3636.83;383.86;3625.09;379.16;3615.67;402.71;10;0.43;stop
662;3189.7;1167.27;3204.13;1139.21;3190.92;1132.42;3176.5;1160.48;10;0.73;stop
663;3213.71;1369.59;3225.9;1338.5;3210.04;1332.28;3197.85;1363.38;9;0.48;stop
665;2435.67;636.82;2461.59;635.77;2461.08;623.18;2435.16;624.23;10;0.62;stop
666;1403.52;933.73;1403.94;923.41;1381.98;922.52;1381.56;932.84;10;0.61;stop
667;1910.3;1425.19;1923.42;1423.47;1919.2;1391.25;1906.08;1392.97;9;0.65;stop
669;3786.4;303.62;3802.62;303.13;3801.73;273.41;3785.51;273.9;10;0.66;stop
671;3330.84;168.97;3358.49;166.5;3357.28;153.06;3329.64;155.54;10;0.61;stop
672;1529.67;754.67;1531.84;731.41;1520.2;730.33;1518.04;753.59;10;0.64;stop
675;2218.65;1420.7;2219.79;1385.51;2205.6;1385.05;2204.46;1420.24;9;0.63;stop
677;1300.21;1661.74;1300.53;1649.81;1275.48;1649.14;1275.16;1661.06;10;0.62;stop
678;2660.22;1437.8;2678.94;1437.67;2678.66;1397.2;2659.94;1397.33;9;0.59;stop
679;2076.59;1114.07;2119.83;1113.66;2119.66;1095.43;2076.42;1095.84;9;0.64;stop
680;1960.26;2165.6;1962.0;2137.21;1948.74;2136.4;1947.0;2164.79;10;0.63;stop
681;912.37;688.79;913.24;676.75;889.51;675.03;888.64;687.08;10;0.45;stop
682;3153.1;1413.33;3164.47;1379.25;3146.9;1373.39;3135.53;1407.47;10;0.52;stop
683;3774.59;1464.56;3777.62;1452.35;3749.78;1445.44;3746.75;1457.65;10;0.59;stop
684;3119.89;170.37;3119.99;159.99;3102.11;159.82;3102.01;170.2;10;0.67;stop
685;55.69;898.4;58.73;886.58;29.62;879.1;26.58;890.92;10;0.48;stop
686;2781.72;1389.66;2783.35;1373.86;2740.16;1369.41;2738.53;1385.2;9;0.54;stop
687;2857.45;1402.53;2861.95;1385.13;2820.29;1374.35;2815.78;1391.75;9;0.37;stop
691;895.22;1607.6;895.78;1583.17;884.25;1582.9;883.68;1607.33;10;0.54;stop
692;3274.17;1396.83;3315.19;1391.0;3312.7;1373.48;3271.69;1379.31;9;0.49;stop
697;3672.29;313.63;3685.47;278.21;3668.33;271.84;3655.16;307.26;9;0.56;stop
698;2820.61;1261.99;2822.14;1247.49;2793.89;1244.51;2792.36;1259.01;10;0.78;stop
699;3271.02;598.75;3296.09;596.87;3295.23;585.32;3270.16;587.19;10;0.52;stop
701;3170.18;319.09;3170.41;295.57;3157.95;295.44;3157.71;318.97;10;0.51;stop
702;3581.92;520.31;3592.08;491.64;3577.76;486.57;3567.61;515.23;10;0.54;stop
704;3657.44;1260.12;3672.95;1259.62;3671.93;1228.0;3656.43;1228.5;10;0.56;stop
707;1054.6;1686.56;1055.7;1675.01;1031.15;1672.69;1030.05;1684.24;10;0.67;stop
708;3160.77;353.14;3173.96;352.2;3172.05;325.6;3158.85;326.55;10;0.47;stop
709;1919.92;1611.77;1934.74;1611.45;1933.95;1574.23;1919.14;1574.55;10;0.7;stop
710;3248.03;1159.43;3260.49;1133.09;3247.91;1127.14;3235.45;1153.47;10;0.65;stop
714;2528.11;1355.03;2578.03;1354.63;2577.89;1337.09;2527.97;1337.5;9;0.55;stop
715;1089.59;1213.61;1089.85;1196.68;1054.66;1196.14;1054.4;1213.07;10;0.57;stop
716;3492.76;735.11;3503.24;708.13;3490.68;703.25;3480.2;730.23;10;0.64;stop
718;2046.54;275.58;2074.17;273.62;2073.4;262.73;2045.77;264.69;10;0.47;stop
719;2036.36;1572.13;2066.18;1570.57;2065.39;1555.37;2035.57;1556.93;10;0.62;stop
728;553.0628571428572;1465.3214285714287;555.4757142857144;1453.5228571428572;530.5542857142858;1448.4285714285716;528.1414285714286;1460.227142857143;10;0.39142857142857146;stop
729;3120.85;289.61;3135.31;289.5;3135.09;262.11;3120.63;262.22;10;0.45;stop
730;3321.73;985.21;3339.3;959.89;3326.08;950.72;3308.52;976.05;10;0.68;stop
734;3590.16;400.13;3600.98;371.55;3588.28;366.74;3577.46;395.32;10;0.64;stop
736;1993.06;1818.55;1993.85;1798.74;1983.44;1798.32;1982.65;1818.14;10;0.5;stop
739;2475.81;1959.9;2478.57;1928.38;2462.57;1926.98;2459.8;1958.5;10;0.45;stop
742;2465.75;1553.47;2467.71;1525.45;2454.62;1524.53;2452.66;1552.55;9;0.45;stop
746;1617.81;645.99;1618.23;635.25;1592.94;634.26;1592.52;645.0;10;0.53;stop
749;1173.43;1813.68;1174.56;1786.83;1162.63;1786.32;1161.5;1813.17;10;0.49;stop
751;1525.83;824.66;1528.74;795.59;1515.04;794.22;1512.14;823.29;10;0.53;stop
752;3415.02;2097.09;3423.63;2087.15;3407.17;2072.91;3398.56;2082.85;10;0.45;stop
754;533.09;1077.49;533.24;1067.86;510.35;1067.51;510.2;1077.14;10;0.41;stop
757;1083.44;1688.34;1084.73;1678.17;1063.06;1675.41;1061.77;1685.58;10;0.61;stop
761;3056.5;1498.7;3068.44;1464.27;3050.85;1458.17;3038.91;1492.61;10;0.51;stop
763;2135.75;275.75;2136.59;251.68;2125.75;251.31;2124.91;275.38;10;0.36;stop
764;1105.14;1655.26;1106.61;1644.78;1079.61;1640.99;1078.14;1651.47;10;0.51;stop
770;2475.53;1347.93;2475.98;1334.49;2445.97;1333.5;2445.52;1346.94;9;0.5;stop
787;3435.9142857142856;1122.1385714285716;3446.7685714285712;1094.1942857142858;3432.072857142857;1088.4914285714285;3421.2271428571426;1116.4342857142858;10;0.36;stop
795;3005.17;1544.02;3016.0;1540.71;3009.83;1520.48;2999.0;1523.79;10;0.47;stop
819;900.12;85.84;901.26;73.22;877.66;71.1;876.52;83.71;10;0.48;stop
855;1967.29;1416.56;1980.64;1416.27;1979.96;1385.81;1966.61;1386.11;10;0.8;stop
1184;1913.68;641.95;1927.32;641.79;1926.98;612.42;1913.34;612.58;10;0.8;move
1270;1966.92;1454.08;1980.48;1454.01;1980.33;1424.79;1966.77;1424.87;10;0.79;stop
1472;1968.48;1492.42;1980.04;1492.36;1979.89;1467.45;1968.34;1467.52;10;0.79;stop
1656;1940.19;42.88;1940.59;23.72;1929.72;23.5;1929.32;42.65;10;0.65;stop
1837;1966.0;1524.1;1978.46;1524.09;1978.44;1499.9;1965.98;1499.91;10;0.79;stop
1959;875.63;1118.09;900.52;1117.98;900.47;1106.04;875.58;1106.14;10;0.8;move
2019;1977.94;1558.55;1978.19;1535.32;1967.06;1535.2;1966.81;1558.43;10;0.78;stop
2139;1181.6;1119.2;1181.91;1105.6;1151.65;1104.93;1151.34;1118.52;10;0.82;move
2155;1905.02;433.66;1918.15;433.06;1916.8;403.34;1903.66;403.94;10;0.81;move
2318;1967.66;1599.2;1980.74;1599.19;1980.71;1571.05;1967.63;1571.06;10;0.81;stop
2353;1372.42;96.0;1396.56;95.3;1396.2;82.87;1372.06;83.58;10;0.52;stop
2402;192.58;859.67;195.26;833.33;182.65;832.04;179.98;858.39;10;0.59;stop
2473;1674.16;1131.44;1674.33;1120.04;1651.34;1119.68;1651.17;1131.09;10;0.68;move
2939;2541.05;894.54;2553.37;894.16;2552.57;868.33;2540.26;868.71;10;0.44;stop
2971;3583.22;625.84;3583.44;611.68;3551.16;611.19;3550.94;625.35;10;0.69;stop
3352;3509.96;584.99;3519.7;564.97;3509.1;559.82;3499.37;579.84;10;0.58;stop
3386;1934.91;1248.06;1939.94;1222.47;1928.34;1220.19;1923.31;1245.78;10;0.75;move
3631;637.31;2151.77;637.76;2141.04;615.19;2140.11;614.74;2150.83;10;0.58;stop
3741;1463.07;1132.48;1463.46;1118.37;1432.68;1117.52;1432.29;1131.63;10;0.8;move
3825;1047.97;1035.74;1048.38;1015.38;1036.09;1015.13;1035.69;1035.5;10;0.53;stop
4164;118.74;1613.49;119.81;1600.8;91.02;1598.38;89.96;1611.08;10;0.78;move
4229;1382.3;1127.4;1382.79;1114.72;1353.7;1113.6;1353.21;1126.28;10;0.82;move
4327;1924.92;903.98;1937.28;903.49;1936.08;872.96;1923.72;873.45;10;0.77;move
4428;1941.52;1007.81;1953.74;1006.28;1950.32;978.94;1938.1;980.47;10;0.8;move
4577;1559.73;1132.76;1560.36;1119.75;1531.77;1118.37;1531.14;1131.38;10;0.79;move
4603;1958.07;1070.21;1968.82;1065.04;1956.93;1040.29;1946.18;1045.46;10;0.73;move
4651;3226.01;1265.84;3226.73;1252.97;3197.74;1251.35;3197.02;1264.22;10;0.81;move
5223;2123.66;1129.62;2123.89;1117.49;2098.65;1117.01;2098.42;1129.13;10;0.75;move
5310;1806.5;1140.5;1835.29;1140.25;1835.17;1126.38;1806.38;1126.62;10;0.73;move
5553;968.14;1208.73;968.6;1194.35;931.24;1193.15;930.77;1207.52;10;0.47;stop
5567;2202.26;1130.17;2202.39;1116.74;2171.92;1116.46;2171.8;1129.89;10;0.8;move
5827;1891.19;1010.91;1903.65;1010.25;1902.31;984.84;1889.85;985.5;10;0.76;stop
5959;3367.12;1357.82;3371.03;1343.82;3341.63;1335.62;3337.72;1349.61;10;0.75;stop
6115;1938.42;1140.05;1939.29;1128.61;1915.83;1126.82;1914.96;1138.27;10;0.63;move
6123;2533.82;1237.86;2534.01;1226.29;2510.31;1225.89;2510.11;1237.46;10;0.76;stop
6215;451.803;1621.4049999999997;452.327;1608.5569999999998;422.40999999999997;1607.3449999999998;421.88599999999997;1620.1929999999998;10;0.378;stop
6224;1941.73;449.54;1954.14;449.5;1954.05;423.46;1941.65;423.5;10;0.8;stop
6335;2010.5;1143.24;2010.71;1129.72;1981.0;1129.26;1980.79;1142.78;10;0.82;move
6386;1924.67;1557.3033333333333;1925.4833333333331;1536.66;1915.33;1536.2599999999998;1914.5166666666667;1556.9033333333334;10;0.5033333333333334;stop
6444;1891.5;977.53;1903.4;976.86;1902.0;951.85;1890.1;952.52;10;0.76;stop
6578;2216.21;1150.37;2242.98;1150.26;2242.92;1136.76;2216.15;1136.87;10;0.8;move
6619;159.05;1081.18;178.33;1066.09;171.42;1057.26;152.14;1072.35;10;0.7;stop
6621;3290.59;1334.09;3324.88;1333.02;3324.41;1317.87;3290.12;1318.93;10;0.76;stop
6638;470.19;1659.52;470.72;1648.02;449.5;1647.04;448.97;1658.55;10;0.35;stop
6702;504.5;1253.22;530.54;1253.14;530.5;1240.53;504.46;1240.61;10;0.52;stop
6719;240.68;1646.45;242.24;1633.19;216.12;1630.11;214.55;1643.37;10;0.51;stop
6729;2399.63;1131.6;2399.92;1119.01;2373.37;1118.4;2373.08;1130.99;10;0.76;move
6891;3779.86;1436.86;3783.66;1422.53;3748.26;1413.14;3744.46;1427.47;10;0.77;move
7096;2142.36;1148.88;2142.45;1136.19;2114.64;1136.0;2114.55;1148.69;10;0.79;move
7131;1873.15;1011.94;1885.94;1011.26;1884.35;981.56;1871.56;982.24;10;0.76;stop
7146;1423.53;2163.32;1425.13;2132.64;1411.47;2131.93;1409.87;2162.61;10;0.57;stop
7211;1886.47;857.72;1901.45;857.18;1900.28;825.28;1885.3;825.82;10;0.79;stop
7266;1017.11;1650.48;1039.98;1650.43;1039.96;1640.15;1017.09;1640.19;10;0.54;stop
7268;2405.79;1149.12;2405.9;1136.01;2375.09;1135.75;2374.98;1148.86;10;0.78;move
7360;2537.07;1139.51;2537.84;1126.71;2511.56;1125.12;2510.78;1137.91;10;0.79;move
7363;2482.5;1133.38;2482.91;1120.96;2453.62;1119.99;2453.21;1132.41;10;0.8;move
7396;1887.03;815.96;1899.27;815.16;1897.38;786.04;1885.14;786.84;10;0.76;stop
7535;1888.47;943.97;1901.48;943.34;1900.15;915.66;1887.14;916.28;10;0.79;stop
7541;1869.75;976.01;1884.16;974.7;1881.0;939.87;1866.59;941.17;10;0.75;stop
7573;2480.42;1153.95;2481.13;1141.52;2453.46;1139.93;2452.74;1152.35;10;0.78;move
7581;3456.68;163.09;3489.19;160.98;3488.32;147.7;3455.81;149.81;10;0.58;stop
7611;3242.2;600.39;3266.62;598.97;3265.92;586.95;3241.5;588.38;10;0.51;stop
7702;2572.21;1157.03;2573.07;1144.21;2547.29;1142.47;2546.43;1155.29;10;0.8;move
7740;1851.4;1013.24;1853.78;983.53;1841.04;982.51;1838.66;1012.22;10;0.76;stop
7810;3486.27;1356.83;3489.74;1342.95;3459.66;1335.44;3456.2;1349.32;10;0.82;move
7843;1866.58;923.05;1880.26;922.64;1879.3;890.45;1865.62;890.86;10;0.79;stop
7968;2601.26;1141.74;2602.36;1128.92;2571.11;1126.26;2570.02;1139.08;10;0.8;move
7991;1855.96;970.78;1856.52;943.12;1843.04;942.85;1842.48;970.51;10;0.8;stop
8073;1869.55;880.97;1883.29;880.5;1882.23;849.28;1868.49;849.75;10;0.78;stop
8140;1842.174;897.846;1854.134;897.53;1853.4560000000001;872.1120000000001;1841.496;872.436;10;0.566;stop
8222;1851.5;936.57;1862.75;935.85;1861.0;908.43;1849.75;909.15;10;0.69;stop
8252;1979.1;1638.05;1979.24;1613.26;1968.15;1613.2;1968.01;1637.99;10;0.77;stop
8267;1985.62;1676.44;1986.31;1649.38;1974.0;1649.06;1973.32;1676.12;10;0.8;stop
8282;1840.31;859.92;1851.74;857.35;1846.31;833.2;1834.88;835.77;10;0.76;stop
8330;2657.28;1144.47;2657.87;1131.6;2628.72;1130.28;2628.13;1143.15;10;0.82;move
8380;1869.4;831.38;1881.48;830.89;1880.41;804.37;1868.33;804.86;10;0.78;stop
8451;1844.67;814.96;1858.48;814.6;1857.7;784.79;1843.89;785.15;10;0.81;stop
8517;2739.77;1148.33;2741.25;1136.57;2717.18;1133.55;2715.7;1145.3;10;0.8;move
8604;1840.22;745.96;1856.44;745.1;1854.47;708.1;1838.25;708.96;10;0.77;stop
8645;3673.94;1292.93;3675.62;1260.74;3659.19;1259.89;3657.51;1292.07;10;0.62;stop
8652;1882.34;729.04;1894.77;728.24;1893.16;703.09;1880.73;703.88;10;0.79;stop
8730;2662.98;1162.94;2663.9;1149.91;2634.27;1147.81;2633.35;1160.84;10;0.82;move
8833;1865.39;792.16;1878.8;791.24;1876.83;762.59;1863.41;763.51;10;0.78;stop
8841;2526.55;1081.11;2527.65;1053.5;2515.33;1053.01;2514.23;1080.62;10;0.79;stop
8907;752.41;1243.74;759.85;1232.35;737.55;1217.76;730.1;1229.15;10;0.79;stop
8935;2039.78;2108.68;2040.78;2093.26;2004.78;2090.94;2003.79;2106.36;9;0.36;stop
8936;1840.0;693.81;1852.95;693.7;1852.72;665.19;1839.77;665.3;10;0.78;stop
9041;1881.19;692.06;1892.53;690.76;1889.81;666.94;1878.47;668.24;10;0.8;stop
9155;1861.35;755.39;1877.08;754.28;1874.77;721.73;1859.04;722.85;10;0.78;stop
9170;1800.89;2155.45;1815.99;2129.46;1804.73;2122.92;1789.63;2148.91;10;0.81;stop
9203;2805.96;1157.04;2808.16;1143.05;2775.92;1137.96;2773.71;1151.95;10;0.84;stop
9485;1982.22;1712.16;1982.67;1686.67;1971.03;1686.47;1970.58;1711.95;10;0.8;stop
9531;1936.51;2164.45;1938.41;2140.84;1925.52;2139.8;1923.62;2163.41;10;0.41;stop
9618;2724.18;1167.66;2725.36;1153.66;2693.45;1150.97;2692.26;1164.96;10;0.79;move
9659;1980.77;1745.57;1983.07;1719.41;1970.41;1718.3;1968.12;1744.46;10;0.81;stop
9674;144.32;1116.42;144.4;1101.88;112.32;1101.7;112.24;1116.25;10;0.72;move
9718;1797.94;226.96;1798.0;202.25;1787.62;202.22;1787.57;226.94;10;0.5;stop
9785;1976.3;1783.14;1979.51;1757.54;1968.14;1756.11;1964.92;1781.71;10;0.79;stop
10011;1967.77;1824.56;1972.13;1797.59;1960.35;1795.69;1955.99;1822.66;10;0.82;stop
10058;1746.89;1166.33;1773.43;1165.96;1773.24;1152.3;1746.7;1152.66;10;0.79;stop
10267;1741.2;1166.31;1741.52;1153.03;1711.26;1152.31;1710.94;1165.59;10;0.8;stop
10302;1116.38;1126.93;1116.46;1112.0;1082.43;1111.82;1082.35;1126.75;10;0.77;move
10321;2852.49;1164.27;2854.48;1152.05;2827.26;1147.61;2825.27;1159.82;10;0.84;stop
10389;1960.88;1854.73;1965.74;1828.42;1954.12;1826.27;1949.26;1852.58;10;0.81;stop
10553;2905.75;1173.44;2907.63;1161.64;2882.0;1157.56;2880.12;1169.36;10;0.83;stop
10582;3050.37;1247.94;3052.76;1233.44;3020.88;1228.19;3018.49;1242.69;10;0.84;stop
10632;2792.74;1175.56;2794.57;1161.67;2764.39;1157.69;2762.55;1171.58;10;0.83;move
10711;2852.55;1183.82;2854.39;1170.3;2824.95;1166.3;2823.11;1179.82;10;0.84;move
10938;1917.5;317.11;1931.15;316.58;1930.0;286.46;1916.35;286.98;10;0.8;move
10962;2983.11;1189.4;2986.3;1174.84;2952.67;1167.47;2949.48;1182.04;10;0.82;stop
10967;399.3;132.15;428.48;131.15;428.04;118.17;398.86;119.16;10;0.5;stop
10977;1775.71;1204.98;1776.38;1190.39;1746.67;1189.02;1746.0;1203.61;10;0.8;stop
11055;3400.54;983.43;3407.6;951.56;3390.71;947.82;3383.65;979.69;9;0.43;stop
11086;2950.89;1202.89;2953.46;1188.98;2922.36;1183.24;2919.79;1197.15;10;0.83;stop
11173;3031.65;1195.83;3034.35;1182.47;3002.56;1176.05;2999.87;1189.4;10;0.83;stop
11223;3441.95;1345.27;3445.62;1331.6;3413.05;1322.86;3409.38;1336.53;10;0.79;move
11255;3416.62;1048.8;3440.64;1048.03;3440.26;1036.2;3416.23;1036.97;10;0.45;stop
11258;2989.1;1209.78;2991.21;1196.26;2964.49;1192.09;2962.38;1205.61;10;0.73;stop
11312;3364.18;1325.32;3367.36;1310.57;3334.26;1303.43;3331.08;1318.18;10;0.82;move
11328;261.12;1076.28;261.69;1065.2;239.03;1064.04;238.46;1075.11;10;0.44;stop
11480;2233.94;1347.82;2235.02;1335.56;2206.62;1333.05;2205.54;1345.31;10;0.41;stop
11522;3040.22;1216.1;3042.22;1202.42;3013.03;1198.15;3011.03;1211.83;10;0.8;stop
11742;1911.85;207.07;1922.39;206.48;1921.21;185.56;1910.68;186.15;10;0.73;move
11838;614.3000000000001;1666.9933333333336;614.96;1653.6933333333334;588.51;1652.3833333333334;587.8533333333334;1665.6766666666667;10;0.36333333333333334;stop
11862;1888.19;897.16;1902.17;896.54;1900.81;865.72;1886.83;866.34;10;0.79;stop
11995;3002.8;1238.48;3005.0;1225.75;2976.2;1220.77;2974.0;1233.5;10;0.82;stop
12053;1839.57;660.57;1852.08;659.81;1850.33;630.93;1837.82;631.69;10;0.77;stop
12091;2142.43;1381.26;2169.09;1379.5;2168.2;1365.99;2141.54;1367.75;10;0.75;stop
12093;2913.3;1221.26;2915.32;1207.75;2884.2;1203.11;2882.18;1216.62;10;0.8;stop
12162;3071.2;1206.6;3074.75;1191.58;3042.8;1184.02;3039.25;1199.04;10;0.83;stop
12220;269.85;1650.06;271.51;1636.545;243.195;1633.07;241.53500000000003;1646.5749999999998;10;0.435;stop
12257;3046.57;1275.93;3048.79;1262.78;3017.93;1257.57;3015.71;1270.72;10;0.81;move
12361;1859.14;718.23;1873.93;716.96;1871.55;689.15;1856.75;690.42;10;0.81;stop
12408;1796.18;1174.94;1822.43;1171.21;1820.6;1158.31;1794.35;1162.04;10;0.77;stop
12483;1884.51;778.16;1899.23;776.6;1895.4;740.59;1880.68;742.15;10;0.78;stop
12529;724.13;1082.62;747.0;1081.46;746.46;1070.63;723.58;1071.79;10;0.7;stop
12717;1247.0633333333335;1216.4066666666668;1247.2233333333334;1206.0133333333333;1228.3166666666666;1205.7166666666667;1228.15;1216.1066666666666;10;0.57;stop
12851;3274.87;1160.6;3285.38;1136.8;3273.56;1131.58;3263.06;1155.38;10;0.68;stop
12924;1750.44;1182.7;1782.35;1182.08;1782.06;1167.42;1750.15;1168.05;10;0.82;stop
13006;2343.1;1211.27;2343.47;1198.16;2315.15;1197.36;2314.78;1210.46;10;0.78;move
13131;1696.32;1202.79;1696.74;1189.83;1669.68;1188.96;1669.26;1201.92;10;0.78;stop
13380;1836.8;621.75;1851.48;621.36;1850.58;587.62;1835.89;588.02;10;0.72;stop
13394;1734.57;1199.52;1734.8;1184.85;1702.3;1184.35;1702.08;1199.03;10;0.78;stop
13442;3110.42;1195.05;3113.64;1177.89;3063.02;1168.38;3059.8;1185.55;9;0.41;stop
13489;1650.57;1201.03;1650.94;1189.27;1625.43;1188.47;1625.06;1200.23;10;0.81;stop
13528;3109.41;1231.25;3111.79;1216.91;3075.75;1210.94;3073.37;1225.28;10;0.62;stop
13540;1863.78;576.4;1877.21;575.2;1874.6;546.07;1861.17;547.27;10;0.76;stop
13629;1834.96;579.61;1849.33;579.16;1848.29;546.51;1833.92;546.97;10;0.79;stop
13633;3141.38;1235.53;3143.82;1222.39;3114.55;1216.97;3112.12;1230.11;10;0.78;stop
13709;1860.81;542.19;1873.64;541.03;1871.0;511.93;1858.17;513.1;10;0.69;stop
13756;2283.68;1131.56;2283.69;1118.46;2255.32;1118.44;2255.31;1131.54;10;0.8;move
13768;3345.53;949.61;3358.68;924.88;3347.28;918.82;3334.14;943.56;10;0.45;stop
13783;3177.86;1240.59;3180.05;1227.54;3148.39;1222.22;3146.2;1235.27;10;0.81;stop
13784;3782.19;1038.09;3814.09;1036.61;3813.44;1022.53;3781.54;1024.02;10;0.4;stop
13790;1539.68;1161.96;1539.73;1150.01;1514.69;1149.91;1514.65;1161.87;10;0.81;stop
13851;1532.19;1791.64;1536.56;1780.09;1513.19;1771.23;1508.81;1782.79;10;0.41;stop
13860;1617.62;1199.93;1618.26;1187.49;1593.13;1186.19;1592.49;1198.64;10;0.81;stop
13874;1841.21;540.79;1856.0;539.82;1853.29;498.71;1838.5;499.68;10;0.73;stop
13880;3106.63;1211.85;3109.5;1198.09;3081.62;1192.27;3078.75;1206.04;10;0.74;stop
13891;1927.64;571.58;1940.94;571.29;1940.3;541.05;1927.0;541.33;10;0.79;move
13910;322.93666666666667;2094.666666666667;323.8466666666667;2066.4033333333336;310.19666666666666;2065.9633333333336;309.2866666666667;2094.226666666667;10;0.3766666666666667;stop
13960;3487.95;795.88;3488.58;783.07;3465.49;781.93;3464.86;794.74;10;0.56;stop
13967;1858.76;484.05;1871.53;483.57;1870.53;456.45;1857.75;456.93;10;0.76;stop
13971;261.265;1609.58;262.375;1599.175;238.885;1596.67;237.77999999999997;1607.075;10;0.36;stop
13984;2159.93;1232.2125;2160.2675;1218.315;2148.82;1218.0375;2148.4825;1231.935;10;0.62;stop
13988;210.87;1642.67;212.52;1629.31;181.24;1625.45;179.59;1638.81;10;0.4;stop
14008;1563.52;1201.5;1563.56;1186.96;1535.86;1186.87;1535.81;1201.42;10;0.81;move
14028;3211.03;1244.16;3212.97;1232.4;3186.47;1228.03;3184.53;1239.79;10;0.82;stop
14031;1839.4;492.27;1850.94;492.08;1850.6;471.85;1839.06;472.04;10;0.62;stop
14099;1856.23;445.78;1868.38;445.58;1867.99;421.59;1855.83;421.79;10;0.73;stop
14153;3225.05;1169.27;3236.27;1143.19;3224.01;1137.92;3212.79;1163.99;10;0.76;stop
14160;1470.86;1163.91;1470.95;1150.42;1441.77;1150.22;1441.68;1163.71;10;0.8;move
14176;1835.68;470.93;1849.62;470.54;1848.69;438.07;1834.76;438.46;10;0.8;stop
14207;3752.43;142.71;3785.65;141.4;3785.07;126.82;3751.85;128.13;10;0.51;stop
14226;3342.42;1269.4;3345.28;1258.93;3325.08;1253.41;3322.22;1263.88;10;0.73;stop
14298;1855.38;409.85;1868.37;408.89;1866.12;378.77;1853.13;379.74;10;0.79;stop
14302;3154.46;1217.38;3156.65;1203.15;3126.79;1198.56;3124.6;1212.79;10;0.79;stop
14307;253.69;149.24;286.0;146.85;284.91;132.01;252.59;134.4;10;0.44;stop
14337;1452.95;1201.34;1453.03;1187.21;1421.42;1187.04;1421.35;1201.17;10;0.82;move
14338;3819.93;225.82;3836.8;225.22;3835.69;194.18;3818.83;194.78;10;0.69;stop
14356;1691.71;1163.88;1691.84;1151.64;1666.42;1151.37;1666.29;1163.61;10;0.77;stop
14408;3391.2;1282.35;3394.62;1270.75;3368.17;1262.97;3364.76;1274.57;10;0.81;stop
14423;1803.36;56.89;1815.33;56.66;1814.83;29.74;1802.86;29.96;10;0.75;stop
14440;1851.68;372.28;1865.23;371.76;1864.1;342.1;1850.55;342.61;10;0.8;stop
14492;1875.57;660.31;1887.84;658.6;1884.18;632.31;1871.91;634.02;10;0.8;stop
14533;1951.63;1902.07;1958.9;1869.72;1945.37;1866.68;1938.1;1899.03;10;0.84;stop
14552;1652.61;1163.51;1652.71;1151.95;1627.89;1151.74;1627.79;1163.3;10;0.79;stop
14576;2734.32;1225.57;2734.74;1213.24;2706.93;1212.3;2706.51;1224.63;10;0.83;move
14600;1993.77;1558.29;2004.75;1557.94;2004.11;1537.71;1993.13;1538.06;10;0.45;stop
14602;1833.94;417.06;1847.97;416.2;1845.94;382.81;1831.9;383.67;10;0.81;stop
14606;3821.43;265.82;3837.62;265.06;3836.07;231.99;3819.88;232.75;10;0.53;stop
14652;1270.89;1195.26;1271.12;1180.09;1240.68;1179.62;1240.44;1194.79;10;0.78;move
14711;1849.28;332.74;1864.05;332.18;1862.84;300.63;1848.07;301.2;10;0.8;stop
14728;2628.99;1214.44;2629.47;1200.82;2600.76;1199.81;2600.28;1213.43;10;0.81;move
14745;1617.55;1163.53;1617.72;1149.88;1586.45;1149.47;1586.28;1163.12;10;0.82;stop
14779;2525.71;285.07;2525.94;261.24;2513.92;261.12;2513.68;284.95;10;0.48;stop
14809;1405.46;1160.47;1405.66;1147.3;1380.04;1146.91;1379.84;1160.07;10;0.83;move
14813;3840.62;1453.71;3843.68;1437.28;3830.0;1434.73;3826.94;1451.16;10;0.6;move
14814;1831.39;375.23;1844.32;374.58;1842.86;345.89;1829.93;346.55;10;0.76;stop
14829;1940.35;1939.47;1948.42;1911.5;1936.4;1908.03;1928.33;1936.0;10;0.81;stop
14865;317.8966666666667;141.88000000000002;346.84000000000003;139.33666666666667;345.69666666666666;126.4;316.75333333333333;128.94666666666666;10;0.37;stop
14881;1195.69;1195.94;1196.31;1177.42;1139.81;1175.56;1139.19;1194.08;9;0.83;move
14905;2535.56;1121.18;2544.28;1091.02;2531.06;1087.2;2522.34;1117.36;10;0.78;stop
14936;3449.62;1300.72;3453.84;1284.02;3411.01;1273.19;3406.79;1289.89;10;0.75;stop
14966;1100.85;1177.35;1101.7;1163.52;1072.28;1161.71;1071.43;1175.55;10;0.8;move
14978;2512.72;455.48;2528.77;435.45;2519.03;427.65;2502.98;447.67;10;0.69;stop
14984;1849.7;292.11;1863.65;291.75;1862.8;259.14;1848.85;259.5;10;0.82;stop
14991;1826.31;336.9;1838.44;336.62;1837.81;308.85;1825.69;309.13;10;0.8;stop
14997;3395.94;591.85;3421.96;589.13;3420.62;576.28;3394.6;579.0;10;0.68;stop
15023;785.32;1262.02;786.34;1249.06;756.87;1246.73;755.85;1259.69;10;0.38;stop
15030;3697.15;199.24;3709.83;169.48;3695.97;163.58;3683.3;193.34;10;0.71;stop
15031;1930.49;1977.31;1939.09;1948.32;1926.01;1944.44;1917.41;1973.43;10;0.83;stop
15043;2518.83;253.04;2542.7;249.39;2541.05;238.59;2517.17;242.24;10;0.54;stop
15049;1573.8;1161.59;1574.02;1150.72;1552.58;1150.29;1552.36;1161.16;10;0.76;stop
15062;2177.61;237.53;2207.32;237.39;2207.26;224.29;2177.55;224.42;10;0.7;stop
15099;860.2390909090909;1926.25;882.7827272727272;1926.130909090909;882.7181818181817;1914.5;860.1745454545455;1914.619090909091;10;0.3645454545454545;stop
15111;3488.0;1311.28;3491.83;1298.14;3461.68;1289.35;3457.85;1302.49;10;0.81;stop
15132;319.5966666666667;2061.2833333333333;322.25;2029.9833333333336;307.28;2028.7133333333334;304.62666666666667;2060.0166666666664;10;0.37;stop
15148;3597.31;1385.51;3601.44;1371.02;3557.69;1358.55;3553.56;1373.05;9;0.74;move
15169;1159.17;395.49;1159.21;384.21;1135.27;384.14;1135.23;395.41;10;0.72;move
15172;1298.49;1127.74;1298.64;1116.95;1277.2;1116.64;1277.04;1127.43;10;0.74;move
15178;704.78;1264.26;705.45;1250.59;676.15;1249.18;675.49;1262.84;10;0.38;stop
15189;2279.46;680.1;2306.14;678.99;2305.67;667.65;2278.99;668.76;10;0.5;stop
15196;1824.55;283.06;1838.45;282.53;1837.23;250.75;1823.33;251.29;10;0.8;stop
15220;1918.34;2011.04;1927.57;1983.23;1915.85;1979.34;1906.62;2007.15;10;0.79;stop
15227;2364.79;1112.35;2364.94;1100.84;2340.71;1100.52;2340.56;1112.04;10;0.75;stop
15228;3444.746;909.8219999999999;3455.3099999999995;886.306;3443.064;880.808;3432.5;904.314;10;0.374;stop
15230;2477.53;1113.98;2477.68;1101.44;2451.84;1101.15;2451.7;1113.68;10;0.77;stop
15252;1009.4;1650.02;1009.62;1638.75;988.88;1638.36;988.66;1649.62;10;0.39;stop
15374;1823.15;247.19;1837.63;247.02;1837.23;213.5;1822.75;213.67;10;0.82;stop
15421;2197.38;1109.7;2197.6;1098.01;2174.0;1097.55;2173.77;1109.24;10;0.79;stop
15424;1659.01;677.65;1659.12;666.96;1636.11;666.73;1636.0;677.42;10;0.5;stop
15425;1849.85;245.94;1861.82;245.89;1861.71;219.24;1849.74;219.29;10;0.79;stop
15444;841.68;1170.03;842.06;1156.22;810.38;1155.35;810.0;1169.15;10;0.81;move
15488;1901.8;2059.96;1918.66;2019.84;1903.98;2013.67;1887.12;2053.79;9;0.72;stop
15512;3192.11;1223.35;3194.24;1209.82;3162.27;1204.77;3160.13;1218.31;10;0.78;stop
15535;1824.36;207.9;1838.29;207.75;1837.99;179.1;1824.06;179.25;10;0.83;stop
15564;1918.68;1661.03;1935.79;1661.02;1935.75;1616.09;1918.65;1616.1;9;0.51;stop
15623;3231.31;1228.16;3233.4;1215.98;3205.56;1211.21;3203.48;1223.4;10;0.83;stop
15625;3222.37;1295.35;3223.83;1283.24;3196.7;1279.96;3195.23;1292.07;10;0.81;move
15629;503.8192307692307;1662.1938461538462;504.11692307692306;1649.6753846153845;477.7407692307693;1649.0561538461538;477.4484615384616;1661.5746153846153;10;0.39384615384615385;stop
15691;354.19;1655.315;379.51;1652.785;378.235;1640.0;352.90999999999997;1642.525;10;0.375;stop
15706;769.54;1179.62;769.8;1167.71;742.95;1167.13;742.69;1179.04;10;0.82;move
15725;1848.0;210.57;1859.98;210.53;1859.91;185.99;1847.92;186.03;10;0.8;stop
15740;1822.73;175.17;1836.66;174.53;1835.12;140.4;1821.18;141.03;10;0.81;stop
15756;3224.47;1129.37;3227.63;1100.53;3214.28;1099.07;3211.12;1127.91;10;0.77;stop
15767;1876.64;2105.91;1891.14;2070.52;1876.36;2064.46;1861.86;2099.85;10;0.83;stop
15789;1153.31;1655.92;1153.96;1644.6;1128.56;1643.14;1127.91;1654.46;10;0.38;stop
15806;668.55;1167.85;668.73;1153.75;640.19;1153.4;640.02;1167.5;10;0.79;move
15816;3419.496;376.774;3433.24;372.72;3424.8120000000004;344.16;3411.074;348.214;10;0.37;stop
15831;3093.3;626.56;3123.59;624.7;3122.8;611.65;3092.5;613.5;10;0.75;move
15832;1878.0638461538463;2151.2715384615385;1887.5053846153846;2122.389230769231;1874.936153846154;2118.277692307692;1865.4946153846154;2147.1576923076923;10;0.3669230769230769;stop
15845;2676.64;1435.36;2677.06;1396.45;2659.98;1396.26;2659.57;1435.18;10;0.37;stop
15862;3346.54;1247.68;3350.03;1235.17;3321.9;1227.32;3318.41;1239.83;10;0.74;move
15926;1821.86;137.41;1835.25;136.89;1834.01;105.59;1820.63;106.11;10;0.81;stop
15941;416.98333333333335;1622.1846666666665;417.74466666666666;1611.1226666666666;393.4866666666667;1609.438;392.7153333333333;1620.5;10;0.3833333333333333;stop
16009;729.21;101.61;729.81;89.58;719.74;89.08;719.14;101.11;10;0.62;stop
16050;1859.46;2145.24;1870.8;2115.73;1857.54;2110.64;1846.2;2140.14;10;0.79;stop
16058;1166.86;2120.88;1178.17;2119.5;1175.39;2096.74;1164.08;2098.13;10;0.38;stop
16076;1821.93;99.02;1833.12;98.89;1832.82;73.67;1821.63;73.8;10;0.78;stop
16089;2335.7;1152.58;2335.99;1136.3;2300.05;1135.67;2299.76;1151.95;10;0.8;move
16103;3211.32;1082.61;3224.37;1078.38;3215.25;1050.2;3202.2;1054.43;10;0.77;stop
16104;1704.6;1182.23;1704.61;1166.8;1659.15;1166.77;1659.14;1182.2;10;0.75;stop
16150;1839.52;1415.77;1860.44;1411.83;1858.55;1401.79;1837.63;1405.73;10;0.46;stop
16159;1842.61;163.56;1857.75;162.91;1856.39;131.19;1841.25;131.84;10;0.81;stop
16161;2720.08;208.05;2752.26;206.46;2751.54;191.89;2719.36;193.48;10;0.54;stop
16191;2544.25;1079.5;2545.57;1055.28;2533.63;1054.63;2532.31;1078.85;10;0.76;stop
16222;303.92;1771.6599999999999;309.8;1760.0749999999998;303.815;1748.65;297.935;1760.24;10;0.385;stop
16242;1532.96;726.75;1534.49;704.43;1523.66;703.69;1522.14;726.01;10;0.56;stop
16243;1552.51;689.02;1575.72;672.88;1568.24;662.11;1545.03;678.24;10;0.54;stop
16250;310.262;1877.54;314.584;1853.8880000000001;303.33000000000004;1851.8400000000001;299.014;1875.4820000000002;10;0.366;stop
16253;1278.56;97.07;1308.19;96.26;1307.81;82.37;1278.19;83.17;10;0.47;stop
16259;531.9138461538462;1662.6;532.6207692307692;1650.897692307692;511.09230769230766;1649.5853846153846;510.3853846153846;1661.2923076923078;10;0.35923076923076924;stop
16269;1821.76;66.17;1835.04;65.68;1833.84;33.39;1820.56;33.89;10;0.78;stop
16280;246.52;151.95;247.17;136.88;223.4;135.86;222.75;150.93;10;0.39;stop
16317;3792.456923076923;379.5592307692308;3805.6015384615384;379.0746153846154;3804.6092307692306;352.33923076923077;3791.4669230769227;352.82384615384615;10;0.3746153846153846;stop
16319;623.03;1114.41;623.14;1100.29;585.41;1099.97;585.29;1114.09;9;0.73;move
16327;179.3857142857143;1020.1078571428571;179.60857142857142;995.0671428571428;162.90642857142856;994.9142857142857;162.68357142857144;1019.9549999999999;10;0.3742857142857143;stop
16329;627.0638095238095;111.46428571428571;627.2985714285713;99.4847619047619;603.8761904761905;99.00571428571428;603.6319047619047;110.9852380952381;10;0.369047619047619;stop
16331;2174.67;1230.65;2174.67;1217.35;2148.33;1217.35;2148.33;1230.65;10;0.72;stop
16370;2259.97;672.4;2260.11;661.03;2235.15;660.73;2235.01;672.09;10;0.37;stop
16380;730.15;100.8;730.36;89.02;705.16;88.58;704.96;100.35;10;0.44;stop
16383;2477.28;1867.41;2477.89;1858.75;2459.97;1857.47;2459.36;1866.13;10;0.48;stop
16396;1902.93;2058.71;1917.01;2017.9;1901.82;2012.66;1887.74;2053.48;10;0.46;stop
16399;3648.88;573.06;3667.89;572.03;3667.37;562.48;3648.36;563.51;10;0.38;stop
16400;75.61;1589.46;76.37;1576.98;52.95;1575.54;52.18;1588.02;10;0.36;stop
16405;1840.32;58.1;1853.04;57.65;1852.11;31.34;1839.4;31.79;10;0.78;move
16409;2643.77;671.07;2673.81;666.2;2671.51;651.97;2641.46;656.84;10;0.55;stop
16416;1822.41;25.83;1833.74;25.71;1833.46;-0.24;1822.13;-0.11;10;0.5;stop
16417;3552.02;490.81;3562.47;462.76;3549.54;457.94;3539.09;485.99;10;0.37;stop
16418;391.1514285714286;1384.0557142857142;391.63857142857137;1372.87;369.89714285714285;1371.925714285714;369.41;1383.1114285714284;10;0.3714285714285714;stop
16430;2551.2880000000005;1091.624;2563.932;1091.51;2563.712;1067.2540000000001;2551.068;1067.3680000000002;10;0.72;stop
16436;1434.9850000000001;94.4675;1435.4525;83.21;1410.1425000000002;82.155;1409.6749999999997;93.4175;10;0.48;stop
16438;1566.38;1710.2;1566.62;1696.83;1536.37;1696.3;1536.13;1709.67;10;0.39;stop
16449;2730.85;1386.25;2731.87;1372.05;2696.57;1369.53;2695.55;1383.73;9;0.5;stop
16454;3213.7;1370.66;3226.39;1338.63;3210.05;1332.15;3197.36;1364.18;10;0.52;stop
16456;785.49;132.04;786.67;118.89;761.11;116.59;759.93;129.74;10;0.4;stop
16457;3153.51;1413.4;3165.18;1379.99;3147.42;1373.79;3135.76;1407.2;9;0.53;stop
16458;1990.67;1465.66;2003.17;1465.6;2003.08;1444.72;1990.58;1444.77;10;0.41;stop
16466;2466.16;1553.71;2468.28;1525.84;2455.34;1524.85;2453.22;1552.72;10;0.39;stop
16471;324.902;1728.2020000000002;328.704;1705.5819999999999;317.382;1699.106;313.58000000000004;1721.726;10;0.38600000000000007;stop
16475;3690.39;996.2;3690.72;985.46;3667.11;984.74;3666.78;995.47;10;0.43;stop
16477;2409.54;1234.48;2409.92;1219.95;2379.21;1219.15;2378.83;1233.68;10;0.71;stop
16478;3825.94;341.27;3841.62;340.02;3839.06;307.95;3823.38;309.2;10;0.53;stop
16479;3822.53;303.85;3839.26;303.58;3838.72;269.9;3821.99;270.17;10;0.44;stop
