vehicle_id; veh_bb_x1; veh_bb_y1; veh_bb_x2; veh_bb_y2; veh_bb_x3; veh_bb_y3; veh_bb_x4; veh_bb_y4; det_class; conf_score; state
    60;    3013.73;    1182.94;    3015.68;    1170.42;    2987.77;    1166.06;    2985.82;    1178.58;       10;    0.84;   move
     2;    2999.28;    1265.53;    3002.03;    1252.94;    2972.97;    1246.60;    2970.22;    1259.19;       10;    0.83;   stop
    65;    3068.98;    1396.29;    3081.88;    1372.02;    3069.77;    1365.58;    3056.87;    1389.86;       10;    0.83;   move
     6;    2149.29;    1125.98;    2149.64;    1113.51;    2123.46;    1112.77;    2123.11;    1125.24;       10;    0.83;   stop
     1;    2965.42;    1155.92;    2967.89;    1144.07;    2943.83;    1139.08;    2941.36;    1150.93;       10;    0.83;   stop
    50;    2798.32;    1212.51;    2799.71;    1199.22;    2770.06;    1196.12;    2768.67;    1209.40;       10;    0.83;   stop
    51;    2882.18;    1226.37;    2884.16;    1212.92;    2851.57;    1208.13;    2849.59;    1221.58;       10;    0.83;   stop
    19;    2968.35;    1238.93;    2970.64;    1226.50;    2943.15;    1221.45;    2940.86;    1233.88;       10;    0.83;   stop
     7;    3006.56;    1248.62;    3009.43;    1236.22;    2981.44;    1229.75;    2978.57;    1242.15;       10;    0.83;   stop
   138;    2763.62;    1205.08;    2764.86;    1192.86;    2738.80;    1190.23;    2737.56;    1202.46;       10;    0.83;   stop
    61;    3031.50;    1475.96;    3045.03;    1445.56;    3031.78;    1439.66;    3018.25;    1470.07;       10;    0.83;   move
     4;    3036.11;    1412.91;    3046.91;    1387.77;    3035.14;    1382.72;    3024.34;    1407.85;       10;    0.83;   stop
    39;    3064.10;    1444.56;    3075.31;    1419.05;    3062.46;    1413.41;    3051.25;    1438.91;       10;    0.83;   stop
    48;    1826.96;    1143.82;    1827.27;    1131.54;    1803.41;    1130.93;    1803.10;    1143.21;       10;    0.82;   move
     9;    2299.79;    1126.52;    2300.16;    1115.23;    2277.46;    1114.48;    2277.09;    1125.77;       10;    0.82;   stop
    13;    1989.69;     761.78;    2002.23;     761.58;    2001.81;     735.60;    1989.27;     735.80;       10;    0.82;   stop
    10;    1467.84;    1136.19;    1468.32;    1122.68;    1440.28;    1121.69;    1439.81;    1135.20;       10;    0.82;   stop
    58;    2834.39;    1217.44;    2836.47;    1204.55;    2809.36;    1200.18;    2807.28;    1213.08;       10;    0.82;   stop
     3;    1738.88;    1181.13;    1739.68;    1167.40;    1709.25;    1165.62;    1708.45;    1179.35;       10;    0.82;   stop
    15;    2996.82;    1283.09;    2999.34;    1269.67;    2968.68;    1263.91;    2966.16;    1277.33;       10;    0.82;   stop
   215;    3228.81;    1236.59;    3230.92;    1224.19;    3204.32;    1219.66;    3202.21;    1232.06;       10;    0.82;   move
    64;    1861.60;     646.54;    1861.80;     622.56;    1849.78;     622.46;    1849.57;     646.44;       10;    0.82;   stop
   237;    2761.85;    1221.46;    2763.82;    1208.50;    2734.53;    1204.04;    2732.55;    1217.00;       10;    0.82;   stop
    76;    1969.08;     480.80;    1982.00;     480.59;    1981.55;     452.95;    1968.62;     453.16;       10;    0.82;   stop
    21;    1650.30;    1174.51;    1650.79;    1162.02;    1624.58;    1160.99;    1624.09;    1173.48;       10;    0.82;   stop
    18;    2106.49;    1106.96;    2106.92;    1092.25;    2074.01;    1091.29;    2073.58;    1106.00;       10;    0.82;   stop
    62;    3023.67;    1443.91;    3034.66;    1418.75;    3022.83;    1413.59;    3011.84;    1438.75;       10;    0.82;   stop
    20;    1765.29;    1162.14;    1765.82;    1148.62;    1736.84;    1147.48;    1736.31;    1161.01;       10;    0.81;   move
    17;    2181.10;    1126.70;    2181.44;    1113.91;    2154.28;    1113.18;    2153.93;    1125.97;       10;    0.81;   stop
     8;    3641.05;    1426.58;    3645.25;    1412.22;    3611.45;    1402.33;    3607.25;    1416.69;       10;    0.81;   stop
    43;    1033.73;    1064.54;    1033.91;    1053.11;    1007.58;    1052.71;    1007.40;    1064.14;       10;    0.81;   stop
    16;    2483.16;    1542.12;    2484.45;    1518.49;    2473.21;    1517.88;    2471.93;    1541.51;       10;    0.81;   stop
    11;    3015.60;    1686.43;    3027.11;    1661.45;    3015.15;    1655.94;    3003.64;    1680.92;       10;    0.81;   stop
    45;    1849.32;     181.16;    1849.54;     151.95;    1835.06;     151.84;    1834.83;     181.05;       10;    0.81;   stop
    34;    2288.59;    1108.36;    2288.71;    1096.90;    2263.91;    1096.64;    2263.79;    1108.10;       10;    0.81;   stop
    55;     902.56;    1170.11;     927.38;    1169.84;     927.25;    1157.52;     902.43;    1157.78;       10;    0.81;   stop
    33;    2182.09;    1107.05;    2182.47;    1093.13;    2153.29;    1092.33;    2152.90;    1106.24;       10;    0.81;   stop
    12;    2952.26;    1673.13;    2962.13;    1645.52;    2949.31;    1640.93;    2939.43;    1668.54;       10;    0.81;   stop
    68;    1957.76;     442.09;    1969.94;     441.91;    1969.53;     412.91;    1957.34;     413.09;       10;    0.81;   stop
   281;    1176.37;    1156.18;    1199.45;    1155.81;    1199.25;    1143.51;    1176.17;    1143.88;       10;    0.81;   move
    84;     973.93;    1064.27;    1000.01;    1063.99;     999.88;    1051.86;     973.80;    1052.14;       10;    0.81;   stop
   115;    1978.22;     435.75;    1991.19;     435.64;    1990.97;     409.13;    1978.00;     409.24;       10;    0.81;   stop
    47;    1204.34;    1182.10;    1204.53;    1169.52;    1178.97;    1169.15;    1178.79;    1181.73;       10;    0.81;   stop
    36;    1325.78;    1071.38;    1353.07;    1070.90;    1352.85;    1058.24;    1325.55;    1058.73;       10;    0.81;   stop
    49;    2746.09;    1234.53;    2747.74;    1222.43;    2723.29;    1219.09;    2721.64;    1231.19;       10;    0.81;   stop
   329;    1960.87;    1532.41;    1974.04;    1532.39;    1974.01;    1505.09;    1960.83;    1505.11;       10;    0.81;   move
    75;    1894.30;     587.46;    1894.75;     558.00;    1881.20;     557.79;    1880.75;     587.25;       10;    0.80;   move
    85;    1063.72;    1064.63;    1063.93;    1053.05;    1040.59;    1052.62;    1040.38;    1064.20;       10;    0.80;   stop
   108;    1695.77;    1078.60;    1696.48;    1067.06;    1673.60;    1065.65;    1672.89;    1077.19;       10;    0.80;   stop
   114;    1989.48;     793.55;    2002.67;     793.22;    2002.02;     766.83;    1988.83;     767.15;       10;    0.80;   stop
   181;    1876.63;     261.83;    1891.56;     261.23;    1890.34;     230.92;    1875.41;     231.52;       10;    0.80;   move
   129;     891.57;    1168.80;     891.70;    1156.86;     864.84;    1156.58;     864.71;    1168.51;       10;    0.80;   stop
   134;    2536.48;    1136.84;    2537.79;    1122.56;    2508.77;    1119.91;    2507.46;    1134.19;       10;    0.80;   stop
   469;    3209.57;    1214.02;    3212.25;    1201.25;    3184.18;    1195.35;    3181.50;    1208.13;       10;    0.80;   move
    82;    1975.27;     109.72;    1987.95;     109.62;    1987.73;      82.65;    1975.05;      82.76;       10;    0.80;   stop
   147;    1835.72;     281.37;    1835.85;     257.01;    1823.81;     256.94;    1823.68;     281.31;       10;    0.80;   stop
    24;    1414.40;    1072.71;    1414.72;    1059.84;    1387.98;    1059.17;    1387.65;    1072.03;       10;    0.80;   stop
    54;    1541.84;    1135.60;    1542.08;    1122.82;    1513.66;    1122.27;    1513.42;    1135.06;       10;    0.80;   stop
   163;    1555.49;    1171.85;    1555.73;    1158.51;    1528.13;    1158.02;    1527.90;    1171.36;       10;    0.80;   stop
    25;    1600.49;    1173.63;    1601.04;    1160.77;    1574.26;    1159.62;    1573.71;    1172.48;       10;    0.80;   stop
    27;    2099.91;    1123.63;    2100.56;    1111.90;    2077.41;    1110.62;    2076.76;    1122.35;       10;    0.80;   stop
    56;    3054.84;    1368.17;    3065.17;    1341.22;    3052.41;    1336.33;    3042.08;    1363.28;       10;    0.80;   stop
   198;    1933.70;     237.82;    1945.80;     237.67;    1945.49;     212.74;    1933.39;     212.90;       10;    0.80;   move
    22;    1533.49;    1188.55;    1533.98;    1176.13;    1507.39;    1175.07;    1506.89;    1187.49;       10;    0.80;   stop
   110;    2508.38;    1324.74;    2509.10;    1312.62;    2483.99;    1311.13;    2483.27;    1323.26;       10;    0.80;   stop
    29;    1810.49;    1163.32;    1836.85;    1163.14;    1836.76;    1149.68;    1810.40;    1149.86;       10;    0.80;   move
     5;    1431.05;    1171.90;    1457.00;    1171.57;    1456.82;    1157.97;    1430.88;    1158.31;       10;    0.80;   move
    88;    2478.25;    1116.41;    2478.70;    1103.06;    2450.00;    1102.09;    2449.55;    1115.44;       10;    0.80;   stop
   139;    2876.79;    1258.15;    2879.21;    1245.65;    2852.46;    1240.48;    2850.04;    1252.97;       10;    0.80;   stop
   130;    1906.77;    1675.09;    1907.48;    1661.98;    1881.01;    1660.54;    1880.30;    1673.65;       10;    0.80;   stop
   100;    1989.73;     898.62;    2003.01;     896.90;    1999.52;     869.88;    1986.24;     871.60;       10;    0.80;   stop
   200;    1385.11;    1189.82;    1385.61;    1172.82;    1341.89;    1171.55;    1341.39;    1188.55;        9;    0.80;   stop
    87;    2334.04;    1113.23;    2334.60;    1098.61;    2302.84;    1097.40;    2302.28;    1112.01;       10;    0.80;   stop
   187;    1816.22;    1181.05;    1845.06;    1180.92;    1845.00;    1166.82;    1816.15;    1166.96;       10;    0.80;   move
   150;    1986.09;    1301.64;    1998.01;    1301.50;    1997.72;    1276.86;    1985.80;    1277.00;       10;    0.80;   stop
   254;    2975.26;    1192.69;    2977.69;    1179.34;    2951.15;    1174.50;    2948.71;    1187.85;       10;    0.80;   move
    35;    1893.33;    1943.61;    1903.05;    1919.10;    1890.23;    1914.02;    1880.52;    1938.53;       10;    0.80;   stop
    99;    2828.74;    1901.28;    2854.04;    1883.17;    2845.48;    1871.22;    2820.18;    1889.33;       10;    0.80;   stop
   282;    1674.74;    1110.05;    1675.56;    1097.81;    1649.64;    1096.08;    1648.82;    1108.32;       10;    0.80;   move
   340;    1793.96;    1181.86;    1794.05;    1170.68;    1772.48;    1170.52;    1772.39;    1181.69;       10;    0.80;   move
   240;    1883.59;     665.70;    1883.80;     640.53;    1871.66;     640.43;    1871.45;     665.60;       10;    0.80;   move
   116;    1848.97;     620.25;    1860.96;     619.44;    1859.21;     593.62;    1847.23;     594.43;       10;    0.80;   stop
    41;    1756.81;     652.10;    1758.15;     638.96;    1729.26;     636.03;    1727.92;     649.16;       10;    0.80;   stop
   137;    1730.53;    1081.06;    1731.21;    1067.93;    1704.63;    1066.56;    1703.96;    1079.69;       10;    0.80;   stop
    28;    2224.67;    1126.11;    2224.75;    1111.71;    2193.96;    1111.52;    2193.87;    1125.92;       10;    0.80;   stop
    92;    2590.46;    1324.02;    2590.47;    1311.87;    2563.91;    1311.85;    2563.90;    1324.00;       10;    0.80;   stop
   144;    2437.97;    1349.89;    2438.31;    1336.19;    2409.28;    1335.48;    2408.94;    1349.18;       10;    0.80;   stop
    73;    1754.24;    1632.60;    1755.33;    1619.69;    1729.51;    1617.53;    1728.42;    1630.44;       10;    0.80;   stop
   135;    2735.90;    1937.86;    2762.94;    1926.37;    2757.03;    1912.45;    2729.99;    1923.95;       10;    0.80;   stop
   284;    1891.43;     841.32;    1905.14;     840.97;    1904.32;     809.06;    1890.61;     809.41;       10;    0.79;   move
   207;    1961.17;     104.17;    1972.76;     104.08;    1972.58;      78.65;    1960.99;      78.73;       10;    0.79;   stop
    70;    2142.59;    1102.01;    2143.36;    1089.92;    2118.91;    1088.36;    2118.14;    1100.45;       10;    0.79;   stop
   530;     802.83;    1134.52;     803.45;    1120.16;     773.01;    1118.86;     772.40;    1133.21;       10;    0.79;   move
    94;    1112.37;    1177.78;    1112.49;    1164.70;    1087.00;    1164.47;    1086.88;    1177.55;       10;    0.79;   stop
   133;    2131.85;    1346.23;    2157.74;    1344.02;    2156.65;    1331.27;    2130.76;    1333.48;       10;    0.79;   stop
    89;    2554.73;    1122.87;    2556.56;    1110.73;    2531.02;    1106.88;    2529.19;    1119.02;       10;    0.79;   stop
    37;    2835.47;    1249.79;    2837.71;    1238.04;    2811.65;    1233.08;    2809.42;    1244.84;       10;    0.79;   stop
   192;    3031.35;    1517.27;    3043.01;    1492.10;    3030.90;    1486.48;    3019.24;    1511.65;       10;    0.79;   stop
   188;    2691.97;    1198.32;    2692.85;    1184.01;    2660.40;    1181.99;    2659.51;    1196.30;       10;    0.79;   move
    44;    3335.55;    1202.54;    3338.35;    1188.05;    3309.45;    1182.46;    3306.65;    1196.95;       10;    0.79;   stop
    59;    2717.06;    1232.32;    2718.50;    1218.84;    2687.16;    1215.49;    2685.72;    1228.97;       10;    0.79;   stop
    31;    1822.72;    2073.51;    1834.84;    2048.38;    1823.40;    2042.87;    1811.28;    2067.99;       10;    0.79;   stop
   229;    1968.27;    1693.60;    1972.81;    1646.00;    1954.79;    1644.28;    1950.25;    1691.88;        9;    0.79;   move
    77;    1949.25;     354.76;    1949.54;     328.25;    1936.50;     328.11;    1936.21;     354.62;       10;    0.79;   move
   387;     911.26;    1150.28;     911.64;    1137.12;     882.18;    1136.28;     881.80;    1149.44;       10;    0.79;   move
   156;    2129.13;    1202.56;    2129.48;    1191.04;    2105.37;    1190.31;    2105.02;    1201.84;       10;    0.79;   stop
    53;    1442.53;      67.14;    1442.91;      53.45;    1414.97;      52.68;    1414.59;      66.36;       10;    0.79;   stop
  1016;    1855.69;     154.98;    1868.72;     154.67;    1868.06;     126.27;    1855.03;     126.58;       10;    0.79;   move
   153;    1961.58;     255.43;    1974.05;     255.23;    1973.67;     230.57;    1961.20;     230.77;       10;    0.79;   stop
   186;    1953.03;     761.20;    1967.46;     760.73;    1966.47;     730.55;    1952.04;     731.02;       10;    0.79;   move
   154;    1988.24;     555.10;    1988.56;     525.04;    1975.32;     524.90;    1975.00;     554.96;       10;    0.79;   stop
   315;    1912.14;     854.74;    1927.92;     854.25;    1926.83;     819.26;    1911.05;     819.75;       10;    0.79;   stop
    95;    1234.91;    1183.60;    1235.15;    1171.57;    1208.03;    1171.03;    1207.79;    1183.06;       10;    0.79;   stop
   201;    2477.46;    1215.92;    2478.23;    1203.33;    2451.92;    1201.71;    2451.14;    1214.30;       10;    0.79;   stop
   126;    1888.23;     748.10;    1902.93;     746.97;    1900.77;     718.90;    1886.07;     720.03;       10;    0.79;   move
    42;     745.02;    1058.81;     745.18;    1047.15;     721.23;    1046.82;     721.07;    1058.48;       10;    0.79;   stop
   143;    1640.74;    1079.53;    1667.94;    1079.41;    1667.88;    1065.85;    1640.69;    1065.96;       10;    0.79;   stop
   271;    1915.07;     937.32;    1927.46;     937.23;    1927.28;     911.06;    1914.89;     911.14;       10;    0.79;   stop
   189;    2514.50;    1217.98;    2539.78;    1217.92;    2539.75;    1205.27;    2514.47;    1205.33;       10;    0.79;   stop
   131;    1991.12;    1769.76;    1994.46;    1742.77;    1983.13;    1741.37;    1979.79;    1768.35;       10;    0.79;   stop
    81;    2705.47;    1950.78;    2730.40;    1941.43;    2725.58;    1928.59;    2700.66;    1937.94;       10;    0.79;   stop
    74;    1480.27;      66.42;    1480.56;      53.48;    1451.48;      52.83;    1451.19;      65.77;       10;    0.79;   stop
   132;    1871.48;      79.16;    1886.51;      78.90;    1886.02;      50.78;    1870.99;      51.04;       10;    0.79;   stop
   345;    1874.13;     812.17;    1885.72;     812.12;    1885.62;     787.58;    1874.03;     787.63;       10;    0.79;   move
   351;    1073.07;    1148.51;    1073.33;    1135.77;    1047.56;    1135.24;    1047.29;    1147.98;       10;    0.79;   move
   121;     888.87;    1585.87;     889.35;    1574.12;     865.01;    1573.13;     864.53;    1584.88;       10;    0.79;   stop
   212;    2946.42;    1272.30;    2948.40;    1259.66;    2922.33;    1255.57;    2920.35;    1268.21;       10;    0.79;   stop
   123;    3402.46;    1009.39;    3403.15;     997.40;    3377.54;     995.92;    3376.85;    1007.91;       10;    0.79;   stop
   182;    1967.92;     316.45;    1979.27;     315.19;    1976.52;     290.49;    1965.17;     291.75;       10;    0.79;   stop
   222;    1972.02;     400.05;    1985.54;     399.71;    1984.79;     370.57;    1971.28;     370.92;       10;    0.79;   stop
    26;    2732.58;    1118.61;    2733.41;    1104.97;    2705.30;    1103.26;    2704.47;    1116.91;       10;    0.79;   stop
   109;    1917.10;    1129.79;    1937.27;    1112.39;    1929.46;    1103.34;    1909.30;    1120.74;       10;    0.79;   move
   148;    1851.81;     730.96;    1865.97;     730.61;    1865.19;     698.91;    1851.03;     699.26;       10;    0.79;   stop
    98;    2929.65;    1232.99;    2932.16;    1219.16;    2903.10;    1213.89;    2900.59;    1227.72;       10;    0.79;   stop
   190;    1915.47;    1244.73;    1927.14;    1243.18;    1923.78;    1217.89;    1912.11;    1219.45;       10;    0.79;   stop
   161;    1987.89;    1847.25;    1994.40;    1817.36;    1981.86;    1814.63;    1975.35;    1844.51;       10;    0.79;   stop
   223;    1966.96;     197.42;    1978.40;     196.23;    1975.79;     171.02;    1964.35;     172.20;       10;    0.79;   stop
   117;     521.70;    1052.06;     521.86;    1039.83;     496.43;    1039.50;     496.27;    1051.73;       10;    0.79;   stop
   120;    1448.83;    1073.67;    1448.95;    1061.83;    1423.29;    1061.58;    1423.17;    1073.42;       10;    0.79;   stop
   219;    1506.14;    1135.61;    1506.25;    1122.49;    1479.61;    1122.27;    1479.50;    1135.38;       10;    0.79;   stop
   242;    1847.15;     957.98;    1860.53;     957.82;    1860.20;     929.77;    1846.81;     929.93;       10;    0.79;   stop
   103;    2254.19;    1108.94;    2254.36;    1096.41;    2227.43;    1096.06;    2227.27;    1108.59;       10;    0.79;   stop
    14;    2634.61;    1126.13;    2636.05;    1113.32;    2609.76;    1110.37;    2608.32;    1123.18;       10;    0.79;   move
    32;    1772.88;    2152.38;    1786.50;    2130.46;    1775.70;    2123.75;    1762.07;    2145.66;       10;    0.79;   stop
   232;    1993.75;     361.09;    1993.89;     335.35;    1982.00;     335.29;    1981.86;     361.02;       10;    0.78;   stop
  1131;    1851.47;      56.65;    1864.21;      56.57;    1864.03;      30.53;    1851.29;      30.62;       10;    0.78;   move
   209;    1833.41;     579.93;    1848.16;     579.88;    1848.06;     551.82;    1833.31;     551.87;       10;    0.78;   stop
    86;    1067.99;    1087.76;    1068.42;    1075.12;    1039.51;    1074.12;    1039.07;    1086.76;       10;    0.78;   move
   119;     777.49;    1196.89;     778.08;    1182.87;     746.88;    1181.55;     746.29;    1195.57;       10;    0.78;   stop
   210;    2101.03;    1201.89;    2101.20;    1190.18;    2079.47;    1189.86;    2079.30;    1201.57;       10;    0.78;   stop
   234;    1986.32;     934.21;    1997.67;     933.87;    1996.93;     909.10;    1985.58;     909.44;       10;    0.78;   stop
   211;    1986.94;     990.55;    1999.69;     989.12;    1996.31;     959.07;    1983.56;     960.51;       10;    0.78;   stop
    40;    2011.94;    1348.17;    2015.20;    1318.37;    2002.25;    1316.96;    1998.99;    1346.75;       10;    0.78;   move
    67;    2465.85;    1395.36;    2466.52;    1367.99;    2452.27;    1367.64;    2451.60;    1395.01;       10;    0.78;   stop
   165;    2016.65;    1594.48;    2018.32;    1565.22;    2005.97;    1564.52;    2004.31;    1593.78;       10;    0.78;   stop
   169;    2796.40;    1911.93;    2820.39;    1900.23;    2814.31;    1887.76;    2790.32;    1899.46;       10;    0.78;   stop
   217;    1984.57;     471.48;    1997.44;     471.01;    1996.43;     443.15;    1983.56;     443.62;       10;    0.78;   stop
   104;     757.97;    1614.40;     758.66;    1602.23;     734.37;    1600.85;     733.68;    1613.02;       10;    0.78;   stop
   157;    2603.76;    1105.64;    2604.42;    1092.87;    2577.61;    1091.49;    2576.96;    1104.26;       10;    0.78;   stop
   178;    2768.03;    1924.66;    2794.13;    1913.00;    2787.97;    1899.21;    2761.87;    1910.88;       10;    0.78;   stop
   152;    1850.39;    2013.25;    1862.95;    1985.82;    1851.33;    1980.50;    1838.77;    2007.93;       10;    0.78;   stop
   270;    1972.85;     519.69;    1984.96;     518.74;    1982.65;     489.44;    1970.54;     490.39;       10;    0.78;   stop
   172;    1958.72;     226.63;    1969.70;     226.35;    1969.12;     203.12;    1958.14;     203.40;       10;    0.78;   stop
    69;     747.21;    1223.60;     747.62;    1210.09;     719.04;    1209.21;     718.63;    1222.72;       10;    0.78;   stop
   228;    1979.62;    1263.80;    1994.41;    1263.54;    1993.88;    1232.58;    1979.09;    1232.83;       10;    0.78;   stop
    57;    2574.77;    1142.65;    2576.00;    1129.24;    2545.85;    1126.48;    2544.63;    1139.89;       10;    0.78;   stop
   236;    2627.32;    1193.70;    2628.65;    1181.71;    2603.56;    1178.93;    2602.23;    1190.91;       10;    0.78;   move
   112;    2480.96;    1572.64;    2481.81;    1548.54;    2469.79;    1548.11;    2468.94;    1572.21;       10;    0.78;   stop
    79;    3119.45;    1198.67;    3121.58;    1185.28;    3092.90;    1180.71;    3090.76;    1194.10;       10;    0.78;   move
   247;    1850.77;     866.35;    1858.54;     840.31;    1847.11;     836.90;    1839.34;     862.94;       10;    0.78;   stop
   218;     201.17;    1063.08;     201.81;    1049.57;     172.43;    1048.17;     171.79;    1061.68;       10;    0.78;   move
    78;    2596.08;    1219.46;    2597.06;    1208.00;    2574.04;    1206.04;    2573.07;    1217.50;       10;    0.78;   stop
   255;    1837.59;     792.05;    1850.72;     792.00;    1850.63;     766.08;    1837.50;     766.12;       10;    0.78;   stop
   235;    2381.20;    1112.65;    2381.78;    1100.32;    2355.80;    1099.10;    2355.22;    1111.43;       10;    0.78;   stop
   194;    1975.33;    1782.75;    1978.73;    1748.92;    1964.61;    1747.50;    1961.20;    1781.33;       10;    0.78;   stop
   141;    1875.66;    1984.97;    1886.52;    1963.39;    1876.12;    1958.16;    1865.26;    1979.73;       10;    0.78;   stop
   333;    1880.50;     345.84;    1893.64;     345.44;    1892.75;     316.78;    1879.61;     317.19;       10;    0.78;   move
   339;    1820.33;      61.25;    1833.16;      60.98;    1832.55;      32.12;    1819.72;      32.39;       10;    0.78;   stop
   245;    1858.56;     269.72;    1871.41;     269.67;    1871.28;     239.34;    1858.43;     239.40;       10;    0.78;   move
   122;    2472.48;    1097.88;    2498.58;    1097.76;    2498.52;    1085.74;    2472.42;    1085.86;       10;    0.78;   stop
    90;    2797.84;    1127.24;    2799.74;    1113.60;    2771.38;    1109.63;    2769.48;    1123.28;       10;    0.78;   stop
   309;    1963.08;      29.78;    1963.10;       6.23;    1951.92;       6.22;    1951.90;      29.77;       10;    0.78;   stop
   208;    1908.23;     759.37;    1920.30;     758.73;    1919.02;     734.63;    1906.95;     735.27;       10;    0.78;   stop
   226;     833.04;    1166.16;     833.43;    1154.39;     809.32;    1153.59;     808.93;    1165.36;       10;    0.78;   stop
   248;    2658.53;    1111.95;    2659.88;    1099.27;    2633.10;    1096.43;    2631.75;    1109.10;       10;    0.78;   stop
   174;    2486.71;    1136.40;    2487.29;    1122.70;    2458.42;    1121.48;    2457.84;    1135.18;       10;    0.78;   stop
   105;    2457.42;    1520.03;    2458.51;    1493.79;    2446.08;    1493.28;    2444.99;    1519.52;       10;    0.78;   stop
   336;    1945.49;     886.80;    1959.16;     886.36;    1958.26;     858.08;    1944.59;     858.51;       10;    0.77;   move
   310;    1912.71;     890.26;    1925.33;     889.62;    1924.01;     863.62;    1911.39;     864.26;       10;    0.77;   stop
    46;     776.71;    1210.19;     776.96;    1197.85;     749.77;    1197.31;     749.53;    1209.65;       10;    0.77;   stop
   220;    2336.62;    1130.60;    2336.92;    1117.78;    2309.25;    1117.15;    2308.96;    1129.97;       10;    0.77;   stop
   145;    3258.57;    1060.83;    3274.74;    1037.50;    3263.62;    1029.79;    3247.45;    1053.13;       10;    0.77;   stop
   180;    1408.80;      67.18;    1409.07;      53.79;    1378.95;      53.19;    1378.68;      66.58;       10;    0.77;   stop
   162;    1834.85;     209.46;    1835.52;     180.09;    1822.43;     179.79;    1821.76;     209.16;       10;    0.77;   stop
   364;    1831.65;     401.98;    1843.65;     401.57;    1842.79;     376.52;    1830.79;     376.93;       10;    0.77;   stop
   304;    1292.95;    1073.93;    1319.05;    1072.35;    1318.18;    1057.94;    1292.07;    1059.53;       10;    0.77;   stop
   171;    1889.23;     966.20;    1903.04;     965.76;    1902.02;     933.92;    1888.21;     934.36;       10;    0.77;   stop
   224;     900.92;    1061.04;     901.33;    1049.18;     876.86;    1048.34;     876.45;    1060.19;       10;    0.77;   stop
   259;    2634.46;     632.45;    2662.42;     630.66;    2661.67;     618.83;    2633.70;     620.62;       10;    0.77;   stop
   111;    3026.38;    1566.86;    3035.70;    1545.15;    3024.62;    1540.39;    3015.30;    1562.10;       10;    0.77;   stop
   292;    1829.94;     371.40;    1842.55;     370.40;    1840.56;     345.22;    1827.95;     346.22;       10;    0.77;   stop
   346;    1910.69;     807.04;    1924.57;     806.23;    1922.94;     778.09;    1909.06;     778.89;       10;    0.77;   stop
   107;    1522.36;    1075.23;    1523.16;    1062.74;    1498.26;    1061.15;    1497.47;    1073.64;       10;    0.77;   stop
   447;     956.86;    1139.95;     957.02;    1124.98;     928.64;    1124.67;     928.48;    1139.65;       10;    0.77;   move
   233;    1632.54;    1191.99;    1632.87;    1178.99;    1609.71;    1178.38;    1609.38;    1191.39;       10;    0.77;   stop
   293;    1894.26;     928.56;    1907.99;     928.14;    1907.02;     896.76;    1893.29;     897.18;       10;    0.77;   stop
   158;    3041.75;    1534.91;    3050.14;    1511.22;    3038.50;    1507.09;    3030.11;    1530.78;       10;    0.77;   stop
   159;    3310.53;    1167.21;    3315.25;    1155.00;    3288.53;    1144.66;    3283.81;    1156.88;       10;    0.77;   stop
   330;    3143.68;    1423.76;    3155.20;    1398.97;    3142.26;    1392.96;    3130.74;    1417.75;       10;    0.77;   stop
   128;     713.90;    1057.63;     714.08;    1045.58;     688.60;    1045.19;     688.41;    1057.23;       10;    0.77;   stop
   502;    1952.04;     982.40;    1964.54;     981.72;    1962.96;     952.60;    1950.46;     953.28;       10;    0.77;   move
   191;    2822.76;    1375.84;    2827.00;    1362.37;    2798.49;    1353.41;    2794.25;    1366.88;       10;    0.77;   stop
    97;    3368.79;    1006.05;    3371.94;     992.32;    3340.90;     985.20;    3337.75;     998.93;       10;    0.77;   stop
   286;    3228.15;    1026.40;    3249.38;    1009.24;    3241.54;     999.53;    3220.30;    1016.70;       10;    0.77;   stop
   205;    2692.60;    2077.08;    2704.35;    2071.87;    2692.40;    2044.92;    2680.65;    2050.13;       10;    0.77;   stop
   280;    1837.24;     760.89;    1850.58;     760.25;    1849.38;     735.36;    1836.05;     736.00;       10;    0.77;   stop
   239;    1977.65;     181.86;    1990.37;     180.85;    1988.16;     152.83;    1975.44;     153.83;       10;    0.77;   stop
   216;    1876.21;     192.00;    1888.67;     191.59;    1887.67;     161.25;    1875.20;     161.66;       10;    0.77;   move
   173;    2220.50;    1109.34;    2220.79;    1097.34;    2197.56;    1096.79;    2197.27;    1108.78;       10;    0.77;   stop
   300;    1972.56;     598.47;    1986.28;     598.02;    1985.19;     564.78;    1971.47;     565.23;       10;    0.77;   stop
   327;     380.34;    1045.47;     381.08;    1032.72;     353.25;    1031.09;     352.51;    1043.85;       10;    0.77;   stop
   213;    2016.36;    1446.63;    2016.88;    1420.11;    2005.14;    1419.87;    2004.62;    1446.39;       10;    0.77;   stop
   273;    2076.09;    1202.02;    2076.12;    1189.80;    2051.73;    1189.73;    2051.69;    1201.95;       10;    0.77;   stop
   306;    3279.77;     980.03;    3296.56;     956.15;    3285.55;     948.41;    3268.75;     972.29;       10;    0.77;   stop
   376;    3338.58;    1124.70;    3342.44;    1111.24;    3312.98;    1102.80;    3309.12;    1116.26;       10;    0.77;   stop
   206;    2870.52;    1869.74;    2890.66;    1855.91;    2882.92;    1844.63;    2862.78;    1858.46;       10;    0.77;   stop
   355;    1835.94;     114.60;    1849.06;     114.31;    1848.44;      86.21;    1835.31;      86.50;       10;    0.76;   stop
   125;    1993.51;    1506.13;    1994.07;    1481.01;    1982.24;    1480.75;    1981.68;    1505.86;       10;    0.76;   move
   361;    2413.52;    1214.13;    2441.65;    1214.04;    2441.60;    1200.12;    2413.48;    1200.21;       10;    0.76;   stop
    38;    2907.05;    1177.57;    2909.19;    1165.15;    2882.48;    1160.56;    2880.34;    1172.97;       10;    0.76;   move
    93;    1939.43;     402.82;    1939.90;     379.29;    1928.32;     379.06;    1927.85;     402.59;       10;    0.76;   move
   276;    1975.23;     147.29;    1988.38;     146.76;    1987.21;     117.64;    1974.05;     118.17;       10;    0.76;   stop
   290;    1827.37;     308.97;    1837.87;     307.96;    1835.82;     286.72;    1825.32;     287.73;       10;    0.76;   stop
    23;    1498.30;    1169.94;    1498.63;    1157.27;    1471.70;    1156.56;    1471.37;    1169.23;       10;    0.76;   stop
    71;    2904.24;    1144.12;    2906.63;    1131.26;    2879.01;    1126.13;    2876.62;    1138.99;       10;    0.76;   stop
   260;    2329.85;    1211.66;    2330.49;    1198.32;    2302.53;    1196.97;    2301.88;    1210.30;       10;    0.76;   stop
   164;    1994.37;    1344.04;    1995.00;    1313.48;    1982.13;    1313.21;    1981.50;    1343.77;       10;    0.76;   stop
   170;    1865.05;     447.54;    1878.61;     446.42;    1876.32;     418.71;    1862.76;     419.83;       10;    0.76;   move
   231;    1861.20;     360.52;    1875.38;     360.03;    1874.27;     327.98;    1860.09;     328.47;       10;    0.76;   move
   124;     829.38;    1616.00;     829.90;    1604.79;     807.35;    1603.75;     806.84;    1614.96;       10;    0.76;   stop
   249;    2372.59;    1130.52;    2373.01;    1116.92;    2346.41;    1116.10;    2345.99;    1129.70;       10;    0.76;   stop
   709;    1905.20;     721.20;    1920.17;     720.08;    1917.55;     685.05;    1902.58;     686.17;       10;    0.76;   stop
   149;     600.38;    1572.07;     601.14;    1558.96;     572.43;    1557.30;     571.67;    1570.42;       10;    0.76;   stop
   277;    2445.62;    1135.98;    2446.06;    1120.52;    2415.13;    1119.64;    2414.69;    1135.10;       10;    0.76;   stop
   175;    3190.31;    1039.92;    3218.48;    1031.56;    3214.69;    1018.83;    3186.52;    1027.19;       10;    0.76;   stop
   418;    3238.82;    1094.47;    3257.03;    1063.92;    3243.99;    1056.15;    3225.78;    1086.70;       10;    0.76;   stop
   197;    2898.37;    1855.12;    2923.84;    1832.53;    2911.79;    1818.94;    2886.32;    1841.53;        9;    0.76;   stop
   142;    2681.06;    2048.30;    2692.55;    2043.05;    2680.09;    2015.76;    2668.60;    2021.01;       10;    0.76;   stop
   291;    1974.67;      77.82;    1987.26;      77.79;    1987.20;      51.56;    1974.61;      51.59;       10;    0.76;   stop
   404;    1933.40;    1433.21;    1948.11;    1431.47;    1943.54;    1392.79;    1928.83;    1394.53;        9;    0.76;   stop
   299;    1822.56;     147.40;    1835.02;     146.68;    1833.59;     122.04;    1821.13;     122.76;       10;    0.76;   stop
    52;     496.62;    1600.03;     497.37;    1587.19;     469.94;    1585.59;     469.19;    1598.43;       10;    0.76;   stop
   272;    1685.47;    1176.82;    1686.66;    1164.37;    1662.53;    1162.05;    1661.34;    1174.50;       10;    0.76;   stop
   366;    2374.70;    1211.90;    2374.81;    1198.07;    2345.42;    1197.85;    2345.31;    1211.68;       10;    0.76;   stop
   279;    1804.45;    2112.49;    1821.40;    2079.38;    1807.97;    2072.51;    1791.02;    2105.62;        9;    0.76;   stop
   320;    1977.04;      43.29;    1980.84;      12.98;    1967.21;      11.27;    1963.41;      41.58;       10;    0.76;   stop
   184;    1176.41;    1068.34;    1176.96;    1055.64;    1151.21;    1054.54;    1150.67;    1067.23;       10;    0.76;   stop
   230;    1989.80;    1610.79;    1991.10;    1584.81;    1979.20;    1584.21;    1977.90;    1610.19;       10;    0.76;   move
   294;    2598.12;     635.16;    2627.88;     633.37;    2627.13;     620.90;    2597.37;     622.69;       10;    0.76;   stop
   214;    3255.01;    1004.29;    3273.80;     984.81;    3264.36;     975.71;    3245.57;     995.19;       10;    0.76;   stop
   204;    1934.34;    1885.12;    1943.41;    1859.84;    1931.35;    1855.51;    1922.28;    1880.79;       10;    0.76;   move
   195;    2711.88;    2120.32;    2725.29;    2113.54;    2710.25;    2083.80;    2696.84;    2090.58;       10;    0.76;   stop
   332;    2313.83;    2118.81;    2342.30;    2106.61;    2336.55;    2093.19;    2308.08;    2105.39;       10;    0.76;   stop
   179;    2669.40;    1328.47;    2670.01;    1316.64;    2643.60;    1315.28;    2642.99;    1327.11;       10;    0.75;   stop
   168;    1832.12;    1669.88;    1833.69;    1656.68;    1805.76;    1653.37;    1804.19;    1666.57;       10;    0.75;   stop
   380;     334.06;    1146.34;     334.29;    1133.14;     310.94;    1132.73;     310.71;    1145.92;       10;    0.75;   stop
   305;    2541.74;    1042.59;    2553.08;    1042.56;    2553.01;    1018.41;    2541.67;    1018.44;       10;    0.75;   stop
   238;    2780.30;    1363.38;    2781.94;    1350.49;    2754.00;    1346.93;    2752.36;    1359.83;       10;    0.75;   stop
   317;     649.69;    1056.55;     650.00;    1043.17;     621.56;    1042.51;     621.25;    1055.90;       10;    0.75;   stop
   357;    1229.40;    1068.60;    1230.06;    1055.82;    1200.04;    1054.28;    1199.38;    1067.06;       10;    0.75;   stop
   199;    1592.72;    1137.96;    1592.93;    1123.82;    1556.16;    1123.29;    1555.95;    1137.43;        9;    0.75;   stop
   136;    1616.68;    1157.60;    1617.89;    1145.52;    1592.95;    1143.03;    1591.74;    1155.10;       10;    0.75;   move
   264;    1849.38;    1141.98;    1876.08;    1137.31;    1873.71;    1123.77;    1847.01;    1128.44;       10;    0.75;   move
   102;    1530.22;    1155.11;    1530.50;    1142.66;    1507.28;    1142.14;    1507.00;    1154.59;       10;    0.75;   move
   347;    1994.42;     862.82;    2006.81;     862.54;    2006.26;     838.18;    1993.87;     838.46;       10;    0.75;   stop
    83;    1861.83;     960.05;    1875.92;     959.83;    1875.42;     928.82;    1861.33;     929.05;       10;    0.75;   stop
   246;     795.43;    1219.02;     795.77;    1193.14;     783.30;    1192.98;     782.96;    1218.86;       10;    0.75;   stop
   326;    1875.31;     525.50;    1888.63;     524.51;    1886.69;     498.25;    1873.37;     499.24;       10;    0.75;   move
    63;    1224.81;    1816.46;    1225.27;    1793.89;    1214.19;    1793.67;    1213.73;    1816.23;       10;    0.75;   stop
   356;    1548.25;    1040.95;    1550.91;    1012.39;    1536.50;    1011.05;    1533.84;    1039.61;       10;    0.75;   stop
   434;    1261.87;    1068.25;    1262.62;    1056.16;    1237.88;    1054.62;    1237.13;    1066.71;       10;    0.75;   stop
   352;    1605.62;    1076.49;    1605.91;    1063.82;    1581.50;    1063.26;    1581.21;    1075.93;       10;    0.75;   stop
   308;    1964.33;    1919.20;    1974.18;    1892.33;    1961.82;    1887.80;    1951.97;    1914.67;       10;    0.75;   stop
   113;    1680.39;     644.60;    1681.24;     631.83;    1654.11;     630.02;    1653.26;     642.79;       10;    0.74;   stop
   590;    1693.39;    1160.57;    1693.81;    1148.72;    1671.48;    1147.93;    1671.06;    1159.78;       10;    0.74;   stop
   367;    2695.91;    1357.82;    2696.40;    1345.47;    2669.96;    1344.43;    2669.48;    1356.78;       10;    0.74;   stop
    66;    3398.31;    1267.28;    3402.02;    1252.99;    3368.57;    1244.28;    3364.85;    1258.57;       10;    0.74;   move
   500;     815.07;    1054.39;     815.30;    1043.06;     792.70;    1042.61;     792.47;    1053.94;       10;    0.74;   stop
   227;    2265.51;    1128.74;    2266.14;    1115.76;    2240.30;    1114.51;    2239.67;    1127.49;       10;    0.74;   stop
   301;     429.27;    1050.39;     453.47;    1050.22;     453.39;    1038.36;     429.19;    1038.53;       10;    0.74;   stop
   146;     638.16;    1573.67;     638.85;    1560.89;     612.47;    1559.45;     611.77;    1572.24;       10;    0.74;   stop
    91;     855.73;    1616.81;     856.45;    1604.33;     832.19;    1602.94;     831.48;    1615.42;       10;    0.74;   stop
   295;    2679.37;     669.70;    2703.69;     669.08;    2703.38;     656.67;    2679.06;     657.30;       10;    0.74;   stop
   265;    2548.53;    1076.62;    2560.55;    1074.11;    2555.22;    1048.51;    2543.20;    1051.01;       10;    0.74;   stop
   342;    2266.98;    1209.67;    2290.15;    1209.43;    2290.02;    1196.70;    2266.85;    1196.95;       10;    0.74;   stop
   203;     617.93;    1607.42;     618.85;    1593.24;     589.57;    1591.33;     588.65;    1605.51;       10;    0.74;   stop
   441;    1921.06;    1276.82;    1933.45;    1275.00;    1929.44;    1247.68;    1917.05;    1249.50;       10;    0.74;   stop
   368;    3173.48;    1434.91;    3178.97;    1422.51;    3153.70;    1411.34;    3148.22;    1423.74;       10;    0.74;   stop
   303;     585.74;    1605.14;     586.37;    1592.95;     562.70;    1591.74;     562.07;    1603.92;       10;    0.74;   stop
   378;    2395.59;    1348.26;    2395.74;    1335.17;    2369.53;    1334.87;    2369.38;    1347.95;       10;    0.74;   stop
   397;    3526.23;    1043.11;    3556.93;    1042.38;    3556.58;    1027.83;    3525.89;    1028.56;       10;    0.74;   stop
   422;    1030.34;    1174.46;    1030.45;    1162.35;    1008.72;    1162.17;    1008.62;    1174.28;       10;    0.74;   stop
   283;    2437.71;    1767.12;    2439.91;    1738.28;    2426.41;    1737.26;    2424.22;    1766.09;       10;    0.74;   stop
   298;    3164.37;    1454.79;    3169.26;    1442.08;    3141.26;    1431.31;    3136.37;    1444.01;       10;    0.74;   stop
   267;     553.53;    1568.64;     553.98;    1556.08;     526.47;    1555.11;     526.02;    1567.67;       10;    0.73;   stop
   567;    3385.06;    1290.83;    3388.44;    1277.13;    3359.31;    1269.95;    3355.93;    1283.65;       10;    0.73;   move
   416;    1404.05;    1188.06;    1431.66;    1186.57;    1430.95;    1173.31;    1403.34;    1174.81;       10;    0.73;   stop
   335;     410.26;    1047.16;     410.52;    1035.55;     387.09;    1035.03;     386.83;    1046.64;       10;    0.73;   stop
   244;    2466.97;    1773.25;    2468.44;    1744.15;    2455.66;    1743.50;    2454.18;    1772.60;       10;    0.73;   stop
   390;    2363.71;    2031.51;    2370.36;    2019.06;    2344.04;    2004.99;    2337.39;    2017.44;       10;    0.73;   stop
   325;     999.71;     679.71;    1000.89;     666.02;     972.13;     663.54;     970.95;     677.23;       10;    0.73;   stop
   196;    3315.71;    1240.80;    3320.19;    1226.39;    3288.04;    1216.39;    3283.56;    1230.80;       10;    0.73;   move
   362;    3124.65;    1371.15;    3136.31;    1344.01;    3122.85;    1338.23;    3111.19;    1365.36;       10;    0.73;   stop
   296;    2461.68;    1096.56;    2461.76;    1084.98;    2438.45;    1084.82;    2438.37;    1096.39;       10;    0.73;   stop
   252;    2003.96;    1625.02;    2005.78;    1597.77;    1993.92;    1596.98;    1992.09;    1624.23;       10;    0.73;   stop
   429;    1928.39;    1807.25;    1933.94;    1780.97;    1920.42;    1778.12;    1914.88;    1804.40;       10;    0.73;   stop
   256;     299.22;    1066.86;     299.23;    1053.79;     273.59;    1053.77;     273.58;    1066.84;       10;    0.73;   move
   241;    1146.73;    1178.17;    1147.86;    1164.04;    1120.14;    1161.83;    1119.02;    1175.96;       10;    0.73;   stop
   417;    1867.51;    1339.96;    1877.90;    1339.66;    1877.24;    1317.29;    1866.85;    1317.59;       10;    0.73;   stop
   323;    2803.87;    1245.07;    2806.42;    1229.78;    2773.50;    1224.30;    2770.96;    1239.60;        9;    0.73;   stop
   253;    2471.11;    1696.78;    2474.24;    1664.94;    2460.52;    1663.59;    2457.38;    1695.43;       10;    0.73;   stop
   541;     191.29;    1079.08;     191.79;    1066.06;     164.26;    1064.99;     163.75;    1078.00;       10;    0.72;   move
   258;     776.48;    1227.08;     776.98;    1214.07;     750.35;    1213.05;     749.85;    1226.06;       10;    0.72;   stop
   177;    1225.63;    1789.27;    1226.16;    1762.60;    1213.93;    1762.35;    1213.40;    1789.03;       10;    0.72;   stop
    72;     801.02;    1615.94;     801.44;    1604.26;     778.67;    1603.44;     778.25;    1615.11;       10;    0.72;   stop
   311;    1475.47;    1075.18;    1475.85;    1063.04;    1452.91;    1062.32;    1452.52;    1074.46;       10;    0.72;   stop
   358;    1577.74;    1191.89;    1606.06;    1191.79;    1606.01;    1178.49;    1577.69;    1178.59;       10;    0.72;   stop
   402;    2410.76;    1132.25;    2411.38;    1117.91;    2381.36;    1116.62;    2380.75;    1130.96;       10;    0.72;   stop
   288;    1720.31;    1631.05;    1722.25;    1618.19;    1698.30;    1614.58;    1696.36;    1627.44;       10;    0.72;   stop
   331;    2998.78;    1732.63;    3009.04;    1708.72;    2995.97;    1703.12;    2985.71;    1727.03;       10;    0.72;   stop
   514;    2932.35;    1750.87;    2945.32;    1729.37;    2934.06;    1722.57;    2921.09;    1744.07;       10;    0.72;   move
    30;    2804.08;    1160.47;    2805.75;    1148.15;    2780.04;    1144.65;    2778.37;    1156.98;       10;    0.72;   move
   419;    3096.97;    1511.26;    3106.19;    1487.79;    3094.28;    1483.11;    3085.06;    1506.59;       10;    0.72;   stop
   360;    1795.13;    1635.01;    1796.50;    1622.66;    1769.06;    1619.61;    1767.69;    1631.97;       10;    0.72;   stop
   344;    2468.70;    1731.87;    2470.88;    1706.05;    2458.43;    1705.00;    2456.24;    1730.82;       10;    0.72;   stop
   791;    1953.24;    1617.88;    1954.86;    1572.13;    1937.01;    1571.50;    1935.39;    1617.24;        9;    0.72;   stop
   442;    2621.28;    1921.22;    2626.70;    1907.77;    2597.22;    1895.90;    2591.80;    1909.35;       10;    0.72;   stop
   365;    1986.80;     499.25;    1999.25;     497.97;    1997.01;     476.13;    1984.56;     477.40;       10;    0.71;   stop
   250;    2492.60;    1411.20;    2494.35;    1384.11;    2481.77;    1383.30;    2480.02;    1410.39;       10;    0.71;   stop
   385;    2457.73;    1906.19;    2459.66;    1876.97;    2445.77;    1876.06;    2443.84;    1905.28;       10;    0.71;   stop
   462;    2099.38;    1348.78;    2128.03;    1345.16;    2126.31;    1331.53;    2097.66;    1335.15;       10;    0.71;   stop
   394;    1819.78;     119.33;    1832.37;     119.14;    1831.97;      92.17;    1819.38;      92.36;       10;    0.71;   stop
   414;    1823.04;      24.15;    1834.54;      22.93;    1831.99;      -1.09;    1820.49;       0.13;       10;    0.71;   stop
   455;    2340.51;    1095.28;    2340.90;    1082.33;    2316.62;    1081.60;    2316.23;    1094.55;       10;    0.71;   stop
   337;    2460.43;    1321.70;    2460.47;    1308.63;    2432.94;    1308.55;    2432.90;    1321.62;       10;    0.71;   stop
   428;    3159.29;    1080.12;    3174.13;    1074.82;    3163.21;    1044.25;    3148.37;    1049.56;       10;    0.71;   stop
   497;    1683.80;    1192.80;    1685.79;    1180.75;    1659.70;    1176.45;    1657.71;    1188.50;       10;    0.71;   stop
   384;    3041.03;    1641.11;    3049.28;    1616.52;    3036.97;    1612.39;    3028.72;    1636.98;       10;    0.71;   stop
   341;    1442.46;    1188.75;    1464.92;    1188.03;    1464.54;    1176.00;    1442.08;    1176.72;       10;    0.71;   stop
   439;    1829.97;     239.41;    1831.30;     215.72;    1820.00;     215.09;    1818.67;     238.78;       10;    0.71;   stop
   381;     798.07;    1218.54;     811.20;    1218.17;     810.40;    1190.09;     797.27;    1190.46;       10;    0.71;   stop
   369;    2765.07;    1854.74;    2776.78;    1844.77;    2757.18;    1821.76;    2745.47;    1831.73;       10;    0.71;   stop
   406;    2571.89;    1997.53;    2600.26;    1986.47;    2594.86;    1972.60;    2566.49;    1983.65;       10;    0.70;   stop
   289;    2666.15;    2017.35;    2678.10;    2012.30;    2667.29;    1986.71;    2655.33;    1991.77;       10;    0.70;   stop
   463;    2438.24;    1115.77;    2438.53;    1099.02;    2393.26;    1098.23;    2392.97;    1114.98;        9;    0.70;   stop
   349;    2463.80;    1805.04;    2464.96;    1779.75;    2453.20;    1779.21;    2452.04;    1804.50;       10;    0.70;   stop
   155;    1047.73;     683.78;    1049.01;     670.90;    1024.52;     668.47;    1023.24;     681.35;       10;    0.70;   stop
   437;    3260.97;    1094.88;    3274.20;    1072.68;    3263.10;    1066.06;    3249.86;    1088.26;       10;    0.70;   stop
   262;    2165.48;    2119.67;    2173.04;    2107.51;    2146.83;    2091.21;    2139.27;    2103.37;       10;    0.70;   stop
   472;     918.10;    1582.32;     918.71;    1571.20;     895.40;    1569.93;     894.79;    1581.05;       10;    0.70;   stop
   338;    3431.47;    1008.40;    3458.78;    1007.12;    3458.21;     995.04;    3430.91;     996.31;       10;    0.70;   stop
   371;    3221.25;    1123.83;    3234.66;    1099.23;    3222.19;    1092.42;    3208.77;    1117.02;       10;    0.70;   stop
   405;    3151.27;    1153.89;    3165.67;    1128.33;    3153.42;    1121.42;    3139.01;    1146.98;       10;    0.70;   stop
   448;    1973.06;    2089.50;    1987.18;    2089.20;    1986.56;    2059.50;    1972.45;    2059.80;       10;    0.70;   stop
   106;      87.87;    1066.46;     106.17;    1057.21;      97.99;    1041.04;      79.69;    1050.29;       10;    0.69;   move
   318;      28.50;    1155.57;      32.92;    1143.48;       6.45;    1133.80;       2.03;    1145.89;       10;    0.69;   stop
   513;    1827.26;     343.54;    1841.49;     342.98;    1840.24;     311.21;    1826.01;     311.77;       10;    0.69;   stop
    96;    2266.47;    1175.26;    2266.69;    1162.95;    2241.03;    1162.49;    2240.81;    1174.80;       10;    0.69;   move
   359;    3468.77;    1044.57;    3468.99;    1032.44;    3444.36;    1031.99;    3444.13;    1044.12;       10;    0.69;   stop
   562;    2971.98;    1767.82;    2986.34;    1742.99;    2973.27;    1735.43;    2958.91;    1760.26;       10;    0.69;   stop
   319;     707.04;    1195.20;     707.10;    1169.21;     693.58;    1169.18;     693.52;    1195.17;       10;    0.69;   stop
   409;    2531.84;     745.99;    2544.72;     745.57;    2543.78;     716.51;    2530.91;     716.93;       10;    0.69;   stop
   460;    1968.14;    2086.74;    1968.82;    2056.95;    1954.92;    2056.63;    1954.24;    2086.42;       10;    0.69;   stop
   478;    1327.03;      70.09;    1357.61;      69.30;    1357.22;      54.22;    1326.64;      55.02;       10;    0.69;   stop
   401;     144.36;    1142.22;     171.94;    1141.10;     171.34;    1126.53;     143.77;    1127.65;       10;    0.69;   stop
   634;    1922.55;    1835.45;    1926.89;    1810.55;    1914.73;    1808.43;    1910.39;    1833.33;       10;    0.69;   stop
   457;    2788.19;    1841.99;    2795.30;    1831.06;    2771.18;    1815.39;    2764.08;    1826.32;       10;    0.69;   stop
   166;     238.40;    1541.94;     239.57;    1530.03;     213.24;    1527.44;     212.07;    1539.35;       10;    0.68;   stop
   403;    1777.18;    1087.17;    1813.19;    1081.05;    1810.45;    1064.95;    1774.44;    1071.08;        9;    0.68;   stop
   479;    3245.49;    1121.63;    3258.42;    1098.31;    3246.70;    1091.81;    3233.77;    1115.13;       10;    0.68;   stop
   389;    3565.16;    1041.11;    3592.07;    1040.32;    3591.71;    1027.96;    3564.80;    1028.74;       10;    0.68;   stop
   757;     367.65;    1119.66;     368.07;    1106.88;     340.16;    1105.96;     339.74;    1118.74;       10;    0.68;   move
   423;     984.38;    1177.17;     985.90;    1166.95;     965.81;    1163.96;     964.28;    1174.17;       10;    0.68;   stop
   348;    3494.68;    1007.04;    3522.05;    1005.99;    3521.57;     993.58;    3494.20;     994.63;       10;    0.68;   stop
   274;     726.73;    1612.92;     727.28;    1600.02;     702.02;    1598.95;     701.47;    1611.86;       10;    0.68;   stop
   520;    2383.76;    2021.50;    2390.15;    2009.16;    2364.49;    1995.87;    2358.10;    2008.21;       10;    0.68;   stop
   919;    3657.09;    1353.32;    3660.06;    1339.52;    3629.16;    1332.85;    3626.19;    1346.66;       10;    0.68;   move
   508;    2106.40;     648.09;    2131.44;     645.95;    2130.35;     633.28;    2105.31;     635.43;       10;    0.68;   stop
   410;    2181.75;    1090.62;    2203.80;    1090.42;    2203.68;    1078.38;    2181.64;    1078.58;       10;    0.68;   stop
   436;    3489.98;    1043.09;    3518.82;    1042.97;    3518.77;    1029.72;    3489.93;    1029.84;       10;    0.68;   stop
   363;    3465.95;    1285.23;    3469.11;    1272.58;    3441.55;    1265.70;    3438.39;    1278.35;       10;    0.68;   move
   151;    1224.53;    2113.93;    1237.30;    2112.85;    1235.28;    2089.07;    1222.51;    2090.15;       10;    0.67;   stop
   353;    2518.87;    1061.41;    2519.40;    1036.98;    2507.25;    1036.72;    2506.73;    1061.15;       10;    0.67;   stop
   995;    1426.62;    1133.50;    1426.90;    1122.64;    1407.26;    1122.13;    1406.97;    1132.99;       10;    0.67;   move
   491;    2333.74;    1347.71;    2360.84;    1347.12;    2360.51;    1332.04;    2333.41;    1332.63;       10;    0.67;   stop
   398;     669.93;    1574.98;     671.09;    1562.37;     645.38;    1560.01;     644.23;    1572.63;       10;    0.67;   stop
   263;     873.28;    1028.43;     873.94;    1001.40;     860.62;    1001.07;     859.96;    1028.10;       10;    0.67;   stop
   553;    2533.24;    1957.77;    2542.29;    1947.22;    2519.89;    1927.98;    2510.83;    1938.53;       10;    0.67;   stop
   521;    2467.93;    2057.12;    2493.83;    2046.44;    2488.45;    2033.38;    2462.54;    2044.06;       10;    0.67;   stop
   438;    2125.39;    2136.05;    2133.60;    2125.11;    2111.55;    2108.57;    2103.34;    2119.51;       10;    0.67;   stop
   400;    1102.61;     685.41;    1103.80;     673.11;    1073.70;     670.21;    1072.52;     682.52;       10;    0.67;   stop
   488;    2685.62;     630.27;    2708.70;     629.59;    2708.38;     618.76;    2685.30;     619.44;       10;    0.67;   stop
   386;    1279.34;      68.59;    1279.43;      53.67;    1247.97;      53.47;    1247.88;      68.40;       10;    0.67;   stop
   444;    2172.01;    1203.96;    2172.15;    1191.43;    2147.61;    1191.17;    2147.48;    1203.69;       10;    0.67;   stop
   193;     383.54;    1560.02;     385.40;    1547.13;     357.55;    1543.11;     355.69;    1556.00;       10;    0.66;   stop
   484;    1907.57;    1639.46;    1907.89;    1627.06;    1883.03;    1626.41;    1882.70;    1638.81;       10;    0.66;   stop
   540;    2592.86;    1929.21;    2601.09;    1917.84;    2578.39;    1901.42;    2570.16;    1912.78;       10;    0.66;   stop
   991;    1871.35;      21.12;    1882.85;      20.88;    1882.40;      -0.31;    1870.90;      -0.07;       10;    0.66;   stop
   659;    1938.28;    1566.32;    1953.27;    1566.10;    1952.72;    1529.68;    1937.73;    1529.90;       10;    0.66;   stop
   411;    3574.85;    1247.50;    3588.59;    1246.60;    3586.71;    1218.12;    3572.97;    1219.03;       10;    0.66;   stop
   493;    3230.18;    1149.62;    3244.09;    1125.58;    3232.95;    1119.13;    3219.04;    1143.17;       10;    0.66;   stop
   350;    2515.77;     175.14;    2527.51;     175.01;    2527.23;     150.54;    2515.49;     150.68;       10;    0.66;   stop
   307;      52.78;    1521.68;      53.96;    1510.64;      32.30;    1508.32;      31.12;    1519.36;       10;    0.66;   stop
   635;      76.79;    1543.15;      78.19;    1531.02;      52.93;    1528.10;      51.53;    1540.23;       10;    0.66;   move
   790;    3573.86;    1315.20;    3577.65;    1301.69;    3546.46;    1292.92;    3542.66;    1306.43;       10;    0.66;   move
   243;     801.75;    1936.96;     814.44;    1936.77;     814.03;    1909.42;     801.34;    1909.61;       10;    0.66;   stop
   377;    1223.72;    2083.95;    1237.46;    2082.71;    1234.97;    2054.93;    1221.23;    2056.16;       10;    0.66;   stop
   395;    2100.14;     649.22;    2100.17;     636.74;    2073.61;     636.66;    2073.58;     649.14;       10;    0.66;   stop
   459;    3752.61;     174.09;    3781.85;     172.64;    3781.14;     158.26;    3751.90;     159.70;       10;    0.65;   stop
   420;    1847.17;     486.90;    1859.56;     486.19;    1858.21;     462.60;    1845.82;     463.31;       10;    0.65;   stop
   509;     220.37;    1144.09;     246.78;    1143.58;     246.50;    1129.34;     220.10;    1129.86;       10;    0.65;   stop
   382;    2847.37;     626.52;    2873.48;     624.10;    2872.31;     611.45;    2846.20;     613.87;       10;    0.65;   stop
   525;    2345.95;    2091.23;    2369.75;    2091.08;    2369.67;    2078.02;    2345.87;    2078.17;       10;    0.65;   stop
   498;    2440.42;    2124.33;    2443.21;    2091.08;    2429.33;    2089.92;    2426.54;    2123.17;       10;    0.65;   stop
   529;     690.45;    1128.19;     690.49;    1115.33;     665.18;    1115.25;     665.14;    1128.11;       10;    0.65;   move
   461;    1544.30;    1190.34;    1569.96;    1189.83;    1569.70;    1176.66;    1544.04;    1177.17;       10;    0.65;   stop
   374;    1348.05;    1609.46;    1348.33;    1597.35;    1323.83;    1596.79;    1323.55;    1608.90;       10;    0.65;   stop
   466;    2341.51;     642.53;    2367.09;     640.73;    2366.24;     628.72;    2340.66;     630.52;       10;    0.65;   stop
   537;    2441.44;    1553.77;    2453.39;    1553.62;    2453.06;    1528.73;    2441.11;    1528.88;       10;    0.65;   stop
   393;    2264.85;    2075.71;    2272.26;    2063.31;    2243.77;    2046.29;    2236.36;    2058.69;       10;    0.65;   stop
   415;     694.51;    1609.96;     695.00;    1597.23;     670.49;    1596.29;     670.00;    1609.01;       10;    0.65;   stop
   396;    1500.06;    1188.56;    1500.44;    1176.98;    1476.69;    1176.19;    1476.31;    1187.77;       10;    0.65;   stop
   268;     886.67;    1620.57;     887.32;    1607.16;     861.86;    1605.93;     861.21;    1619.34;       10;    0.65;   stop
   388;     523.75;    1600.71;     524.23;    1589.54;     503.75;    1588.66;     503.27;    1599.83;       10;    0.65;   stop
   426;    2529.44;     582.10;    2541.01;     581.86;    2540.56;     560.05;    2528.99;     560.29;       10;    0.65;   stop
   435;    1847.60;     988.38;    1859.39;     988.28;    1859.18;     962.37;    1847.39;     962.47;       10;    0.65;   stop
  1145;    3384.90;     854.48;    3396.19;     827.29;    3382.91;     821.77;    3371.62;     848.96;       10;    0.65;   move
   602;    3205.43;    1147.37;    3219.91;    1122.76;    3208.00;    1115.76;    3193.53;    1140.36;       10;    0.65;   stop
   451;     463.65;    1055.78;     492.64;    1053.80;     491.67;    1039.53;     462.67;    1041.51;       10;    0.65;   stop
   278;      20.54;    1517.18;      21.58;    1505.32;       0.16;    1503.45;      -0.88;    1515.30;       10;    0.65;   stop
   536;     792.40;    1581.34;     793.10;    1570.07;     770.43;    1568.66;     769.73;    1579.93;       10;    0.65;   stop
   427;    2528.62;     613.41;    2540.33;     612.81;    2539.12;     588.94;    2527.42;     589.53;       10;    0.65;   stop
   456;    3360.81;     958.83;    3369.11;     935.17;    3356.38;     930.70;    3348.08;     954.36;       10;    0.65;   stop
   413;    2794.96;    1970.50;    2807.06;    1962.90;    2790.20;    1936.06;    2778.09;    1943.66;       10;    0.65;   stop
   221;    2728.28;    2152.86;    2741.12;    2146.65;    2728.72;    2121.01;    2715.88;    2127.23;       10;    0.64;   stop
   518;    2431.92;    1840.11;    2433.89;    1814.80;    2422.08;    1813.89;    2420.11;    1839.20;       10;    0.64;   stop
   225;     271.31;    1560.50;     272.78;    1547.64;     245.25;    1544.50;     243.79;    1557.36;       10;    0.64;   move
   475;     325.72;    1047.35;     325.76;    1034.91;     302.41;    1034.84;     302.37;    1047.28;       10;    0.64;   stop
   467;    2531.04;     709.89;    2542.63;     709.75;    2542.34;     684.55;    2530.75;     684.68;       10;    0.64;   stop
   565;    1991.61;    2090.65;    2004.46;    2090.16;    2003.45;    2063.97;    1990.60;    2064.46;       10;    0.64;   stop
   407;    2527.67;     143.83;    2528.18;     117.99;    2515.33;     117.74;    2514.82;     143.57;       10;    0.64;   stop
   798;    1544.49;     476.40;    1558.77;     476.15;    1558.26;     447.22;    1543.98;     447.47;       10;    0.64;   move
   501;    2752.05;     628.89;    2777.64;     627.46;    2776.95;     615.08;    2751.36;     616.51;       10;    0.63;   stop
   577;    2387.06;    1320.17;    2387.59;    1307.17;    2362.31;    1306.14;    2361.79;    1319.14;       10;    0.63;   stop
   519;    1731.93;    1666.78;    1733.15;    1652.21;    1703.44;    1649.72;    1702.22;    1664.29;       10;    0.63;   stop
   564;    2555.03;    1947.24;    2562.93;    1935.89;    2540.85;    1920.51;    2532.95;    1931.86;       10;    0.63;   stop
   601;    2575.57;    1939.59;    2583.41;    1926.91;    2556.30;    1910.16;    2548.46;    1922.84;       10;    0.63;   stop
   473;    2272.47;    2139.36;    2299.31;    2130.29;    2294.66;    2116.51;    2267.81;    2125.58;       10;    0.63;   stop
   583;    1820.82;      95.80;    1832.35;      95.64;    1832.05;      74.07;    1820.52;      74.23;       10;    0.63;   stop
   101;     429.05;    1076.78;     430.33;    1061.78;     395.95;    1058.84;     394.67;    1073.85;       10;    0.63;   move
   560;    3406.56;     848.40;    3417.35;     822.46;    3404.38;     817.07;    3393.59;     843.01;       10;    0.62;   stop
  1065;    3746.81;    1368.41;    3750.56;    1355.45;    3723.19;    1347.53;    3719.44;    1360.49;       10;    0.62;   move
   297;     816.81;    1937.38;     829.80;    1937.37;     829.77;    1911.24;     816.78;    1911.26;       10;    0.62;   stop
   334;     533.94;    1015.60;     537.69;     990.67;     518.88;     987.84;     515.12;    1012.77;       10;    0.62;   stop
   251;    1223.54;    1848.49;    1224.90;    1823.04;    1212.65;    1822.38;    1211.28;    1847.83;       10;    0.62;   stop
   714;    1936.18;    1496.87;    1951.70;    1496.50;    1950.88;    1461.88;    1935.36;    1462.25;        9;    0.62;   stop
   547;    1840.80;     254.70;    1841.35;     234.39;    1830.82;     234.11;    1830.28;     254.42;       10;    0.62;   stop
   399;     555.25;    1602.67;     555.53;    1591.05;     531.31;    1590.46;     531.03;    1602.07;       10;    0.62;   stop
   343;     402.22;    1682.66;     402.49;    1657.80;     388.09;    1657.65;     387.83;    1682.51;       10;    0.62;   stop
   608;    1870.00;    1674.63;    1871.53;    1660.94;    1841.85;    1657.62;    1840.32;    1671.31;       10;    0.62;   stop
   375;    3472.45;     691.97;    3484.44;     664.22;    3470.68;     658.27;    3458.68;     686.02;       10;    0.62;   stop
   302;     587.23;    1131.05;     587.34;    1117.31;     559.34;    1117.08;     559.22;    1130.81;       10;    0.61;   move
   185;     665.02;    1087.76;     665.26;    1075.50;     642.80;    1075.05;     642.55;    1087.31;       10;    0.61;   move
   452;     176.79;    1145.07;     198.00;    1140.28;     194.46;    1124.62;     173.25;    1129.41;       10;    0.61;   stop
   539;     561.01;    2100.30;     589.48;    2099.97;     589.31;    2084.70;     560.83;    2085.03;       10;    0.61;   stop
   578;    1830.55;    1637.96;    1832.13;    1623.28;    1802.12;    1620.04;    1800.54;    1634.72;       10;    0.61;   stop
   495;    3737.28;    1453.68;    3740.92;    1440.31;    3710.22;    1431.94;    3706.58;    1445.31;       10;    0.61;   stop
   492;    2535.53;     889.85;    2547.50;     889.56;    2546.84;     862.90;    2534.88;     863.19;       10;    0.61;   stop
   490;    2719.72;     628.11;    2744.58;     626.97;    2744.03;     615.02;    2719.17;     616.15;       10;    0.61;   stop
   524;    2538.94;     924.21;    2551.58;     924.09;    2551.31;     896.60;    2538.67;     896.72;       10;    0.61;   stop
   615;    2514.20;    1961.98;    2522.82;    1951.94;    2501.80;    1933.89;    2493.18;    1943.94;       10;    0.60;   stop
   581;    1382.17;    1068.12;    1383.01;    1056.36;    1360.58;    1054.75;    1359.74;    1066.52;       10;    0.60;   stop
   538;    3361.37;     605.79;    3387.58;     604.01;    3386.75;     591.87;    3360.55;     593.65;       10;    0.60;   stop
   624;    3577.08;    1283.58;    3592.86;    1282.66;    3591.04;    1251.42;    3575.26;    1252.34;       10;    0.60;   stop
   570;    2461.29;    1871.51;    2462.27;    1842.60;    2447.83;    1842.11;    2446.85;    1871.03;       10;    0.60;   stop
   535;     837.34;     996.34;     837.83;     984.76;     812.19;     983.66;     811.70;     995.24;       10;    0.60;   stop
   489;    2546.74;     790.89;    2546.82;     765.58;    2534.51;     765.54;    2534.43;     790.86;       10;    0.60;   stop
   421;    3780.39;     333.39;    3796.52;     333.37;    3796.48;     300.36;    3780.35;     300.38;       10;    0.60;   stop
   324;     849.09;    1933.81;     862.59;    1933.41;     861.84;    1908.07;     848.34;    1908.46;       10;    0.60;   stop
   510;    2563.70;     638.26;    2591.63;     636.06;    2590.68;     623.99;    2562.75;     626.19;       10;    0.60;   stop
   683;    1928.92;    1388.98;    1942.57;    1387.38;    1938.83;    1355.45;    1925.18;    1357.05;       10;    0.60;   stop
   140;     918.16;    1622.81;     919.26;    1610.27;     895.62;    1608.19;     894.52;    1620.73;       10;    0.60;   stop
   391;    2409.93;     638.89;    2434.39;     638.01;    2433.94;     625.61;    2409.49;     626.49;       10;    0.59;   stop
   392;    2473.47;    1660.80;    2474.98;    1636.20;    2462.66;    1635.45;    2461.15;    1660.05;       10;    0.59;   stop
   474;    2067.11;     252.58;    2091.92;     251.98;    2091.64;     240.73;    2066.83;     241.34;       10;    0.59;   stop
   408;    3793.98;     260.49;    3795.36;     231.93;    3781.02;     231.23;    3779.64;     259.79;       10;    0.59;   stop
   559;     727.18;    1612.71;     727.65;    1598.29;     720.14;    1598.04;     719.67;    1612.46;       10;    0.59;   stop
   445;    2290.10;     245.46;    2316.85;     244.47;    2316.40;     232.11;    2289.65;     233.09;       10;    0.59;   stop
   527;    3395.81;     876.88;    3405.65;     850.09;    3392.63;     845.31;    3382.79;     872.09;       10;    0.59;   stop
   604;    2499.57;    1973.24;    2508.68;    1962.84;    2487.18;    1944.01;    2478.07;    1954.41;       10;    0.59;   stop
   431;    1915.23;     973.00;    1927.91;     972.77;    1927.40;     944.00;    1914.72;     944.23;       10;    0.59;   stop
   454;    1382.13;    1611.86;    1383.58;    1599.63;    1358.37;    1596.64;    1356.92;    1608.87;       10;    0.58;   stop
   354;     405.41;    2121.43;     421.06;    2121.40;     421.00;    2087.94;     405.34;    2087.97;       10;    0.58;   stop
   594;    1686.07;    1191.56;    1686.88;    1178.10;    1679.99;    1177.69;    1679.19;    1191.15;       10;    0.58;   stop
   575;    1064.84;    1177.29;    1065.46;    1163.10;    1035.16;    1161.77;    1034.54;    1175.97;        9;    0.58;   stop
   611;    2431.64;    1871.63;    2433.49;    1844.01;    2420.11;    1843.12;    2418.26;    1870.74;       10;    0.58;   stop
   266;     633.80;    1418.40;     636.10;    1403.75;     607.45;    1399.26;     605.15;    1413.90;       10;    0.58;   stop
   433;     832.19;    1937.81;     846.37;    1937.60;     845.94;    1908.75;     831.75;    1908.96;       10;    0.58;   stop
   650;    1916.25;    1878.60;    1928.42;    1845.07;    1913.15;    1839.53;    1900.99;    1873.06;        9;    0.58;   stop
   571;     280.10;    1144.05;     280.14;    1131.33;     257.08;    1131.26;     257.05;    1143.98;       10;    0.57;   stop
   465;    2373.68;     640.99;    2397.77;     639.48;    2397.07;     628.29;    2372.98;     629.80;       10;    0.57;   stop
   481;    1463.47;    2081.90;    1466.46;    2052.66;    1453.66;    2051.35;    1450.67;    2080.59;       10;    0.57;   stop
   443;    2205.53;    2098.00;    2212.00;    2084.81;    2186.66;    2072.37;    2180.19;    2085.56;       10;    0.57;   stop
   545;    1484.65;     920.98;    1485.77;     908.37;    1459.48;     906.02;    1458.35;     918.63;       10;    0.57;   stop
   617;    2682.06;    1230.49;    2683.35;    1214.46;    2649.10;    1211.70;    2647.80;    1227.73;        9;    0.57;   stop
   544;     317.78;    1064.85;     340.07;    1064.49;     339.87;    1052.03;     317.58;    1052.39;       10;    0.57;   stop
   638;    2485.91;    1489.25;    2488.33;    1466.17;    2477.22;    1465.00;    2474.80;    1488.08;       10;    0.57;   stop
   618;    2012.85;    2092.00;    2026.06;    2089.22;    2020.46;    2062.63;    2007.25;    2065.41;       10;    0.57;   stop
   625;    1981.60;    1729.51;    1986.87;    1697.07;    1974.08;    1694.99;    1968.82;    1727.43;       10;    0.57;   stop
   523;     854.54;    1212.87;     856.14;    1200.42;     828.60;    1196.88;     827.00;    1209.33;       10;    0.57;   stop
   176;     646.44;    1363.68;     648.31;    1349.56;     619.18;    1345.69;     617.31;    1359.82;       10;    0.56;   stop
   424;    2264.49;    2147.94;    2267.16;    2134.60;    2240.76;    2129.31;    2238.09;    2142.65;       10;    0.56;   stop
   446;    3794.86;     295.20;    3794.86;     264.96;    3780.14;     264.96;    3780.14;     295.20;       10;    0.56;   stop
   503;    1228.33;    2141.80;    1240.56;    2140.46;    1237.67;    2114.08;    1225.44;    2115.41;       10;    0.56;   stop
   160;     387.38;    1721.90;     403.94;    1721.86;     403.87;    1691.54;     387.31;    1691.58;       10;    0.56;   stop
   275;      94.45;    1806.69;     113.30;    1784.74;     102.54;    1775.50;      83.69;    1797.45;       10;    0.56;   stop
   458;    2098.86;     252.64;    2124.87;     251.61;    2124.39;     239.55;    2098.38;     240.57;       10;    0.56;   stop
   557;    1308.68;    1608.44;    1308.87;    1596.00;    1280.51;    1595.56;    1280.31;    1608.00;       10;    0.56;   stop
   589;    2160.58;    1107.19;    2161.52;    1091.59;    2152.67;    1091.06;    2151.73;    1106.66;       10;    0.55;   stop
   686;    1823.14;     172.51;    1825.90;     156.50;    1793.50;     150.93;    1790.75;     166.94;       10;    0.55;   stop
   546;    1196.05;    1061.70;    1196.39;    1051.68;    1177.70;    1051.05;    1177.36;    1061.07;       10;    0.55;   stop
   464;    2226.02;    2094.75;    2234.88;    2081.84;    2207.79;    2063.25;    2198.93;    2076.16;       10;    0.55;   stop
   580;    2140.00;     646.98;    2160.46;     645.71;    2159.75;     634.39;    2139.29;     635.67;       10;    0.55;   stop
   556;    3006.18;    1478.58;    3019.14;    1449.52;    3006.94;    1444.08;    2993.98;    1473.14;       10;    0.55;   stop
   568;    2895.87;     625.38;    2926.43;     623.43;    2925.63;     610.99;    2895.07;     612.95;       10;    0.54;   stop
   542;     610.15;    1215.78;     610.18;    1202.10;     584.22;    1202.04;     584.19;    1215.72;       10;    0.54;   stop
   669;    3314.15;     974.89;    3325.85;     943.70;    3308.35;     937.14;    3296.65;     968.33;       10;    0.54;   stop
   661;    2160.21;    1126.96;    2160.89;    1112.15;    2153.04;    1111.79;    2152.36;    1126.60;       10;    0.54;   stop
   506;    2183.42;    2107.46;    2190.49;    2095.45;    2167.71;    2082.04;    2160.64;    2094.05;       10;    0.54;   stop
   370;    3669.61;     596.71;    3704.73;     592.11;    3702.89;     578.09;    3667.77;     582.70;       10;    0.54;   stop
   522;    1519.43;     924.33;    1520.75;     911.73;    1493.32;     908.86;    1492.00;     921.46;       10;    0.54;   stop
   598;    2006.32;    1515.36;    2017.23;    1515.18;    2016.87;    1492.89;    2005.96;    1493.07;       10;    0.54;   stop
   639;    1278.02;    1187.15;    1278.66;    1171.14;    1243.11;    1169.72;    1242.47;    1185.73;       10;    0.54;   stop
   723;    1064.95;    1177.06;    1065.54;    1164.25;    1037.11;    1162.94;    1036.52;    1175.75;       10;    0.54;   stop
   118;     444.05;    1123.02;     444.36;    1108.89;     414.70;    1108.23;     414.39;    1122.36;       10;    0.53;   move
   471;    1632.25;    1659.36;    1633.56;    1646.36;    1606.63;    1643.64;    1605.32;    1656.64;       10;    0.53;   stop
   647;    2847.17;    1811.53;    2852.48;    1798.37;    2825.64;    1787.53;    2820.33;    1800.70;       10;    0.53;   stop
   920;      82.29;    1143.53;     110.11;    1142.55;     109.66;    1129.91;      81.85;    1130.89;       10;    0.52;   stop
   316;    3559.22;     496.37;    3568.27;     472.89;    3556.41;     468.32;    3547.35;     491.80;       10;    0.52;   stop
   528;     440.21;    1598.67;     465.77;    1597.17;     464.95;    1583.20;     439.39;    1584.71;       10;    0.52;   stop
   287;     641.46;    1383.50;     643.89;    1369.29;     614.79;    1364.31;     612.36;    1378.52;       10;    0.52;   stop
   531;    2933.05;     623.43;    2960.65;     623.01;    2960.45;     609.85;    2932.85;     610.27;       10;    0.51;   stop
   561;     783.78;    1936.09;     798.20;    1935.92;     797.90;    1910.29;     783.48;    1910.46;       10;    0.51;   stop
   603;    3777.97;    1468.29;    3784.16;    1457.87;    3763.28;    1445.46;    3757.09;    1455.88;       10;    0.51;   stop
   552;    3761.09;     366.22;    3761.50;     335.25;    3744.53;     335.03;    3744.13;     366.00;       10;    0.51;   stop
   486;    3434.19;     785.27;    3441.65;     763.86;    3431.12;     760.19;    3423.66;     781.61;       10;    0.51;   stop
   572;    1980.00;    1889.49;    1989.30;    1850.46;    1973.25;    1846.64;    1963.95;    1885.66;        9;    0.51;   stop
   960;    2015.91;    1630.95;    2017.48;    1607.48;    2007.27;    1606.80;    2005.71;    1630.27;       10;    0.51;   stop
   430;    3794.72;     228.93;    3794.75;     199.05;    3778.40;     199.04;    3778.38;     228.92;       10;    0.50;   stop
   468;    1914.61;    1008.31;    1927.73;    1008.17;    1927.45;     981.82;    1914.33;     981.96;       10;    0.50;   stop
   534;     643.03;    1159.84;     667.84;    1159.36;     667.59;    1146.41;     642.78;    1146.89;       10;    0.50;   stop
   569;    1553.86;     974.17;    1556.07;     948.43;    1543.27;     947.33;    1541.05;     973.07;       10;    0.50;   stop
   655;    3332.96;     607.70;    3358.54;     606.48;    3357.98;     594.65;    3332.40;     595.86;       10;    0.50;   stop
   477;    1147.49;    1635.30;    1176.81;    1635.20;    1176.76;    1620.45;    1147.44;    1620.55;       10;    0.50;   stop
   691;    2936.25;    1704.11;    2948.16;    1682.73;    2937.00;    1676.52;    2925.09;    1697.89;       10;    0.50;   stop
   322;    1243.61;    1142.97;    1264.73;    1142.70;    1264.58;    1130.66;    1243.45;    1130.93;       10;    0.50;   move
   526;    1119.34;    1020.41;    1132.89;    1020.14;    1132.35;     993.34;    1118.80;     993.61;       10;    0.49;   stop
   494;    1388.15;    1646.39;    1388.47;    1633.61;    1363.60;    1632.98;    1363.28;    1645.76;       10;    0.49;   stop
   672;      16.38;    1067.64;      49.12;    1064.06;      47.60;    1050.17;      14.87;    1053.75;       10;    0.49;   move
   597;    2147.12;    2128.55;    2153.97;    2117.20;    2127.88;    2101.45;    2121.03;    2112.80;       10;    0.49;   stop
  1135;    1928.93;    1388.83;    1942.71;    1387.51;    1939.29;    1351.67;    1925.50;    1352.99;        9;    0.49;   stop
   712;    2916.51;    1744.62;    2931.55;    1723.61;    2920.74;    1715.88;    2905.70;    1736.89;       10;    0.49;   stop
   505;    3659.63;    1307.97;    3667.59;    1283.75;    3654.75;    1279.53;    3646.79;    1303.75;       10;    0.49;   stop
   412;    1352.47;    1644.25;    1353.09;    1631.93;    1327.28;    1630.63;    1326.66;    1642.94;       10;    0.49;   stop
   512;     795.84;     101.49;     796.36;      90.35;     771.78;      89.20;     771.26;     100.33;       10;    0.48;   stop
   644;    2816.37;     626.54;    2836.80;     625.75;    2836.38;     614.90;    2815.95;     615.68;       10;    0.48;   stop
   487;    1290.25;    1641.66;    1291.22;    1629.49;    1267.44;    1627.59;    1266.47;    1639.76;       10;    0.48;   stop
   631;     588.71;    1146.62;     588.93;    1133.83;     563.48;    1133.38;     563.25;    1146.17;       10;    0.48;   stop
   620;    2285.85;    2065.30;    2291.53;    2052.29;    2265.52;    2040.95;    2259.85;    2053.96;       10;    0.48;   stop
   605;    2437.96;    2153.05;    2439.47;    2126.07;    2426.17;    2125.33;    2424.65;    2152.30;       10;    0.48;   stop
   573;     508.48;     588.01;     511.80;     575.26;     489.02;     569.33;     485.70;     582.08;       10;    0.48;   stop
   450;    2512.50;      84.08;    2525.25;      83.90;    2524.87;      57.67;    2512.13;      57.85;       10;    0.47;   stop
   664;    2188.98;    1380.92;    2201.70;    1380.85;    2201.52;    1351.70;    2188.80;    1351.78;       10;    0.47;   stop
   482;    3720.41;     173.39;    3748.30;     172.16;    3747.72;     158.95;    3719.82;     160.18;       10;    0.47;   stop
   476;    3696.53;    1002.76;    3723.41;    1001.50;    3722.84;     989.42;    3695.96;     990.68;       10;    0.47;   stop
   616;    2784.23;     628.08;    2808.36;     626.92;    2807.77;     614.76;    2783.64;     615.93;       10;    0.46;   stop
   383;    1323.12;    1643.21;    1323.55;    1630.28;    1298.13;    1629.42;    1297.70;    1642.35;       10;    0.46;   stop
  1152;    1861.34;     926.77;    1861.46;     905.92;    1850.04;     905.85;    1849.91;     926.70;       10;    0.46;   stop
   630;    3188.46;    1024.17;    3198.66;    1015.88;    3181.85;     995.20;    3171.65;    1003.50;       10;    0.46;   stop
   736;     590.18;    1050.84;     611.21;    1048.24;     609.82;    1036.98;     588.79;    1039.57;       10;    0.46;   stop
   453;    1279.26;    1471.77;    1283.43;    1443.82;    1271.11;    1441.98;    1266.94;    1469.93;       10;    0.46;   stop
   425;    3788.23;     170.99;    3812.32;     168.73;    3811.15;     156.20;    3787.05;     158.45;       10;    0.45;   stop
   701;    1979.47;    1887.98;    1986.82;    1849.98;    1971.53;    1847.02;    1964.18;    1885.02;       10;    0.45;   stop
   485;    3813.52;    1357.74;    3828.64;    1354.47;    3821.48;    1321.40;    3806.36;    1324.67;       10;    0.45;   stop
  1062;    1839.69;     903.47;    1851.02;     902.94;    1849.93;     879.66;    1838.61;     880.18;       10;    0.45;   stop
   749;     589.58;    1051.63;     589.91;    1040.50;     571.05;    1039.94;     570.72;    1051.06;       10;    0.44;   stop
  1034;     403.25;    1635.72;     417.99;    1634.00;     414.72;    1606.15;     399.98;    1607.88;       10;    0.44;   move
   314;     404.71;    2012.66;     418.04;    2012.38;     417.48;    1985.78;     404.15;    1986.06;       10;    0.44;   stop
  1163;      52.45;    1082.19;      86.12;    1080.95;      85.59;    1066.56;      51.93;    1067.80;       10;    0.44;   stop
   839;    2066.34;     286.84;    2094.38;     286.16;    2094.10;     274.53;    2066.05;     275.22;       10;    0.44;   stop
   592;    2539.09;    1004.11;    2554.12;    1003.81;    2553.41;     968.01;    2538.38;     968.31;       10;    0.44;   stop
   645;       6.14;    1052.45;      40.33;    1048.91;      38.83;    1034.43;       4.65;    1037.96;       10;    0.43;   stop
   579;    2511.97;      52.58;    2524.90;      52.29;    2524.28;      24.49;    2511.35;      24.77;       10;    0.43;   stop
   532;    1517.40;    1619.33;    1518.35;    1607.06;    1490.85;    1604.92;    1489.90;    1617.19;       10;    0.43;   stop
   622;    2480.18;    1615.37;    2480.90;    1586.70;    2468.32;    1586.38;    2467.60;    1615.05;       10;    0.43;   stop
   642;    1908.04;    2042.80;    1921.57;    2013.38;    1908.14;    2007.20;    1894.61;    2036.62;       10;    0.43;   stop
   670;     649.07;    1197.82;     661.80;    1195.42;     656.87;    1169.36;     644.14;    1171.77;       10;    0.43;   stop
   515;    1420.98;    1647.76;    1421.90;    1634.63;    1394.89;    1632.74;    1393.98;    1645.87;       10;    0.43;   stop
   959;    1176.07;    1183.72;    1176.75;    1168.81;    1148.93;    1167.53;    1148.25;    1182.44;       10;    0.42;   stop
   619;    2610.78;     234.99;    2639.22;     232.67;    2638.09;     218.95;    2609.66;     221.27;       10;    0.42;   stop
   591;    1443.21;    1614.21;    1443.50;    1601.66;    1416.54;    1601.04;    1416.25;    1613.59;       10;    0.42;   stop
   558;    2555.87;     236.72;    2581.21;     235.35;    2580.51;     222.28;    2555.16;     223.65;       10;    0.42;   stop
   741;    2047.39;    2034.21;    2048.48;    2018.37;    2011.24;    2015.79;    2010.14;    2031.63;       10;    0.41;   stop
   379;    1150.13;     691.54;    1151.85;     678.67;    1126.87;     675.33;    1125.15;     688.21;       10;    0.41;   stop
   627;    1427.27;    2025.76;    1439.71;    2024.94;    1438.10;    2000.61;    1425.67;    2001.43;       10;    0.41;   stop
   633;    2614.02;    1405.88;    2617.96;    1378.16;    2604.48;    1376.24;    2600.54;    1403.97;       10;    0.41;   stop
   600;    1647.97;    1624.28;    1648.63;    1612.52;    1625.78;    1611.22;    1625.12;    1622.98;       10;    0.41;   stop
   610;    1469.90;    1616.11;    1470.77;    1605.46;    1448.35;    1603.64;    1447.48;    1614.29;       10;    0.41;   stop
   632;     519.96;    1566.42;     520.32;    1556.15;     500.04;    1555.45;     499.68;    1565.72;       10;    0.40;   stop
  1151;     595.06;    2099.49;     624.43;    2097.97;     623.69;    2083.63;     594.32;    2085.16;       10;    0.40;   stop
   566;    3537.62;     598.92;    3569.64;     598.74;    3569.56;     584.67;    3537.54;     584.86;       10;    0.40;   stop
   586;    3533.17;    1005.29;    3556.32;    1005.04;    3556.21;     994.40;    3533.05;     994.65;       10;    0.40;   stop
   654;    3212.22;     614.87;    3241.25;     613.62;    3240.59;     598.26;    3211.56;     599.50;       10;    0.39;   stop
   372;     419.10;    2042.45;     419.85;    2017.33;     406.37;    2016.92;     405.62;    2042.05;       10;    0.39;   stop
   680;      51.57;    1082.91;      86.20;    1081.44;      85.54;    1065.84;      50.91;    1067.31;        9;    0.39;   move
   584;    3173.64;     613.40;    3198.07;     612.51;    3197.61;     599.96;    3173.18;     600.85;       10;    0.39;   stop
   585;    3459.19;     720.68;    3469.33;     694.99;    3456.74;     690.03;    3446.61;     715.71;       10;    0.39;   stop
   676;    3013.17;     212.14;    3038.46;     210.79;    3037.83;     199.05;    3012.54;     200.40;       10;    0.39;   stop
   667;     956.39;    1860.03;     957.23;    1846.32;     929.11;    1844.59;     928.27;    1858.30;       10;    0.39;   stop
   780;    3381.34;     626.49;    3415.00;     623.37;    3413.66;     608.90;    3380.00;     612.02;       10;    0.39;   move
   574;    1511.30;    1651.64;    1511.65;    1639.72;    1486.83;    1638.98;    1486.47;    1650.90;       10;    0.39;   stop
  1105;    1821.80;     172.16;    1824.07;     155.75;    1791.70;     151.28;    1789.43;     167.68;        9;    0.38;   stop
  1144;    2682.77;    1229.66;    2683.87;    1213.93;    2650.38;    1211.59;    2649.28;    1227.32;       10;    0.38;   stop
   706;    2275.77;    1351.85;    2277.00;    1336.04;    2237.35;    1332.96;    2236.13;    1348.78;       10;    0.38;   stop
   504;     312.30;    1584.54;     313.71;    1572.25;     287.23;    1569.21;     285.82;    1581.50;       10;    0.37;   stop
   607;    2391.28;    2158.64;    2403.51;    2158.43;    2403.09;    2134.36;    2390.87;    2134.57;       10;    0.37;   stop
   551;    3760.27;     299.38;    3761.11;     266.38;    3743.48;     265.93;    3742.64;     298.94;       10;    0.37;   stop
   321;    3603.63;     396.42;    3614.45;     369.91;    3601.99;     364.83;    3591.18;     391.34;       10;    0.36;   stop
   858;     327.48;    1044.69;     351.78;    1044.59;     351.74;    1032.81;     327.43;    1032.91;       10;    0.36;   stop
   373;    2886.67;     225.05;    2892.16;     209.11;    2869.58;     201.33;    2864.09;     217.26;       10;    0.36;   stop
   971;     365.05;    1591.73;     367.31;    1579.63;     343.23;    1575.15;     340.98;    1587.24;       10;    0.36;   stop
   779;    3579.53;     408.28;    3592.49;     378.93;    3578.28;     372.66;    3565.33;     402.01;       10;    0.36;   move
   507;    2901.58;     218.51;    2927.58;     216.65;    2926.67;     203.92;    2900.67;     205.78;       10;    0.36;   stop
   717;     662.39;    1198.88;     674.13;    1196.82;     669.79;    1172.06;     658.06;    1174.12;       10;    0.36;   stop
   662;     402.54;    1290.12;     402.80;    1262.83;     387.30;    1262.69;     387.05;    1289.98;       10;    0.35;   stop
   548;    3061.61;     616.35;    3084.52;     614.66;    3083.70;     603.57;    3060.79;     605.26;       10;    0.35;   stop
   711;    1600.81;    1656.32;    1601.43;    1643.51;    1573.94;    1642.18;    1573.32;    1654.99;        9;    0.35;   stop