vehicle_id; veh_bb_x1; veh_bb_y1; veh_bb_x2; veh_bb_y2; veh_bb_x3; veh_bb_y3; veh_bb_x4; veh_bb_y4; det_class; conf_score; state
     1;    2965.64;    1156.67;    2968.19;    1144.70;    2943.61;    1139.46;    2941.06;    1151.42;       10;    0.85;   stop
     4;    3035.03;    1413.06;    3045.93;    1387.70;    3033.97;    1382.57;    3023.07;    1407.92;       10;    0.83;   stop
  2139;    3043.68;    1577.48;    3057.13;    1547.14;    3043.32;    1541.02;    3029.87;    1571.36;       10;    0.83;   move
    68;    1974.92;     358.98;    1975.52;     330.93;    1962.58;     330.65;    1961.98;     358.70;       10;    0.83;   stop
     8;    3641.02;    1426.94;    3645.31;    1412.44;    3611.48;    1402.44;    3607.19;    1416.93;       10;    0.83;   stop
    15;    2996.95;    1283.06;    2999.40;    1269.54;    2968.55;    1263.94;    2966.10;    1277.46;       10;    0.83;   stop
    60;    2630.25;    1126.29;    2631.37;    1113.66;    2605.12;    1111.34;    2604.01;    1123.97;       10;    0.83;   stop
  1512;    2816.85;    1166.43;    2819.28;    1153.05;    2789.77;    1147.69;    2787.34;    1161.08;       10;    0.83;   stop
   919;    2873.80;    1154.05;    2876.64;    1141.82;    2848.70;    1135.33;    2845.86;    1147.55;       10;    0.82;   stop
  1065;    2910.65;    1162.08;    2913.18;    1149.68;    2886.10;    1144.17;    2883.57;    1156.57;       10;    0.82;   stop
    96;    3010.77;    1226.84;    3013.14;    1214.73;    2988.48;    1209.91;    2986.11;    1222.02;       10;    0.82;   stop
   790;    2837.30;    1149.61;    2839.63;    1136.11;    2808.70;    1130.76;    2806.37;    1144.27;       10;    0.82;   stop
    13;    1989.75;     762.97;    2002.20;     762.76;    2001.75;     735.53;    1989.30;     735.74;       10;    0.82;   stop
   220;    1964.65;    1119.44;    1965.01;    1106.55;    1939.01;    1105.81;    1938.64;    1118.70;       10;    0.82;   move
   216;    1886.62;     647.58;    1899.17;     647.21;    1898.35;     619.17;    1885.80;     619.54;       10;    0.82;   stop
    43;    1032.50;    1064.39;    1032.57;    1053.02;    1007.12;    1052.86;    1007.05;    1064.23;       10;    0.82;   stop
    39;    3063.50;    1445.71;    3074.95;    1420.40;    3062.12;    1414.60;    3050.68;    1439.91;       10;    0.82;   stop
    10;    1769.21;    1144.11;    1794.91;    1143.87;    1794.79;    1130.64;    1769.09;    1130.88;       10;    0.82;   stop
    28;    1690.19;    1110.51;    1690.46;    1096.22;    1658.94;    1095.61;    1658.66;    1109.91;       10;    0.82;   move
  1791;    2158.74;    1172.61;    2159.03;    1160.03;    2136.51;    1159.51;    2136.22;    1172.09;       10;    0.82;   move
  2111;    2955.93;    1194.23;    2959.41;    1176.46;    2906.07;    1166.02;    2902.59;    1183.79;        9;    0.82;   move
   150;    1985.53;    1301.08;    1997.85;    1301.01;    1997.72;    1276.30;    1985.40;    1276.36;       10;    0.82;   stop
    90;    2797.16;    1127.40;    2799.34;    1113.54;    2771.22;    1109.10;    2769.03;    1122.96;       10;    0.81;   stop
    56;    3055.12;    1368.41;    3065.09;    1340.76;    3052.13;    1336.09;    3042.16;    1363.74;       10;    0.81;   stop
  1208;    1904.22;     674.07;    1917.03;     672.88;    1914.50;     645.56;    1901.69;     646.74;       10;    0.81;   stop
  2052;    1582.92;    1169.86;    1609.89;    1169.73;    1609.83;    1156.64;    1582.86;    1156.77;       10;    0.81;   move
    22;    1532.97;    1189.08;    1533.44;    1176.69;    1506.78;    1175.67;    1506.31;    1188.06;       10;    0.81;   stop
    66;    2761.13;    1139.71;    2763.10;    1126.05;    2731.87;    1121.54;    2729.90;    1135.20;       10;    0.81;   stop
  1279;    2990.03;    1177.90;    2992.31;    1165.33;    2961.97;    1159.85;    2959.69;    1172.42;       10;    0.81;   stop
    21;    2926.50;    1243.69;    2929.09;    1231.48;    2901.75;    1225.69;    2899.16;    1237.90;       10;    0.81;   move
    76;    1969.23;     480.98;    1982.44;     480.75;    1981.96;     452.77;    1968.74;     453.00;       10;    0.81;   stop
    55;     902.08;    1170.34;     927.35;    1169.99;     927.17;    1157.28;     901.90;    1157.63;       10;    0.81;   stop
   200;    1384.42;    1189.83;    1384.96;    1172.95;    1341.46;    1171.54;    1340.91;    1188.43;        9;    0.81;   stop
  1642;    3027.49;    1183.70;    3029.52;    1170.94;    3001.01;    1166.42;    2998.98;    1179.18;       10;    0.81;   stop
    16;    2483.21;    1542.23;    2484.54;    1518.41;    2473.17;    1517.77;    2471.83;    1541.59;       10;    0.81;   stop
   530;    1949.34;     285.03;    1949.66;     256.81;    1936.41;     256.65;    1936.09;     284.88;       10;    0.81;   move
    47;    1203.56;    1182.82;    1203.63;    1169.68;    1178.63;    1169.55;    1178.56;    1182.69;       10;    0.81;   stop
    26;    2731.65;    1118.39;    2733.00;    1105.21;    2705.10;    1102.36;    2703.75;    1115.54;       10;    0.81;   stop
   235;    2114.60;    1103.10;    2115.47;    1091.38;    2090.27;    1089.52;    2089.41;    1101.24;       10;    0.81;   move
    62;    3023.89;    1444.64;    3034.59;    1418.98;    3022.61;    1413.98;    3011.91;    1439.65;       10;    0.81;   stop
    25;    2791.83;    1221.59;    2793.68;    1209.03;    2764.03;    1204.66;    2762.18;    1217.22;       10;    0.81;   move
    64;    1861.63;     648.25;    1862.01;     623.19;    1849.75;     623.00;    1849.36;     648.06;       10;    0.81;   stop
   208;    1908.55;     770.40;    1921.40;     770.18;    1920.95;     744.97;    1908.10;     745.20;       10;    0.81;   stop
    82;    1975.33;     109.67;    1987.95;     109.54;    1987.67;      82.70;    1975.05;      82.83;       10;    0.81;   stop
    36;    1324.34;    1071.25;    1352.13;    1071.06;    1352.04;    1058.38;    1324.25;    1058.57;       10;    0.81;   stop
    24;    1413.72;    1072.60;    1414.03;    1059.91;    1387.53;    1059.28;    1387.22;    1071.97;       10;    0.81;   stop
   326;    1889.55;     768.37;    1901.98;     768.24;    1901.70;     741.38;    1889.27;     741.51;       10;    0.81;   stop
    49;    2745.82;    1234.44;    2747.31;    1222.22;    2722.43;    1219.19;    2720.94;    1231.41;       10;    0.81;   stop
   139;    2875.70;    1258.40;    2878.33;    1245.95;    2851.30;    1240.23;    2848.67;    1252.67;       10;    0.81;   stop
    84;     973.22;    1064.98;     999.99;    1064.45;     999.75;    1052.27;     972.98;    1052.80;       10;    0.81;   stop
     6;    1486.98;    1107.95;    1487.47;    1095.85;    1461.65;    1094.80;    1461.16;    1106.90;       10;    0.81;   move
   387;    2463.96;    1196.67;    2464.18;    1183.18;    2435.04;    1182.71;    2434.82;    1196.20;       10;    0.81;   move
  1131;    1869.19;     685.06;    1882.41;     684.73;    1881.75;     658.19;    1868.53;     658.52;       10;    0.80;   stop
    85;    1062.65;    1064.46;    1062.82;    1053.14;    1039.97;    1052.79;    1039.80;    1064.11;       10;    0.80;   stop
  2947;    2424.46;    1097.12;    2425.05;    1084.32;    2399.17;    1083.13;    2398.58;    1095.93;       10;    0.80;   stop
    35;    1893.33;    1943.36;    1903.02;    1919.30;    1890.51;    1914.26;    1880.82;    1938.33;       10;    0.80;   stop
   114;    1989.63;     793.24;    2002.27;     793.04;    2001.87;     767.14;    1989.23;     767.33;       10;    0.80;   stop
   110;    2507.61;    1324.66;    2508.40;    1312.87;    2483.64;    1311.21;    2482.85;    1323.01;       10;    0.80;   stop
   567;    3316.63;    1272.31;    3320.01;    1259.65;    3292.75;    1252.37;    3289.37;    1265.04;       10;    0.80;   stop
   115;    1979.03;     435.43;    1991.59;     435.28;    1991.28;     408.32;    1978.72;     408.47;       10;    0.80;   stop
   192;    3031.49;    1516.86;    3042.96;    1491.22;    3030.76;    1485.76;    3019.29;    1511.41;       10;    0.80;   stop
    37;    2835.59;    1251.12;    2838.21;    1238.77;    2812.14;    1233.25;    2809.53;    1245.60;       10;    0.80;   stop
   102;    3153.21;    1290.19;    3155.27;    1277.27;    3128.04;    1272.94;    3125.98;    1285.85;       10;    0.80;   move
    45;    1850.13;     181.19;    1850.26;     151.32;    1835.37;     151.25;    1835.24;     181.12;       10;    0.80;   stop
  1242;    1867.64;     649.49;    1879.68;     649.35;    1879.36;     621.76;    1867.32;     621.90;       10;    0.80;   stop
   100;    1988.50;     898.83;    2002.14;     897.01;    1998.50;     869.67;    1984.86;     871.49;       10;    0.80;   stop
   122;    2472.92;    1097.72;    2498.09;    1097.70;    2498.08;    1085.90;    2472.91;    1085.93;       10;    0.80;   stop
    92;    2590.05;    1324.02;    2590.05;    1311.85;    2564.32;    1311.85;    2564.32;    1324.02;       10;    0.80;   stop
   147;    1836.39;     281.03;    1836.70;     256.88;    1824.55;     256.72;    1824.23;     280.87;       10;    0.80;   stop
   120;    1448.07;    1073.86;    1448.28;    1061.83;    1422.93;    1061.39;    1422.72;    1073.42;       10;    0.80;   stop
    87;    1988.35;    1104.82;    1988.72;    1089.74;    1955.90;    1088.93;    1955.53;    1104.01;       10;    0.80;   move
   129;     891.47;    1168.75;     891.51;    1156.71;     864.37;    1156.63;     864.33;    1168.67;       10;    0.80;   stop
   121;     888.73;    1585.89;     889.15;    1573.96;     864.87;    1573.11;     864.45;    1585.04;       10;    0.80;   stop
    14;    2526.11;    1116.63;    2526.80;    1104.44;    2501.14;    1103.00;    2500.45;    1115.19;       10;    0.80;   move
   201;    2477.58;    1216.01;    2478.46;    1203.48;    2451.79;    1201.61;    2450.91;    1214.15;       10;    0.80;   stop
    59;    2717.02;    1232.31;    2718.43;    1218.81;    2686.85;    1215.50;    2685.43;    1229.01;       10;    0.80;   stop
   154;    1988.27;     555.66;    1988.59;     525.61;    1975.29;     525.46;    1974.97;     555.52;       10;    0.80;   stop
    17;    1592.38;    1110.62;    1593.20;    1096.09;    1563.25;    1094.38;    1562.42;    1108.91;       10;    0.80;   move
   108;    1696.83;    1078.80;    1697.38;    1066.58;    1672.55;    1065.45;    1672.00;    1077.67;       10;    0.80;   stop
    11;    3015.74;    1686.34;    3026.84;    1661.27;    3015.01;    1656.03;    3003.91;    1681.11;       10;    0.80;   stop
   236;    3722.99;    1415.67;    3726.78;    1403.84;    3702.01;    1395.89;    3698.22;    1407.72;       10;    0.80;   move
   245;    1872.75;     768.18;    1885.26;     767.96;    1884.75;     739.32;    1872.24;     739.54;       10;    0.79;   stop
   182;    1968.00;     316.52;    1979.36;     315.17;    1976.44;     290.42;    1965.07;     291.76;       10;    0.79;   stop
    33;    1948.75;     873.43;    1962.73;     872.23;    1960.25;     843.32;    1946.27;     844.52;       10;    0.79;   move
   212;    2945.21;    1272.26;    2947.14;    1259.53;    2921.29;    1255.62;    2919.36;    1268.34;       10;    0.79;   stop
    53;    1442.95;      67.35;    1443.27;      53.66;    1415.67;      53.03;    1415.36;      66.71;       10;    0.79;   stop
   172;    1958.48;     228.50;    1970.40;     228.26;    1969.93;     204.06;    1958.00;     204.30;       10;    0.79;   stop
   170;    1866.37;     848.58;    1880.50;     848.37;    1880.07;     819.79;    1865.94;     820.00;       10;    0.79;   stop
   189;    2539.56;    1217.33;    2539.68;    1205.04;    2514.69;    1204.79;    2514.57;    1217.08;       10;    0.79;   stop
   351;    3195.39;    1271.67;    3197.70;    1259.62;    3173.04;    1254.90;    3170.74;    1266.94;       10;    0.79;   move
   232;    1994.04;     361.55;    1994.14;     334.87;    1981.71;     334.82;    1981.61;     361.51;       10;    0.79;   stop
   223;    1967.19;     197.25;    1979.26;     196.02;    1976.68;     170.63;    1964.62;     171.85;       10;    0.79;   stop
   137;    1729.57;    1080.34;    1729.90;    1067.96;    1703.93;    1067.28;    1703.60;    1079.66;       10;    0.79;   stop
    94;    1111.98;    1177.80;    1112.06;    1164.61;    1086.27;    1164.45;    1086.19;    1177.64;       10;    0.79;   stop
    95;    1234.53;    1183.76;    1234.92;    1171.74;    1207.84;    1170.87;    1207.46;    1182.88;       10;    0.79;   stop
   310;    1912.58;     902.72;    1925.58;     902.57;    1925.27;     876.47;    1912.27;     876.62;       10;    0.79;   stop
    23;    2593.11;    1203.36;    2594.05;    1190.36;    2566.89;    1188.39;    2565.95;    1201.39;       10;    0.79;   move
   112;    2480.98;    1571.56;    2481.87;    1547.39;    2469.77;    1546.94;    2468.88;    1571.11;       10;    0.79;   stop
    88;    2388.35;    1113.15;    2388.92;    1099.85;    2359.90;    1098.60;    2359.33;    1111.90;       10;    0.79;   move
   222;    1971.49;     400.05;    1984.93;     399.64;    1984.01;     369.45;    1970.57;     369.86;       10;    0.79;   stop
  1873;    1994.03;    1543.40;    1995.67;    1512.85;    1981.72;    1512.10;    1980.08;    1542.65;       10;    0.79;   stop
    57;    2485.39;    1136.71;    2485.82;    1123.22;    2456.36;    1122.29;    2455.93;    1135.78;       10;    0.79;   move
   161;    1987.94;    1846.57;    1994.26;    1816.82;    1981.81;    1814.18;    1975.49;    1843.93;       10;    0.79;   stop
  1016;    1874.03;     719.58;    1886.24;     719.32;    1885.72;     694.54;    1873.51;     694.80;       10;    0.79;   stop
   148;    1851.86;     731.57;    1865.74;     731.31;    1865.14;     699.43;    1851.26;     699.69;       10;    0.79;   stop
   116;    1848.90;     619.62;    1860.62;     618.89;    1859.01;     593.13;    1847.29;     593.86;       10;    0.79;   stop
   126;    1892.36;     840.40;    1906.59;     839.99;    1905.83;     813.35;    1891.60;     813.76;       10;    0.79;   stop
   133;    2130.56;    1346.29;    2156.79;    1344.04;    2155.69;    1331.21;    2129.46;    1333.46;       10;    0.79;   stop
   194;    1996.02;    1461.64;    1996.49;    1427.56;    1981.98;    1427.36;    1981.51;    1461.44;       10;    0.79;   stop
  2055;    1989.80;    1620.38;    1990.62;    1590.71;    1978.26;    1590.37;    1977.44;    1620.04;       10;    0.79;   stop
    41;    1756.26;     651.45;    1757.52;     638.27;    1728.99;     635.55;    1727.73;     648.73;       10;    0.79;   stop
    42;     744.59;    1058.86;     744.70;    1047.01;     720.73;    1046.77;     720.61;    1058.62;       10;    0.79;   stop
   143;    1639.65;    1079.39;    1666.75;    1079.34;    1666.73;    1065.98;    1639.62;    1066.03;       10;    0.79;   stop
   277;    2226.81;    1130.57;    2227.44;    1116.22;    2198.00;    1114.93;    2197.38;    1129.28;       10;    0.79;   move
   191;    2821.96;    1376.19;    2826.52;    1362.49;    2798.17;    1353.06;    2793.61;    1366.76;       10;    0.79;   stop
  2586;    3346.11;    1283.17;    3349.49;    1271.10;    3324.20;    1264.02;    3320.82;    1276.09;       10;    0.79;   stop
  1929;    1868.34;     585.45;    1879.58;     585.28;    1879.23;     562.05;    1867.98;     562.22;       10;    0.79;   stop
   315;    1912.04;     870.09;    1927.11;     869.29;    1925.25;     834.28;    1910.17;     835.09;       10;    0.79;   stop
   233;    1631.96;    1191.54;    1632.12;    1179.15;    1608.04;    1178.84;    1607.88;    1191.22;       10;    0.79;   stop
    99;    2828.93;    1901.28;    2854.31;    1883.29;    2845.76;    1871.22;    2820.37;    1889.21;       10;    0.79;   stop
   207;    1962.20;     105.20;    1973.50;     105.00;    1973.05;      79.87;    1961.75;      80.06;       10;    0.79;   stop
   590;    1944.00;     424.63;    1944.57;     401.40;    1933.50;     401.12;    1932.93;     424.35;       10;    0.79;   move
   217;    1984.49;     471.67;    1997.54;     471.19;    1996.51;     442.96;    1983.46;     443.44;       10;    0.79;   stop
   242;    1846.57;     957.59;    1859.80;     957.29;    1859.18;     930.16;    1845.95;     930.46;       10;    0.79;   stop
  1722;    1629.52;    1140.21;    1658.87;    1140.18;    1658.86;    1125.54;    1629.50;    1125.57;       10;    0.79;   stop
   228;    1979.93;    1264.51;    1994.64;    1264.02;    1993.57;    1231.87;    1978.86;    1232.36;       10;    0.79;   stop
   463;    2279.52;    1113.94;    2279.90;    1096.51;    2235.85;    1095.56;    2235.48;    1112.99;        9;    0.79;   move
   213;    2015.98;    1446.27;    2016.43;    1420.44;    2004.40;    1420.23;    2003.94;    1446.06;       10;    0.79;   stop
   105;    2456.93;    1519.41;    2457.89;    1493.80;    2445.45;    1493.34;    2444.48;    1518.95;       10;    0.79;   stop
  2706;    3304.83;    1247.32;    3308.74;    1233.80;    3281.11;    1225.80;    3277.19;    1239.33;       10;    0.79;   move
   153;    1962.93;     255.34;    1975.13;     255.05;    1974.57;     231.22;    1962.37;     231.51;       10;    0.78;   stop
   156;    2129.16;    1202.76;    2129.56;    1190.93;    2105.34;    1190.12;    2104.94;    1201.94;       10;    0.78;   stop
   125;    1983.17;    1371.72;    1995.33;    1371.48;    1994.83;    1346.28;    1982.67;    1346.52;       10;    0.78;   stop
   103;    1728.54;    1096.79;    1729.01;    1085.51;    1706.76;    1084.58;    1706.29;    1095.87;       10;    0.78;   move
   248;    2657.13;    1111.66;    2658.34;    1099.27;    2632.24;    1096.72;    2631.03;    1109.11;       10;    0.78;   stop
    67;    2464.99;    1394.81;    2466.08;    1367.62;    2452.01;    1367.06;    2450.92;    1394.25;       10;    0.78;   stop
  1931;    1881.01;     615.11;    1895.82;     614.38;    1894.49;     587.52;    1879.68;     588.25;       10;    0.78;   stop
    75;    1891.23;     806.48;    1903.78;     805.86;    1902.27;     775.27;    1889.72;     775.89;       10;    0.78;   stop
   284;    1892.78;     879.45;    1907.22;     878.61;    1905.41;     847.42;    1890.96;     848.27;       10;    0.78;   stop
   119;     776.61;    1196.34;     777.15;    1182.36;     745.89;    1181.16;     745.35;    1195.14;       10;    0.78;   stop
   304;    1292.50;    1074.09;    1318.49;    1072.30;    1317.50;    1057.78;    1291.51;    1059.57;       10;    0.78;   stop
    18;    1375.47;    1096.87;    1375.80;    1081.87;    1342.53;    1081.13;    1342.20;    1096.13;       10;    0.78;   move
   104;     757.75;    1613.45;     758.51;    1601.06;     733.86;    1599.55;     733.10;    1611.94;       10;    0.78;   stop
   757;    2218.34;    1179.53;    2246.52;    1179.29;    2246.41;    1166.09;    2218.23;    1166.33;       10;    0.78;   move
   163;    2674.43;    1190.56;    2702.83;    1190.29;    2702.70;    1176.44;    2674.29;    1176.71;       10;    0.78;   move
    97;    3368.34;    1006.21;    3371.22;     992.75;    3339.47;     985.97;    3336.60;     999.44;       10;    0.78;   stop
   363;    2792.24;    1144.69;    2794.68;    1130.82;    2766.90;    1125.94;    2764.46;    1139.80;       10;    0.78;   stop
    31;    1822.71;    2072.43;    1834.50;    2048.22;    1823.42;    2042.82;    1811.62;    2067.03;       10;    0.78;   stop
   162;    1835.35;     208.94;    1836.09;     179.52;    1823.06;     179.19;    1822.32;     208.61;       10;    0.78;   stop
   171;    1887.74;     966.32;    1901.84;     965.89;    1900.88;     933.81;    1886.78;     934.23;       10;    0.78;   stop
   402;    2129.27;    1124.83;    2129.73;    1111.62;    2098.67;    1110.55;    2098.21;    1123.76;       10;    0.78;   move
  1317;    2777.13;    1159.35;    2779.06;    1145.78;    2747.37;    1141.27;    2745.44;    1154.85;       10;    0.78;   stop
    44;    3317.19;    1224.86;    3340.62;    1206.22;    3331.56;    1194.83;    3308.13;    1213.46;       10;    0.78;   stop
   340;    3221.94;    1296.92;    3223.92;    1285.27;    3199.93;    1281.20;    3197.96;    1292.86;       10;    0.78;   move
   247;    1850.67;     866.54;    1858.94;     840.43;    1847.20;     836.71;    1838.93;     862.82;       10;    0.78;   stop
   164;    1980.98;    1336.95;    1994.81;    1336.93;    1994.77;    1305.68;    1980.94;    1305.69;       10;    0.78;   stop
   271;    1914.94;     937.08;    1926.87;     936.94;    1926.56;     910.73;    1914.63;     910.87;       10;    0.78;   stop
  2948;    2630.15;    1190.28;    2631.18;    1178.73;    2608.60;    1176.72;    2607.57;    1188.27;       10;    0.78;   move
   190;    1914.99;    1244.66;    1926.65;    1243.03;    1923.14;    1217.96;    1911.48;    1219.60;       10;    0.78;   stop
   144;    2438.21;    1349.80;    2438.45;    1336.07;    2410.17;    1335.57;    2409.93;    1349.30;       10;    0.78;   stop
   134;    2419.30;    1132.85;    2419.68;    1119.07;    2390.83;    1118.27;    2390.45;    1132.06;       10;    0.78;   move
    81;    2705.86;    1950.58;    2730.39;    1941.29;    2725.67;    1928.80;    2701.13;    1938.08;       10;    0.78;   stop
    74;    1480.32;      66.59;    1480.57;      53.80;    1451.43;      53.22;    1451.18;      66.01;       10;    0.78;   stop
    83;    1861.29;     965.99;    1875.48;     965.70;    1874.83;     933.01;    1860.64;     933.30;       10;    0.78;   stop
   345;    1876.58;     922.67;    1888.24;     922.09;    1887.01;     897.02;    1875.35;     897.59;       10;    0.78;   stop
   469;    2722.50;    1133.98;    2724.20;    1121.62;    2697.07;    1117.89;    2695.37;    1130.26;       10;    0.78;   stop
   130;    1906.59;    1675.12;    1907.40;    1662.14;    1881.19;    1660.51;    1880.38;    1673.49;       10;    0.78;   stop
   231;    1871.14;     807.58;    1884.61;     807.36;    1884.11;     777.55;    1870.64;     777.77;       10;    0.78;   stop
   270;    1974.15;     519.65;    1986.74;     518.66;    1984.35;     488.35;    1971.76;     489.34;       10;    0.78;   stop
   293;    1893.74;     928.92;    1907.60;     928.40;    1906.41;     896.40;    1892.55;     896.91;       10;    0.78;   stop
    12;    2952.49;    1672.57;    2962.42;    1645.23;    2949.54;    1640.55;    2939.62;    1667.90;       10;    0.78;   stop
   209;    1833.37;     579.70;    1847.93;     579.54;    1847.63;     550.93;    1833.07;     551.08;       10;    0.78;   stop
   210;    2099.99;    1201.90;    2100.13;    1190.12;    2078.26;    1189.85;    2078.12;    1201.63;       10;    0.78;   stop
   123;    3400.95;    1009.45;    3401.47;     996.95;    3375.30;     995.86;    3374.78;    1008.36;       10;    0.78;   stop
    71;    2903.04;    1143.93;    2905.65;    1131.43;    2878.53;    1125.76;    2875.91;    1138.25;       10;    0.78;   stop
   259;    2634.99;     633.16;    2662.20;     630.77;    2661.14;     618.69;    2633.93;     621.07;       10;    0.77;   stop
   234;    1985.15;     933.95;    1996.68;     933.57;    1995.85;     908.80;    1984.32;     909.18;       10;    0.77;   stop
   174;    2324.33;    1130.94;    2324.49;    1117.13;    2296.79;    1116.81;    2296.63;    1130.62;       10;    0.77;   move
    40;    1999.97;    1280.19;    2013.27;    1280.11;    2013.09;    1249.93;    1999.79;    1250.01;       10;    0.77;   stop
  2602;    3213.95;    1221.23;    3215.89;    1208.21;    3188.24;    1204.08;    3186.29;    1217.11;       10;    0.77;   move
  1526;    3122.87;    1418.58;    3135.43;    1392.53;    3122.76;    1386.42;    3110.19;    1412.47;       10;    0.77;   move
   135;    2736.18;    1937.78;    2763.00;    1926.32;    2757.10;    1912.53;    2730.28;    1923.99;       10;    0.77;   stop
   309;    1963.05;      30.41;    1963.14;       6.76;    1951.95;       6.72;    1951.86;      30.36;       10;    0.77;   stop
   276;    1974.88;     147.80;    1988.76;     147.51;    1988.12;     117.14;    1974.24;     117.43;       10;    0.77;   stop
    69;     746.42;    1224.36;     746.46;    1210.22;     720.41;    1210.14;     720.37;    1224.28;       10;    0.77;   stop
   226;     832.07;    1166.81;     832.50;    1154.94;     808.32;    1154.06;     807.90;    1165.94;       10;    0.77;   stop
   111;    3026.59;    1568.43;    3035.96;    1545.87;    3024.41;    1541.07;    3015.04;    1563.63;       10;    0.77;   stop
   165;    2016.87;    1594.55;    2018.38;    1565.10;    2005.76;    1564.45;    2004.24;    1593.90;       10;    0.77;   stop
   376;    3343.29;    1125.62;    3344.89;    1111.98;    3314.84;    1108.44;    3313.23;    1122.08;       10;    0.77;   stop
   159;    3309.69;    1167.51;    3314.60;    1155.18;    3287.50;    1144.37;    3282.58;    1156.69;       10;    0.77;   stop
    29;    3630.20;    1394.14;    3634.16;    1380.13;    3603.55;    1371.48;    3599.59;    1385.49;       10;    0.77;   move
   169;    2796.81;    1911.81;    2821.17;    1900.28;    2815.30;    1887.88;    2790.94;    1899.40;       10;    0.77;   stop
   299;    1822.71;     148.16;    1835.42;     147.32;    1833.73;     121.84;    1821.01;     122.68;       10;    0.77;   stop
   211;    1963.59;     750.63;    1976.88;     749.87;    1975.22;     720.87;    1961.93;     721.63;       10;    0.77;   move
     9;    1880.30;    1113.68;    1880.70;    1102.28;    1856.95;    1101.44;    1856.55;    1112.84;       10;    0.77;   move
   157;    2602.40;    1105.56;    2603.05;    1092.92;    2576.72;    1091.57;    2576.07;    1104.21;       10;    0.77;   stop
     5;    2572.07;    1184.98;    2573.15;    1171.77;    2547.43;    1169.65;    2546.35;    1182.86;       10;    0.77;   move
   145;    3257.54;    1060.62;    3273.79;    1037.88;    3262.77;    1030.00;    3246.52;    1052.74;       10;    0.77;   stop
  2205;    1982.40;    1720.87;    1986.28;    1688.33;    1973.10;    1686.76;    1969.22;    1719.29;       10;    0.77;   stop
   141;    1875.64;    1985.25;    1887.31;    1963.58;    1876.70;    1957.87;    1865.03;    1979.54;       10;    0.77;   stop
   180;    1409.45;      67.50;    1409.63;      54.42;    1379.43;      54.00;    1379.25;      67.08;       10;    0.77;   stop
   333;    1889.76;     722.35;    1902.29;     722.00;    1901.49;     694.02;    1888.96;     694.38;       10;    0.77;   stop
   346;    1911.45;     814.65;    1925.36;     814.39;    1924.80;     785.10;    1910.89;     785.36;       10;    0.77;   stop
    46;     775.17;    1210.48;     775.83;    1197.50;     748.27;    1196.08;     747.60;    1209.06;       10;    0.77;   stop
   107;    1521.42;    1075.39;    1522.30;    1062.76;    1496.96;    1060.99;    1496.08;    1073.61;       10;    0.77;   stop
   158;    3040.51;    1534.81;    3049.02;    1511.37;    3037.49;    1507.19;    3028.98;    1530.63;       10;    0.77;   stop
  1840;    1959.64;    1768.01;    1962.04;    1742.00;    1949.64;    1740.86;    1947.24;    1766.87;       10;    0.77;   move
   364;    1832.07;     401.44;    1843.80;     401.04;    1842.93;     375.93;    1831.20;     376.34;       10;    0.77;   stop
   294;    2598.33;     635.29;    2627.73;     633.35;    2626.92;     621.05;    2597.52;     622.99;       10;    0.77;   stop
   296;    2460.19;    1097.54;    2460.56;    1085.67;    2437.68;    1084.96;    2437.32;    1096.83;       10;    0.77;   stop
    78;    2595.62;    1219.41;    2596.39;    1207.59;    2573.38;    1206.09;    2572.61;    1217.91;       10;    0.77;   stop
   273;    2051.60;    1201.35;    2075.70;    1201.26;    2075.65;    1189.28;    2051.55;    1189.36;       10;    0.77;   stop
   286;    3227.53;    1026.41;    3249.01;    1009.32;    3241.22;     999.53;    3219.74;    1016.62;       10;    0.77;   stop
   181;    1887.75;     686.55;    1902.12;     686.11;    1901.25;     657.82;    1886.88;     658.26;       10;    0.77;   stop
   339;    1820.74;      61.58;    1834.30;      61.10;    1833.26;      31.80;    1819.70;      32.28;       10;    0.77;   stop
  2170;    1697.80;    1141.48;    1698.72;    1127.79;    1679.65;    1126.52;    1678.74;    1140.21;       10;    0.77;   stop
   260;    2329.39;    1211.29;    2329.75;    1198.11;    2301.86;    1197.34;    2301.50;    1210.52;       10;    0.77;   stop
   238;    2781.82;    1363.89;    2783.20;    1350.34;    2753.93;    1347.36;    2752.55;    1360.91;       10;    0.77;   stop
  2244;    3121.77;    1203.23;    3124.67;    1191.01;    3097.61;    1184.59;    3094.70;    1196.80;       10;    0.77;   stop
   152;    1850.15;    2013.27;    1862.84;    1985.83;    1851.29;    1980.48;    1838.60;    2007.92;       10;    0.77;   stop
   117;     520.42;    1051.94;     520.57;    1039.94;     495.83;    1039.62;     495.68;    1051.62;       10;    0.76;   stop
  1137;    2737.70;    1155.10;    2739.33;    1141.36;    2708.05;    1137.65;    2706.42;    1151.39;       10;    0.76;   stop
   361;    2441.75;    1213.91;    2441.85;    1200.56;    2413.38;    1200.34;    2413.27;    1213.69;       10;    0.76;   stop
   179;    2669.13;    1328.10;    2669.84;    1316.04;    2643.87;    1314.52;    2643.16;    1326.59;       10;    0.76;   stop
   206;    2870.44;    1869.93;    2891.04;    1855.98;    2883.23;    1844.45;    2862.63;    1858.39;       10;    0.76;   stop
   239;    1978.19;     184.11;    1991.12;     183.02;    1988.56;     152.82;    1975.63;     153.92;       10;    0.76;   stop
   241;    1145.72;    1177.68;    1146.87;    1163.63;    1119.28;    1161.38;    1118.13;    1175.43;       10;    0.76;   stop
   255;    1837.54;     792.69;    1850.55;     792.52;    1850.21;     766.00;    1837.20;     766.16;       10;    0.76;   stop
  1235;    1732.92;    1141.61;    1733.25;    1128.28;    1702.83;    1127.51;    1702.50;    1140.84;       10;    0.76;   stop
   249;    2042.56;    1121.48;    2042.95;    1109.08;    2017.19;    1108.27;    2016.80;    1120.67;       10;    0.76;   move
   290;    1826.47;     310.48;    1837.96;     309.78;    1836.53;     286.34;    1825.04;     287.04;       10;    0.76;   stop
   224;     900.42;    1061.06;     900.78;    1049.06;     876.52;    1048.32;     876.15;    1060.31;       10;    0.76;   stop
   265;    2548.39;    1076.76;    2560.42;    1074.42;    2555.36;    1048.37;    2543.33;    1050.70;       10;    0.76;   stop
   362;    3125.22;    1371.61;    3136.22;    1344.31;    3122.28;    1338.70;    3111.28;    1366.00;       10;    0.76;   stop
   113;    1680.96;     645.25;    1681.95;     632.66;    1654.67;     630.50;    1653.67;     643.09;       10;    0.76;   stop
   240;    1875.34;     886.72;    1886.74;     886.22;    1885.72;     862.66;    1874.32;     863.15;       10;    0.76;   stop
    30;    2599.67;    1139.32;    2601.16;    1127.30;    2576.08;    1124.18;    2574.59;    1136.20;       10;    0.76;   stop
   302;    2330.41;    1187.57;    2355.11;    1187.02;    2354.84;    1174.93;    2330.14;    1175.48;       10;    0.76;   move
   341;    1441.63;    1188.89;    1465.60;    1188.44;    1465.37;    1175.86;    1441.40;    1176.31;       10;    0.76;   stop
   184;    1175.89;    1068.39;    1176.44;    1055.60;    1150.61;    1054.49;    1150.06;    1067.28;       10;    0.76;   stop
   358;    1579.94;    1191.90;    1606.32;    1191.37;    1606.06;    1178.47;    1579.68;    1179.00;       10;    0.76;   stop
    91;     856.07;    1616.79;     856.78;    1604.35;     832.42;    1602.96;     831.71;    1615.40;       10;    0.76;   stop
   227;    1778.73;    1115.92;    1779.07;    1103.25;    1754.24;    1102.58;    1753.90;    1115.25;       10;    0.76;   move
  2017;    3306.51;    1297.84;    3309.22;    1285.27;    3285.05;    1280.05;    3282.34;    1292.63;       10;    0.76;   move
   280;    1837.28;     760.76;    1850.23;     760.30;    1849.35;     735.49;    1836.39;     735.95;       10;    0.76;   stop
   124;     829.13;    1615.99;     829.67;    1604.86;     807.32;    1603.76;     806.78;    1614.89;       10;    0.76;   stop
   214;    3254.93;    1004.28;    3273.17;     984.76;    3263.50;     975.72;    3245.26;     995.24;       10;    0.76;   stop
   292;    1830.55;     371.22;    1843.02;     370.24;    1841.08;     345.41;    1828.60;     346.39;       10;    0.75;   stop
   173;    1958.42;     947.91;    1971.26;     946.55;    1968.58;     921.27;    1955.74;     922.64;       10;    0.75;   move
   306;    3278.57;     980.28;    3295.91;     956.05;    3284.87;     948.15;    3267.53;     972.38;       10;    0.75;   stop
   355;    1835.79;     113.10;    1849.46;     112.68;    1848.58;      84.34;    1834.91;      84.76;       10;    0.75;   stop
   300;    1972.63;     598.54;    1986.16;     598.12;    1985.12;     564.71;    1971.59;     565.13;       10;    0.75;   stop
   178;    2768.37;    1924.55;    2794.76;    1912.85;    2788.75;    1899.32;    2762.37;    1911.02;       10;    0.75;   stop
   320;    1977.22;      42.83;    1980.77;      12.79;    1967.03;      11.17;    1963.48;      41.21;       10;    0.75;   stop
   128;     713.15;    1057.82;     713.41;    1045.55;     687.48;    1044.99;     687.21;    1057.26;       10;    0.75;   stop
   230;    2012.87;    1324.29;    2013.12;    1297.08;    2000.75;    1296.96;    2000.50;    1324.17;       10;    0.75;   stop
   175;    3189.47;    1040.00;    3217.50;    1031.59;    3213.65;    1018.75;    3185.62;    1027.16;       10;    0.75;   stop
   330;    3143.18;    1424.45;    3154.74;    1399.72;    3141.82;    1393.67;    3130.26;    1418.41;       10;    0.75;   stop
  1513;    1995.33;    1498.77;    1995.59;    1466.86;    1980.42;    1466.73;    1980.16;    1498.64;       10;    0.75;   stop
   378;    2394.98;    1348.33;    2395.17;    1335.18;    2369.02;    1334.79;    2368.83;    1347.95;       10;    0.75;   stop
  1978;    1990.83;    1582.01;    1991.46;    1557.06;    1978.92;    1556.74;    1978.29;    1581.69;       10;    0.75;   stop
    79;    2689.21;    1133.14;    2690.99;    1119.51;    2662.04;    1115.74;    2660.26;    1129.36;       10;    0.75;   stop
   410;    2204.18;    1091.56;    2204.43;    1079.03;    2181.26;    1078.57;    2181.01;    1091.10;       10;    0.75;   stop
   366;    2374.51;    1211.65;    2374.65;    1198.41;    2345.61;    1198.10;    2345.47;    1211.34;       10;    0.75;   stop
  1189;    2950.21;    1170.73;    2953.03;    1156.71;    2922.29;    1150.52;    2919.47;    1164.54;       10;    0.75;   stop
  2587;    2008.98;    1665.88;    2014.67;    1654.09;    1991.14;    1642.74;    1985.45;    1654.54;       10;    0.75;   stop
   246;     794.44;    1217.83;     795.20;    1192.28;     782.95;    1191.92;     782.19;    1217.47;       10;    0.74;   stop
   295;    2678.71;     669.95;    2703.38;     669.04;    2702.91;     656.43;    2678.25;     657.34;       10;    0.74;   stop
    89;    2462.99;    1113.62;    2463.37;    1101.13;    2438.26;    1100.38;    2437.88;    1112.87;       10;    0.74;   stop
  2660;    3541.97;    1411.85;    3559.95;    1389.28;    3548.34;    1380.03;    3530.36;    1402.60;       10;    0.74;   stop
   101;      14.69;    1069.49;      47.76;    1065.09;      45.78;    1050.19;      12.70;    1054.60;       10;    0.74;   stop
   131;    1991.12;    1769.22;    1994.85;    1742.41;    1983.13;    1740.78;    1979.40;    1767.59;       10;    0.74;   stop
  1609;    1890.39;    2005.68;    1903.23;    1976.95;    1890.36;    1971.20;    1877.52;    1999.92;       10;    0.74;   move
   205;    2692.54;    2077.12;    2704.38;    2071.90;    2692.46;    2044.88;    2680.62;    2050.10;       10;    0.74;   stop
   311;    1475.32;    1075.18;    1475.68;    1063.03;    1451.93;    1062.32;    1451.57;    1074.47;       10;    0.74;   stop
   118;    2309.93;    1175.96;    2310.44;    1162.84;    2283.07;    1161.79;    2282.56;    1174.91;       10;    0.74;   move
   367;    2695.95;    1357.77;    2696.44;    1345.54;    2669.92;    1344.48;    2669.43;    1356.71;       10;    0.74;   stop
   418;    3238.38;    1094.27;    3256.08;    1063.08;    3242.56;    1055.41;    3224.86;    1086.60;       10;    0.74;   stop
    73;    1754.26;    1632.38;    1755.28;    1619.82;    1729.77;    1617.74;    1728.75;    1630.30;       10;    0.74;   stop
   291;    1974.60;      79.24;    1987.15;      79.03;    1986.72;      52.39;    1974.17;      52.59;       10;    0.74;   stop
   352;    1604.36;    1076.54;    1604.86;    1064.20;    1580.52;    1063.21;    1580.01;    1075.55;       10;    0.74;   stop
   357;    1228.76;    1068.53;    1229.34;    1055.70;    1199.56;    1054.35;    1198.97;    1067.18;       10;    0.74;   stop
   441;    1920.69;    1278.59;    1933.18;    1276.79;    1929.06;    1248.16;    1916.57;    1249.96;       10;    0.74;   stop
   455;    2339.84;    1094.66;    2340.38;    1082.20;    2315.04;    1081.09;    2314.49;    1093.55;       10;    0.74;   stop
   709;    1905.42;     721.56;    1919.57;     720.58;    1917.33;     688.07;    1903.18;     689.05;       10;    0.74;   stop
    52;     497.18;    1600.28;     498.03;    1587.14;     470.32;    1585.35;     469.47;    1598.49;       10;    0.74;   stop
   253;    2471.57;    1697.56;    2474.65;    1665.22;    2461.18;    1663.94;    2458.10;    1696.28;       10;    0.74;   stop
   356;    1547.33;    1041.08;    1550.85;    1012.73;    1536.29;    1010.92;    1532.77;    1039.27;       10;    0.74;   stop
   396;    1499.74;    1188.98;    1500.16;    1176.59;    1475.88;    1175.77;    1475.46;    1188.16;       10;    0.74;   stop
    34;    1976.35;    1033.42;    1987.95;    1030.37;    1981.58;    1006.20;    1969.99;    1009.25;       10;    0.74;   move
    63;    1225.21;    1816.54;    1225.56;    1793.76;    1214.35;    1793.59;    1214.00;    1816.37;       10;    0.74;   stop
   219;    1926.29;     164.48;    1940.88;     163.65;    1939.21;     134.20;    1924.62;     135.03;       10;    0.73;   move
   305;    2552.03;    1042.36;    2552.05;    1018.65;    2540.47;    1018.64;    2540.45;    1042.35;       10;    0.73;   stop
    38;    2567.54;    1122.29;    2568.08;    1109.67;    2542.96;    1108.59;    2542.42;    1121.21;       10;    0.73;   stop
   250;    2491.87;    1411.05;    2493.70;    1384.29;    2481.38;    1383.45;    2479.55;    1410.21;       10;    0.73;   stop
  2512;    1238.87;    1621.97;    1239.30;    1609.88;    1215.32;    1609.03;    1214.89;    1621.12;       10;    0.73;   move
   308;    1964.41;    1919.01;    1974.03;    1892.43;    1961.75;    1887.99;    1952.13;    1914.57;       10;    0.73;   stop
   347;    1993.39;     862.57;    2005.17;     862.51;    2005.04;     838.43;    1993.27;     838.49;       10;    0.73;   stop
  3057;    3605.93;    1340.55;    3609.85;    1326.12;    3578.13;    1317.50;    3574.21;    1331.93;       10;    0.73;   move
   365;    1987.28;     502.39;    1999.39;     501.56;    1997.65;     476.36;    1985.55;     477.19;       10;    0.73;   stop
   301;     428.16;    1051.08;     452.82;    1050.68;     452.63;    1038.61;     427.96;    1039.01;       10;    0.73;   stop
   317;     649.17;    1056.43;     649.37;    1043.07;     621.15;    1042.64;     620.94;    1055.99;       10;    0.73;   stop
   500;     814.18;    1054.11;     814.22;    1042.96;     792.18;    1042.89;     792.14;    1054.04;       10;    0.73;   stop
   434;    1261.20;    1068.20;    1261.89;    1056.06;    1237.43;    1054.67;    1236.74;    1066.81;       10;    0.73;   stop
   258;     775.69;    1227.19;     776.26;    1214.09;     749.17;    1212.93;     748.61;    1226.03;       10;    0.73;   stop
   462;    2099.06;    1348.43;    2125.65;    1345.47;    2124.19;    1332.44;    2097.60;    1335.40;       10;    0.73;   stop
   394;    1819.89;     117.93;    1833.60;     117.42;    1832.61;      90.76;    1818.90;      91.26;       10;    0.73;   stop
  2278;    1879.39;     550.15;    1879.43;     502.86;    1861.23;     502.85;    1861.20;     550.14;        9;    0.73;   stop
   423;     983.97;    1177.10;     985.37;    1166.78;     965.10;    1164.02;     963.69;    1174.35;       10;    0.73;   stop
   342;    2266.67;    1209.58;    2289.27;    1209.46;    2289.21;    1196.79;    2266.60;    1196.91;       10;    0.72;   stop
   142;    2681.05;    2047.55;    2692.40;    2042.33;    2680.10;    2015.58;    2668.75;    2020.80;       10;    0.72;   stop
   327;     379.96;    1045.90;     380.78;    1033.34;     354.10;    1031.60;     353.28;    1044.16;       10;    0.72;   stop
   397;    3524.21;    1043.38;    3555.42;    1042.16;    3554.85;    1027.55;    3523.64;    1028.78;       10;    0.72;   stop
   252;    2004.14;    1624.51;    2005.76;    1597.07;    1993.74;    1596.36;    1992.12;    1623.80;       10;    0.72;   stop
   283;    2437.58;    1767.11;    2439.90;    1738.34;    2426.55;    1737.26;    2424.23;    1766.03;       10;    0.72;   stop
   420;    1847.24;     485.97;    1859.20;     485.44;    1858.14;     461.28;    1846.17;     461.81;       10;    0.72;   stop
   335;     385.98;    1047.18;     409.06;    1047.10;     409.02;    1035.01;     385.94;    1035.09;       10;    0.72;   stop
   282;     563.09;    1064.73;     566.12;    1051.86;     539.41;    1045.59;     536.38;    1058.45;       10;    0.72;   stop
   625;    1981.26;    1413.92;    1994.58;    1413.88;    1994.49;    1383.96;    1981.17;    1384.00;       10;    0.72;   stop
   197;    2899.04;    1855.25;    2923.95;    1832.17;    2911.58;    1818.82;    2886.67;    1841.89;        9;    0.72;   stop
   325;     999.71;     679.11;    1000.83;     665.35;     972.13;     663.02;     971.01;     676.77;       10;    0.72;   stop
   414;    1823.21;      24.59;    1834.91;      23.09;    1831.82;      -0.97;    1820.12;       0.53;       10;    0.72;   stop
    86;      58.72;    1061.93;      88.10;    1060.57;      87.53;    1048.38;      58.15;    1049.74;       10;    0.72;   stop
   380;     333.13;    1146.59;     333.47;    1133.05;     309.99;    1132.47;     309.66;    1146.02;       10;    0.72;   stop
   359;    3467.89;    1044.58;    3468.00;    1032.19;    3443.36;    1031.98;    3443.25;    1044.38;       10;    0.72;   stop
   385;    2457.76;    1906.25;    2459.74;    1876.95;    2445.74;    1876.00;    2443.76;    1905.30;       10;    0.72;   stop
   400;    1102.62;     685.23;    1103.68;     673.00;    1073.70;     670.40;    1072.63;     682.62;       10;    0.71;   stop
  2943;     351.41;    1119.59;     351.51;    1106.23;     324.06;    1106.04;     323.96;    1119.40;       10;    0.71;   move
   337;    2459.66;    1321.80;    2459.77;    1308.67;    2432.59;    1308.45;    2432.48;    1321.58;       10;    0.71;   stop
    72;     801.21;    1615.88;     801.55;    1604.17;     778.48;    1603.50;     778.13;    1615.20;       10;    0.71;   stop
   417;    1867.00;    1340.30;    1877.45;    1340.04;    1876.90;    1318.07;    1866.46;    1318.33;       10;    0.71;   stop
   203;     617.55;    1607.45;     618.48;    1593.23;     589.01;    1591.30;     588.08;    1605.52;       10;    0.71;   stop
   472;     918.32;    1582.23;     918.77;    1570.93;     895.46;    1570.02;     895.02;    1581.32;       10;    0.71;   stop
   268;     886.30;    1620.48;     886.98;    1607.34;     861.67;    1606.02;     860.98;    1619.16;       10;    0.71;   stop
   437;    3260.70;    1094.38;    3273.48;    1071.92;    3262.43;    1065.62;    3249.64;    1088.08;       10;    0.71;   stop
   244;    2466.97;    1773.15;    2468.45;    1744.26;    2455.66;    1743.60;    2454.17;    1772.49;       10;    0.71;   stop
   146;     638.94;    1572.73;     639.50;    1559.68;     612.63;    1558.52;     612.07;    1571.57;       10;    0.71;   stop
   406;    2571.38;    1997.75;    2600.77;    1986.63;    2595.38;    1972.37;    2565.98;    1983.50;       10;    0.71;   stop
   416;    1402.96;    1188.74;    1431.13;    1185.89;    1429.79;    1172.63;    1401.62;    1175.49;       10;    0.71;   stop
   279;    1803.86;    2112.76;    1821.00;    2080.63;    1807.39;    2073.36;    1790.25;    2105.50;        9;    0.71;   stop
   562;    2971.74;    1767.00;    2986.25;    1742.74;    2973.51;    1735.12;    2959.00;    1759.38;       10;    0.70;   stop
   442;    2621.45;    1921.40;    2626.94;    1907.65;    2597.05;    1895.73;    2591.56;    1909.47;       10;    0.70;   stop
   381;     797.19;    1217.37;     810.23;    1217.13;     809.73;    1190.13;     796.70;    1190.37;       10;    0.70;   stop
   332;    2312.61;    2118.52;    2342.37;    2106.18;    2336.64;    2092.36;    2306.88;    2104.70;       10;    0.70;   stop
   466;    2341.48;     642.30;    2367.09;     640.53;    2366.27;     628.67;    2340.66;     630.44;       10;    0.70;   stop
   409;    2531.77;     746.32;    2544.79;     745.90;    2543.85;     716.74;    2530.83;     717.16;       10;    0.70;   stop
   281;    3075.23;    1266.85;    3077.45;    1254.16;    3052.27;    1249.77;    3050.05;    1262.46;       10;    0.70;   move
   155;    1048.27;     683.83;    1049.68;     670.58;    1023.60;     667.81;    1022.20;     681.06;       10;    0.70;   stop
   344;    2469.29;    1731.77;    2471.48;    1706.18;    2458.96;    1705.11;    2456.77;    1730.70;       10;    0.70;   stop
   348;    3494.36;    1007.16;    3522.33;    1006.19;    3521.89;     993.47;    3493.92;     994.43;       10;    0.70;   stop
   368;    3172.91;    1434.53;    3178.14;    1422.43;    3153.34;    1411.72;    3148.11;    1423.82;       10;    0.70;   stop
   298;    3164.22;    1455.47;    3169.14;    1442.86;    3141.41;    1432.03;    3136.49;    1444.64;       10;    0.70;   stop
   683;    1929.25;    1389.42;    1942.63;    1387.67;    1938.50;    1356.14;    1925.12;    1357.89;       10;    0.70;   stop
   422;    1029.75;    1174.50;    1029.86;    1162.32;    1007.62;    1162.13;    1007.52;    1174.31;       10;    0.69;   stop
   436;    3489.42;    1043.14;    3518.42;    1043.07;    3518.39;    1029.67;    3489.39;    1029.74;       10;    0.69;   stop
   429;    1928.51;    1807.06;    1934.06;    1781.14;    1920.86;    1778.31;    1915.31;    1804.23;       10;    0.69;   stop
   334;     518.59;    1015.27;     534.14;    1014.31;     532.35;     985.36;     516.80;     986.32;       10;    0.69;   stop
   149;     600.54;    1572.02;     601.28;    1559.00;     572.27;    1557.35;     571.53;    1570.37;       10;    0.69;   stop
   461;    1543.37;    1191.55;    1571.03;    1190.77;    1570.63;    1176.57;    1542.97;    1177.36;       10;    0.69;   stop
   404;    1933.22;    1433.02;    1947.83;    1431.23;    1943.15;    1392.98;    1928.55;    1394.77;        9;    0.69;   stop
   319;     706.52;    1194.79;     706.70;    1168.74;     693.17;    1168.64;     692.99;    1194.70;       10;    0.69;   stop
   177;    1225.78;    1788.23;    1226.24;    1762.48;    1214.34;    1762.27;    1213.89;    1788.02;       10;    0.69;   stop
   401;     143.60;    1142.16;     170.91;    1140.85;     170.22;    1126.59;     142.92;    1127.90;       10;    0.68;   stop
  2734;    2409.87;     638.95;    2434.43;     638.11;    2434.01;     625.83;    2409.45;     626.67;       10;    0.68;   stop
   427;    2528.53;     613.65;    2540.21;     613.16;    2539.22;     589.26;    2527.54;     589.74;       10;    0.68;   stop
   428;    3158.96;    1080.09;    3173.66;    1074.75;    3162.61;    1044.29;    3147.90;    1049.63;       10;    0.68;   stop
   331;    2998.82;    1732.05;    3008.96;    1708.09;    2995.93;    1702.58;    2985.79;    1726.54;       10;    0.68;   stop
   544;       8.47;    1068.46;       8.55;    1055.98;      -0.84;    1055.92;      -0.92;    1068.40;       10;    0.68;   stop
   489;    2534.72;     790.31;    2546.61;     790.28;    2546.53;     765.56;    2534.64;     765.60;       10;    0.68;   stop
   338;    3430.71;    1008.36;    3457.66;    1007.11;    3457.10;     995.08;    3430.15;     996.33;       10;    0.68;   stop
   617;    2681.96;    1230.34;    2683.16;    1214.49;    2648.40;    1211.85;    2647.20;    1227.70;        9;    0.68;   stop
   168;    1832.24;    1669.92;    1833.89;    1656.84;    1805.91;    1653.33;    1804.27;    1666.41;       10;    0.68;   stop
   390;    2363.68;    2032.04;    2370.32;    2019.72;    2344.07;    2005.59;    2337.43;    2017.91;       10;    0.68;   stop
   492;    2534.74;     889.52;    2547.03;     889.28;    2546.51;     863.23;    2534.22;     863.47;       10;    0.68;   stop
   426;    2529.33;     582.34;    2540.98;     582.17;    2540.67;     560.10;    2529.02;     560.26;       10;    0.68;   stop
   243;     802.35;    1936.43;     814.88;    1936.15;     814.28;    1908.82;     801.75;    1909.10;       10;    0.68;   stop
   495;    3737.08;    1453.79;    3740.62;    1440.12;    3710.42;    1432.30;    3706.88;    1445.97;       10;    0.68;   stop
   267;     553.03;    1568.71;     553.48;    1556.01;     526.03;    1555.04;     525.58;    1567.74;       10;    0.68;   stop
   323;    2803.88;    1244.66;    2806.45;    1229.00;    2773.49;    1223.59;    2770.92;    1239.25;        9;    0.67;   stop
   537;    2440.62;    1554.07;    2453.08;    1553.91;    2452.76;    1528.43;    2440.30;    1528.59;       10;    0.67;   stop
   650;    1917.18;    1878.00;    1930.71;    1837.59;    1914.75;    1832.25;    1901.23;    1872.66;        9;    0.67;   stop
   513;    1827.18;     343.88;    1840.95;     343.61;    1840.32;     311.99;    1826.55;     312.27;       10;    0.67;   stop
   384;    3040.83;    1641.44;    3049.75;    1616.57;    3037.17;    1612.06;    3028.25;    1636.93;       10;    0.67;   stop
   467;    2542.57;     709.95;    2542.59;     684.50;    2530.80;     684.49;    2530.78;     709.94;       10;    0.67;   stop
   389;    3564.52;    1041.35;    3591.89;    1040.33;    3591.42;    1027.71;    3564.05;    1028.73;       10;    0.67;   stop
   318;      27.99;    1155.38;      32.30;    1143.09;       6.37;    1133.99;       2.06;    1146.28;       10;    0.67;   stop
   488;    2685.72;     629.93;    2708.60;     629.24;    2708.28;     618.54;    2685.40;     619.23;       10;    0.67;   stop
   435;    1847.25;     990.12;    1858.96;     989.91;    1858.50;     964.01;    1846.79;     964.21;       10;    0.66;   stop
   479;    3244.98;    1121.98;    3258.15;    1097.96;    3246.27;    1091.45;    3233.10;    1115.47;       10;    0.66;   stop
   371;    3220.07;    1125.06;    3234.05;    1100.09;    3221.49;    1093.06;    3207.52;    1118.04;       10;    0.66;   stop
   382;    2847.23;     625.85;    2873.82;     624.04;    2873.02;     612.21;    2846.43;     614.02;       10;    0.66;   stop
   456;    3359.85;     959.50;    3368.42;     935.62;    3355.46;     930.97;    3346.89;     954.85;       10;    0.66;   stop
   553;    2533.34;    1957.87;    2542.48;    1947.04;    2519.78;    1927.88;    2510.64;    1938.71;       10;    0.66;   stop
   583;    1820.86;      92.77;    1832.43;      92.53;    1832.01;      72.60;    1820.45;      72.84;       10;    0.66;   stop
   439;    1830.83;     238.58;    1831.72;     215.82;    1819.99;     215.36;    1819.09;     238.12;       10;    0.66;   stop
   508;    2106.14;     647.77;    2131.31;     645.49;    2130.24;     633.60;    2105.06;     635.88;       10;    0.66;   stop
   289;    2666.21;    2016.76;    2678.07;    2011.53;    2666.96;    1986.36;    2655.10;    1991.59;       10;    0.66;   stop
   478;    1327.59;      70.32;    1358.13;      69.60;    1357.78;      54.56;    1327.24;      55.27;       10;    0.66;   stop
   521;    2467.66;    2056.55;    2493.99;    2046.08;    2488.72;    2032.83;    2462.39;    2043.30;       10;    0.66;   stop
   465;    2373.74;     641.25;    2397.76;     639.66;    2397.01;     628.31;    2372.99;     629.90;       10;    0.65;   stop
   374;    1347.92;    1609.56;    1348.17;    1597.19;    1323.96;    1596.69;    1323.70;    1609.06;       10;    0.65;   stop
   353;    2518.41;    1060.88;    2518.99;    1036.42;    2506.59;    1036.12;    2506.01;    1060.58;       10;    0.65;   stop
   493;    3229.25;    1149.59;    3243.19;    1125.70;    3232.00;    1119.16;    3218.06;    1143.05;       10;    0.65;   stop
   444;    2171.90;    1203.84;    2172.19;    1191.90;    2147.17;    1191.29;    2146.87;    1203.22;       10;    0.65;   stop
   349;    2463.70;    1804.93;    2464.95;    1779.90;    2453.30;    1779.32;    2452.05;    1804.35;       10;    0.65;   stop
   262;    2165.34;    2119.91;    2172.94;    2107.30;    2145.84;    2090.97;    2138.25;    2103.57;       10;    0.65;   stop
   403;    1776.96;    1086.91;    1813.14;    1081.37;    1810.67;    1065.22;    1774.49;    1070.76;        9;    0.64;   stop
  3080;    2865.10;     220.37;    2894.38;     218.21;    2893.40;     204.88;    2864.12;     207.04;       10;    0.64;   stop
   263;     872.72;    1028.28;     873.11;    1001.42;     859.78;    1001.22;     859.39;    1028.08;       10;    0.64;   stop
   419;    3098.13;    1510.60;    3106.48;    1487.27;    3094.62;    1483.02;    3086.27;    1506.36;       10;    0.64;   stop
   166;     237.79;    1540.83;     238.98;    1529.31;     213.38;    1526.67;     212.19;    1538.19;       10;    0.64;   stop
   303;     585.67;    1604.23;     586.37;    1592.15;     562.77;    1590.77;     562.06;    1602.85;       10;    0.64;   stop
   438;    2124.93;    2135.49;    2133.08;    2124.53;    2110.88;    2108.01;    2102.73;    2118.97;       10;    0.64;   stop
   386;    1247.86;      68.86;    1279.56;      68.64;    1279.45;      53.21;    1247.76;      53.42;       10;    0.64;   stop
   501;    2751.99;     628.82;    2777.70;     627.39;    2777.01;     614.87;    2751.30;     616.30;       10;    0.64;   stop
   324;     849.50;    1933.78;     862.93;    1933.49;     862.37;    1908.09;     848.95;    1908.39;       10;    0.64;   stop
   195;    2711.92;    2119.65;    2725.24;    2112.86;    2710.20;    2083.35;    2696.89;    2090.14;       10;    0.64;   stop
  2878;     510.14;    1122.81;     510.44;    1108.16;     478.92;    1107.50;     478.62;    1122.16;       10;    0.64;   move
   452;     172.59;    1141.68;     198.29;    1140.61;     197.72;    1127.07;     172.02;    1128.14;       10;    0.63;   stop
   274;     726.32;    1612.17;     726.93;    1599.00;     701.49;    1597.83;     700.89;    1611.00;       10;    0.63;   stop
   375;    3472.42;     691.66;    3484.45;     664.11;    3470.71;     658.11;    3458.68;     685.65;       10;    0.63;   stop
   413;    2795.27;    1971.12;    2807.62;    1963.61;    2791.06;    1936.38;    2778.71;    1943.89;       10;    0.63;   stop
   497;    1683.54;    1193.24;    1685.62;    1180.32;    1658.84;    1176.01;    1656.76;    1188.93;       10;    0.63;   stop
   556;    3005.87;    1478.50;    3018.78;    1449.81;    3007.25;    1444.62;    2994.35;    1473.32;       10;    0.63;   stop
   638;    2485.76;    1489.43;    2488.51;    1466.13;    2477.37;    1464.82;    2474.62;    1488.12;       10;    0.63;   stop
   509;     246.08;    1144.03;     246.24;    1129.72;     219.86;    1129.41;     219.70;    1143.72;       10;    0.63;   stop
   360;    1795.03;    1634.99;    1796.41;    1622.70;    1768.87;    1619.63;    1767.50;    1631.92;       10;    0.63;   stop
   524;    2537.07;     924.81;    2550.45;     924.51;    2549.81;     896.00;    2536.42;     896.31;       10;    0.62;   stop
   560;    3405.01;     849.50;    3416.77;     823.02;    3404.06;     817.37;    3392.29;     843.85;       10;    0.62;   stop
   491;    2334.24;    1347.31;    2360.35;    1346.69;    2360.01;    1332.44;    2333.90;    1333.06;       10;    0.62;   stop
  1500;    3083.25;    1193.66;    3085.97;    1179.69;    3053.25;    1173.34;    3050.53;    1187.31;       10;    0.62;   stop
  1372;      -0.01;    1086.50;      16.38;    1085.81;      15.79;    1071.63;      -0.60;    1072.31;       10;    0.62;   stop
   398;     669.68;    1574.99;     670.79;    1562.20;     645.63;    1560.01;     644.52;    1572.80;       10;    0.62;   stop
   559;     727.06;    1611.47;     727.51;    1597.26;     720.17;    1597.03;     719.73;    1611.24;       10;    0.62;   stop
   564;    2555.17;    1947.13;    2563.35;    1935.70;    2540.71;    1919.49;    2532.52;    1930.93;       10;    0.62;   stop
   297;     816.95;    1937.43;     829.93;    1937.42;     829.91;    1911.19;     816.93;    1911.20;       10;    0.61;   stop
   995;    1763.73;    1141.10;    1764.00;    1130.80;    1743.65;    1130.27;    1743.38;    1140.57;       10;    0.61;   stop
   624;    3576.00;    1283.92;    3592.39;    1283.29;    3591.19;    1252.02;    3574.80;    1252.65;       10;    0.61;   stop
   393;    2264.75;    2075.81;    2272.16;    2063.33;    2243.31;    2046.19;    2235.90;    2058.67;       10;    0.61;   stop
   251;    1223.89;    1849.50;    1225.32;    1823.18;    1212.86;    1822.50;    1211.43;    1848.82;       10;    0.61;   stop
   460;    1967.94;    2086.74;    1968.88;    2057.08;    1954.84;    2056.64;    1953.91;    2086.30;       10;    0.61;   stop
   536;     792.25;    1580.32;     793.05;    1569.00;     770.58;    1567.43;     769.79;    1578.75;       10;    0.61;   stop
   405;    3150.88;    1152.60;    3165.57;    1127.80;    3153.81;    1120.83;    3139.12;    1145.64;       10;    0.61;   stop
   580;    2141.72;     649.09;    2167.32;     645.22;    2165.53;     633.41;    2139.93;     637.28;       10;    0.60;   stop
   411;    3574.84;    1246.35;    3588.79;    1245.27;    3586.72;    1218.34;    3572.77;    1219.41;       10;    0.60;   stop
   570;    2461.15;    1871.41;    2462.23;    1842.75;    2447.97;    1842.21;    2446.90;    1870.88;       10;    0.60;   stop
   545;    1484.15;     920.97;    1485.26;     908.35;    1458.85;     906.03;    1457.74;     918.65;       10;    0.60;   stop
   527;    3395.33;     876.59;    3405.05;     850.38;    3392.17;     845.60;    3382.45;     871.81;       10;    0.60;   stop
   535;     836.90;     996.18;     837.28;     984.66;     811.79;     983.82;     811.41;     995.34;       10;    0.60;   stop
   392;    2473.33;    1660.93;    2475.06;    1636.17;    2462.80;    1635.32;    2461.07;    1660.08;       10;    0.60;   stop
   520;    2383.02;    2021.17;    2389.67;    2008.44;    2364.11;    1995.08;    2357.45;    2007.81;       10;    0.60;   stop
   540;    2593.95;    1929.31;    2601.51;    1918.29;    2578.43;    1902.44;    2570.86;    1913.46;       10;    0.60;   stop
   448;    1972.18;    2089.67;    1986.98;    2089.62;    1986.89;    2060.46;    1972.09;    2060.50;       10;    0.59;   stop
   457;    2788.36;    1842.50;    2795.46;    1830.93;    2770.55;    1815.63;    2763.44;    1827.20;       10;    0.59;   stop
   407;    2528.26;     143.78;    2528.66;     117.98;    2515.86;     117.78;    2515.47;     143.58;       10;    0.59;   stop
   468;    1914.93;    1008.54;    1928.56;    1008.30;    1928.07;     980.46;    1914.44;     980.70;       10;    0.59;   stop
   581;    1381.73;    1069.08;    1382.58;    1057.74;    1359.89;    1056.05;    1359.05;    1067.39;       10;    0.59;   stop
   215;    2697.01;    1150.52;    2698.26;    1137.22;    2667.74;    1134.35;    2666.49;    1147.66;       10;    0.59;   stop
   602;    3204.83;    1147.91;    3219.49;    1123.16;    3207.67;    1116.15;    3193.01;    1140.91;       10;    0.59;   stop
   433;     832.97;    1937.36;     847.12;    1937.31;     847.03;    1909.20;     832.88;    1909.25;       10;    0.59;   stop
   547;    1841.19;     254.43;    1841.41;     235.06;    1830.72;     234.94;    1830.50;     254.31;       10;    0.59;   stop
   369;    2768.08;    1857.25;    2779.19;    1847.64;    2757.54;    1822.62;    2746.44;    1832.24;       10;    0.59;   stop
   454;    1382.22;    1611.84;    1383.61;    1599.53;    1358.28;    1596.66;    1356.89;    1608.97;       10;    0.58;   stop
  2870;    3506.54;    1294.04;    3510.32;    1280.22;    3481.58;    1272.37;    3477.80;    1286.18;       10;    0.58;   move
   598;    2006.15;    1515.75;    2017.30;    1515.53;    2016.85;    1493.06;    2005.70;    1493.29;       10;    0.58;   stop
   140;     918.17;    1622.98;     919.35;    1610.22;     895.61;    1608.02;     894.43;    1620.78;       10;    0.58;   stop
    32;    1774.20;    2152.78;    1787.01;    2130.00;    1775.17;    2123.34;    1762.36;    2146.12;       10;    0.58;   stop
   350;    2515.76;     174.98;    2527.64;     174.79;    2527.24;     150.14;    2515.36;     150.34;       10;    0.58;   stop
   557;    1308.65;    1608.45;    1308.90;    1596.11;    1281.10;    1595.55;    1280.85;    1607.89;       10;    0.58;   stop
  2761;    2154.08;     667.19;    2181.39;     655.74;    2176.24;     643.43;    2148.92;     654.89;       10;    0.58;   stop
   193;     383.53;    1560.08;     385.40;    1547.07;     357.57;    1543.05;     355.69;    1556.06;       10;    0.58;   stop
   395;    2072.93;     649.91;    2100.63;     649.52;    2100.44;     635.97;    2072.74;     636.36;       10;    0.57;   stop
   388;     524.30;    1599.70;     524.66;    1588.47;     504.14;    1587.80;     503.77;    1599.03;       10;    0.57;   stop
   266;     632.80;    1417.60;     634.64;    1402.54;     606.57;    1399.12;     604.74;    1414.18;       10;    0.56;   stop
   608;    1869.78;    1673.57;    1870.87;    1659.90;    1841.22;    1657.56;    1840.13;    1671.22;       10;    0.56;   stop
   505;    3658.84;    1307.84;    3666.77;    1282.88;    3653.66;    1278.72;    3645.73;    1303.68;       10;    0.56;   stop
   611;    2431.35;    1871.10;    2433.59;    1843.60;    2420.40;    1842.52;    2418.16;    1870.03;       10;    0.55;   stop
   379;    1149.56;     691.34;    1151.30;     678.97;    1126.88;     675.53;    1125.14;     687.91;       10;    0.55;   stop
   571;     279.42;    1144.22;     279.53;    1131.29;     255.89;    1131.09;     255.78;    1144.02;       10;    0.55;   stop
   519;    1732.35;    1666.91;    1733.64;    1652.23;    1703.59;    1649.59;    1702.30;    1664.27;       10;    0.55;   stop
   523;     853.89;    1212.80;     855.48;    1200.47;     828.12;    1196.95;     826.54;    1209.28;       10;    0.55;   stop
   476;    3696.00;    1002.26;    3721.84;    1001.50;    3721.50;     989.92;    3695.66;     990.69;       10;    0.55;   stop
   458;    2099.12;     252.46;    2124.56;     251.53;    2124.13;     239.73;    2098.69;     240.66;       10;    0.54;   stop
   645;       5.80;    1053.16;      40.19;    1049.33;      38.55;    1034.65;       4.17;    1038.48;       10;    0.54;   stop
   399;     555.45;    1602.87;     555.82;    1591.04;     531.12;    1590.26;     530.75;    1602.09;       10;    0.54;   stop
   481;    1463.77;    2081.72;    1466.44;    2052.74;    1453.36;    2051.53;    1450.68;    2080.51;       10;    0.54;   stop
   522;    1518.71;     924.30;    1520.06;     911.81;    1492.91;     908.89;    1491.57;     921.37;       10;    0.54;   stop
   377;    1223.32;    2084.23;    1237.29;    2083.01;    1234.81;    2054.64;    1220.83;    2055.87;       10;    0.54;   stop
   615;    2515.06;    1962.14;    2523.52;    1952.23;    2503.19;    1934.86;    2494.73;    1944.77;       10;    0.54;   stop
  2402;    3091.96;    1217.33;    3094.86;    1204.68;    3068.36;    1198.60;    3065.46;    1211.25;       10;    0.54;   move
   288;    1709.13;    1628.59;    1710.42;    1616.20;    1686.12;    1613.66;    1684.83;    1626.05;       10;    0.54;   stop
   518;    2431.93;    1840.44;    2434.06;    1814.55;    2422.07;    1813.56;    2419.94;    1839.45;       10;    0.54;   stop
   561;     783.86;    1936.10;     798.47;    1935.89;     798.10;    1910.28;     783.50;    1910.49;       10;    0.53;   stop
   176;     646.04;    1363.40;     647.78;    1349.04;     618.65;    1345.51;     616.91;    1359.87;       10;    0.53;   stop
   475;     323.79;    1048.26;     324.27;    1035.74;     301.52;    1034.87;     301.04;    1047.38;       10;    0.52;   stop
   575;    1063.95;    1177.17;    1064.53;    1162.94;    1034.18;    1161.70;    1033.60;    1175.94;        9;    0.52;   stop
   578;    1830.48;    1637.70;    1831.90;    1623.20;    1802.19;    1620.30;    1800.77;    1634.80;       10;    0.52;   stop
   474;    2067.06;     252.90;    2091.31;     252.09;    2090.94;     240.98;    2066.69;     241.79;       10;    0.52;   stop
   601;    2576.11;    1939.45;    2583.85;    1926.82;    2556.89;    1910.30;    2549.15;    1922.93;       10;    0.52;   stop
   569;    1553.04;     974.36;    1555.36;     948.34;    1541.84;     947.14;    1539.51;     973.16;       10;    0.52;   stop
   568;    2896.79;     624.86;    2926.15;     622.23;    2925.08;     610.30;    2895.73;     612.93;       10;    0.52;   stop
   486;    3433.60;     785.34;    3441.28;     763.88;    3430.77;     760.12;    3423.09;     781.59;       10;    0.52;   stop
   343;     402.24;    1682.79;     402.95;    1657.93;     388.54;    1657.52;     387.83;    1682.38;       10;    0.51;   stop
   597;    2147.78;    2128.91;    2154.67;    2117.04;    2127.22;    2101.09;    2120.33;    2112.96;       10;    0.51;   stop
   604;    2499.52;    1973.13;    2508.63;    1962.53;    2487.23;    1944.12;    2478.12;    1954.72;       10;    0.51;   stop
  2651;    1064.97;    1177.85;    1065.45;    1163.13;    1035.03;    1162.15;    1034.55;    1176.87;       10;    0.51;   stop
   450;    2512.74;      84.05;    2525.38;      83.70;    2524.63;      57.13;    2512.00;      57.49;       10;    0.51;   stop
   639;    1276.89;    1187.36;    1277.70;    1171.33;    1241.99;    1169.52;    1241.18;    1185.55;        9;    0.51;   stop
   459;    3752.37;     173.41;    3782.10;     171.85;    3781.38;     158.00;    3751.65;     159.55;       10;    0.51;   stop
   714;    1935.86;    1498.07;    1950.38;    1497.85;    1949.89;    1465.18;    1935.37;    1465.40;        9;    0.51;   stop
   370;    3670.40;     596.29;    3705.64;     592.13;    3703.97;     578.04;    3668.74;     582.21;       10;    0.51;   stop
   160;     387.73;    1721.69;     404.31;    1721.51;     403.99;    1690.81;     387.41;    1690.99;       10;    0.50;   stop
  2392;    1979.64;    1889.36;    1989.29;    1850.68;    1973.61;    1846.77;    1963.96;    1885.45;        9;    0.50;   stop
  3201;    2160.13;     666.62;    2160.62;     652.78;    2150.87;     652.44;    2150.38;     666.28;       10;    0.49;   stop
   538;    3362.88;     606.29;    3388.44;     603.57;    3387.12;     591.13;    3361.56;     593.85;       10;    0.49;   stop
   669;    3313.43;     975.25;    3325.42;     943.86;    3308.14;     937.25;    3296.14;     968.64;       10;    0.49;   stop
   354;     421.41;    2121.28;     421.52;    2088.14;     405.46;    2088.10;     405.36;    2121.23;       10;    0.49;   stop
   791;    1954.07;    1617.26;    1955.58;    1571.55;    1938.43;    1570.99;    1936.92;    1616.70;        9;    0.49;   stop
  3193;    1823.51;     173.10;    1826.47;     156.88;    1793.69;     150.90;    1790.74;     167.12;       10;    0.49;   stop
   412;    1353.05;    1643.67;    1353.71;    1631.49;    1327.82;    1630.08;    1327.16;    1642.26;       10;    0.49;   stop
  2484;      81.45;    1142.91;     109.00;    1142.36;     108.74;    1129.59;      81.20;    1130.14;       10;    0.49;   stop
   415;     694.68;    1609.86;     695.09;    1597.21;     670.32;    1596.39;     669.91;    1609.04;       10;    0.49;   stop
   453;    1278.85;    1471.31;    1283.17;    1443.20;    1270.96;    1441.32;    1266.64;    1469.43;       10;    0.49;   stop
   485;    3813.56;    1357.32;    3827.96;    1353.47;    3819.57;    1322.05;    3805.16;    1325.91;       10;    0.49;   stop
   484;    1908.18;    1639.34;    1908.39;    1626.95;    1883.26;    1626.53;    1883.05;    1638.92;       10;    0.49;   stop
   565;    1991.35;    2090.33;    2003.85;    2089.71;    2002.59;    2064.29;    1990.09;    2064.91;       10;    0.48;   stop
   443;    2205.56;    2098.66;    2212.10;    2085.60;    2186.62;    2072.84;    2180.08;    2085.90;       10;    0.48;   stop
  3170;    3693.21;    1368.14;    3697.28;    1352.80;    3664.29;    1344.05;    3660.22;    1359.39;       10;    0.48;   move
   525;    2346.09;    2091.14;    2369.57;    2091.07;    2369.53;    2078.11;    2346.05;    2078.18;       10;    0.48;   stop
   225;     271.84;    1546.19;     272.39;    1533.77;     245.19;    1532.56;     244.64;    1544.98;       10;    0.48;   stop
   566;    3537.58;     598.95;    3569.74;     598.64;    3569.61;     584.64;    3537.44;     584.95;       10;    0.48;   stop
   539;     561.03;    2100.32;     589.39;    2100.12;     589.28;    2084.68;     560.92;    2084.88;       10;    0.48;   stop
   464;    2225.49;    2094.68;    2234.40;    2081.90;    2207.76;    2063.32;    2198.85;    2076.10;       10;    0.47;   stop
   431;    1926.66;     975.78;    1926.66;     944.60;    1914.09;     944.60;    1914.09;     975.78;       10;    0.47;   stop
   187;    3410.77;    1331.99;    3414.12;    1319.04;    3382.35;    1310.82;    3379.00;    1323.77;        9;    0.47;   move
   471;    1631.62;    1658.71;    1632.84;    1645.67;    1606.13;    1643.17;    1604.91;    1656.20;       10;    0.47;   stop
   603;    3777.98;    1468.62;    3784.44;    1457.94;    3763.27;    1445.13;    3756.81;    1455.81;       10;    0.47;   stop
   151;    1224.79;    2114.28;    1237.61;    2113.22;    1235.59;    2088.72;    1222.76;    2089.78;       10;    0.46;   stop
   445;    2290.96;     245.17;    2317.02;     244.39;    2316.66;     232.40;    2290.60;     233.18;       10;    0.46;   stop
   534;     642.39;    1159.84;     667.55;    1159.34;     667.30;    1146.41;     642.13;    1146.91;       10;    0.46;   stop
   506;    2183.67;    2108.04;    2190.63;    2095.95;    2167.46;    2082.59;    2160.49;    2094.67;       10;    0.46;   stop
   585;    3459.06;     721.00;    3469.52;     695.03;    3456.88;     689.94;    3446.42;     715.91;       10;    0.46;   stop
   473;    2271.89;    2139.14;    2298.61;    2130.23;    2294.11;    2116.74;    2267.39;    2125.65;       10;    0.45;   stop
  2917;    2512.58;      52.91;    2525.60;      52.53;    2524.79;      24.72;    2511.77;      25.10;       10;    0.45;   stop
   314;     404.65;    2012.52;     418.26;    2012.40;     418.01;    1984.98;     404.39;    1985.10;       10;    0.45;   stop
   307;      52.99;    1521.94;      54.23;    1510.42;      32.14;    1508.06;      30.91;    1519.58;       10;    0.45;   stop
   586;    3532.00;    1005.28;    3555.58;    1005.09;    3555.50;     994.41;    3531.92;     994.60;       10;    0.45;   stop
  2963;    2922.02;    1743.37;    2934.97;    1718.18;    2921.98;    1711.51;    2909.03;    1736.69;       10;    0.44;   stop
   498;    2440.35;    2124.13;    2443.27;    2091.36;    2429.40;    2090.12;    2426.48;    2122.89;       10;    0.44;   stop
   664;    2188.62;    1381.60;    2201.97;    1381.56;    2201.88;    1352.15;    2188.53;    1352.19;       10;    0.44;   stop
   686;    1822.49;     172.41;    1824.70;     155.96;    1792.14;     151.59;    1789.93;     168.04;        9;    0.44;   stop
   287;     641.04;    1383.03;     643.43;    1368.72;     614.28;    1363.84;     611.88;    1378.16;       10;    0.44;   stop
   618;    2012.92;    2095.67;    2026.69;    2092.83;    2020.39;    2062.33;    2006.62;    2065.17;       10;    0.44;   stop
  3221;    2536.53;    2024.76;    2558.08;    2015.48;    2552.60;    2002.74;    2531.04;    2012.02;       10;    0.44;   stop
   546;    1195.37;    1061.21;    1195.46;    1051.73;    1176.13;    1051.54;    1176.04;    1061.02;       10;    0.43;   stop
   616;    2783.05;     628.51;    2808.25;     627.46;    2807.73;     615.08;    2782.53;     616.13;       10;    0.43;   stop
   275;      94.58;    1806.25;     113.74;    1784.61;     102.88;    1775.00;      83.72;    1796.64;       10;    0.43;   stop
   572;    1979.24;    1887.97;    1986.92;    1850.11;    1971.76;    1847.03;    1964.08;    1884.89;       10;    0.43;   stop
   408;    3795.12;     259.46;    3796.46;     231.56;    3781.76;     230.85;    3780.41;     258.75;       10;    0.42;   stop
   577;    2386.91;    1320.12;    2387.46;    1307.27;    2362.47;    1306.19;    2361.92;    1319.05;       10;    0.42;   stop
   620;    2285.78;    2065.45;    2291.60;    2052.39;    2265.60;    2040.80;    2259.77;    2053.86;       10;    0.42;   stop
   487;    1290.33;    1641.67;    1291.36;    1629.62;    1267.36;    1627.58;    1266.33;    1639.63;       10;    0.42;   stop
   421;    3780.37;     332.81;    3796.66;     332.73;    3796.51;     300.48;    3780.22;     300.55;       10;    0.42;   stop
  2210;    3332.67;     607.58;    3358.87;     606.13;    3358.27;     595.23;    3332.07;     596.68;       10;    0.41;   stop
   647;    2847.74;    1811.11;    2853.04;    1798.53;    2827.51;    1787.76;    2822.21;    1800.35;       10;    0.41;   stop
   584;    3173.87;     613.44;    3197.74;     612.75;    3197.38;     600.38;    3173.51;     601.08;       10;    0.41;   stop
   600;    1648.53;    1624.18;    1649.21;    1612.65;    1626.34;    1611.32;    1625.67;    1622.85;       10;    0.41;   stop
  2181;     632.78;    1229.00;     636.63;    1195.44;     619.72;    1193.50;     615.87;    1227.06;       10;    0.41;   stop
   654;    3212.77;     614.20;    3241.49;     613.20;    3240.98;     598.46;    3212.26;     599.45;       10;    0.41;   stop
   494;    1387.95;    1646.40;    1388.26;    1633.57;    1363.80;    1632.97;    1363.49;    1645.80;       10;    0.41;   stop
   630;    3186.37;    1023.46;    3196.57;    1015.19;    3180.19;     994.98;    3169.99;    1003.25;       10;    0.41;   stop
   477;    1147.87;    1635.07;    1176.47;    1634.90;    1176.38;    1620.68;    1147.78;    1620.85;       10;    0.40;   stop
  3224;    3410.93;    1332.47;    3414.33;    1318.81;    3381.26;    1310.58;    3377.86;    1324.24;       10;    0.40;   stop
   532;    1517.60;    1619.48;    1518.58;    1606.96;    1490.65;    1604.77;    1489.67;    1617.29;       10;    0.40;   stop
  2968;    2046.65;    2034.14;    2047.75;    2018.44;    2010.85;    2015.86;    2009.75;    2031.56;       10;    0.40;   stop
  3217;    1277.35;    1187.11;    1277.99;    1171.23;    1242.09;    1169.77;    1241.45;    1185.65;       10;    0.40;   stop
   430;    3796.72;     228.74;    3796.86;     198.83;    3780.16;     198.76;    3780.02;     228.67;       10;    0.40;   stop
  2632;    2016.06;    1631.37;    2017.68;    1608.26;    2006.94;    1607.51;    2005.32;    1630.62;       10;    0.40;   stop
  3173;     439.79;    1598.58;     465.76;    1596.95;     464.90;    1583.29;     438.93;    1584.93;       10;    0.39;   stop
  2999;    2439.17;    2066.68;    2460.25;    2056.79;    2455.33;    2046.32;    2434.25;    2056.21;       10;    0.39;   stop
   634;    1922.52;    1832.33;    1926.98;    1809.24;    1915.61;    1807.04;    1911.14;    1830.13;       10;    0.39;   stop
   573;     508.67;     587.98;     512.11;     575.07;     489.77;     569.13;     486.33;     582.04;       10;    0.39;   stop
   542;     609.04;    1215.48;     609.39;    1202.07;     583.46;    1201.39;     583.11;    1214.81;       10;    0.39;   stop
   574;    1510.82;    1651.07;    1511.21;    1639.26;    1486.18;    1638.43;    1485.79;    1650.24;       10;    0.38;   stop
  3110;     649.30;    1199.15;     662.31;    1196.36;     656.63;    1169.92;     643.63;    1172.71;       10;    0.38;   stop
   372;     419.26;    2041.81;     420.03;    2017.05;     406.68;    2016.63;     405.90;    2041.39;       10;    0.38;   stop
   383;    1323.20;    1643.20;    1323.59;    1630.19;    1298.05;    1629.42;    1297.66;    1642.44;       10;    0.38;   stop
   622;    2479.48;    1615.43;    2480.42;    1586.74;    2467.90;    1586.32;    2466.95;    1615.01;       10;    0.38;   stop
  2558;    2833.41;     221.71;    2860.54;     220.21;    2859.84;     207.48;    2832.71;     208.98;       10;    0.38;   stop
   706;    2275.25;    1351.72;    2276.44;    1336.11;    2236.75;    1333.09;    2235.56;    1348.71;       10;    0.38;   stop
   316;    3558.93;     496.39;    3568.37;     473.00;    3556.70;     468.29;    3547.26;     491.69;       10;    0.37;   stop
  1409;    2901.52;     218.19;    2927.38;     216.84;    2926.73;     204.25;    2900.87;     205.60;       10;    0.37;   stop
   644;    2816.61;     626.21;    2836.99;     625.25;    2836.51;     615.04;    2816.13;     616.00;       10;    0.37;   stop
  3184;    3744.73;     365.72;    3761.43;     365.43;    3760.89;     334.59;    3744.20;     334.88;       10;    0.37;   stop
   510;    2563.79;     638.86;    2591.52;     636.73;    2590.58;     624.52;    2562.86;     626.65;       10;    0.37;   stop
  3226;    3044.92;     211.76;    3076.85;     209.31;    3075.83;     196.05;    3043.90;     198.50;       10;    0.36;   stop
  3027;    1950.70;     678.20;    1971.25;     677.75;    1968.80;     565.77;    1948.25;     566.22;        9;    0.36;   move
   446;    3780.64;     295.01;    3795.23;     294.58;    3794.36;     264.68;    3779.76;     265.11;       10;    0.36;   stop
  2950;    2572.49;     653.90;    2598.68;     651.56;    2597.63;     639.85;    2571.44;     642.19;       10;    0.36;   move
   451;     487.08;    1057.31;     489.30;    1040.02;     466.36;    1037.07;     464.14;    1054.35;       10;    0.35;   stop
  2381;    3060.81;     616.58;    3084.07;     614.61;    3083.10;     603.11;    3059.83;     605.08;       10;    0.35;   stop