vehicle_id; veh_bb_x1; veh_bb_y1; veh_bb_x2; veh_bb_y2; veh_bb_x3; veh_bb_y3; veh_bb_x4; veh_bb_y4; det_class; conf_score; state
     4;    3036.17;    1413.07;    3047.04;    1387.67;    3035.08;    1382.55;    3024.21;    1407.96;       10;    0.83;   stop
     1;    2965.69;    1156.49;    2968.09;    1144.60;    2943.56;    1139.64;    2941.16;    1151.53;       10;    0.82;   stop
   310;    1952.54;    1125.50;    1962.36;    1119.07;    1948.96;    1098.62;    1939.14;    1105.05;       10;    0.82;   move
    15;    2996.97;    1283.16;    2999.51;    1269.65;    2968.53;    1263.84;    2965.99;    1277.35;       10;    0.82;   stop
     8;    3641.04;    1426.70;    3645.31;    1412.14;    3611.46;    1402.21;    3607.19;    1416.77;       10;    0.82;   stop
    68;    1975.12;     358.91;    1975.30;     330.79;    1962.38;     330.71;    1962.20;     358.84;       10;    0.82;   stop
  2139;    3098.85;    1434.99;    3112.02;    1404.84;    3098.40;    1398.89;    3085.23;    1429.04;       10;    0.82;   stop
    13;    1989.66;     762.19;    2002.45;     761.90;    2001.84;     735.19;    1989.05;     735.48;       10;    0.82;   stop
   216;    1887.14;     652.30;    1900.41;     651.84;    1899.51;     625.70;    1886.25;     626.16;       10;    0.82;   stop
   134;    1155.27;    1083.44;    1155.51;    1070.29;    1128.48;    1069.81;    1128.24;    1082.96;       10;    0.82;   move
   150;    1985.58;    1301.05;    1997.96;    1300.90;    1997.67;    1276.33;    1985.29;    1276.47;       10;    0.82;   stop
    64;    1861.43;     646.45;    1861.87;     622.76;    1850.13;     622.55;    1849.69;     646.24;       10;    0.82;   stop
  1137;    2127.57;    1123.85;    2128.43;    1111.03;    2102.05;    1109.27;    2101.19;    1122.09;       10;    0.82;   stop
  4626;    1943.35;     469.72;    1943.50;     441.60;    1931.06;     441.53;    1930.91;     469.65;       10;    0.81;   move
    55;     902.41;    1170.68;     927.47;    1169.99;     927.12;    1156.95;     902.06;    1157.63;       10;    0.81;   stop
  2244;    2792.49;    1146.39;    2794.51;    1133.97;    2766.89;    1129.48;    2764.87;    1141.91;       10;    0.81;   move
  1242;    1880.18;     650.79;    1880.32;     625.03;    1867.38;     624.96;    1867.24;     650.72;       10;    0.81;   stop
    43;    1032.73;    1065.05;    1032.87;    1053.64;    1007.46;    1053.33;    1007.32;    1064.74;       10;    0.81;   stop
   469;    2137.80;    1107.96;    2138.88;    1094.72;    2112.07;    1092.54;    2111.00;    1105.78;       10;    0.81;   stop
  1512;    2205.77;    1128.95;    2206.13;    1116.17;    2179.10;    1115.43;    2178.75;    1128.20;       10;    0.81;   stop
  2602;    2867.64;    1157.13;    2869.76;    1144.51;    2843.61;    1140.12;    2841.49;    1152.74;       10;    0.81;   move
    16;    2483.27;    1542.16;    2484.52;    1518.45;    2473.11;    1517.84;    2471.85;    1541.55;       10;    0.81;   stop
    76;    1968.82;     480.85;    1982.26;     480.63;    1981.81;     452.90;    1968.36;     453.12;       10;    0.81;   stop
   129;     891.58;    1169.47;     891.68;    1157.25;     865.11;    1157.03;     865.00;    1169.25;       10;    0.81;   stop
    47;    1178.72;    1182.75;    1203.52;    1182.65;    1203.47;    1169.62;    1178.67;    1169.73;       10;    0.81;   stop
    49;    2746.49;    1234.54;    2748.06;    1222.32;    2722.89;    1219.08;    2721.31;    1231.30;       10;    0.81;   stop
    39;    3063.81;    1445.94;    3075.91;    1420.05;    3062.75;    1413.90;    3050.65;    1439.79;       10;    0.81;   stop
  3983;    1303.65;    1160.83;    1303.81;    1147.97;    1278.78;    1147.67;    1278.63;    1160.53;       10;    0.81;   move
   153;    1961.87;     255.54;    1973.85;     255.30;    1973.38;     231.59;    1961.40;     231.83;       10;    0.81;   stop
    82;    1975.23;     109.90;    1987.94;     109.82;    1987.77;      82.47;    1975.06;      82.55;       10;    0.81;   stop
    26;    2732.87;    1118.71;    2733.63;    1104.72;    2705.00;    1103.16;    2704.24;    1117.15;       10;    0.81;   stop
    90;    2797.10;    1127.10;    2799.13;    1113.57;    2771.28;    1109.40;    2769.25;    1122.93;       10;    0.81;   stop
  4335;    2216.45;    1184.62;    2216.86;    1169.77;    2184.74;    1168.88;    2184.33;    1183.73;       10;    0.81;   move
    62;    3023.62;    1444.61;    3034.55;    1419.00;    3022.88;    1414.02;    3011.95;    1439.63;       10;    0.81;   stop
    45;    1850.26;     181.89;    1850.40;     151.74;    1835.24;     151.67;    1835.10;     181.82;       10;    0.80;   stop
   100;    1989.61;     898.60;    2002.95;     896.98;    1999.64;     869.90;    1986.30;     871.52;       10;    0.80;   stop
   116;    1848.29;     619.15;    1859.73;     618.85;    1859.05;     593.60;    1847.61;     593.90;       10;    0.80;   stop
    84;     973.94;    1065.03;    1000.42;    1064.45;    1000.16;    1052.22;     973.67;    1052.80;       10;    0.80;   stop
    36;    1325.29;    1071.88;    1352.43;    1071.41;    1352.21;    1058.87;    1325.07;    1059.34;       10;    0.80;   stop
  1317;    2159.11;    1127.82;    2159.66;    1115.14;    2140.64;    1114.31;    2140.09;    1126.99;       10;    0.80;   stop
    10;    1769.95;    1145.08;    1795.47;    1144.54;    1795.18;    1130.80;    1769.66;    1131.34;       10;    0.80;   stop
    94;    1112.03;    1177.86;    1112.13;    1164.58;    1086.78;    1164.39;    1086.68;    1177.67;       10;    0.80;   stop
  1642;    2558.30;    1120.32;    2559.20;    1106.83;    2530.82;    1104.93;    2529.92;    1118.42;       10;    0.80;   move
    11;    3015.45;    1686.41;    3027.06;    1661.43;    3015.30;    1655.97;    3003.69;    1680.95;       10;    0.80;   stop
   181;    1887.48;     704.63;    1902.53;     704.10;    1901.52;     675.74;    1886.47;     676.28;       10;    0.80;   stop
   115;    1978.62;     435.14;    1991.05;     434.92;    1990.57;     408.61;    1978.13;     408.83;       10;    0.80;   stop
   200;    1384.33;    1189.85;    1384.80;    1172.72;    1341.54;    1171.52;    1341.07;    1188.66;        9;    0.80;   stop
  3885;    1932.21;     227.63;    1945.62;     227.47;    1945.29;     199.87;    1931.88;     200.03;       10;    0.80;   move
    85;    1062.81;    1065.02;    1063.01;    1053.75;    1040.37;    1053.35;    1040.18;    1064.63;       10;    0.80;   stop
    22;    1533.41;    1189.06;    1533.78;    1176.46;    1507.46;    1175.69;    1507.09;    1188.29;       10;    0.80;   stop
    56;    3054.86;    1368.31;    3065.26;    1341.11;    3052.39;    1336.19;    3041.99;    1363.39;       10;    0.80;   stop
   172;    1958.58;     227.10;    1970.35;     226.83;    1969.83;     203.78;    1958.06;     204.04;       10;    0.80;   stop
  3771;    1441.64;    1161.07;    1442.23;    1148.74;    1414.73;    1147.43;    1414.15;    1159.76;       10;    0.80;   move
  4401;    2100.61;    1173.09;    2100.82;    1159.46;    2073.14;    1159.04;    2072.93;    1172.66;       10;    0.80;   move
    92;    2589.84;    1324.05;    2589.92;    1311.99;    2563.41;    1311.83;    2563.33;    1323.89;       10;    0.80;   stop
   114;    1989.62;     793.46;    2002.50;     793.16;    2001.88;     766.92;    1989.00;     767.22;       10;    0.80;   stop
  3681;    3394.03;    1295.74;    3398.12;    1279.77;    3364.40;    1271.14;    3360.32;    1287.10;       10;    0.80;   stop
  2878;    1761.33;    1169.24;    1761.53;    1156.60;    1732.92;    1156.14;    1732.72;    1168.78;       10;    0.80;   stop
   139;    2876.90;    1258.28;    2879.43;    1245.84;    2852.35;    1240.34;    2849.82;    1252.79;       10;    0.80;   stop
    99;    2828.68;    1901.42;    2854.20;    1883.22;    2845.54;    1871.08;    2820.02;    1889.28;       10;    0.80;   stop
    24;    1414.50;    1073.27;    1414.89;    1060.56;    1387.87;    1059.73;    1387.48;    1072.44;       10;    0.80;   stop
   162;    1835.00;     208.38;    1836.29;     179.76;    1823.41;     179.18;    1822.11;     207.80;       10;    0.79;   stop
   137;    1730.01;    1081.01;    1730.74;    1068.11;    1704.59;    1066.62;    1703.86;    1079.52;       10;    0.79;   stop
   345;    1908.91;    1144.00;    1921.27;    1140.80;    1914.59;    1115.00;    1902.23;    1118.20;       10;    0.79;   move
    37;    2835.03;    1250.03;    2837.39;    1238.04;    2810.97;    1232.85;    2808.61;    1244.83;       10;    0.79;   stop
   154;    1987.23;     555.71;    1987.78;     526.78;    1975.02;     526.54;    1974.47;     555.47;       10;    0.79;   stop
    41;    1756.31;     651.79;    1757.49;     638.95;    1728.92;     636.33;    1727.74;     649.18;       10;    0.79;   stop
  1016;    1888.25;     819.10;    1888.70;     793.23;    1876.75;     793.02;    1876.30;     818.89;       10;    0.79;   move
   192;    3031.37;    1516.62;    3042.88;    1491.50;    3030.88;    1486.00;    3019.38;    1511.13;       10;    0.79;   stop
   247;    1850.63;     866.42;    1858.74;     840.41;    1847.24;     836.83;    1839.13;     862.84;       10;    0.79;   stop
   919;    2283.24;    1111.01;    2283.98;    1097.76;    2256.88;    1096.24;    2256.14;    1109.49;       10;    0.79;   stop
   248;    2657.93;    1112.59;    2659.38;    1099.98;    2632.57;    1096.91;    2631.12;    1109.52;       10;    0.79;   stop
   112;    2480.95;    1572.69;    2481.93;    1548.56;    2469.80;    1548.06;    2468.82;    1572.19;       10;    0.79;   stop
   232;    1981.83;     361.92;    1994.07;     361.85;    1993.92;     335.58;    1981.68;     335.65;       10;    0.79;   stop
   108;    1695.76;    1079.08;    1696.43;    1067.65;    1673.62;    1066.30;    1672.94;    1077.73;       10;    0.79;   stop
   271;    2004.56;    1163.99;    2010.62;    1153.52;    1989.19;    1141.14;    1983.13;    1151.61;       10;    0.79;   move
   189;    2514.42;    1217.92;    2539.84;    1217.90;    2539.83;    1205.33;    2514.41;    1205.35;       10;    0.79;   stop
   194;    1982.31;    1461.30;    1997.06;    1461.27;    1997.00;    1427.70;    1982.25;    1427.73;       10;    0.79;   stop
  1208;    1908.08;     734.14;    1920.67;     733.42;    1919.17;     706.99;    1906.58;     707.71;       10;    0.79;   move
   182;    1968.25;     317.01;    1979.77;     315.62;    1976.75;     290.49;    1965.23;     291.88;       10;    0.79;   stop
   122;    2472.75;    1097.76;    2498.28;    1097.70;    2498.25;    1085.86;    2472.72;    1085.92;       10;    0.79;   stop
   201;    2477.43;    1215.79;    2478.16;    1203.39;    2451.95;    1201.84;    2451.21;    1214.24;       10;    0.79;   stop
   144;    2438.21;    1349.81;    2438.53;    1336.22;    2410.16;    1335.57;    2409.85;    1349.15;       10;    0.79;   stop
  2055;    1989.94;    1621.09;    1990.70;    1591.11;    1978.12;    1590.79;    1977.36;    1620.77;       10;    0.79;   stop
   222;    1971.07;     400.74;    1984.83;     399.55;    1982.18;     368.76;    1968.42;     369.95;       10;    0.79;   stop
   223;    1966.99;     197.87;    1978.96;     196.64;    1976.32;     171.13;    1964.35;     172.36;       10;    0.79;   stop
   147;    1836.10;     281.68;    1836.62;     257.46;    1824.56;     257.20;    1824.04;     281.42;       10;    0.79;   stop
   156;    2129.43;    1202.85;    2129.88;    1190.96;    2105.07;    1190.03;    2104.62;    1201.92;       10;    0.79;   stop
   161;    1987.52;    1847.28;    1994.10;    1817.32;    1981.67;    1814.59;    1975.09;    1844.55;       10;    0.79;   stop
   207;    1961.08;     105.48;    1972.56;     105.20;    1971.92;      79.58;    1960.44;      79.86;       10;    0.79;   stop
   143;    1666.36;    1080.41;    1666.84;    1067.04;    1640.01;    1066.09;    1639.54;    1079.46;       10;    0.79;   stop
  1873;    1994.47;    1542.34;    1995.75;    1511.50;    1981.28;    1510.91;    1980.00;    1541.75;       10;    0.79;   stop
    75;    1906.77;     957.66;    1907.02;     927.95;    1894.23;     927.84;    1893.98;     957.55;       10;    0.79;   move
  1189;    2365.15;    1111.52;    2365.69;    1099.06;    2340.35;    1097.98;    2339.81;    1110.44;       10;    0.79;   move
  2052;    1798.15;    1175.93;    1798.68;    1162.90;    1772.09;    1161.82;    1771.56;    1174.85;       10;    0.79;   stop
   105;    2457.37;    1520.36;    2458.46;    1494.03;    2446.13;    1493.52;    2445.04;    1519.85;       10;    0.79;   stop
   299;    1822.59;     148.04;    1835.21;     147.63;    1834.41;     122.53;    1821.79;     122.93;       10;    0.79;   stop
  4068;    1886.13;     464.25;    1897.85;     464.19;    1897.71;     441.37;    1886.00;     441.44;       10;    0.79;   stop
  1279;    2435.88;    1114.86;    2436.17;    1102.03;    2408.00;    1101.39;    2407.70;    1114.22;       10;    0.79;   move
  1500;    2658.55;    1132.20;    2660.16;    1118.00;    2628.58;    1114.43;    2626.97;    1128.62;       10;    0.79;   move
  2943;    1722.72;    1163.53;    1723.08;    1151.31;    1698.55;    1150.60;    1698.20;    1162.81;       10;    0.79;   stop
   213;    2016.27;    1446.05;    2016.68;    1420.64;    2004.67;    1420.45;    2004.26;    1445.86;       10;    0.79;   stop
    35;    1893.49;    1943.42;    1902.90;    1919.05;    1890.35;    1914.21;    1880.95;    1938.58;       10;    0.79;   stop
   169;    2796.80;    1912.07;    2821.20;    1900.27;    2815.07;    1887.61;    2790.68;    1899.42;       10;    0.79;   stop
    53;    1443.04;      67.33;    1443.28;      53.53;    1415.58;      53.04;    1415.34;      66.84;       10;    0.78;   stop
   157;    2602.99;    1105.67;    2603.69;    1092.90;    2577.26;    1091.46;    2576.56;    1104.23;       10;    0.78;   stop
   212;    2946.53;    1272.46;    2948.60;    1259.66;    2922.22;    1255.41;    2920.15;    1268.22;       10;    0.78;   stop
   217;    1984.48;     471.59;    1997.72;     471.02;    1996.52;     443.04;    1983.28;     443.61;       10;    0.78;   stop
  2170;    1697.88;    1141.58;    1698.83;    1127.75;    1679.61;    1126.42;    1678.66;    1140.25;       10;    0.78;   stop
    81;    2705.89;    1950.87;    2730.38;    1942.19;    2725.87;    1929.45;    2701.37;    1938.12;       10;    0.78;   stop
  4732;    1872.08;      84.15;    1886.77;      83.48;    1885.42;      53.66;    1870.73;      54.33;       10;    0.78;   move
  1929;    1876.43;     608.19;    1876.97;     584.56;    1866.07;     584.31;    1865.53;     607.94;       10;    0.78;   stop
   326;    1904.48;     880.88;    1904.56;     855.04;    1892.58;     855.00;    1892.50;     880.84;       10;    0.78;   move
    95;    1234.89;    1184.53;    1235.36;    1172.27;    1208.05;    1171.22;    1207.58;    1183.48;       10;    0.78;   stop
   234;    1985.87;     933.67;    1997.21;     933.49;    1996.82;     909.08;    1985.48;     909.26;       10;    0.78;   stop
   323;    2804.49;    1244.80;    2807.28;    1229.51;    2774.01;    1223.45;    2771.22;    1238.74;        9;    0.78;   stop
   239;    1978.36;     182.76;    1991.03;     181.62;    1988.39;     152.49;    1975.72;     153.63;       10;    0.78;   stop
  1931;    1880.84;     615.07;    1894.85;     614.97;    1894.66;     587.55;    1880.65;     587.65;       10;    0.78;   stop
   148;    1851.20;     732.14;    1865.79;     731.72;    1864.86;     698.86;    1850.27;     699.28;       10;    0.78;   stop
   133;    2130.66;    1346.43;    2156.79;    1344.01;    2155.59;    1331.07;    2129.46;    1333.49;       10;    0.78;   stop
  4613;    1922.76;    1959.84;    1933.24;    1934.31;    1920.99;    1929.28;    1910.51;    1954.81;       10;    0.78;   move
  2660;    3704.08;    1415.69;    3707.59;    1402.23;    3679.67;    1394.94;    3676.16;    1408.40;       10;    0.78;   move
   300;    1943.70;     403.78;    1957.46;     402.92;    1955.55;     372.47;    1941.79;     373.33;       10;    0.78;   move
  1722;    1630.05;    1140.94;    1659.50;    1140.84;    1659.45;    1125.94;    1630.00;    1126.04;       10;    0.78;   stop
   121;     889.16;    1585.95;     889.62;    1574.00;     865.28;    1573.05;     864.81;    1585.00;       10;    0.78;   stop
   111;    3026.27;    1566.85;    3035.68;    1545.16;    3024.73;    1540.40;    3015.32;    1562.09;       10;    0.78;   stop
   309;    1951.93;      30.63;    1963.27;      30.54;    1963.07;       6.49;    1951.73;       6.59;       10;    0.78;   stop
    79;    2104.71;    1105.05;    2105.43;    1091.26;    2078.04;    1089.83;    2077.32;    1103.62;       10;    0.78;   stop
  1235;    1732.89;    1142.09;    1733.23;    1128.95;    1702.86;    1128.16;    1702.52;    1141.30;       10;    0.78;   stop
   228;    1979.83;    1264.09;    1994.65;    1263.63;    1993.67;    1232.29;    1978.85;    1232.75;       10;    0.78;   stop
   125;    1983.29;    1371.73;    1995.41;    1371.39;    1994.71;    1346.27;    1982.59;    1346.61;       10;    0.78;   stop
   240;    1886.61;    1072.08;    1898.54;    1070.61;    1895.54;    1046.29;    1883.62;    1047.76;       10;    0.78;   move
   363;    2204.05;    1106.25;    2204.28;    1094.72;    2180.82;    1094.25;    2180.59;    1105.78;       10;    0.78;   stop
   135;    2735.84;    1937.98;    2763.06;    1926.57;    2757.09;    1912.33;    2729.87;    1923.74;       10;    0.78;   stop
   208;    1909.92;     895.53;    1922.18;     895.36;    1921.83;     870.72;    1909.57;     870.89;       10;    0.78;   move
   120;    1448.01;    1074.21;    1448.11;    1062.37;    1422.99;    1062.16;    1422.89;    1074.00;       10;    0.78;   stop
   226;     832.38;    1166.73;     832.70;    1154.79;     808.71;    1154.15;     808.39;    1166.08;       10;    0.78;   stop
   164;    1981.13;    1337.54;    1995.00;    1337.36;    1994.62;    1307.34;    1980.75;    1307.51;       10;    0.78;   stop
   346;    1913.69;     968.90;    1928.02;     968.79;    1927.81;     940.23;    1913.48;     940.33;       10;    0.78;   move
  2111;    2270.73;    1131.32;    2271.01;    1112.65;    2223.84;    1111.93;    2223.55;    1130.60;        9;    0.78;   stop
   190;    1915.45;    1244.59;    1927.22;    1242.98;    1923.80;    1218.04;    1912.03;    1219.65;       10;    0.78;   stop
   130;    1906.87;    1675.09;    1907.56;    1661.94;    1880.92;    1660.53;    1880.22;    1673.68;       10;    0.78;   stop
   206;    2870.46;    1869.93;    2890.86;    1855.98;    2882.98;    1844.45;    2862.58;    1858.39;       10;    0.78;   stop
   191;    2822.60;    1376.06;    2827.05;    1362.50;    2798.65;    1353.19;    2794.20;    1366.75;       10;    0.77;   stop
   567;    3317.06;    1272.86;    3320.68;    1259.52;    3292.31;    1251.83;    3288.70;    1265.17;       10;    0.77;   stop
    12;    2952.48;    1672.59;    2962.39;    1645.17;    2949.55;    1640.54;    2939.64;    1667.95;       10;    0.77;   stop
   355;    1835.72;     113.65;    1849.36;     113.31;    1848.65;      84.35;    1835.01;      84.69;       10;    0.77;   stop
   290;    1826.48;     310.94;    1837.85;     310.30;    1836.52;     286.99;    1825.15;     287.64;       10;    0.77;   stop
   270;    1973.75;     520.04;    1986.43;     519.13;    1984.19;     487.96;    1971.51;     488.87;       10;    0.77;   stop
    69;     746.72;    1224.38;     746.93;    1210.53;     720.64;    1210.12;     720.42;    1223.97;       10;    0.77;   stop
   131;    1977.85;    1736.81;    1990.56;    1736.65;    1990.21;    1709.07;    1977.50;    1709.23;       10;    0.77;   stop
  4430;    1860.88;     424.73;    1874.10;     424.41;    1873.47;     397.65;    1860.24;     397.96;       10;    0.77;   move
  1131;    1869.99;     715.77;    1883.24;     715.32;    1882.35;     689.35;    1869.11;     689.81;       10;    0.77;   move
    59;    2714.70;    1231.12;    2715.93;    1218.59;    2687.17;    1215.75;    2685.94;    1228.29;       10;    0.77;   stop
   152;    1850.02;    2013.65;    1863.17;    1985.61;    1851.42;    1980.10;    1838.26;    2008.14;       10;    0.77;   stop
   209;    1848.26;     579.48;    1848.28;     551.16;    1833.86;     551.15;    1833.84;     579.47;       10;    0.77;   stop
   276;    1975.34;     147.27;    1988.31;     146.98;    1987.66;     118.23;    1974.69;     118.52;       10;    0.77;   stop
   245;    1874.22;     893.89;    1886.75;     893.70;    1886.28;     863.36;    1873.75;     863.55;       10;    0.77;   move
   242;    1846.92;     957.22;    1860.44;     956.78;    1859.58;     930.53;    1846.06;     930.97;       10;    0.77;   stop
   410;    2203.98;    1091.44;    2204.27;    1079.23;    2181.46;    1078.68;    2181.17;    1090.90;       10;    0.77;   stop
    78;    2596.02;    1219.40;    2596.95;    1207.96;    2574.11;    1206.10;    2573.17;    1217.54;       10;    0.77;   stop
   110;    2507.92;    1324.67;    2508.63;    1312.72;    2483.33;    1311.20;    2482.62;    1323.16;       10;    0.77;   stop
  3450;     162.14;    1060.29;     162.23;    1046.44;     134.81;    1046.28;     134.72;    1060.12;       10;    0.77;   stop
   224;     900.59;    1061.01;     900.88;    1048.97;     876.35;    1048.36;     876.06;    1060.41;       10;    0.77;   stop
   304;    1292.55;    1074.04;    1318.41;    1072.33;    1317.45;    1057.83;    1291.59;    1059.54;       10;    0.77;   stop
   259;    2634.13;     632.54;    2661.62;     630.78;    2660.87;     619.02;    2633.38;     620.78;       10;    0.77;   stop
  1065;    2327.14;    1111.10;    2327.58;    1098.16;    2301.86;    1097.27;    2301.42;    1110.21;       10;    0.77;   stop
   364;    1831.75;     402.17;    1843.70;     401.83;    1842.97;     376.33;    1831.02;     376.67;       10;    0.77;   stop
   333;    1891.47;     762.99;    1904.64;     762.77;    1904.19;     735.51;    1891.02;     735.73;       10;    0.77;   move
   104;     758.15;    1614.54;     758.84;    1602.08;     734.13;    1600.71;     733.44;    1613.17;       10;    0.77;   stop
  4275;     770.20;    1077.43;     770.48;    1064.06;     741.94;    1063.44;     741.66;    1076.82;       10;    0.77;   move
    40;    2000.27;    1280.88;    2013.77;    1280.69;    2013.35;    1250.37;    1999.85;    1250.56;       10;    0.77;   stop
   158;    3041.70;    1534.83;    3050.08;    1511.26;    3038.55;    1507.17;    3030.17;    1530.74;       10;    0.77;   stop
   339;    1821.01;      61.06;    1834.31;      60.44;    1832.99;      32.31;    1819.69;      32.93;       10;    0.76;   stop
  3170;    2436.93;    1135.41;    2437.93;    1121.20;    2408.07;    1119.09;    2407.07;    1133.30;       10;    0.76;   move
   361;    2442.22;    1214.02;    2442.25;    1200.29;    2414.03;    1200.23;    2414.00;    1213.96;       10;    0.76;   stop
    74;    1480.50;      66.60;    1480.67;      53.59;    1451.25;      53.21;    1451.08;      66.22;       10;    0.76;   stop
    46;     776.13;    1210.85;     776.54;    1198.71;     748.94;    1197.78;     748.53;    1209.92;       10;    0.76;   stop
   790;    2245.26;    1109.17;    2245.27;    1094.73;    2216.67;    1094.71;    2216.66;    1109.15;       10;    0.76;   stop
    67;    2464.90;    1394.75;    2466.28;    1367.85;    2452.10;    1367.13;    2450.72;    1394.02;       10;    0.76;   stop
   291;    1975.09;      79.50;    1987.39;      79.21;    1986.78;      53.25;    1974.48;      53.54;       10;    0.76;   stop
    57;     826.65;    1096.80;     826.99;    1083.03;     797.99;    1082.32;     797.65;    1096.09;       10;    0.76;   move
    89;    1161.38;    1100.90;    1161.85;    1088.20;    1135.31;    1087.22;    1134.84;    1099.92;       10;    0.76;   move
   273;    2075.96;    1202.03;    2076.00;    1189.80;    2050.54;    1189.72;    2050.50;    1201.95;       10;    0.76;   stop
   180;    1409.32;      67.67;    1409.54;      54.33;    1379.56;      53.83;    1379.33;      67.17;       10;    0.76;   stop
   117;     520.97;    1052.37;     521.10;    1040.39;     496.21;    1040.13;     496.09;    1052.11;       10;    0.76;   stop
  4750;      10.51;    1115.93;      39.67;    1112.92;      38.27;    1099.38;       9.11;    1102.40;       10;    0.76;   move
  2947;    2424.86;    1097.09;    2425.16;    1083.77;    2398.77;    1083.16;    2398.46;    1096.48;       10;    0.76;   stop
  3057;    2361.63;    1131.07;    2387.89;    1130.76;    2387.74;    1117.81;    2361.48;    1118.11;       10;    0.76;   move
   124;     829.42;    1616.09;     830.03;    1604.89;     807.60;    1603.66;     806.99;    1614.86;       10;    0.76;   stop
   296;    2461.01;    1096.62;    2461.26;    1085.25;    2437.99;    1084.75;    2437.74;    1096.12;       10;    0.76;   stop
   165;    2016.25;    1593.28;    2018.12;    1564.27;    2005.81;    1563.47;    2003.94;    1592.48;       10;    0.76;   stop
  3270;    3328.62;    1256.36;    3332.36;    1244.11;    3304.19;    1235.51;    3300.46;    1247.77;       10;    0.76;   stop
    31;    1822.68;    2072.54;    1834.70;    2048.29;    1823.44;    2042.71;    1811.42;    2066.96;       10;    0.76;   stop
   178;    2767.64;    1925.63;    2794.70;    1913.37;    2788.36;    1899.37;    2761.30;    1911.63;       10;    0.76;   stop
   330;    3144.57;    1423.87;    3155.73;    1398.84;    3142.31;    1392.85;    3131.15;    1417.88;       10;    0.76;   stop
   227;     306.79;    1072.11;     309.32;    1059.24;     283.36;    1054.14;     280.83;    1067.01;       10;    0.76;   move
   280;    1837.24;     760.85;    1850.46;     760.27;    1849.39;     735.40;    1836.16;     735.98;       10;    0.76;   stop
    73;    1754.22;    1632.47;    1755.25;    1619.75;    1729.60;    1617.66;    1728.57;    1630.38;       10;    0.76;   stop
    88;     837.97;    1077.61;     838.37;    1064.11;     810.16;    1063.27;     809.75;    1076.76;       10;    0.76;   move
    66;    2160.29;    1107.03;    2160.82;    1093.08;    2141.71;    1092.35;    2141.18;    1106.29;       10;    0.76;   move
   308;    1964.47;    1919.03;    1974.03;    1892.40;    1961.69;    1887.97;    1952.13;    1914.60;       10;    0.76;   stop
   320;    1978.70;      43.74;    1982.02;      12.91;    1967.80;      11.38;    1964.48;      42.21;       10;    0.75;   stop
   233;    1632.24;    1191.69;    1632.25;    1178.70;    1608.89;    1178.68;    1608.88;    1191.67;       10;    0.75;   stop
  2402;    2319.70;    1131.24;    2319.81;    1117.84;    2294.68;    1117.63;    2294.56;    1131.03;       10;    0.75;   stop
  4731;    1863.78;    2094.87;    1872.61;    2071.87;    1861.57;    2067.63;    1852.73;    2090.63;       10;    0.75;   move
   292;    1830.38;     371.42;    1842.81;     370.51;    1840.96;     345.21;    1828.53;     346.12;       10;    0.75;   stop
   119;     776.91;    1196.93;     777.52;    1182.83;     746.52;    1181.50;     745.92;    1195.60;       10;    0.75;   stop
   284;    1912.25;    1099.81;    1925.57;    1096.31;    1917.25;    1064.69;    1903.93;    1068.19;       10;    0.75;   move
   230;    2013.05;    1325.08;    2013.33;    1297.42;    2000.95;    1297.29;    2000.67;    1324.96;       10;    0.75;   stop
    71;    2904.09;    1144.71;    2906.52;    1131.85;    2879.16;    1126.67;    2876.73;    1139.53;       10;    0.75;   stop
   260;    2329.86;    1212.00;    2330.30;    1198.66;    2302.52;    1197.75;    2302.08;    1211.09;       10;    0.75;   stop
  1513;    1996.74;    1498.89;    1996.87;    1466.67;    1981.44;    1466.61;    1981.32;    1498.83;       10;    0.75;   stop
   171;    1940.26;    1268.22;    1954.58;    1266.02;    1949.99;    1236.03;    1935.67;    1238.23;       10;    0.75;   move
  2205;    1984.88;    1702.30;    1987.43;    1670.38;    1974.18;    1669.32;    1971.63;    1701.25;       10;    0.75;   stop
   387;    2805.86;    1856.57;    2831.91;    1842.29;    2825.00;    1829.68;    2798.95;    1843.96;       10;    0.75;   move
   365;    1987.02;     502.26;    1999.14;     501.39;    1997.35;     476.49;    1985.23;     477.36;       10;    0.75;   stop
   231;    1874.21;     959.22;    1888.01;     959.12;    1887.79;     929.66;    1873.99;     929.76;       10;    0.75;   move
   294;    2597.89;     635.16;    2628.01;     633.59;    2627.36;     621.18;    2597.24;     622.76;       10;    0.75;   stop
    52;     497.03;    1600.24;     497.89;    1587.18;     470.47;    1585.39;     469.61;    1598.45;       10;    0.75;   stop
   141;    1875.75;    1984.99;    1886.55;    1963.39;    1876.03;    1958.13;    1865.23;    1979.74;       10;    0.75;   stop
   362;    3166.01;    1291.47;    3180.36;    1266.16;    3167.74;    1259.00;    3153.39;    1284.31;       10;    0.75;   move
   205;    2692.70;    2077.86;    2705.02;    2072.34;    2692.88;    2045.26;    2680.56;    2050.78;       10;    0.75;   stop
   255;    1837.43;     791.71;    1850.76;     791.58;    1850.51;     765.29;    1837.18;     765.42;       10;    0.75;   stop
   210;    2100.11;    1201.98;    2100.29;    1190.11;    2078.14;    1189.77;    2077.96;    1201.64;       10;    0.75;   stop
    28;      98.70;    1061.23;     130.84;    1061.03;     130.75;    1046.27;      98.61;    1046.47;       10;    0.74;   stop
    42;     745.29;    1058.42;     745.44;    1046.77;     721.76;    1046.46;     721.61;    1058.11;       10;    0.74;   stop
   252;    2004.24;    1624.39;    2005.73;    1597.15;    1993.63;    1596.49;    1992.15;    1623.73;       10;    0.74;   stop
   423;     984.09;    1177.42;     985.77;    1167.00;     965.25;    1163.70;     963.58;    1174.12;       10;    0.74;   stop
   366;    2374.46;    1211.60;    2374.64;    1198.55;    2345.67;    1198.15;    2345.49;    1211.20;       10;    0.74;   stop
   282;     439.06;    1065.70;     441.26;    1053.10;     414.07;    1048.36;     411.87;    1060.96;       10;    0.74;   stop
   146;     638.44;    1573.78;     639.18;    1560.82;     613.12;    1559.34;     612.38;    1572.30;       10;    0.74;   stop
   265;    2548.47;    1076.70;    2560.45;    1074.31;    2555.28;    1048.42;    2543.30;    1050.81;       10;    0.74;   stop
   179;    2668.97;    1328.44;    2669.59;    1316.67;    2644.03;    1315.31;    2643.41;    1327.08;       10;    0.74;   stop
   286;    3227.91;    1026.61;    3249.72;    1009.37;    3241.78;     999.33;    3219.97;    1016.57;       10;    0.74;   stop
   123;    3402.15;    1009.51;    3402.78;     997.11;    3376.91;     995.80;    3376.28;    1008.20;       10;    0.74;   stop
    63;    1224.76;    1816.57;    1225.25;    1793.79;    1214.24;    1793.56;    1213.75;    1816.33;       10;    0.74;   stop
   142;    2680.90;    2047.62;    2692.42;    2042.27;    2680.02;    2015.51;    2668.49;    2020.85;       10;    0.74;   stop
   107;    1522.31;    1075.75;    1523.06;    1063.23;    1498.32;    1061.75;    1497.57;    1074.27;       10;    0.74;   stop
   416;    1403.84;    1188.77;    1431.82;    1187.42;    1431.16;    1173.73;    1403.18;    1175.08;       10;    0.74;   stop
    72;     800.98;    1615.90;     801.42;    1604.35;     778.71;    1603.48;     778.26;    1615.03;       10;    0.74;   stop
    91;     855.78;    1617.93;     856.56;    1605.60;     832.57;    1604.07;     831.78;    1616.40;       10;    0.74;   stop
   295;    2679.30;     670.24;    2703.96;     669.23;    2703.45;     656.70;    2678.79;     657.70;       10;    0.74;   stop
   357;    1228.51;    1069.08;    1229.03;    1056.11;    1199.81;    1054.92;    1199.28;    1067.89;       10;    0.73;   stop
    83;    1760.48;    1113.14;    1788.56;    1111.54;    1787.77;    1097.49;    1759.69;    1099.08;       10;    0.73;   move
   378;    2395.71;    1348.29;    2395.91;    1335.25;    2369.41;    1334.84;    2369.21;    1347.88;       10;    0.73;   stop
   103;     226.09;    1059.51;     226.72;    1048.25;     204.92;    1047.05;     204.30;    1058.31;       10;    0.73;   move
   241;    1145.75;    1178.15;    1146.89;    1164.08;    1119.25;    1161.85;    1118.11;    1175.92;       10;    0.73;   stop
    44;    2567.35;    1141.35;    2568.56;    1126.69;    2540.90;    1124.40;    2539.69;    1139.06;       10;    0.73;   move
   113;    1680.36;     645.19;    1681.30;     632.59;    1654.14;     630.56;    1653.20;     643.16;       10;    0.73;   stop
   155;    1047.75;     683.87;    1049.03;     670.78;    1024.50;     668.38;    1023.22;     681.47;       10;    0.73;   stop
   347;    1993.89;     862.93;    2006.07;     862.73;    2005.68;     838.07;    1993.49;     838.27;       10;    0.73;   stop
   380;     333.57;    1147.03;     333.97;    1133.67;     310.49;    1132.97;     310.09;    1146.33;       10;    0.73;   stop
   422;    1029.96;    1174.40;    1029.98;    1162.26;    1007.97;    1162.22;    1007.96;    1174.37;       10;    0.73;   stop
  1978;    1990.83;    1581.76;    1991.32;    1557.24;    1978.92;    1556.99;    1978.43;    1581.51;       10;    0.73;   stop
   376;    3224.53;    1068.46;    3242.66;    1045.60;    3232.03;    1037.16;    3213.90;    1060.03;       10;    0.73;   stop
  4636;    3661.16;    1340.20;    3664.39;    1326.59;    3634.46;    1319.48;    3631.23;    1333.10;       10;    0.73;   move
   184;    1176.38;    1068.27;    1176.95;    1055.77;    1151.81;    1054.61;    1151.23;    1067.11;       10;    0.73;   stop
   358;    1577.10;    1192.13;    1605.59;    1191.99;    1605.53;    1178.25;    1577.03;    1178.38;       10;    0.73;   stop
   395;    2072.91;     650.01;    2100.68;     649.56;    2100.46;     635.86;    2072.69;     636.31;       10;    0.73;   stop
   341;    1442.55;    1189.51;    1465.92;    1188.88;    1465.58;    1176.37;    1442.21;    1177.00;       10;    0.73;   stop
   246;     794.58;    1218.31;     795.15;    1192.83;     782.88;    1192.56;     782.31;    1218.04;       10;    0.73;   stop
   468;    2300.15;    1184.56;    2300.37;    1171.66;    2273.73;    1171.19;    2273.50;    1184.09;       10;    0.73;   move
   342;    2290.34;    1209.48;    2290.39;    1196.99;    2266.66;    1196.90;    2266.61;    1209.39;       10;    0.73;   stop
   367;    2695.67;    1357.57;    2696.04;    1345.48;    2670.21;    1344.68;    2669.84;    1356.77;       10;    0.73;   stop
  2587;    1992.01;    1654.37;    2002.39;    1646.80;    1987.30;    1626.13;    1976.92;    1633.70;       10;    0.73;   stop
   305;    2552.53;    1042.51;    2552.55;    1018.50;    2541.10;    1018.49;    2541.08;    1042.50;       10;    0.73;   stop
    38;    1343.66;    1105.43;    1344.12;    1092.63;    1318.09;    1091.69;    1317.63;    1104.50;       10;    0.72;   move
   352;    1604.85;    1076.39;    1605.32;    1064.31;    1581.15;    1063.36;    1580.68;    1075.44;       10;    0.72;   stop
    97;    3368.81;    1006.76;    3371.97;     992.54;    3339.94;     985.42;    3336.78;     999.65;       10;    0.72;   stop
   327;     380.78;    1046.07;     381.67;    1033.35;     354.22;    1031.43;     353.33;    1044.15;       10;    0.72;   stop
   301;     452.41;    1051.76;     453.01;    1039.14;     427.91;    1037.93;     427.30;    1050.54;       10;    0.72;   stop
  4120;     617.38;    1078.23;     648.29;    1078.14;     648.24;    1063.96;     617.34;    1064.05;       10;    0.72;   move
   253;    2471.43;    1697.58;    2474.81;    1665.33;    2461.32;    1663.92;    2457.94;    1696.17;       10;    0.72;   stop
   325;     999.58;     679.20;    1000.71;     665.36;     971.14;     662.93;     970.00;     676.77;       10;    0.72;   stop
   203;     617.85;    1607.41;     618.85;    1593.43;     589.65;    1591.34;     588.65;    1605.32;       10;    0.72;   stop
   441;    1920.79;    1276.31;    1933.31;    1274.45;    1929.43;    1248.19;    1916.91;    1250.05;       10;    0.72;   stop
  4209;    3372.47;    1253.49;    3375.91;    1240.99;    3349.40;    1233.69;    3345.96;    1246.20;       10;    0.72;   stop
   508;    2106.94;     647.38;    2131.32;     644.64;    2130.00;     632.87;    2105.61;     635.61;       10;    0.72;   stop
  4704;    2703.90;     649.03;    2731.25;     647.52;    2730.60;     635.72;    2703.25;     637.23;       10;    0.72;   move
   462;    2099.76;    1348.37;    2127.64;    1344.80;    2125.92;    1331.38;    2098.04;    1334.95;       10;    0.72;   stop
   238;    2780.48;    1363.49;    2782.09;    1350.27;    2753.82;    1346.83;    2752.21;    1360.04;       10;    0.72;   stop
   400;    1102.55;     685.40;    1103.72;     673.09;    1073.76;     670.23;    1072.59;     682.54;       10;    0.72;   stop
   455;    2340.59;    1094.14;    2341.00;    1082.47;    2316.53;    1081.61;    2316.12;    1093.28;       10;    0.72;   stop
   406;    2570.82;    1997.87;    2600.28;    1986.62;    2594.80;    1972.26;    2565.34;    1983.51;       10;    0.72;   stop
   244;    2466.30;    1772.66;    2467.88;    1743.66;    2455.20;    1742.97;    2453.62;    1771.97;       10;    0.72;   stop
   243;     802.08;    1937.07;     814.60;    1936.79;     813.99;    1909.31;     801.46;    1909.58;       10;    0.71;   stop
   394;    1820.01;     118.29;    1834.11;     117.92;    1833.33;      88.15;    1819.24;      88.52;       10;    0.71;   stop
   170;    1871.39;    1027.93;    1874.43;    1000.86;    1860.70;     999.32;    1857.66;    1026.39;       10;    0.71;   move
   197;    2897.71;    1855.71;    2923.95;    1832.65;    2912.54;    1819.67;    2886.30;    1842.73;        9;    0.71;   stop
     9;     417.07;    1080.21;     417.87;    1067.32;     391.99;    1065.73;     391.20;    1078.62;       10;    0.71;   move
    18;      99.70;    1078.30;     132.98;    1077.90;     132.80;    1062.95;      99.52;    1063.35;       10;    0.71;   stop
  2586;    3346.94;    1283.20;    3350.33;    1270.89;    3325.25;    1263.98;    3321.86;    1276.30;       10;    0.71;   stop
  4145;    2040.01;     671.88;    2070.80;     670.94;    2070.36;     656.74;    2039.58;     657.69;       10;    0.71;   stop
   149;     599.86;    1571.89;     600.49;    1558.86;     572.02;    1557.49;     571.39;    1570.51;       10;    0.71;   stop
   214;    3254.60;    1004.62;    3273.61;     984.70;    3263.84;     975.38;    3244.83;     995.30;       10;    0.71;   stop
   159;    3310.31;    1167.54;    3315.19;    1155.02;    3287.82;    1144.33;    3282.93;    1156.86;       10;    0.71;   stop
   177;    1225.43;    1788.83;    1226.03;    1763.07;    1214.13;    1762.79;    1213.54;    1788.56;       10;    0.71;   stop
   283;    2437.66;    1767.12;    2439.92;    1738.31;    2426.47;    1737.26;    2424.21;    1766.07;       10;    0.71;   stop
   434;    1260.44;    1069.09;    1261.04;    1057.23;    1237.62;    1056.04;    1237.02;    1067.90;       10;    0.70;   stop
   429;    1928.93;    1807.40;    1933.87;    1781.61;    1920.82;    1779.10;    1915.88;    1804.89;       10;    0.70;   stop
   442;    2621.61;    1921.51;    2627.13;    1907.70;    2596.89;    1895.61;    2591.37;    1909.42;       10;    0.70;   stop
   458;    2098.83;     253.00;    2124.75;     252.30;    2124.42;     240.32;    2098.50;     241.01;       10;    0.70;   stop
   414;    1823.95;      24.72;    1835.60;      23.06;    1832.20;      -0.81;    1820.56;       0.84;       10;    0.70;   stop
   580;    2141.41;     647.37;    2165.38;     646.05;    2164.72;     634.01;    2140.74;     635.33;       10;    0.70;   stop
   435;    1847.38;     988.83;    1859.28;     988.62;    1858.84;     963.05;    1846.94;     963.25;       10;    0.70;   stop
   306;    3279.31;     980.34;    3296.42;     956.12;    3285.07;     948.10;    3267.96;     972.31;       10;    0.70;   stop
   279;    1803.88;    2112.79;    1820.96;    2080.54;    1807.37;    2073.34;    1790.29;    2105.59;        9;    0.70;   stop
   404;    1933.62;    1432.82;    1948.08;    1430.99;    1943.31;    1393.18;    1928.86;    1395.01;        9;    0.70;   stop
   344;    2469.34;    1731.77;    2471.43;    1706.12;    2458.91;    1705.10;    2456.82;    1730.75;       10;    0.70;   stop
   439;    1830.67;     238.94;    1831.63;     216.04;    1820.15;     215.56;    1819.18;     238.46;       10;    0.70;   stop
   317;     649.61;    1056.30;     649.79;    1043.13;     621.63;    1042.76;     621.46;    1055.93;       10;    0.70;   stop
   145;    3257.97;    1060.50;    3274.58;    1037.27;    3263.28;    1029.18;    3246.67;    1052.42;       10;    0.70;   stop
   368;    3173.35;    1434.71;    3178.91;    1422.25;    3153.84;    1411.07;    3148.28;    1423.54;       10;    0.70;   stop
   277;     705.47;    1076.42;     705.87;    1061.92;     675.47;    1061.08;     675.07;    1075.58;       10;    0.70;   move
   409;    2532.01;     746.09;    2544.84;     745.55;    2543.62;     716.41;    2530.79;     716.95;       10;    0.70;   stop
   403;    1776.72;    1086.26;    1813.27;    1080.60;    1810.81;    1064.74;    1774.26;    1070.40;        9;    0.70;   stop
   417;    1867.18;    1341.02;    1877.88;    1340.73;    1877.29;    1318.48;    1866.59;    1318.77;       10;    0.70;   stop
   250;    2492.73;    1410.03;    2494.07;    1383.98;    2481.64;    1383.34;    2480.30;    1409.39;       10;    0.69;   stop
   175;    3190.68;    1040.01;    3218.62;    1030.63;    3214.32;    1017.81;    3186.38;    1027.18;       10;    0.69;   stop
   334;     518.48;    1016.54;     533.81;    1015.84;     532.45;     985.96;     517.13;     986.66;       10;    0.69;   stop
   381;     797.36;    1217.97;     810.40;    1217.70;     809.84;    1190.65;     796.80;    1190.92;       10;    0.69;   stop
   625;    1982.61;    1413.59;    1995.57;    1413.51;    1995.39;    1384.28;    1982.43;    1384.36;       10;    0.69;   stop
   390;    2363.98;    2031.49;    2370.52;    2018.86;    2343.77;    2005.01;    2337.23;    2017.64;       10;    0.69;   stop
    86;      58.70;    1062.45;      87.84;    1060.92;      87.20;    1048.80;      58.06;    1050.33;       10;    0.69;   stop
   267;     553.32;    1568.58;     553.74;    1556.08;     526.68;    1555.17;     526.26;    1567.67;       10;    0.69;   stop
   311;    1475.95;    1075.17;    1476.33;    1063.08;    1452.42;    1062.33;    1452.04;    1074.42;       10;    0.69;   stop
   258;     776.15;    1227.02;     776.65;    1214.13;     749.84;    1213.11;     749.35;    1225.99;       10;    0.69;   stop
   474;    2067.09;     253.26;    2091.32;     252.37;    2090.91;     241.18;    2066.68;     242.07;       10;    0.69;   stop
   101;      12.29;    1069.58;      46.03;    1066.05;      44.46;    1051.05;      10.72;    1054.57;       10;    0.69;   stop
   385;    2457.74;    1906.44;    2459.77;    1876.77;    2445.76;    1875.81;    2443.73;    1905.48;       10;    0.69;   stop
    14;    1275.98;    1099.00;    1276.31;    1086.37;    1252.46;    1085.75;    1252.13;    1098.38;       10;    0.69;   move
   337;    2432.55;    1321.80;    2459.76;    1321.67;    2459.70;    1308.45;    2432.49;    1308.58;       10;    0.69;   stop
   384;    3040.67;    1641.46;    3049.82;    1616.65;    3037.33;    1612.04;    3028.18;    1636.85;       10;    0.69;   stop
   215;    2090.25;    1122.55;    2090.43;    1110.93;    2067.75;    1110.58;    2067.57;    1122.20;       10;    0.68;   stop
   537;    2452.65;    1553.84;    2452.75;    1528.70;    2440.72;    1528.66;    2440.63;    1553.80;       10;    0.68;   stop
   297;     817.02;    1937.48;     829.94;    1937.36;     829.69;    1911.15;     816.78;    1911.27;       10;    0.68;   stop
   466;    2340.96;     642.42;    2366.46;     640.70;    2365.66;     628.83;    2340.16;     630.55;       10;    0.68;   stop
   303;     585.67;    1605.10;     586.23;    1592.86;     562.77;    1591.78;     562.21;    1604.02;       10;    0.68;   stop
   497;    1683.49;    1193.93;    1685.74;    1181.19;    1658.89;    1176.45;    1656.64;    1189.19;       10;    0.68;   stop
   332;    2312.55;    2118.58;    2342.46;    2106.18;    2336.70;    2092.29;    2306.79;    2104.70;       10;    0.68;   stop
   274;     727.03;    1612.09;     727.57;    1598.96;     701.72;    1597.91;     701.18;    1611.04;       10;    0.68;   stop
   461;    1544.05;    1191.75;    1570.57;    1190.61;    1569.95;    1176.38;    1543.43;    1177.52;       10;    0.68;   stop
   293;    1929.01;    1202.22;    1942.13;    1199.46;    1936.49;    1172.66;    1923.37;    1175.42;       10;    0.68;   move
  1526;    3143.71;    1379.12;    3155.31;    1352.93;    3142.23;    1347.13;    3130.62;    1373.32;       10;    0.68;   stop
   319;     706.96;    1195.04;     707.31;    1169.52;     693.67;    1169.34;     693.31;    1194.85;       10;    0.68;   stop
  1791;    3240.24;    1178.31;    3255.21;    1154.71;    3242.57;    1146.69;    3227.60;    1170.29;       10;    0.68;   move
   268;     888.14;    1620.53;     888.88;    1607.46;     862.64;    1605.97;     861.90;    1619.04;       10;    0.68;   stop
   118;    3272.48;    1118.68;    3285.36;    1092.89;    3272.21;    1086.32;    3259.32;    1112.11;       10;    0.68;   move
   683;    1928.92;    1389.68;    1942.62;    1388.03;    1938.83;    1356.44;    1925.13;    1358.09;       10;    0.68;   stop
   562;    2971.86;    1767.21;    2986.41;    1742.63;    2973.39;    1734.92;    2958.84;    1759.50;       10;    0.68;   stop
   478;    1328.01;      70.71;    1358.07;      69.25;    1357.37;      54.73;    1327.31;      56.19;       10;    0.67;   stop
   509;     246.29;    1143.82;     246.51;    1130.03;     220.11;    1129.62;     219.90;    1143.41;       10;    0.67;   stop
   356;    1547.93;    1041.09;    1551.08;    1012.48;    1536.82;    1010.91;    1533.67;    1039.52;       10;    0.67;   stop
   396;    1500.32;    1188.81;    1500.76;    1176.83;    1476.43;    1175.94;    1475.99;    1187.92;       10;    0.67;   stop
  2734;    2410.02;     639.01;    2434.27;     638.20;    2433.85;     625.77;    2409.61;     626.58;       10;    0.67;   stop
   331;    2998.92;    1732.07;    3008.90;    1707.97;    2995.83;    1702.55;    2985.85;    1726.66;       10;    0.67;   stop
   335;     416.21;    1047.46;     417.23;    1035.91;     393.33;    1033.79;     392.30;    1045.34;       10;    0.67;   stop
   128;     713.45;    1058.16;     713.83;    1046.39;     689.05;    1045.59;     688.67;    1057.36;       10;    0.67;   stop
   418;    3239.37;    1093.70;    3256.46;    1064.02;    3242.50;    1055.98;    3225.41;    1085.66;       10;    0.67;   stop
   472;     918.37;    1582.42;     918.97;    1571.04;     895.69;    1569.83;     895.10;    1581.21;       10;    0.67;   stop
   444;    2171.91;    1204.87;    2172.23;    1191.99;    2147.71;    1191.38;    2147.40;    1204.26;       10;    0.67;   stop
   298;    3164.89;    1455.17;    3169.87;    1442.22;    3141.67;    1431.39;    3136.70;    1444.34;       10;    0.66;   stop
   353;    2518.95;    1061.44;    2519.51;    1036.96;    2507.18;    1036.68;    2506.61;    1061.16;       10;    0.66;   stop
   163;    3297.88;    1059.02;    3308.60;    1030.25;    3294.62;    1025.04;    3283.90;    1053.81;       10;    0.66;   move
  3934;    1883.10;     508.40;    1895.85;     507.87;    1894.65;     479.35;    1881.90;     479.88;       10;    0.66;   stop
   318;      28.22;    1155.71;      32.41;    1143.47;       6.52;    1134.61;       2.33;    1146.84;       10;    0.66;   stop
   617;    2682.12;    1230.95;    2683.43;    1215.03;    2648.74;    1212.18;    2647.43;    1228.09;        9;    0.66;   stop
   650;    1916.39;    1878.68;    1929.68;    1842.85;    1914.42;    1837.19;    1901.13;    1873.02;        9;    0.66;   stop
   553;    2532.95;    1958.10;    2542.45;    1947.37;    2520.17;    1927.65;    2510.67;    1938.38;       10;    0.66;   stop
   397;    3524.67;    1043.45;    3555.96;    1042.09;    3555.33;    1027.49;    3524.04;    1028.85;       10;    0.66;   stop
   405;    3151.15;    1154.41;    3166.16;    1128.10;    3153.54;    1120.90;    3138.53;    1147.21;       10;    0.66;   stop
   168;    1832.41;    1669.97;    1833.99;    1656.68;    1805.32;    1653.28;    1803.75;    1666.57;       10;    0.66;   stop
   193;     383.57;    1560.13;     385.46;    1547.03;     357.52;    1542.99;     355.63;    1556.10;       10;    0.65;   stop
   448;    1972.57;    2089.77;    1987.74;    2089.42;    1987.06;    2059.23;    1971.88;    2059.58;       10;    0.65;   stop
   386;    1247.63;      69.14;    1279.74;      69.03;    1279.69;      53.48;    1247.57;      53.59;       10;    0.65;   stop
   350;    2527.76;     174.92;    2527.82;     150.80;    2516.36;     150.77;    2516.31;     174.89;       10;    0.65;   stop
   426;    2529.39;     582.15;    2540.98;     581.95;    2540.61;     560.01;    2529.02;     560.21;       10;    0.65;   stop
   359;    3468.19;    1044.14;    3468.40;    1031.89;    3444.00;    1031.48;    3443.79;    1043.73;       10;    0.65;   stop
   360;    1795.27;    1634.86;    1796.43;    1622.30;    1769.06;    1619.77;    1767.90;    1632.33;       10;    0.65;   stop
   427;    2528.67;     613.20;    2540.43;     612.53;    2539.08;     588.86;    2527.32;     589.53;       10;    0.65;   stop
   349;    2463.73;    1805.63;    2464.95;    1780.31;    2453.27;    1779.75;    2452.05;    1805.06;       10;    0.65;   stop
  4248;     600.75;    1130.44;     601.01;    1116.35;     572.07;    1115.81;     571.81;    1129.90;       10;    0.65;   move
   500;     814.81;    1054.26;     815.00;    1043.12;     792.68;    1042.74;     792.49;    1053.88;       10;    0.64;   stop
   262;    2166.13;    2119.30;    2173.16;    2106.99;    2146.18;    2091.58;    2139.15;    2103.88;       10;    0.64;   stop
   495;    3738.04;    1453.92;    3741.67;    1440.20;    3711.33;    1432.17;    3707.71;    1445.90;       10;    0.64;   stop
   513;    1827.24;     343.71;    1840.80;     343.48;    1840.26;     312.16;    1826.70;     312.39;       10;    0.64;   stop
   709;    1907.38;     831.52;    1922.45;     831.37;    1922.12;     796.36;    1907.05;     796.50;        9;    0.64;   move
   489;    2546.61;     790.87;    2546.80;     765.66;    2534.64;     765.57;    2534.45;     790.78;       10;    0.64;   stop
   428;    3158.79;    1080.42;    3173.97;    1074.92;    3162.77;    1043.96;    3147.59;    1049.45;       10;    0.64;   stop
   393;    2264.77;    2075.73;    2272.13;    2063.20;    2243.29;    2046.27;    2235.94;    2058.80;       10;    0.64;   stop
  4314;      70.66;    1540.47;      71.42;    1528.60;      47.11;    1527.03;      46.35;    1538.90;       10;    0.64;   move
   490;    2719.76;     628.56;    2744.68;     627.13;    2743.99;     615.13;    2719.07;     616.55;       10;    0.64;   stop
   382;    2846.24;     625.82;    2872.52;     624.09;    2871.76;     612.52;    2845.48;     614.26;       10;    0.64;   stop
   369;    2765.81;    1854.71;    2777.40;    1844.65;    2757.56;    1821.79;    2745.97;    1831.85;       10;    0.64;   stop
   401;     143.66;    1142.02;     171.46;    1140.87;     170.88;    1126.73;     143.07;    1127.88;       10;    0.64;   stop
   251;    1223.42;    1848.46;    1224.92;    1823.14;    1212.77;    1822.42;    1211.27;    1847.74;       10;    0.64;   stop
   460;    1968.40;    2087.15;    1969.06;    2056.54;    1954.66;    2056.23;    1954.01;    2086.84;       10;    0.64;   stop
   645;       5.70;    1052.62;      39.37;    1049.57;      38.07;    1035.19;       4.40;    1038.24;       10;    0.63;   stop
   536;     792.40;    1581.42;     793.26;    1570.33;     770.79;    1568.58;     769.93;    1579.67;       10;    0.63;   stop
   492;    2535.51;     890.36;    2547.77;     889.95;    2546.87;     862.95;    2534.61;     863.36;       10;    0.63;   stop
   634;    1922.52;    1836.55;    1926.79;    1811.64;    1914.76;    1809.57;    1910.49;    1834.49;       10;    0.63;   stop
   452;     173.41;    1143.09;     198.49;    1141.01;     197.37;    1127.54;     172.29;    1129.61;       10;    0.63;   stop
   315;    1916.40;    1044.09;    1931.28;    1043.02;    1928.76;    1007.91;    1913.87;    1008.98;       10;    0.63;   move
   289;    2666.47;    2017.60;    2678.31;    2012.38;    2667.29;    1987.40;    2655.45;    1992.62;       10;    0.63;   stop
   398;     669.85;    1575.14;     671.00;    1562.10;     645.46;    1559.86;     644.32;    1572.90;       10;    0.62;   stop
   540;    2593.94;    1929.37;    2601.56;    1918.26;    2578.44;    1902.38;    2570.81;    1913.49;       10;    0.62;   stop
   535;     837.22;     996.34;     837.57;     984.40;     811.88;     983.66;     811.54;     995.60;       10;    0.62;   stop
   457;    2787.70;    1842.05;    2794.83;    1831.06;    2770.55;    1815.32;    2763.42;    1826.31;       10;    0.62;   stop
   407;    2528.38;     144.03;    2528.68;     118.24;    2515.74;     118.10;    2515.45;     143.88;       10;    0.62;   stop
   467;    2530.92;     709.61;    2542.51;     709.58;    2542.45;     684.27;    2530.87;     684.29;       10;    0.62;   stop
   324;     849.11;    1933.69;     862.32;    1933.43;     861.83;    1908.18;     848.62;    1908.44;       10;    0.62;   stop
     6;     149.99;    1078.84;     176.62;    1078.58;     176.49;    1065.22;     149.86;    1065.48;       10;    0.62;   stop
  3989;     518.13;    1083.08;     550.37;    1081.48;     549.69;    1067.55;     517.44;    1069.14;       10;    0.62;   move
   249;     600.40;    1086.75;     600.79;    1073.98;     576.16;    1073.25;     575.78;    1086.02;       10;    0.62;   move
   510;    2563.34;     638.15;    2590.85;     635.95;    2589.91;     624.10;    2562.40;     626.30;       10;    0.62;   stop
   437;    3260.29;    1095.31;    3274.10;    1072.42;    3262.84;    1065.63;    3249.02;    1088.51;       10;    0.62;   stop
   493;    3230.00;    1149.98;    3243.75;    1125.18;    3232.19;    1118.77;    3218.43;    1143.57;       10;    0.62;   stop
   451;     462.78;    1055.28;     492.04;    1053.26;     491.13;    1040.03;     461.87;    1042.05;       10;    0.62;   stop
   388;     523.71;    1600.67;     524.13;    1589.47;     503.79;    1588.71;     503.37;    1599.90;       10;    0.62;   stop
   475;     324.96;    1047.90;     325.16;    1035.60;     302.22;    1035.23;     302.03;    1047.53;       10;    0.62;   stop
   166;     238.15;    1541.77;     239.39;    1530.41;     213.73;    1527.61;     212.49;    1538.96;       10;    0.62;   stop
    27;      58.53;    1080.01;      85.61;    1078.35;      84.79;    1064.99;      57.71;    1066.65;       10;    0.62;   stop
   465;    2373.07;     640.95;    2396.00;     639.76;    2395.43;     628.89;    2372.50;     630.09;       10;    0.62;   stop
   501;    2752.07;     628.96;    2777.64;     627.51;    2776.93;     615.01;    2751.36;     616.46;       10;    0.62;   stop
   598;    2017.12;    1515.92;    2017.14;    1493.46;    2005.88;    1493.45;    2005.86;    1515.92;       10;    0.62;   stop
  3915;    1944.07;     541.00;    1957.41;     540.06;    1955.18;     508.62;    1941.84;     509.57;       10;    0.61;   move
   263;     873.29;    1028.90;     873.69;    1001.92;     860.33;    1001.73;     859.94;    1028.70;       10;    0.61;   stop
   479;    3245.56;    1121.91;    3258.50;    1097.93;    3246.62;    1091.53;    3233.69;    1115.51;       10;    0.61;   stop
   433;     832.94;    1937.20;     846.11;    1936.94;     845.56;    1909.17;     832.39;    1909.43;       10;    0.61;   stop
   564;    2554.63;    1947.14;    2562.83;    1935.54;    2540.12;    1919.49;    2531.92;    1931.09;       10;    0.61;   stop
   491;    2334.03;    1347.65;    2361.67;    1347.03;    2361.35;    1332.67;    2333.71;    1333.28;       10;    0.61;   stop
   413;    2795.10;    1971.41;    2807.56;    1963.73;    2790.53;    1936.09;    2778.07;    1943.77;       10;    0.61;   stop
   547;    1841.09;     254.90;    1841.46;     236.37;    1831.09;     236.17;    1830.72;     254.69;       10;    0.61;   stop
   488;    2685.87;     629.92;    2708.46;     629.20;    2708.13;     618.83;    2685.54;     619.55;       10;    0.61;   stop
  2761;    2173.52;     647.50;    2200.88;     645.91;    2200.11;     632.75;    2172.75;     634.34;       10;    0.61;   stop
   577;    2386.67;    1319.91;    2387.34;    1307.12;    2362.71;    1305.84;    2362.04;    1318.63;       10;    0.61;   stop
   419;    3097.04;    1510.47;    3105.66;    1486.39;    3093.46;    1482.03;    3084.84;    1506.11;       10;    0.61;   stop
   348;    3494.76;    1007.01;    3521.92;    1006.08;    3521.49;     993.62;    3494.33;     994.55;       10;    0.60;   stop
   524;    2538.71;     924.94;    2551.96;     924.75;    2551.54;     896.43;    2538.29;     896.63;       10;    0.59;   stop
   338;    3431.97;    1008.52;    3458.41;    1007.02;    3457.72;     994.92;    3431.28;     996.42;       10;    0.59;   stop
   389;    3564.33;    1041.27;    3591.09;    1040.39;    3590.67;    1027.79;    3563.91;    1028.67;       10;    0.59;   stop
   520;    2383.75;    2020.97;    2390.17;    2008.60;    2364.50;    1995.28;    2358.08;    2007.65;       10;    0.59;   stop
   638;    2485.55;    1489.45;    2488.59;    1466.24;    2477.58;    1464.80;    2474.53;    1488.01;       10;    0.59;   stop
   371;    3220.99;    1123.97;    3234.92;    1099.33;    3222.45;    1092.28;    3208.51;    1116.92;       10;    0.58;   stop
   565;    1991.75;    2090.67;    2004.40;    2090.12;    2003.31;    2065.08;    1990.66;    2065.63;       10;    0.58;   stop
  4481;     595.04;     621.52;     601.98;     610.47;     576.84;     594.65;     569.89;     605.70;       10;    0.58;   stop
   195;    2711.40;    2117.53;    2724.26;    2110.66;    2709.60;    2083.22;    2696.74;    2090.09;       10;    0.58;   stop
   571;     255.95;    1144.74;     279.87;    1144.69;     279.84;    1131.51;     255.92;    1131.56;       10;    0.58;   stop
   518;    2431.92;    1841.21;    2434.16;    1814.94;    2422.08;    1813.91;    2419.84;    1840.18;       10;    0.58;   stop
   559;     727.12;    1611.64;     727.60;    1597.11;     720.12;    1596.86;     719.64;    1611.39;       10;    0.58;   stop
   374;    1348.32;    1609.70;    1348.55;    1597.01;    1323.56;    1596.55;    1323.32;    1609.24;       10;    0.57;   stop
   560;    3405.63;     849.67;    3417.20;     822.72;    3404.37;     817.21;    3392.80;     844.15;       10;    0.57;   stop
  2278;    1862.13;     550.17;    1878.73;     550.15;    1878.68;     506.21;    1862.08;     506.22;        9;    0.57;   stop
   581;    1381.17;    1069.01;    1381.95;    1057.59;    1360.45;    1056.12;    1359.67;    1067.54;       10;    0.57;   stop
    30;    1403.77;    1103.74;    1404.26;    1091.07;    1377.23;    1090.01;    1376.74;    1102.68;       10;    0.57;   move
   602;    3205.30;    1147.76;    3220.20;    1122.47;    3208.13;    1115.36;    3193.24;    1140.66;       10;    0.57;   stop
   379;    1149.51;     691.45;    1151.24;     678.84;    1126.37;     675.43;    1124.64;     688.03;       10;    0.57;   stop
   307;      53.09;    1521.87;      54.19;    1510.27;      31.58;    1508.13;      30.48;    1519.73;       10;    0.57;   stop
    96;    3351.96;    1029.48;    3382.26;    1025.33;    3380.23;    1010.52;    3349.93;    1014.67;       10;    0.57;   move
   140;     918.47;    1622.30;     919.61;    1609.75;     895.88;    1607.58;     894.73;    1620.13;       10;    0.56;   stop
   484;    1907.91;    1639.07;    1908.40;    1626.64;    1883.81;    1625.68;    1883.32;    1638.11;       10;    0.56;   stop
   521;    2467.59;    2056.82;    2494.22;    2046.23;    2488.78;    2032.56;    2462.16;    2043.14;       10;    0.56;   stop
   556;    3005.86;    1478.70;    3014.99;    1456.11;    3004.64;    1451.93;    2995.51;    1474.51;       10;    0.56;   stop
   601;    2575.51;    1939.52;    2583.32;    1926.80;    2556.37;    1910.23;    2548.55;    1922.95;       10;    0.56;   stop
   604;    2499.57;    1973.60;    2508.57;    1963.09;    2487.18;    1944.77;    2478.18;    1955.29;       10;    0.56;   stop
  3721;    1064.34;    1177.78;    1064.85;    1163.29;    1034.35;    1162.22;    1033.84;    1176.71;        9;    0.56;   stop
   570;    2461.13;    1871.39;    2462.46;    1842.91;    2447.99;    1842.23;    2446.66;    1870.71;       10;    0.56;   stop
   618;    2012.92;    2093.33;    2026.45;    2090.39;    2020.40;    2062.42;    2006.86;    2065.36;       10;    0.56;   stop
   266;     632.32;    1417.91;     634.14;    1403.66;     607.05;    1400.21;     605.24;    1414.47;       10;    0.55;   stop
   664;    2188.93;    1381.14;    2201.75;    1381.06;    2201.57;    1352.61;    2188.75;    1352.69;       10;    0.55;   stop
  4389;    3577.22;    1283.17;    3593.16;    1282.51;    3591.85;    1250.89;    3575.91;    1251.55;       10;    0.55;   stop
   415;     694.78;    1609.93;     695.22;    1597.18;     670.22;    1596.32;     669.78;    1609.07;       10;    0.55;   stop
   220;     453.18;    1081.34;     478.02;    1080.00;     477.29;    1066.47;     452.45;    1067.81;       10;    0.55;   move
   450;    2513.32;      85.03;    2525.87;      84.70;    2525.18;      58.41;    2512.63;      58.74;       10;    0.55;   stop
   399;     555.85;    1602.94;     556.15;    1590.83;     530.72;    1590.19;     530.41;    1602.29;       10;    0.55;   stop
  3918;    1850.02;     925.95;    1861.30;     925.77;    1860.98;     905.55;    1849.70;     905.73;       10;    0.55;   stop
   561;     783.98;    1936.07;     798.34;    1935.88;     797.98;    1910.30;     783.62;    1910.50;       10;    0.55;   stop
   525;    2369.70;    2091.12;    2369.70;    2078.13;    2345.93;    2078.13;    2345.93;    2091.12;       10;    0.55;   stop
   527;    3395.96;     876.47;    3405.41;     850.42;    3392.48;     845.72;    3383.02;     871.77;       10;    0.54;   stop
   436;    3489.58;    1043.41;    3518.38;    1043.11;    3518.23;    1029.40;    3489.44;    1029.70;       10;    0.54;   stop
   494;    1388.32;    1646.97;    1388.55;    1633.98;    1363.43;    1633.53;    1363.20;    1646.52;       10;    0.54;   stop
   578;    1830.52;    1637.84;    1832.02;    1623.24;    1802.16;    1620.16;    1800.65;    1634.76;       10;    0.54;   stop
   420;    1847.30;     486.65;    1859.49;     486.21;    1858.64;     462.85;    1846.45;     463.29;       10;    0.54;   stop
   176;     646.15;    1363.42;     647.82;    1349.29;     619.48;    1345.95;     617.81;    1360.08;       10;    0.54;   stop
  4749;    1277.49;    1187.40;    1278.27;    1171.20;    1242.51;    1169.47;    1241.73;    1185.68;        9;    0.54;   stop
   392;    2473.36;    1661.00;    2475.03;    1636.06;    2462.77;    1635.25;    2461.10;    1660.19;       10;    0.54;   stop
   615;    2514.34;    1962.21;    2522.94;    1952.33;    2502.79;    1934.79;    2494.19;    1944.67;       10;    0.54;   stop
   611;    2431.48;    1870.85;    2433.46;    1843.74;    2420.27;    1842.78;    2418.29;    1869.88;       10;    0.54;   stop
   481;    1463.42;    2081.58;    1466.37;    2052.98;    1453.70;    2051.67;    1450.75;    2080.27;       10;    0.54;   stop
   354;     405.65;    2120.48;     421.88;    2120.39;     421.70;    2087.02;     405.47;    2087.11;       10;    0.53;   stop
   377;    1223.58;    2084.98;    1237.57;    2083.78;    1235.11;    2055.02;    1221.12;    2056.22;       10;    0.53;   stop
   454;    1383.24;    1612.13;    1384.72;    1599.44;    1358.39;    1596.37;    1356.91;    1609.06;       10;    0.53;   stop
   608;    1869.19;    1673.55;    1870.36;    1660.10;    1841.25;    1657.57;    1840.08;    1671.02;       10;    0.53;   stop
  4609;     161.99;    1111.51;     187.29;    1111.39;     187.23;    1098.18;     161.93;    1098.30;       10;    0.53;   move
  4737;    1884.11;     558.74;    1898.20;     558.42;    1897.49;     526.89;    1883.39;     527.21;       10;    0.52;   stop
   412;    1352.52;    1644.15;    1353.06;    1631.86;    1327.23;    1630.73;    1326.69;    1643.02;       10;    0.52;   stop
  3443;    2512.23;      53.48;    2526.35;      52.91;    2525.14;      23.02;    2511.03;      23.59;       10;    0.52;   stop
   534;     642.40;    1160.36;     667.47;    1160.00;     667.29;    1146.83;     642.21;    1147.18;       10;    0.52;   stop
   519;    1735.70;    1667.80;    1736.86;    1652.33;    1703.61;    1649.82;    1702.45;    1665.30;       10;    0.52;   stop
  4250;    2897.09;     625.04;    2925.10;     623.47;    2924.41;     611.05;    2896.40;     612.62;       10;    0.52;   stop
  4095;    1686.05;    1192.39;    1686.88;    1178.39;    1680.03;    1177.98;    1679.20;    1191.99;       10;    0.51;   stop
  3777;    3752.39;     173.39;    3782.06;     171.89;    3781.36;     158.02;    3751.69;     159.52;       10;    0.51;   stop
   523;     853.99;    1213.49;     855.67;    1201.10;     828.16;    1197.38;     826.49;    1209.78;       10;    0.51;   stop
   669;    3313.58;     975.07;    3326.43;     944.27;    3308.92;     936.97;    3296.07;     967.77;       10;    0.51;   stop
   477;    1147.42;    1635.18;    1176.35;    1635.00;    1176.27;    1620.57;    1147.33;    1620.75;       10;    0.51;   stop
   506;    2183.88;    2108.17;    2190.99;    2096.02;    2167.81;    2082.45;    2160.70;    2094.61;       10;    0.50;   stop
   583;    1820.75;      93.97;    1832.56;      93.73;    1832.13;      73.09;    1820.32;      73.34;       10;    0.50;   stop
   542;     610.19;    1216.01;     610.39;    1202.18;     584.19;    1201.80;     583.99;    1215.63;       10;    0.50;   stop
   411;    3575.14;    1247.64;    3589.47;    1246.59;    3587.36;    1217.98;    3573.03;    1219.04;       10;    0.50;   stop
   539;     561.21;    2100.17;     589.20;    2100.00;     589.11;    2084.83;     561.11;    2085.00;       10;    0.50;   stop
   456;    3360.51;     959.29;    3368.79;     935.19;    3355.74;     930.71;    3347.46;     954.81;       10;    0.50;   stop
   383;    1323.11;    1643.21;    1323.51;    1630.20;    1298.14;    1629.42;    1297.74;    1642.43;       10;    0.50;   stop
   464;    2225.50;    2094.63;    2234.37;    2081.87;    2207.75;    2063.37;    2198.88;    2076.13;       10;    0.50;   stop
   557;    1309.01;    1608.44;    1309.19;    1595.98;    1280.74;    1595.56;    1280.56;    1608.02;       10;    0.50;   stop
   995;    1763.74;    1142.09;    1764.10;    1131.08;    1743.92;    1130.41;    1743.55;    1141.42;       10;    0.50;   stop
   647;    2847.62;    1811.36;    2853.16;    1798.67;    2827.63;    1787.52;    2822.09;    1800.20;       10;    0.50;   stop
   225;     269.58;    1547.40;     271.44;    1535.24;     246.04;    1531.35;     244.18;    1543.51;       10;    0.49;   stop
   443;    2205.57;    2098.53;    2212.12;    2085.47;    2187.18;    2072.97;    2180.63;    2086.03;       10;    0.49;   stop
   408;    3795.15;     259.97;    3796.36;     231.43;    3781.72;     230.81;    3780.52;     259.35;       10;    0.49;   stop
  3080;    2866.15;     220.52;    2895.75;     217.96;    2894.60;     204.73;    2865.00;     207.29;       10;    0.49;   stop
   375;    3472.80;     691.90;    3484.54;     664.10;    3470.32;     658.10;    3458.58;     685.90;       10;    0.49;   stop
   160;     387.50;    1721.67;     404.32;    1721.62;     404.21;    1690.83;     387.40;    1690.88;       10;    0.49;   stop
  4649;    1822.32;     172.57;    1824.68;     156.05;    1792.31;     151.43;    1789.95;     167.95;        9;    0.48;   stop
  4715;    3780.39;     333.17;    3796.78;     333.01;    3796.48;     300.12;    3780.09;     300.27;       10;    0.48;   stop
  2012;    2932.99;     623.23;    2960.58;     623.08;    2960.51;     610.05;    2932.92;     610.20;       10;    0.48;   stop
   151;    1225.37;    2113.46;    1237.63;    2112.41;    1235.57;    2088.42;    1223.31;    2089.47;       10;    0.48;   stop
  4520;    3532.92;    1304.07;    3537.49;    1287.93;    3499.27;    1277.10;    3494.70;    1293.24;       10;    0.48;   move
  4539;     588.79;    1048.42;     613.38;    1047.78;     613.08;    1036.58;     588.50;    1037.22;       10;    0.48;   stop
   526;    1118.96;    1021.01;    1132.51;    1020.84;    1132.17;     993.86;    1118.62;     994.03;       10;    0.48;   stop
   487;    1290.12;    1641.64;    1291.14;    1629.62;    1267.57;    1627.61;    1266.54;    1639.63;       10;    0.48;   stop
   620;    2285.09;    2065.59;    2291.07;    2052.45;    2265.16;    2040.66;    2259.18;    2053.80;       10;    0.48;   stop
  3730;      20.19;    1517.19;      21.20;    1505.22;       0.02;    1503.43;      -0.99;    1515.40;       10;    0.48;   stop
   575;    1064.97;    1177.23;    1065.56;    1164.06;    1036.53;    1162.77;    1035.94;    1175.94;       10;    0.48;   stop
   791;    1953.29;    1617.97;    1954.73;    1571.97;    1936.96;    1571.41;    1935.52;    1617.41;        9;    0.48;   stop
  4354;     474.99;    1126.68;     502.06;    1126.30;     501.88;    1113.94;     474.82;    1114.33;       10;    0.47;   move
   644;    2815.79;     626.60;    2836.25;     625.82;    2835.84;     615.12;    2815.38;     615.90;       10;    0.47;   stop
   572;    1979.30;    1887.61;    1986.68;    1850.36;    1971.70;    1847.39;    1964.32;    1884.64;       10;    0.47;   stop
  2484;      82.47;    1143.75;     109.57;    1142.59;     109.02;    1129.68;      81.91;    1130.85;       10;    0.47;   stop
  4376;     441.11;    1598.36;     466.10;    1597.19;     465.46;    1583.52;     440.47;    1584.69;       10;    0.47;   stop
   343;     402.29;    1682.70;     402.71;    1657.85;     388.49;    1657.61;     388.07;    1682.46;       10;    0.47;   stop
  2392;    1979.89;    1889.16;    1989.24;    1850.84;    1973.36;    1846.97;    1964.01;    1885.29;        9;    0.47;   stop
  3591;     696.98;    1354.01;     698.67;    1318.95;     681.15;    1318.10;     679.45;    1353.16;       10;    0.46;   stop
  4713;    3780.49;     295.12;    3794.83;     294.96;    3794.51;     265.04;    3780.17;     265.19;       10;    0.46;   stop
   659;    1938.03;    1566.13;    1953.32;    1565.86;    1952.69;    1529.87;    1937.40;    1530.14;       10;    0.46;   stop
   631;     588.90;    1146.96;     589.17;    1134.54;     563.29;    1133.98;     563.02;    1146.40;       10;    0.46;   stop
   288;    1709.81;    1629.00;    1710.94;    1615.47;    1684.45;    1613.25;    1683.32;    1626.78;       10;    0.46;   stop
   686;    1823.38;     173.11;    1826.40;     156.98;    1793.82;     150.89;    1790.81;     167.02;       10;    0.45;   stop
  3754;    2539.22;    1004.65;    2554.25;    1004.24;    2553.28;     968.60;    2538.25;     969.01;       10;    0.45;   stop
   545;    1484.83;     920.74;    1485.81;     908.35;    1459.30;     906.26;    1458.32;     918.65;       10;    0.45;   stop
   471;    1632.40;    1659.39;    1633.71;    1646.34;    1606.47;    1643.61;    1605.17;    1656.66;       10;    0.45;   stop
   538;    3362.54;     606.14;    3388.69;     603.55;    3387.46;     591.16;    3361.31;     593.75;       10;    0.45;   stop
   630;    3187.24;    1023.54;    3197.33;    1014.94;    3180.26;     994.90;    3170.17;    1003.50;       10;    0.45;   stop
   522;    1519.53;     924.66;    1520.90;     912.09;    1493.22;     909.09;    1491.85;     921.66;       10;    0.44;   stop
   486;    3433.75;     785.50;    3441.46;     763.83;    3430.62;     759.97;    3422.91;     781.64;       10;    0.44;   stop
  3838;    1883.73;     559.78;    1898.77;     559.37;    1897.86;     525.84;    1882.82;     526.25;        9;    0.44;   stop
   616;    2783.04;     628.18;    2807.27;     627.06;    2806.71;     614.94;    2782.48;     616.07;       10;    0.44;   stop
   714;    1935.92;    1495.91;    1951.36;    1495.53;    1950.58;    1463.97;    1935.14;    1464.35;        9;    0.44;   stop
  3732;    2005.09;    1762.03;    2006.27;    1740.69;    1995.60;    1740.10;    1994.42;    1761.44;       10;    0.44;   stop
  4693;    2444.29;     639.69;    2470.03;     638.19;    2469.33;     626.22;    2443.59;     627.72;       10;    0.44;   stop
  4587;    3164.90;    1118.79;    3167.92;    1094.28;    3155.73;    1092.77;    3152.70;    1117.28;       10;    0.44;   stop
   126;    1898.39;    1044.47;    1912.72;    1043.40;    1910.20;    1009.78;    1895.88;    1010.85;       10;    0.43;   move
   622;    2480.14;    1615.24;    2480.80;    1586.79;    2468.36;    1586.51;    2467.70;    1614.96;       10;    0.43;   stop
  4078;    1471.23;    1108.94;    1471.62;    1095.74;    1444.77;    1094.94;    1444.38;    1108.13;       10;    0.43;   move
   639;    1277.73;    1187.83;    1278.50;    1171.92;    1242.27;    1170.17;    1241.50;    1186.08;       10;    0.43;   stop
  2697;    2614.17;    1405.83;    2617.85;    1378.09;    2604.33;    1376.29;    2600.65;    1404.04;       10;    0.43;   stop
   476;    3696.83;    1002.63;    3723.05;    1001.52;    3722.55;     989.56;    3696.32;     990.67;       10;    0.43;   stop
   287;     641.24;    1382.26;     643.41;    1368.00;     615.01;    1363.67;     612.84;    1377.94;       10;    0.42;   stop
   569;    1553.95;     974.70;    1555.80;     948.82;    1543.18;     947.92;    1541.33;     973.80;       10;    0.42;   stop
  2381;    3059.60;     616.78;    3084.78;     614.18;    3083.65;     603.28;    3058.47;     605.89;       10;    0.42;   stop
   275;      94.08;    1806.27;     113.57;    1784.54;     102.91;    1774.97;      83.42;    1796.71;       10;    0.42;   stop
  3536;    3014.42;     212.68;    3039.67;     210.89;    3038.83;     199.07;    3013.58;     200.86;       10;    0.41;   stop
   691;    2937.76;    1702.27;    2948.12;    1682.74;    2937.74;    1677.23;    2927.38;    1696.76;       10;    0.40;   stop
  4708;    3793.46;     611.62;    3828.09;     608.11;    3826.54;     592.83;    3791.91;     596.35;       10;    0.40;   stop
  3290;    1600.46;    1656.89;    1601.18;    1644.27;    1574.29;    1642.74;    1573.57;    1655.36;        9;    0.40;   stop
   370;    3670.48;     596.34;    3705.48;     592.45;    3703.90;     578.23;    3668.90;     582.12;       10;    0.40;   stop
   532;    1516.44;    1618.45;    1517.27;    1606.53;    1490.69;    1604.68;    1489.85;    1616.59;       10;    0.39;   stop
   445;    2291.37;     245.34;    2317.86;     244.31;    2317.38;     232.22;    2290.89;     233.26;       10;    0.39;   stop
   603;    3778.19;    1468.29;    3784.48;    1457.57;    3763.06;    1444.99;    3756.77;    1455.71;       10;    0.38;   stop
   600;    1648.03;    1624.25;    1648.71;    1612.59;    1625.72;    1611.25;    1625.04;    1622.91;       10;    0.38;   stop
  4397;    2129.41;    1311.22;    2130.10;    1301.29;    2110.34;    1299.91;    2109.65;    1309.83;       10;    0.38;   stop
  1399;    1421.53;    1647.60;    1422.22;    1634.36;    1394.35;    1632.90;    1393.65;    1646.14;       10;    0.38;   stop
  4754;    1936.54;    1496.08;    1951.03;    1495.46;    1949.67;    1463.24;    1935.18;    1463.85;       10;    0.38;   stop
   706;    2275.82;    1351.38;    2277.16;    1335.83;    2236.18;    1332.30;    2234.84;    1347.86;        9;    0.37;   stop
  2860;    2238.56;    2085.71;    2248.69;    2076.04;    2229.00;    2055.41;    2218.87;    2065.09;       10;    0.37;   stop
  4510;    2066.42;     286.99;    2094.89;     286.26;    2094.58;     274.38;    2066.11;     275.11;       10;    0.37;   stop
  3520;     796.50;     102.38;     796.94;      90.93;     772.73;      90.00;     772.29;     101.45;       10;    0.36;   stop
  4373;     312.47;    1584.36;     313.72;    1572.09;     287.06;    1569.39;     285.81;    1581.66;       10;    0.36;   stop
  2968;    2047.09;    2034.07;    2048.16;    2018.43;    2011.54;    2015.93;    2010.47;    2031.57;       10;    0.36;   stop
   573;     508.11;     588.21;     511.60;     575.44;     489.39;     569.37;     485.90;     582.14;       10;    0.36;   stop
   453;    1279.81;    1471.55;    1283.65;    1443.94;    1271.12;    1442.20;    1267.29;    1469.81;       10;    0.36;   stop
  3602;    2901.57;     218.31;    2927.24;     217.14;    2926.68;     204.69;    2901.01;     205.86;       10;    0.36;   stop
  3659;    3044.94;     211.62;    3076.53;     209.89;    3075.81;     196.75;    3044.22;     198.49;       10;    0.36;   stop
   654;    3212.58;     614.17;    3241.59;     613.36;    3241.17;     598.49;    3212.16;     599.30;       10;    0.35;   stop
  4727;    3796.80;     229.33;    3796.82;     199.12;    3780.08;     199.11;    3780.05;     229.31;       10;    0.35;   stop
   505;    3659.91;    1307.18;    3667.51;    1282.46;    3654.46;    1278.44;    3646.86;    1303.17;       10;    0.35;   stop