vehicle_id; veh_bb_x1; veh_bb_y1; veh_bb_x2; veh_bb_y2; veh_bb_x3; veh_bb_y3; veh_bb_x4; veh_bb_y4; det_class; conf_score; state
   126;    3011.37;    1228.59;    3013.87;    1214.84;    2983.38;    1209.28;    2980.88;    1223.03;       10;    0.84;   stop
   284;    3055.30;    1418.57;    3067.68;    1389.56;    3054.20;    1383.81;    3041.82;    1412.81;       10;    0.84;   move
     4;    3037.28;    1412.88;    3047.99;    1387.77;    3036.22;    1382.75;    3025.51;    1407.86;       10;    0.83;   stop
  6600;    3160.65;    1205.47;    3163.33;    1191.93;    3133.72;    1186.09;    3131.05;    1199.63;       10;    0.83;   move
    15;    2996.89;    1283.02;    2999.36;    1269.68;    2968.61;    1263.98;    2966.14;    1277.32;       10;    0.83;   stop
    13;    1989.63;     761.98;    2002.25;     761.80;    2001.87;     735.40;    1989.25;     735.58;       10;    0.83;   stop
     8;    3642.00;    1426.81;    3646.36;    1412.37;    3612.38;    1402.09;    3608.01;    1416.53;       10;    0.83;   stop
     1;    2966.85;    1157.49;    2969.53;    1145.14;    2944.65;    1139.76;    2941.97;    1152.11;       10;    0.83;   stop
  3270;    2642.40;    1128.28;    2644.05;    1116.36;    2617.72;    1112.72;    2616.07;    1124.64;       10;    0.82;   stop
   271;    3151.23;    1262.40;    3152.77;    1250.64;    3127.21;    1247.29;    3125.67;    1259.05;       10;    0.82;   move
  4988;    3116.89;    1387.12;    3129.39;    1357.96;    3116.08;    1352.25;    3103.58;    1381.41;       10;    0.82;   stop
    68;    1974.95;     359.54;    1975.29;     331.37;    1962.55;     331.21;    1962.21;     359.38;       10;    0.82;   stop
  4248;    2143.95;    1173.28;    2144.59;    1160.22;    2116.61;    1158.84;    2115.97;    1171.91;       10;    0.82;   move
    55;     902.50;    1171.09;     927.63;    1170.47;     927.31;    1157.66;     902.18;    1158.28;       10;    0.82;   stop
  1208;    3153.96;    1289.81;    3156.18;    1277.34;    3128.22;    1272.38;    3126.01;    1284.84;       10;    0.82;   move
  6170;    1233.46;    1155.82;    1234.15;    1141.93;    1201.60;    1140.30;    1200.91;    1154.20;       10;    0.82;   move
  4946;    2728.66;    1137.08;    2730.44;    1122.73;    2696.77;    1118.55;    2694.99;    1132.90;       10;    0.82;   stop
  1317;    2169.30;    1127.31;    2169.65;    1114.49;    2140.76;    1113.69;    2140.41;    1126.51;       10;    0.82;   stop
    62;    3023.75;    1444.41;    3034.96;    1418.14;    3023.12;    1413.09;    3011.91;    1439.36;       10;    0.82;   stop
   468;    3586.78;    1385.31;    3590.15;    1371.19;    3561.66;    1364.38;    3558.28;    1378.50;       10;    0.82;   move
  6285;    1122.13;    1155.77;    1122.62;    1142.99;    1097.87;    1142.04;    1097.38;    1154.82;       10;    0.81;   move
    47;    1203.98;    1183.34;    1204.02;    1170.24;    1178.77;    1170.16;    1178.73;    1183.26;       10;    0.81;   stop
   469;    2137.84;    1107.80;    2138.81;    1094.67;    2112.04;    1092.70;    2111.07;    1105.83;       10;    0.81;   stop
  1512;    2206.09;    1128.96;    2206.46;    1116.20;    2179.35;    1115.41;    2178.98;    1128.17;       10;    0.81;   stop
  4609;    1871.51;    1140.01;    1897.62;    1132.48;    1894.05;    1120.12;    1867.94;    1127.65;       10;    0.81;   move
   129;     891.74;    1169.41;     891.84;    1157.31;     865.51;    1157.09;     865.41;    1169.19;       10;    0.81;   stop
  5535;    2850.29;    1156.04;    2853.06;    1142.04;    2820.46;    1135.58;    2817.69;    1149.58;       10;    0.81;   stop
   134;     933.43;    1063.07;     933.71;    1050.28;     905.94;    1049.68;     905.67;    1062.47;       10;    0.81;   stop
    43;    1033.23;    1065.01;    1033.36;    1053.64;    1007.52;    1053.36;    1007.39;    1064.74;       10;    0.81;   stop
    94;    1112.31;    1177.89;    1112.48;    1164.70;    1087.07;    1164.36;    1086.89;    1177.55;       10;    0.81;   stop
  5451;    2807.69;    1146.54;    2809.82;    1132.63;    2780.94;    1128.21;    2778.81;    1142.12;       10;    0.81;   stop
   248;    2657.33;    1112.16;    2658.99;    1099.66;    2633.17;    1096.22;    2631.51;    1108.71;       10;    0.81;   stop
    39;    3062.75;    1445.65;    3074.85;    1419.91;    3062.50;    1414.10;    3050.40;    1439.84;       10;    0.81;   stop
    26;    2733.04;    1119.06;    2734.18;    1105.27;    2704.58;    1102.81;    2703.43;    1116.61;       10;    0.81;   stop
  6244;    2765.33;    1143.34;    2767.94;    1130.06;    2739.55;    1124.48;    2736.94;    1137.76;       10;    0.81;   stop
    84;     974.71;    1064.84;    1000.62;    1064.59;    1000.51;    1052.41;     974.60;    1052.66;       10;    0.81;   stop
  5533;    3102.97;    1421.71;    3111.91;    1396.59;    3098.78;    1391.91;    3089.84;    1417.04;       10;    0.81;   stop
    16;    2483.30;    1542.17;    2484.48;    1518.40;    2473.08;    1517.83;    2471.89;    1541.60;       10;    0.81;   stop
    12;    2952.34;    1673.16;    2962.54;    1645.67;    2949.69;    1640.90;    2939.49;    1668.40;       10;    0.81;   stop
  1242;     291.80;    1068.45;     292.67;    1056.72;     269.30;    1054.98;     268.42;    1066.71;       10;    0.81;   move
    49;    2745.97;    1234.77;    2747.39;    1222.83;    2723.40;    1219.98;    2721.99;    1231.92;       10;    0.81;   stop
  6267;    1883.57;     731.81;    1883.78;     703.80;    1869.43;     703.69;    1869.22;     731.70;       10;    0.81;   stop
   122;    2498.05;    1098.30;    2498.15;    1086.66;    2472.95;    1086.45;    2472.85;    1098.09;       10;    0.81;   stop
  2244;    2509.47;    1118.19;    2510.05;    1106.07;    2484.03;    1104.81;    2483.45;    1116.93;       10;    0.81;   stop
  4209;    2681.92;    1130.42;    2683.15;    1118.53;    2657.17;    1115.83;    2655.94;    1127.72;       10;    0.81;   stop
  5289;    2486.05;    1135.75;    2486.71;    1122.36;    2459.07;    1121.00;    2458.42;    1134.39;       10;    0.81;   stop
  4613;    1990.06;    1603.52;    1991.35;    1576.34;    1978.57;    1575.73;    1977.27;    1602.91;       10;    0.81;   stop
  6800;    3187.75;    1148.02;    3194.93;    1121.52;    3181.62;    1117.92;    3174.44;    1144.41;       10;    0.81;   stop
    59;    2717.56;    1232.40;    2719.00;    1218.76;    2687.24;    1215.41;    2685.80;    1229.05;       10;    0.81;   stop
   148;    1850.80;     731.50;    1865.72;     731.42;    1865.55;     699.50;    1850.62;     699.58;       10;    0.80;   stop
    24;    1414.39;    1072.62;    1414.76;    1060.03;    1387.98;    1059.25;    1387.62;    1071.84;       10;    0.80;   stop
    11;    3015.51;    1686.24;    3026.92;    1661.53;    3015.24;    1656.14;    3003.83;    1680.84;       10;    0.80;   stop
   115;    1978.57;     435.34;    1991.06;     435.13;    1990.62;     408.41;    1978.13;     408.62;       10;    0.80;   stop
  4858;    1922.32;    1178.96;    1922.79;    1166.49;    1898.18;    1165.54;    1897.71;    1178.01;       10;    0.80;   move
    56;    3054.88;    1368.64;    3064.96;    1341.70;    3052.37;    1336.99;    3042.29;    1363.92;       10;    0.80;   stop
    64;    1861.67;     648.92;    1862.21;     623.72;    1849.71;     623.45;    1849.17;     648.65;       10;    0.80;   stop
    36;    1325.25;    1071.84;    1352.42;    1071.48;    1352.25;    1058.91;    1325.08;    1059.27;       10;    0.80;   stop
  5989;    1420.19;    1138.00;    1420.43;    1124.87;    1392.31;    1124.38;    1392.07;    1137.50;       10;    0.80;   move
    66;    2172.02;    1107.39;    2172.64;    1093.30;    2143.11;    1091.98;    2142.48;    1106.08;       10;    0.80;   stop
   192;    3031.47;    1517.36;    3042.78;    1491.68;    3030.78;    1486.39;    3019.47;    1512.07;       10;    0.80;   stop
  6682;    3187.82;    1228.70;    3190.43;    1215.28;    3161.87;    1209.74;    3159.26;    1223.15;       10;    0.80;   move
    37;    2835.87;    1251.15;    2838.59;    1238.79;    2813.27;    1233.22;    2810.55;    1245.59;       10;    0.80;   stop
  4938;    1984.83;    1753.86;    1990.50;    1721.36;    1977.04;    1719.01;    1971.38;    1751.52;       10;    0.80;   stop
   154;    1987.27;     556.33;    1988.16;     525.17;    1974.98;     524.80;    1974.09;     555.95;       10;    0.80;   stop
   114;    1989.64;     793.50;    2002.48;     793.20;    2001.86;     766.87;    1989.02;     767.18;       10;    0.80;   stop
    85;    1063.05;    1064.35;    1063.25;    1053.30;    1040.70;    1052.90;    1040.50;    1063.95;       10;    0.80;   stop
    22;    1532.83;    1189.00;    1533.20;    1176.54;    1506.92;    1175.75;    1506.55;    1188.21;       10;    0.80;   stop
  1065;    2318.40;    1110.39;    2318.78;    1097.64;    2292.60;    1096.86;    2292.22;    1109.61;       10;    0.80;   stop
  5504;    1722.86;    1141.96;    1723.26;    1129.11;    1696.52;    1128.29;    1696.12;    1141.14;       10;    0.80;   move
  5240;    1826.05;    1161.92;    1851.50;    1161.32;    1851.20;    1148.83;    1825.75;    1149.43;       10;    0.80;   move
  4335;    3408.63;    1339.23;    3412.22;    1324.18;    3377.93;    1316.01;    3374.35;    1331.06;       10;    0.80;   move
  4952;    1931.59;    1139.10;    1954.40;    1119.30;    1945.16;    1108.65;    1922.35;    1128.45;       10;    0.80;   move
  4750;    1828.08;    1146.83;    1828.37;    1134.12;    1803.42;    1133.55;    1803.13;    1146.25;       10;    0.80;   move
    90;    2798.66;    1127.28;    2800.59;    1113.13;    2771.96;    1109.22;    2770.03;    1123.37;       10;    0.80;   stop
   153;    1962.93;     255.68;    1975.25;     255.33;    1974.57;     231.45;    1962.25;     231.80;       10;    0.80;   stop
   147;    1836.05;     281.52;    1836.34;     257.51;    1824.33;     257.36;    1824.03;     281.37;       10;    0.80;   stop
    76;    1967.86;     468.06;    1980.73;     464.92;    1973.77;     436.44;    1960.89;     439.58;       10;    0.80;   stop
   108;    1695.34;    1079.13;    1695.95;    1067.44;    1672.91;    1066.24;    1672.30;    1077.93;       10;    0.80;   stop
  2402;    2306.94;    1130.99;    2307.45;    1117.71;    2282.68;    1116.76;    2282.17;    1130.04;       10;    0.80;   stop
  2878;    2588.78;    1190.52;    2589.66;    1177.34;    2559.97;    1175.36;    2559.09;    1188.54;       10;    0.80;   move
    99;    2828.81;    1901.22;    2854.14;    1883.26;    2845.65;    1871.28;    2820.31;    1889.24;       10;    0.80;   stop
   232;    1992.94;     362.26;    1992.97;     336.38;    1980.56;     336.37;    1980.53;     362.24;       10;    0.80;   stop
    82;    1975.31;     110.05;    1987.91;     109.95;    1987.69;      82.88;    1975.09;      82.98;       10;    0.80;   stop
   162;    1835.25;     208.19;    1835.95;     179.69;    1822.87;     179.37;    1822.17;     207.87;       10;    0.80;   stop
   919;    2282.70;    1111.58;    2283.50;    1098.44;    2256.30;    1096.79;    2255.50;    1109.93;       10;    0.80;   stop
  3170;    2386.65;    1131.52;    2387.49;    1118.07;    2358.23;    1116.23;    2357.38;    1129.68;       10;    0.80;   stop
  5594;    1790.78;    1177.54;    1790.81;    1164.79;    1765.12;    1164.71;    1765.08;    1177.46;       10;    0.80;   move
   208;    2725.69;    1199.52;    2726.60;    1187.33;    2702.06;    1185.48;    2701.15;    1197.67;       10;    0.80;   stop
   201;    2478.02;    1215.79;    2478.73;    1203.32;    2452.48;    1201.83;    2451.77;    1214.30;       10;    0.80;   stop
   212;    2946.56;    1272.49;    2948.66;    1259.74;    2922.19;    1255.38;    2920.09;    1268.13;       10;    0.80;   stop
   110;    2508.23;    1324.67;    2509.00;    1312.83;    2484.15;    1311.21;    2483.37;    1323.05;       10;    0.80;   stop
  6480;    1869.49;     664.48;    1883.49;     664.02;    1882.57;     636.02;    1868.57;     636.48;       10;    0.80;   move
   131;    1992.12;    1552.68;    1993.05;    1528.00;    1981.38;    1527.57;    1980.45;    1552.25;       10;    0.80;   stop
   157;    2603.31;    1106.16;    2604.43;    1093.40;    2576.94;    1090.97;    2575.82;    1103.73;       10;    0.80;   stop
   145;    3258.50;    1060.96;    3274.85;    1037.43;    3263.69;    1029.67;    3247.34;    1053.20;       10;    0.80;   stop
   161;    1988.89;    1847.34;    1995.10;    1817.16;    1982.36;    1814.53;    1976.15;    1844.71;       10;    0.80;   stop
  4985;    1975.54;    1793.02;    1979.98;    1765.04;    1967.77;    1763.10;    1963.34;    1791.09;       10;    0.80;   stop
  6642;    1864.90;     566.39;    1880.38;     565.88;    1879.29;     532.73;    1863.81;     533.24;       10;    0.79;   move
   116;    1848.77;     620.36;    1860.73;     619.63;    1859.13;     593.52;    1847.18;     594.25;       10;    0.79;   stop
   100;    1989.87;     898.65;    2003.05;     896.85;    1999.38;     869.85;    1986.20;     871.65;       10;    0.79;   stop
    95;    1235.29;    1183.88;    1235.66;    1171.60;    1207.09;    1170.74;    1206.72;    1183.03;       10;    0.79;   stop
   121;     889.17;    1585.77;     889.56;    1574.03;     865.26;    1573.23;     864.88;    1584.97;       10;    0.79;   stop
   105;    2457.36;    1519.76;    2458.49;    1493.52;    2446.14;    1492.99;    2445.01;    1519.23;       10;    0.79;   stop
  5346;    1835.62;    1178.10;    1863.45;    1177.94;    1863.38;    1165.28;    1835.55;    1165.44;       10;    0.79;   move
   200;    1385.05;    1189.73;    1385.46;    1172.72;    1341.95;    1171.65;    1341.54;    1188.66;        9;    0.79;   stop
   133;    2131.90;    1346.38;    2157.77;    1344.03;    2156.60;    1331.12;    2130.73;    1333.47;       10;    0.79;   stop
    44;    2428.02;    1134.11;    2428.96;    1120.00;    2401.23;    1118.14;    2400.29;    1132.25;       10;    0.79;   stop
    92;    2590.48;    1324.13;    2590.51;    1311.83;    2563.90;    1311.75;    2563.86;    1324.04;       10;    0.79;   stop
   368;    3173.53;    1434.80;    3178.91;    1422.48;    3153.66;    1411.45;    3148.28;    1423.77;       10;    0.79;   stop
   206;    2870.47;    1869.83;    2890.76;    1855.90;    2882.97;    1844.54;    2862.68;    1858.47;       10;    0.79;   stop
   169;    2796.92;    1911.92;    2821.01;    1900.03;    2814.96;    1887.76;    2790.86;    1899.65;       10;    0.79;   stop
    81;    2705.91;    1951.02;    2730.40;    1942.05;    2725.73;    1929.30;    2701.24;    1938.26;       10;    0.79;   stop
   117;     521.19;    1052.08;     521.45;    1040.05;     496.00;    1039.49;     495.73;    1051.51;       10;    0.79;   stop
   137;    1730.37;    1081.17;    1731.18;    1068.08;    1704.79;    1066.46;    1703.99;    1079.55;       10;    0.79;   stop
   139;    2877.03;    1258.33;    2879.55;    1245.78;    2852.22;    1240.30;    2849.70;    1252.85;       10;    0.79;   stop
  3057;    2352.56;    1131.42;    2352.76;    1117.89;    2324.82;    1117.46;    2324.61;    1130.99;       10;    0.79;   stop
    45;    1834.94;     182.18;    1849.65;     182.08;    1849.44;     151.95;    1834.73;     152.05;       10;    0.79;   stop
  7143;    1875.23;     125.41;    1890.27;     124.92;    1889.21;      92.84;    1874.17;      93.33;       10;    0.79;   move
    10;    1932.27;     455.21;    1945.81;     454.94;    1945.23;     425.67;    1931.69;     425.93;       10;    0.79;   move
  5179;    1911.75;     841.92;    1926.73;     841.62;    1926.09;     809.58;    1911.12;     809.88;       10;    0.79;   stop
    42;     745.10;    1058.79;     745.20;    1047.04;     721.15;    1046.84;     721.05;    1058.58;       10;    0.79;   stop
  7075;     130.53;    1111.59;     163.57;    1111.16;     163.38;    1096.22;     130.33;    1096.65;       10;    0.79;   move
  6469;     801.27;    1138.32;     801.64;    1124.89;     771.27;    1124.06;     770.90;    1137.48;       10;    0.79;   move
  5941;    2965.44;    1175.20;    2968.34;    1160.72;    2932.56;    1153.55;    2929.66;    1168.03;       10;    0.79;   move
  2055;    2014.81;    1321.62;    2015.04;    1291.86;    2002.19;    1291.76;    2001.96;    1321.52;       10;    0.79;   stop
   123;    3402.59;    1009.47;    3403.27;     997.29;    3377.41;     995.84;    3376.73;    1008.02;       10;    0.79;   stop
   172;    1958.95;     226.28;    1970.47;     225.89;    1969.74;     204.04;    1958.22;     204.42;       10;    0.79;   stop
  5030;    1912.34;     876.17;    1927.06;     875.50;    1925.78;     847.33;    1911.07;     848.00;       10;    0.79;   stop
   363;    2204.26;    1106.25;    2204.49;    1094.72;    2181.18;    1094.25;    2180.95;    1105.78;       10;    0.79;   stop
  2602;    2553.18;    1118.27;    2554.00;    1105.22;    2528.07;    1103.60;    2527.25;    1116.66;       10;    0.79;   stop
  6594;    2945.74;    1191.40;    2948.52;    1176.34;    2914.01;    1169.98;    2911.23;    1185.03;       10;    0.79;   move
   189;    2515.03;    1218.51;    2540.42;    1218.36;    2540.34;    1205.86;    2514.96;    1206.02;       10;    0.79;   stop
   190;    1915.81;    1245.48;    1927.54;    1243.72;    1923.72;    1218.27;    1911.99;    1220.03;       10;    0.79;   stop
   346;    2776.10;    1203.86;    2776.90;    1191.34;    2749.29;    1189.58;    2748.49;    1202.10;       10;    0.79;   stop
  2170;    1941.09;     843.25;    1957.04;     842.65;    1955.91;     812.75;    1939.96;     813.35;       10;    0.79;   move
  4732;    1912.74;     925.05;    1926.59;     924.34;    1925.11;     895.76;    1911.26;     896.48;       10;    0.79;   stop
   194;    1983.30;    1285.91;    1997.47;    1285.26;    1996.01;    1253.22;    1981.84;    1253.86;       10;    0.79;   stop
   112;    2481.11;    1572.53;    2481.81;    1548.58;    2469.64;    1548.22;    2468.94;    1572.17;       10;    0.79;   stop
    97;    3369.38;    1005.74;    3372.23;     992.30;    3340.31;     985.51;    3337.45;     998.95;       10;    0.79;   stop
  4872;    1916.63;     992.91;    1929.96;     992.29;    1928.62;     963.46;    1915.29;     964.08;       10;    0.79;   stop
  1137;    2127.56;    1123.68;    2128.37;    1111.12;    2102.44;    1109.45;    2101.63;    1122.01;       10;    0.79;   stop
  1978;    1994.14;    1367.62;    1995.17;    1340.78;    1981.61;    1340.26;    1980.58;    1367.10;       10;    0.79;   stop
   104;     758.01;    1614.58;     758.73;    1602.12;     733.49;    1600.67;     732.78;    1613.13;       10;    0.79;   stop
    67;    2465.78;    1395.21;    2466.77;    1368.32;    2452.35;    1367.79;    2451.36;    1394.68;       10;    0.79;   stop
  6112;    3046.31;    1187.68;    3048.94;    1175.10;    3020.72;    1169.20;    3018.09;    1181.77;       10;    0.79;   move
   130;    1906.79;    1674.92;    1907.46;    1662.08;    1881.27;    1660.71;    1880.60;    1673.55;       10;    0.79;   stop
   222;    1971.66;     400.23;    1985.21;     399.62;    1983.84;     369.27;    1970.29;     369.88;       10;    0.79;   stop
   223;    1967.08;     198.47;    1978.95;     197.21;    1976.23;     171.65;    1964.36;     172.92;       10;    0.79;   stop
   224;     900.46;    1060.97;     900.84;    1049.18;     876.76;    1048.40;     876.38;    1060.19;       10;    0.79;   stop
   213;    2016.24;    1445.65;    2016.89;    1420.02;    2005.26;    1419.73;    2004.61;    1445.35;       10;    0.79;   stop
   182;    1968.24;     317.99;    1979.93;     316.56;    1976.76;     290.63;    1965.07;     292.06;       10;    0.78;   stop
  7066;     825.69;    1599.65;     826.33;    1587.30;     800.88;    1585.97;     800.23;    1598.32;       10;    0.78;   move
   156;    2129.50;    1202.77;    2129.89;    1190.93;    2105.00;    1190.11;    2104.61;    1201.95;       10;    0.78;   stop
   790;    2244.50;    1109.20;    2244.58;    1094.82;    2216.31;    1094.67;    2216.24;    1109.05;       10;    0.78;   stop
  1235;    1952.28;     695.31;    1966.83;     694.46;    1964.97;     662.56;    1950.42;     663.41;       10;    0.78;   move
   299;    1822.42;     148.46;    1835.14;     147.77;    1833.74;     122.10;    1821.02;     122.80;       10;    0.78;   stop
  1189;    2353.84;    1111.44;    2354.19;    1098.79;    2328.04;    1098.06;    2327.69;    1110.71;       10;    0.78;   stop
  6390;    2778.29;    1162.86;    2780.83;    1150.03;    2752.96;    1144.51;    2750.42;    1157.34;       10;    0.78;   move
   144;    2437.93;    1349.77;    2438.11;    1335.98;    2409.32;    1335.61;    2409.14;    1349.39;       10;    0.78;   stop
   111;    3026.33;    1566.82;    3035.64;    1545.14;    3024.67;    1540.43;    3015.36;    1562.11;       10;    0.78;   stop
  6434;    1892.13;     698.27;    1905.06;     698.06;    1904.65;     673.10;    1891.72;     673.32;       10;    0.78;   move
  4430;     706.18;    1088.02;     706.76;    1075.97;     682.26;    1074.79;     681.67;    1086.84;       10;    0.78;   move
   234;    1986.21;     933.21;    1997.37;     933.06;    1997.04;     908.98;    1985.88;     909.13;       10;    0.78;   stop
   418;    3239.02;    1094.62;    3257.03;    1063.72;    3243.80;    1056.00;    3225.78;    1086.91;       10;    0.78;   stop
   158;    3040.42;    1534.08;    3049.31;    1511.49;    3038.33;    1507.17;    3029.44;    1529.76;       10;    0.78;   stop
   135;    2736.11;    1937.92;    2762.96;    1927.04;    2757.40;    1913.33;    2730.55;    1924.21;       10;    0.78;   stop
   120;    1448.88;    1073.63;    1448.93;    1061.74;    1423.25;    1061.62;    1423.19;    1073.51;       10;    0.78;   stop
   143;     955.27;    1090.26;     955.85;    1076.59;     926.85;    1075.37;     926.28;    1089.03;       10;    0.78;   move
  5859;    1692.34;    1173.52;    1693.20;    1161.37;    1670.29;    1159.73;    1669.42;    1171.88;       10;    0.78;   move
   210;    2101.15;    1201.83;    2101.25;    1190.12;    2079.35;    1189.92;    2079.25;    1201.63;       10;    0.78;   stop
  2205;    1991.67;    1506.54;    1991.80;    1477.02;    1978.65;    1476.96;    1978.51;    1506.48;       10;    0.78;   stop
   330;    3144.30;    1423.41;    3155.66;    1398.91;    3142.57;    1392.84;    3131.21;    1417.34;       10;    0.78;   stop
    41;    1756.22;     651.26;    1757.39;     638.29;    1729.03;     635.74;    1727.86;     648.71;       10;    0.78;   stop
   207;    1961.38;     104.68;    1973.09;     104.61;    1972.93;      79.26;    1961.23;      79.33;       10;    0.78;   stop
    69;     747.74;    1224.11;     748.20;    1210.63;     719.45;    1209.64;     718.98;    1223.12;       10;    0.78;   stop
   149;     600.44;    1571.83;     601.00;    1558.78;     572.37;    1557.55;     571.81;    1570.60;       10;    0.78;   stop
   233;    1632.66;    1191.81;    1632.83;    1178.87;    1609.59;    1178.57;    1609.42;    1191.50;       10;    0.78;   stop
  3983;    1944.99;    1266.97;    1956.82;    1264.71;    1952.01;    1239.53;    1940.18;    1241.79;       10;    0.78;   move
   323;    2804.30;    1245.31;    2807.07;    1230.00;    2774.20;    1224.06;    2771.43;    1239.37;        9;    0.78;   stop
  1279;    2390.28;    1113.64;    2390.69;    1101.29;    2362.47;    1100.36;    2362.06;    1112.71;       10;    0.78;   stop
  6958;     247.26;    1120.22;     247.27;    1105.43;     213.05;    1105.40;     213.04;    1120.20;       10;    0.78;   move
    46;     775.97;    1210.67;     776.30;    1198.70;     749.11;    1197.95;     748.78;    1209.92;       10;    0.78;   stop
  2139;    2593.10;    1124.15;    2594.44;    1111.00;    2563.52;    1107.85;    2562.19;    1121.00;       10;    0.78;   stop
  5629;    2525.66;    1138.74;    2526.47;    1125.19;    2500.47;    1123.64;    2499.65;    1137.18;       10;    0.78;   stop
   191;    2823.28;    1375.77;    2827.45;    1362.20;    2799.09;    1353.48;    2794.92;    1367.05;       10;    0.78;   stop
   339;    1820.39;      58.95;    1833.08;      58.67;    1832.48;      31.61;    1819.79;      31.89;       10;    0.78;   stop
   128;     713.62;    1057.72;     713.84;    1045.57;     687.95;    1045.10;     687.72;    1057.24;       10;    0.78;   stop
  4068;    1914.70;     955.73;    1926.61;     955.47;    1926.05;     929.77;    1914.14;     930.03;       10;    0.78;   stop
    79;    2104.65;    1104.67;    2105.41;    1090.57;    2078.10;    1089.08;    2077.34;    1103.18;       10;    0.78;   stop
  1500;    2470.74;    1116.49;    2470.83;    1102.20;    2439.51;    1102.01;    2439.42;    1116.30;       10;    0.78;   stop
  1873;    2001.48;    1282.85;    2015.51;    1282.61;    2014.96;    1250.65;    2000.93;    1250.89;       10;    0.78;   stop
    71;    2903.69;    1144.63;    2906.48;    1132.04;    2879.28;    1126.00;    2876.49;    1138.58;       10;    0.78;   stop
  6872;    1875.11;     458.62;    1889.46;     457.78;    1887.64;     426.75;    1873.29;     427.60;       10;    0.77;   move
    52;     496.91;    1600.07;     497.80;    1587.46;     470.59;    1585.56;     469.70;    1598.17;       10;    0.77;   stop
   203;     617.44;    1607.39;     618.37;    1593.29;     589.12;    1591.36;     588.19;    1605.46;       10;    0.77;   stop
    72;     801.56;    1615.75;     801.97;    1604.45;     779.06;    1603.62;     778.65;    1614.92;       10;    0.77;   stop
   226;     832.78;    1166.72;     833.12;    1154.86;     808.88;    1154.15;     808.53;    1166.01;       10;    0.77;   stop
   259;    2634.57;     632.60;    2662.32;     630.82;    2661.56;     618.96;    2633.81;     620.74;       10;    0.77;   stop
  7196;      16.69;    1120.27;      47.08;    1116.34;      45.30;    1102.54;      14.91;    1106.47;       10;    0.77;   move
   410;    2204.59;    1091.37;    2204.83;    1079.21;    2181.97;    1078.75;    2181.73;    1090.92;       10;    0.77;   stop
  2111;    2270.46;    1132.05;    2270.78;    1113.14;    2222.98;    1112.33;    2222.66;    1131.24;        9;    0.77;   stop
  5689;    1582.06;    1139.96;    1612.96;    1139.92;    1612.94;    1125.79;    1582.04;    1125.83;       10;    0.77;   move
  1722;    1947.56;     942.90;    1963.21;     942.41;    1962.28;     912.79;    1946.64;     913.28;       10;    0.77;   move
   165;    2016.85;    1594.51;    2018.58;    1565.21;    2006.34;    1564.49;    2004.61;    1593.79;       10;    0.77;   stop
   214;    3255.38;    1004.75;    3273.64;     985.18;    3264.00;     976.19;    3245.74;     995.75;       10;    0.77;   stop
   309;    1951.93;      30.62;    1963.27;      30.52;    1963.07;       6.51;    1951.73;       6.60;       10;    0.77;   stop
   184;    1177.26;    1068.63;    1177.88;    1056.10;    1151.49;    1054.81;    1150.87;    1067.33;       10;    0.77;   stop
   119;     777.13;    1196.77;     777.72;    1182.97;     747.25;    1181.66;     746.66;    1195.46;       10;    0.77;   stop
   304;     451.94;    1083.99;     452.63;    1069.89;     424.63;    1068.51;     423.93;    1082.61;       10;    0.77;   move
  3681;    3726.96;    1435.18;    3730.58;    1420.50;    3698.04;    1412.48;    3694.42;    1427.16;       10;    0.77;   move
   142;    2681.04;    2048.13;    2692.49;    2042.93;    2680.23;    2015.94;    2668.78;    2021.13;       10;    0.77;   stop
   290;    1826.49;     310.29;    1837.67;     309.72;    1836.51;     287.09;    1825.33;     287.66;       10;    0.77;   stop
   270;    1972.56;     518.97;    1985.03;     518.07;    1982.94;     489.03;    1970.47;     489.93;       10;    0.77;   stop
  5359;    1895.66;     981.31;    1908.15;     980.65;    1906.84;     955.94;    1894.35;     956.60;       10;    0.77;   stop
   441;    1920.90;    1277.08;    1933.41;    1275.38;    1929.60;    1247.42;    1917.09;    1249.12;       10;    0.77;   stop
  2052;    2664.54;    1195.79;    2665.05;    1181.66;    2640.28;    1180.77;    2639.78;    1194.90;       10;    0.77;   move
   308;    1964.68;    1917.92;    1973.51;    1892.07;    1961.48;    1887.96;    1952.65;    1913.81;       10;    0.77;   stop
   209;    1833.73;     580.47;    1848.39;     580.42;    1848.30;     552.41;    1833.64;     552.45;       10;    0.76;   stop
   242;    1847.07;     957.32;    1860.34;     957.01;    1859.71;     930.43;    1846.45;     930.74;       10;    0.76;   stop
    78;    2596.01;    1219.16;    2596.72;    1207.74;    2574.12;    1206.34;    2573.41;    1217.76;       10;    0.76;   stop
  3771;    2263.33;    1185.84;    2263.69;    1172.94;    2236.30;    1172.16;    2235.93;    1185.06;       10;    0.76;   move
   273;    2076.32;    1202.12;    2076.46;    1189.92;    2051.50;    1189.63;    2051.36;    1201.83;       10;    0.76;   stop
   260;    2329.80;    1212.14;    2330.44;    1198.98;    2302.58;    1197.61;    2301.93;    1210.77;       10;    0.76;   stop
  2587;    2009.47;    1377.87;    2014.01;    1352.31;    2002.47;    1350.26;    1997.93;    1375.82;       10;    0.76;   move
  6658;    3075.69;    1211.15;    3078.15;    1198.54;    3049.56;    1192.97;    3047.10;    1205.58;       10;    0.76;   move
   216;    3030.35;    1267.82;    3032.42;    1255.85;    3005.74;    1251.24;    3003.68;    1263.21;       10;    0.76;   move
   286;    3227.69;    1026.89;    3249.60;    1009.63;    3242.00;     999.98;    3220.09;    1017.25;       10;    0.76;   stop
  4401;    3328.71;    1306.97;    3331.98;    1293.22;    3302.22;    1286.15;    3298.96;    1299.91;       10;    0.76;   move
   179;    2669.60;    1328.80;    2670.35;    1316.29;    2643.91;    1314.71;    2643.16;    1327.22;       10;    0.76;   stop
   298;    3164.81;    1455.03;    3169.72;    1442.40;    3141.75;    1431.54;    3136.85;    1444.17;       10;    0.76;   stop
   205;    2692.66;    2077.74;    2704.85;    2072.32;    2692.87;    2045.39;    2680.68;    2050.81;       10;    0.76;   stop
    53;    1442.45;      67.75;    1442.75;      53.78;    1415.05;      53.19;    1414.75;      67.15;       10;    0.76;   stop
   365;    1987.19;     501.73;    1999.28;     500.86;    1997.56;     477.02;    1985.47;     477.89;       10;    0.76;   stop
   280;    1837.12;     761.03;    1850.46;     760.53;    1849.50;     735.22;    1836.16;     735.72;       10;    0.76;   stop
   317;     649.64;    1056.46;     649.89;    1043.15;     621.61;    1042.60;     621.36;    1055.92;       10;    0.76;   stop
   296;    2461.15;    1096.90;    2461.33;    1084.83;    2437.85;    1084.47;    2437.67;    1096.54;       10;    0.76;   stop
   361;    2413.56;    1214.31;    2441.77;    1213.91;    2441.57;    1199.94;    2413.36;    1200.34;       10;    0.76;   stop
   238;    2780.60;    1363.97;    2782.23;    1350.72;    2754.16;    1347.28;    2752.54;    1360.53;       10;    0.76;   stop
   276;    1974.92;     147.64;    1988.47;     147.46;    1988.08;     117.86;    1974.53;     118.04;       10;    0.76;   stop
   246;     794.85;    1217.71;     795.49;    1193.48;     783.59;    1193.17;     782.96;    1217.40;       10;    0.76;   stop
   146;     638.16;    1573.34;     638.64;    1560.79;     612.47;    1559.78;     611.99;    1572.34;       10;    0.76;   stop
   239;    1977.38;     183.28;    1989.92;     182.07;    1987.12;     153.09;    1974.58;     154.31;       10;    0.76;   stop
   341;    1442.14;    1189.02;    1465.36;    1188.08;    1464.86;    1175.73;    1441.64;    1176.67;       10;    0.76;   stop
   315;    2866.42;    1221.52;    2868.71;    1207.02;    2836.39;    1201.92;    2834.10;    1216.42;       10;    0.76;   move
   364;    1832.22;     402.18;    1843.81;     401.72;    1842.78;     376.32;    1831.19;     376.78;       10;    0.75;   stop
  5341;     220.44;    1079.13;     220.74;    1066.49;     194.64;    1065.87;     194.34;    1078.51;       10;    0.75;   move
  6064;    1387.16;    1158.26;    1387.63;    1145.59;    1361.21;    1144.61;    1360.74;    1157.29;       10;    0.75;   move
  4901;    2067.56;    1169.45;    2068.16;    1157.15;    2043.19;    1155.92;    2042.59;    1168.23;       10;    0.75;   move
   180;    1409.45;      67.51;    1409.61;      54.36;    1379.43;      53.99;    1379.27;      67.14;       10;    0.75;   stop
   217;    1985.97;     470.38;    1998.29;     469.57;    1996.53;     443.12;    1984.21;     443.93;       10;    0.75;   stop
   291;    1974.79;      78.66;    1987.13;      78.37;    1986.52;      52.96;    1974.19;      53.25;       10;    0.75;   stop
  2943;    2437.57;    1180.77;    2437.87;    1167.66;    2413.05;    1167.11;    2412.76;    1180.22;       10;    0.75;   move
   310;    3035.35;    1249.83;    3037.94;    1236.98;    3012.00;    1231.73;    3009.40;    1244.58;       10;    0.75;   move
  6877;    3438.12;    1280.96;    3442.06;    1267.41;    3412.19;    1258.72;    3408.25;    1272.28;       10;    0.75;   move
   197;    2898.37;    1855.50;    2923.73;    1832.88;    2911.79;    1819.50;    2886.43;    1842.12;        9;    0.75;   stop
  7191;    1857.78;      61.64;    1871.53;      60.75;    1869.54;      30.05;    1855.78;      30.94;       10;    0.75;   move
   124;     829.40;    1616.84;     830.05;    1605.80;     806.54;    1604.41;     805.89;    1615.45;       10;    0.75;   stop
  4731;    1990.66;    1684.59;    1991.32;    1660.37;    1979.09;    1660.04;    1978.43;    1684.25;       10;    0.75;   stop
  6315;    1902.39;     778.91;    1902.49;     752.26;    1888.86;     752.21;    1888.76;     778.86;       10;    0.75;   move
   401;     145.31;    1142.17;     171.77;    1140.93;     171.09;    1126.58;     144.64;    1127.82;       10;    0.75;   stop
  2947;    2425.66;    1096.89;    2425.84;    1083.71;    2399.09;    1083.36;    2398.91;    1096.54;       10;    0.75;   stop
  6987;    3541.53;    1326.20;    3545.90;    1312.01;    3515.97;    1302.78;    3511.60;    1316.97;       10;    0.75;   move
   113;    1680.42;     645.33;    1681.39;     632.48;    1654.08;     630.42;    1653.11;     643.27;       10;    0.75;   stop
   247;    1850.73;     867.80;    1859.23;     840.25;    1847.33;     836.58;    1838.83;     864.13;       10;    0.75;   stop
  1642;    2430.08;    1113.89;    2430.18;    1100.31;    2401.42;    1100.11;    2401.32;    1113.69;       10;    0.75;   stop
  5247;    1946.90;    1916.31;    1955.42;    1881.50;    1942.41;    1878.31;    1933.89;    1913.13;       10;    0.75;   move
   292;    1830.57;     373.33;    1843.23;     372.02;    1840.49;     345.55;    1827.83;     346.86;       10;    0.75;   stop
  5642;    1912.03;     798.30;    1925.90;     797.55;    1924.41;     769.95;    1910.54;     770.70;       10;    0.75;   stop
   347;    1994.05;     863.25;    2006.46;     863.05;    2006.07;     838.87;    1993.66;     839.07;       10;    0.75;   stop
   366;    2374.72;    1211.72;    2374.86;    1198.35;    2345.40;    1198.03;    2345.26;    1211.40;       10;    0.75;   stop
   367;    2696.74;    1358.12;    2697.08;    1345.97;    2671.39;    1345.26;    2671.05;    1357.41;       10;    0.75;   stop
  3934;    1923.48;    1918.39;    1930.99;    1888.41;    1918.30;    1885.24;    1910.79;    1915.21;       10;    0.75;   move
   294;    2598.10;     635.24;    2627.86;     633.53;    2627.15;     621.11;    2597.39;     622.81;       10;    0.75;   stop
   306;    3280.02;     980.26;    3296.77;     956.15;    3285.30;     948.18;    3268.54;     972.28;       10;    0.75;   stop
   255;    1837.64;     792.26;    1850.61;     792.02;    1850.11;     765.86;    1837.14;     766.11;       10;    0.74;   stop
   378;    2370.33;    1348.71;    2396.03;    1348.51;    2395.92;    1335.54;    2370.22;    1335.74;       10;    0.74;   stop
   404;    1933.55;    1432.95;    1948.08;    1431.16;    1943.39;    1393.05;    1928.86;    1394.84;        9;    0.74;   stop
   159;    3309.86;    1167.26;    3314.69;    1155.09;    3288.26;    1144.61;    3283.43;    1156.79;       10;    0.74;   stop
   175;    3190.89;    1039.53;    3218.94;    1030.85;    3215.04;    1018.28;    3187.00;    1026.96;       10;    0.74;   stop
  5543;    1888.85;     910.34;    1908.78;     909.08;    1905.68;     859.85;    1885.75;     861.11;        9;    0.74;   stop
   423;     984.34;    1177.22;     985.86;    1166.95;     965.29;    1163.90;     963.77;    1174.17;       10;    0.74;   stop
   416;    1402.99;    1189.06;    1431.97;    1186.69;    1430.88;    1173.44;    1401.91;    1175.81;       10;    0.74;   stop
    91;     855.74;    1617.57;     856.36;    1605.68;     832.47;    1604.43;     831.85;    1616.32;       10;    0.74;   stop
   320;    1978.43;      43.52;    1982.11;      13.32;    1968.07;      11.61;    1964.39;      41.81;       10;    0.74;   stop
   380;     333.23;    1146.49;     333.52;    1134.03;     310.83;    1133.51;     310.55;    1145.97;       10;    0.74;   stop
   357;    1229.39;    1068.46;    1229.93;    1055.68;    1200.04;    1054.41;    1199.50;    1067.20;       10;    0.74;   stop
   305;    2553.06;    1042.75;    2553.13;    1018.28;    2541.69;    1018.25;    2541.62;    1042.72;       10;    0.74;   stop
   178;    2767.56;    1925.45;    2794.62;    1913.26;    2788.44;    1899.55;    2761.38;    1911.74;       10;    0.74;   stop
   303;     585.51;    1605.04;     586.18;    1593.15;     562.93;    1591.83;     562.25;    1603.72;       10;    0.74;   stop
  5708;    1866.76;     962.42;    1880.92;     962.22;    1880.52;     933.21;    1866.36;     933.40;       10;    0.74;   stop
   267;     552.63;    1568.53;     553.07;    1556.16;     526.43;    1555.22;     525.99;    1567.59;       10;    0.74;   stop
   462;    2099.92;    1348.90;    2127.53;    1345.22;    2125.76;    1331.98;    2098.16;    1335.65;       10;    0.74;   stop
    73;    1754.23;    1632.26;    1755.21;    1619.89;    1729.73;    1617.87;    1728.75;    1630.24;       10;    0.74;   stop
    74;    1479.71;      66.25;    1479.80;      53.19;    1450.92;      53.00;    1450.83;      66.06;       10;    0.74;   stop
   355;    1835.60;     113.61;    1849.34;     113.34;    1848.78;      84.95;    1835.03;      85.23;       10;    0.74;   stop
   155;    1047.97;     684.08;    1049.46;     671.24;    1023.91;     668.26;    1022.42;     681.11;       10;    0.74;   stop
   295;    2678.94;     670.04;    2703.11;     669.20;    2702.69;     656.90;    2678.51;     657.73;       10;    0.74;   stop
   301;     429.30;    1050.63;     453.86;    1050.56;     453.83;    1038.12;     429.26;    1038.19;       10;    0.73;   stop
   241;    1145.66;    1178.02;    1146.78;    1164.19;    1119.34;    1161.98;    1118.22;    1175.81;       10;    0.73;   stop
   337;    2460.40;    1321.81;    2460.52;    1308.70;    2432.98;    1308.44;    2432.86;    1321.55;       10;    0.73;   stop
   252;    2004.06;    1625.15;    2005.39;    1599.70;    1993.81;    1599.10;    1992.48;    1624.55;       10;    0.73;   stop
   325;     999.64;     679.65;    1000.70;     665.86;     971.36;     663.60;     970.30;     677.39;       10;    0.73;   stop
   334;     518.58;    1016.43;     534.08;    1015.52;     532.36;     986.07;     516.86;     986.98;       10;    0.73;   stop
   274;     726.59;    1612.97;     727.26;    1600.24;     702.16;    1598.91;     701.49;    1611.64;       10;    0.73;   stop
   434;    1261.09;    1068.60;    1261.70;    1056.60;    1238.10;    1055.40;    1237.49;    1067.40;       10;    0.73;   stop
   358;    1579.59;    1192.34;    1606.81;    1191.53;    1606.41;    1178.03;    1579.19;    1178.85;       10;    0.73;   stop
   455;    2340.89;    1094.14;    2341.22;    1082.27;    2317.36;    1081.61;    2317.03;    1093.48;       10;    0.73;   stop
   397;    3525.14;    1043.26;    3556.32;    1042.11;    3555.79;    1027.68;    3524.61;    1028.83;       10;    0.73;   stop
   265;    2548.98;    1077.47;    2561.08;    1075.08;    2555.89;    1048.78;    2543.79;    1051.17;       10;    0.73;   stop
  5147;    1964.06;    1848.85;    1970.57;    1820.29;    1958.44;    1817.53;    1951.93;    1846.08;       10;    0.73;   move
   152;    1849.81;    2013.06;    1862.59;    1985.99;    1851.34;    1980.69;    1838.57;    2007.76;       10;    0.73;   stop
   439;    1831.22;     239.23;    1832.00;     215.66;    1820.16;     215.27;    1819.38;     238.84;       10;    0.73;   stop
  1513;    1983.66;    1322.90;    1998.96;    1322.66;    1998.47;    1290.48;    1983.17;    1290.71;       10;    0.73;   stop
   359;    3468.43;    1044.08;    3468.57;    1031.83;    3443.76;    1031.55;    3443.62;    1043.79;       10;    0.73;   stop
   428;    3158.95;    1080.29;    3173.95;    1074.75;    3162.62;    1044.08;    3147.61;    1049.63;       10;    0.73;   stop
   319;     707.39;    1195.18;     707.67;    1169.34;     694.17;    1169.20;     693.90;    1195.03;       10;    0.73;   stop
   107;    1521.83;    1075.84;    1522.60;    1063.19;    1497.67;    1061.66;    1496.90;    1074.31;       10;    0.73;   stop
   381;     797.76;    1216.87;     810.48;    1216.64;     810.01;    1190.63;     797.28;    1190.86;       10;    0.73;   stop
   452;     173.27;    1142.29;     198.67;    1140.99;     197.98;    1127.40;     172.58;    1128.70;       10;    0.72;   stop
   253;    2471.44;    1697.58;    2474.74;    1665.30;    2461.31;    1663.92;    2458.01;    1696.20;       10;    0.72;   stop
   417;    1867.71;    1340.39;    1878.02;    1340.06;    1877.32;    1317.99;    1867.01;    1318.32;       10;    0.72;   stop
   327;     380.00;    1045.97;     380.84;    1033.33;     353.59;    1031.53;     352.76;    1044.17;       10;    0.72;   stop
  6793;     415.50;    1117.24;     415.71;    1105.00;     394.97;    1104.63;     394.76;    1116.88;       10;    0.72;   move
   166;     238.37;    1541.99;     239.66;    1530.25;     213.50;    1527.39;     212.22;    1539.13;       10;    0.72;   stop
  6250;    1908.46;     760.19;    1923.48;     759.29;    1921.04;     718.62;    1906.02;     719.52;        9;    0.72;   stop
   342;    2267.15;    1210.56;    2291.07;    1210.39;    2290.98;    1196.94;    2267.05;    1197.11;       10;    0.72;   stop
   318;      28.26;    1155.04;      32.37;    1143.29;       6.72;    1134.33;       2.61;    1146.09;       10;    0.72;   stop
   394;    1819.84;     118.05;    1833.65;     117.55;    1832.66;      90.63;    1818.85;      91.14;       10;    0.72;   stop
   338;    3432.29;    1008.90;    3458.96;    1007.50;    3458.33;     995.48;    3431.66;     996.87;       10;    0.72;   stop
   258;     776.44;    1226.88;     776.86;    1214.12;     750.33;    1213.24;     749.91;    1226.01;       10;    0.71;   stop
   331;    2998.52;    1732.04;    3008.87;    1708.74;    2995.85;    1702.96;    2985.51;    1726.26;       10;    0.71;   stop
   250;    2492.37;    1410.95;    2494.43;    1384.52;    2482.00;    1383.55;    2479.95;    1409.98;       10;    0.71;   stop
   244;    2467.19;    1773.16;    2468.22;    1744.04;    2455.43;    1743.59;    2454.40;    1772.71;       10;    0.71;   stop
    31;    1822.34;    2073.33;    1834.08;    2048.32;    1822.85;    2043.04;    1811.11;    2068.06;       10;    0.71;   stop
   414;    1823.40;      24.66;    1835.01;      23.16;    1831.92;      -0.76;    1820.31;       0.74;       10;    0.71;   stop
   420;    1847.49;     486.54;    1859.36;     485.95;    1858.17;     461.83;    1846.29;     462.42;       10;    0.71;   stop
   371;    3220.39;    1125.29;    3234.79;    1100.08;    3222.11;    1092.84;    3207.71;    1118.04;       10;    0.71;   stop
   268;     886.55;    1620.42;     887.18;    1607.30;     861.99;    1606.08;     861.35;    1619.20;       10;    0.71;   stop
   283;    2437.79;    1766.98;    2439.66;    1738.27;    2426.34;    1737.40;    2424.46;    1766.11;       10;    0.70;   stop
  5779;    3331.06;    1039.21;    3357.91;    1029.74;    3353.32;    1016.72;    3326.46;    1026.20;       10;    0.70;   move
   389;    3564.76;    1041.21;    3592.41;    1040.55;    3592.11;    1027.85;    3564.46;    1028.51;       10;    0.70;   stop
   437;    3260.89;    1094.69;    3274.08;    1072.81;    3263.17;    1066.24;    3249.99;    1088.12;       10;    0.70;   stop
  5635;     463.25;    1055.50;     492.26;    1053.02;     491.13;    1039.81;     462.11;    1042.29;       10;    0.70;   stop
   193;     383.71;    1559.85;     385.50;    1547.16;     357.85;    1543.27;     356.07;    1555.97;       10;    0.70;   stop
   411;    3575.24;    1246.53;    3589.20;    1245.54;    3587.26;    1218.16;    3573.30;    1219.15;       10;    0.70;   stop
   243;     801.92;    1936.34;     814.42;    1936.08;     813.86;    1908.91;     801.36;    1909.17;       10;    0.70;   stop
   398;     669.62;    1574.82;     670.66;    1562.25;     645.70;    1560.18;     644.65;    1572.75;       10;    0.70;   stop
   426;    2529.27;     582.46;    2540.89;     582.37;    2540.73;     560.26;    2529.11;     560.35;       10;    0.70;   stop
   400;    1102.89;     685.33;    1104.05;     673.16;    1073.99;     670.29;    1072.83;     682.46;       10;    0.70;   stop
   348;    3495.21;    1007.13;    3522.47;    1006.07;    3521.97;     993.49;    3494.72;     994.56;       10;    0.70;   stop
   344;    2468.70;    1731.66;    2470.76;    1706.21;    2458.42;    1705.21;    2456.37;    1730.67;       10;    0.70;   stop
   429;    1928.03;    1807.11;    1933.69;    1781.07;    1920.79;    1778.27;    1915.13;    1804.31;       10;    0.70;   stop
   356;    1548.31;    1040.85;    1550.93;    1012.49;    1536.44;    1011.15;    1533.82;    1039.51;       10;    0.70;   stop
   422;    1030.12;    1174.47;    1030.16;    1162.22;    1008.38;    1162.15;    1008.34;    1174.41;       10;    0.70;   stop
   409;    2532.08;     746.03;    2544.73;     745.52;    2543.54;     716.47;    2530.90;     716.98;       10;    0.70;   stop
  5826;    1867.03;     915.96;    1881.27;     915.49;    1880.25;     884.60;    1866.01;     885.07;       10;    0.70;   stop
   385;    2457.79;    1906.15;    2459.62;    1876.98;    2445.71;    1876.10;    2443.88;    1905.27;       10;    0.70;   stop
   457;    2788.13;    1842.65;    2795.37;    1831.24;    2770.55;    1815.47;    2763.30;    1826.88;       10;    0.70;   stop
  6633;     579.78;    1130.85;     579.94;    1118.57;     552.72;    1118.22;     552.56;    1130.49;       10;    0.69;   move
   388;     524.79;    1600.79;     525.14;    1589.23;     503.64;    1588.58;     503.30;    1600.15;       10;    0.69;   stop
   472;     918.40;    1582.33;     918.94;    1571.04;     895.66;    1569.92;     895.12;    1581.21;       10;    0.69;   stop
   324;     849.75;    1933.64;     862.86;    1933.25;     862.12;    1908.24;     849.01;    1908.63;       10;    0.69;   stop
   442;    2621.62;    1921.20;    2626.92;    1907.88;    2596.88;    1895.92;    2591.58;    1909.24;       10;    0.69;   stop
   289;    2666.65;    2018.48;    2678.79;    2013.28;    2667.32;    1986.52;    2655.18;    1991.72;       10;    0.69;   stop
  2734;    2409.91;     639.19;    2434.37;     638.41;    2433.97;     625.87;    2409.51;     626.65;       10;    0.69;   stop
   375;    3472.14;     691.99;    3484.05;     664.26;    3470.05;     658.25;    3458.14;     685.97;       10;    0.69;   stop
   566;    3538.69;     598.71;    3569.65;     598.23;    3569.44;     584.65;    3538.48;     585.13;       10;    0.69;   stop
   562;    2972.02;    1766.98;    2986.12;    1742.59;    2973.23;    1735.14;    2959.13;    1759.54;       10;    0.69;   stop
   513;    1827.13;     344.51;    1841.06;     344.21;    1840.37;     312.49;    1826.44;     312.79;       10;    0.69;   stop
   352;    1605.69;    1075.80;    1606.00;    1063.45;    1581.44;    1062.83;    1581.12;    1075.17;       10;    0.69;   stop
   444;    2172.34;    1204.53;    2172.45;    1191.93;    2147.84;    1191.72;    2147.74;    1204.32;       10;    0.69;   stop
   406;    2571.11;    1997.60;    2599.92;    1986.38;    2594.52;    1972.52;    2565.71;    1983.75;       10;    0.69;   stop
  6790;    1891.81;    2041.77;    1901.46;    2016.23;    1889.22;    2011.61;    1879.57;    2037.14;       10;    0.68;   stop
   177;    1225.50;    1788.83;    1226.01;    1763.03;    1214.06;    1762.79;    1213.55;    1788.59;       10;    0.68;   stop
    35;    1892.93;    1943.27;    1901.92;    1918.81;    1889.79;    1914.35;    1880.80;    1938.82;       10;    0.68;   stop
   384;    3040.81;    1641.14;    3049.55;    1616.80;    3037.19;    1612.36;    3028.45;    1636.70;       10;    0.68;   stop
   508;    2106.77;     647.90;    2131.39;     645.35;    2130.16;     633.48;    2105.55;     636.02;       10;    0.68;   stop
   215;    2091.51;    1122.49;    2091.66;    1110.93;    2068.74;    1110.63;    2068.59;    1122.19;       10;    0.68;   stop
  7235;    1901.68;    1212.24;    1907.11;    1195.41;    1864.82;    1181.76;    1859.39;    1198.59;        9;    0.68;   stop
   405;    3152.38;    1151.91;    3165.70;    1127.91;    3154.19;    1121.52;    3140.86;    1145.52;       10;    0.68;   stop
  6706;     528.61;    1122.91;     529.00;    1107.30;     496.08;    1106.47;     495.69;    1122.08;       10;    0.68;   move
   560;    3405.72;     849.85;    3417.31;     823.15;    3404.28;     817.49;    3392.69;     844.19;       10;    0.68;   stop
   436;    3489.96;    1043.29;    3518.90;    1043.04;    3518.79;    1029.52;    3489.85;    1029.77;       10;    0.68;   stop
   458;    2098.97;     252.75;    2124.64;     251.99;    2124.28;     240.00;    2098.61;     240.76;       10;    0.68;   stop
  2586;    2556.04;    1966.69;    2579.21;    1957.79;    2574.71;    1946.06;    2551.54;    1954.96;       10;    0.68;   move
   478;    1327.29;      70.31;    1357.37;      69.46;    1356.96;      55.12;    1326.88;      55.98;       10;    0.67;   stop
   390;    2363.56;    2031.70;    2369.98;    2019.50;    2344.19;    2005.93;    2337.77;    2018.12;       10;    0.67;   stop
   475;     324.99;    1047.36;     325.18;    1035.18;     302.20;    1034.83;     302.01;    1047.01;       10;    0.67;   stop
  6022;    2566.90;    1141.01;    2567.92;    1126.80;    2539.10;    1124.74;    2538.08;    1138.95;       10;    0.67;   stop
   297;     816.98;    1937.41;     829.90;    1937.33;     829.74;    1911.21;     816.82;    1911.29;       10;    0.67;   stop
   488;    2685.63;     630.28;    2708.58;     629.82;    2708.37;     619.03;    2685.42;     619.49;       10;    0.67;   stop
   617;    2682.92;    1230.49;    2684.13;    1214.35;    2651.46;    1211.88;    2650.24;    1228.03;        9;    0.67;   stop
   479;    3245.38;    1122.02;    3258.71;    1098.02;    3246.80;    1091.41;    3233.48;    1115.41;       10;    0.67;   stop
  6523;    1175.36;    1184.37;    1176.09;    1169.17;    1147.76;    1167.82;    1147.04;    1183.02;       10;    0.67;   stop
   474;    2067.10;     253.34;    2091.35;     252.36;    2090.90;     241.10;    2066.65;     242.08;       10;    0.66;   stop
   501;    2751.68;     628.99;    2779.07;     627.57;    2778.44;     615.54;    2751.06;     616.96;       10;    0.66;   stop
   382;    2847.10;     626.69;    2873.43;     624.43;    2872.35;     611.75;    2846.02;     614.00;       10;    0.66;   stop
    63;    1224.85;    1816.44;    1225.22;    1793.86;    1214.15;    1793.68;    1213.78;    1816.27;       10;    0.66;   stop
  7173;    1892.02;     599.10;    1904.91;     598.50;    1903.73;     573.15;    1890.84;     573.75;       10;    0.66;   move
   547;    1841.07;     254.96;    1841.55;     236.37;    1831.12;     236.10;    1830.64;     254.69;       10;    0.66;   stop
   536;     792.51;    1581.48;     793.41;    1570.34;     770.89;    1568.52;     769.99;    1579.66;       10;    0.66;   stop
   456;    3361.07;     958.20;    3368.90;     935.21;    3356.12;     930.86;    3348.29;     953.85;       10;    0.66;   stop
   419;    3097.51;    1511.39;    3106.44;    1487.58;    3094.21;    1482.99;    3085.28;    1506.80;       10;    0.66;   stop
  6879;    2371.36;    2063.52;    2398.56;    2053.56;    2393.77;    2040.48;    2366.57;    2050.44;       10;    0.66;   move
   490;    2720.84;     628.64;    2744.83;     627.06;    2744.04;     615.04;    2720.04;     616.63;       10;    0.66;   stop
   435;    1847.94;     989.32;    1859.43;     989.18;    1859.13;     963.68;    1847.63;     963.82;       10;    0.66;   stop
  6875;     323.26;    1118.25;     324.03;    1101.79;     283.30;    1099.88;     282.53;    1116.34;        9;    0.66;   move
   307;      52.91;    1521.81;      54.17;    1510.67;      32.28;    1508.19;      31.02;    1519.33;       10;    0.66;   stop
   399;     555.99;    1602.93;     556.41;    1591.07;     531.51;    1590.19;     531.09;    1602.05;       10;    0.66;   stop
   461;    1544.10;    1191.44;    1571.60;    1190.29;    1571.03;    1176.68;    1543.53;    1177.83;       10;    0.66;   stop
   466;    2340.93;     642.56;    2366.50;     640.83;    2365.70;     628.97;    2340.13;     630.70;       10;    0.66;   stop
   427;    2528.59;     615.21;    2540.43;     614.61;    2539.16;     589.38;    2527.32;     589.98;       10;    0.66;   stop
  4389;    3576.97;    1283.18;    3592.40;    1282.56;    3591.16;    1251.82;    3575.73;    1252.44;       10;    0.66;   stop
   349;    2463.60;    1805.49;    2464.85;    1780.46;    2453.40;    1779.88;    2452.15;    1804.92;       10;    0.66;   stop
   583;    1821.03;      93.04;    1832.35;      92.75;    1831.84;      72.89;    1820.52;      73.19;       10;    0.65;   stop
  3838;    1869.25;    2038.85;    1882.82;    2009.04;    1870.16;    2003.28;    1856.59;    2033.08;       10;    0.65;   move
   509;     247.04;    1143.74;     247.05;    1129.72;     220.07;    1129.70;     220.06;    1143.72;       10;    0.65;   stop
   141;    1875.72;    1984.97;    1886.34;    1963.16;    1876.06;    1958.15;    1865.44;    1979.96;       10;    0.65;   stop
   369;    2764.87;    1854.88;    2776.34;    1845.40;    2757.01;    1822.00;    2745.54;    1831.48;       10;    0.65;   stop
   580;    2140.50;     648.48;    2165.80;     647.05;    2165.06;     634.02;    2139.76;     635.45;       10;    0.65;   stop
   225;     268.03;    1548.95;     270.73;    1537.40;     246.19;    1531.67;     243.49;    1543.22;       10;    0.65;   stop
   311;    1476.50;    1075.11;    1476.80;    1062.97;    1453.00;    1062.39;    1452.70;    1074.53;       10;    0.65;   stop
   467;    2530.95;     710.43;    2542.72;     710.30;    2542.43;     684.57;    2530.65;     684.70;       10;    0.65;   stop
   493;    3229.63;    1149.94;    3243.52;    1126.15;    3232.55;    1119.74;    3218.66;    1143.54;       10;    0.65;   stop
  7058;    2307.99;    2092.47;    2331.43;    2080.82;    2325.51;    2068.90;    2302.07;    2080.56;       10;    0.65;   move
  3730;      21.39;    1517.22;      22.41;    1505.28;       0.40;    1503.40;      -0.62;    1515.34;       10;    0.65;   stop
   527;    3395.57;     877.05;    3405.23;     851.01;    3391.93;     846.08;    3382.27;     872.12;       10;    0.65;   stop
   263;     873.26;    1029.02;     874.07;    1002.00;     860.93;    1001.60;     860.12;    1028.63;       10;    0.64;   stop
   510;    2563.15;     638.21;    2590.90;     636.37;    2590.10;     624.32;    2562.35;     626.16;       10;    0.64;   stop
   553;    2533.15;    1957.48;    2542.03;    1947.06;    2519.98;    1928.27;    2511.10;    1938.69;       10;    0.64;   stop
   396;    1500.46;    1188.67;    1500.75;    1176.68;    1476.29;    1176.08;    1476.00;    1188.07;       10;    0.64;   stop
   353;    2519.00;    1061.98;    2519.43;    1037.48;    2507.13;    1037.27;    2506.70;    1061.77;       10;    0.64;   stop
  6540;    1918.53;    1981.34;    1931.32;    1953.71;    1919.59;    1948.28;    1906.81;    1975.92;       10;    0.64;   stop
   415;     694.76;    1609.96;     695.26;    1597.27;     670.24;    1596.29;     669.74;    1608.98;       10;    0.64;   stop
  6946;    1870.56;    2081.10;    1883.77;    2051.25;    1870.53;    2045.40;    1857.32;    2075.25;       10;    0.64;   stop
   374;    1348.69;    1609.61;    1348.98;    1597.21;    1324.31;    1596.64;    1324.02;    1609.04;       10;    0.63;   stop
   413;    2795.11;    1971.11;    2807.32;    1963.55;    2790.52;    1936.39;    2778.30;    1943.95;       10;    0.63;   stop
   386;    1247.90;      69.00;    1279.54;      68.74;    1279.42;      53.63;    1247.78;      53.88;       10;    0.63;   stop
   266;     632.92;    1417.85;     634.90;    1403.01;     607.39;    1399.34;     605.41;    1414.17;       10;    0.63;   stop
   433;     832.85;    1937.77;     846.48;    1937.65;     846.22;    1908.79;     832.58;    1908.92;       10;    0.63;   stop
   168;    1832.43;    1670.34;    1833.98;    1657.40;    1806.01;    1654.04;    1804.45;    1666.97;       10;    0.63;   stop
  6074;    3574.83;     606.07;    3610.04;     597.25;    3606.42;     582.80;    3571.21;     591.62;       10;    0.63;   stop
   360;    1795.16;    1634.64;    1796.24;    1622.39;    1769.03;    1619.99;    1767.95;    1632.23;       10;    0.63;   stop
   540;    2593.79;    1929.12;    2601.25;    1918.38;    2578.59;    1902.63;    2571.12;    1913.37;       10;    0.63;   stop
   524;    2538.60;     925.31;    2552.11;     925.10;    2551.65;     896.62;    2538.14;     896.84;       10;    0.62;   stop
   556;    3005.99;    1478.82;    3018.21;    1451.30;    3006.67;    1446.18;    2994.45;    1473.70;       10;    0.62;   stop
   489;    2546.70;     790.97;    2546.82;     765.52;    2534.55;     765.46;    2534.43;     790.92;       10;    0.62;   stop
  5768;    1897.42;     952.50;    1907.54;     952.39;    1907.33;     931.88;    1897.21;     931.98;       10;    0.62;   stop
   559;     727.02;    1612.64;     727.48;    1598.34;     720.13;    1598.11;     719.67;    1612.41;       10;    0.62;   stop
  7111;    3697.96;    1366.07;    3701.99;    1352.47;    3672.67;    1343.77;    3668.63;    1357.38;       10;    0.62;   move
   714;    1935.87;    1496.69;    1951.42;    1496.32;    1950.63;    1463.19;    1935.08;    1463.56;        9;    0.62;   stop
   486;    3433.97;     785.42;    3441.74;     764.35;    3431.34;     760.52;    3423.57;     781.58;       10;    0.62;   stop
  7249;    3374.45;     878.32;    3387.04;     847.92;    3372.73;     842.00;    3360.15;     872.39;       10;    0.62;   move
   491;    2334.37;    1347.46;    2361.35;    1346.82;    2361.00;    1332.29;    2334.03;    1332.93;       10;    0.62;   stop
   370;    3671.20;     595.77;    3704.65;     592.18;    3703.17;     578.45;    3669.73;     582.04;       10;    0.62;   stop
  6473;     667.35;    1132.57;     668.08;    1118.06;     636.71;    1116.49;     635.99;    1131.01;       10;    0.61;   move
   535;     837.37;     996.40;     837.90;     984.78;     812.16;     983.60;     811.63;     995.22;       10;    0.61;   stop
   683;    1929.05;    1388.67;    1942.33;    1387.21;    1938.70;    1354.08;    1925.42;    1355.54;       10;    0.61;   stop
   393;    2264.62;    2075.40;    2271.76;    2063.28;    2243.44;    2046.60;    2236.30;    2058.72;       10;    0.61;   stop
  4373;     312.10;    1584.54;     313.53;    1572.24;     287.43;    1569.20;     286.00;    1581.51;       10;    0.61;   stop
  2484;      81.44;    1143.05;     109.45;    1141.75;     108.87;    1129.45;      80.87;    1130.75;       10;    0.61;   stop
   176;     646.41;    1363.82;     648.10;    1349.88;     620.15;    1346.50;     618.46;    1360.43;       10;    0.61;   stop
   577;    2387.24;    1320.33;    2387.90;    1307.85;    2363.26;    1306.54;    2362.60;    1319.03;       10;    0.61;   stop
   481;    1464.36;    2081.58;    1466.48;    2053.75;    1453.89;    2052.79;    1451.77;    2080.63;       10;    0.61;   stop
   279;    1804.61;    2111.45;    1820.57;    2079.14;    1806.97;    2072.42;    1791.01;    2104.73;        9;    0.61;   stop
   262;    2164.72;    2118.21;    2171.59;    2106.12;    2145.90;    2091.54;    2139.04;    2103.63;       10;    0.61;   stop
  4095;    1685.76;    1192.71;    1687.11;    1179.51;    1680.05;    1178.79;    1678.70;    1191.99;       10;    0.60;   stop
   650;    1916.28;    1877.80;    1931.02;    1836.93;    1915.47;    1831.32;    1900.73;    1872.20;        9;    0.60;   stop
   332;    2313.30;    2118.00;    2342.43;    2106.78;    2337.08;    2092.88;    2307.94;    2104.10;       10;    0.60;   stop
  7018;    1852.40;     203.80;    1874.11;     203.13;    1871.54;     119.64;    1849.83;     120.31;        9;    0.60;   move
   575;    1064.46;    1177.60;    1065.00;    1163.58;    1034.23;    1162.40;    1033.69;    1176.42;        9;    0.60;   stop
   465;    2372.51;     641.85;    2396.90;     639.87;    2395.99;     628.55;    2371.60;     630.53;       10;    0.60;   stop
   392;    2473.56;    1660.38;    2474.90;    1635.41;    2462.56;    1634.74;    2461.22;    1659.72;       10;    0.60;   stop
   537;    2440.67;    1553.75;    2452.99;    1553.61;    2452.71;    1528.75;    2440.38;    1528.89;       10;    0.60;   stop
   407;    2528.07;     143.87;    2528.72;     118.02;    2516.05;     117.70;    2515.40;     143.55;       10;    0.60;   stop
   571;     280.29;    1144.70;     280.30;    1131.56;     256.43;    1131.55;     256.42;    1144.69;       10;    0.60;   stop
   454;    1383.35;    1612.03;    1384.80;    1599.56;    1358.28;    1596.47;    1356.83;    1608.94;       10;    0.60;   stop
   350;    2516.35;     174.68;    2527.94;     174.60;    2527.77;     150.45;    2516.19;     150.53;       10;    0.59;   stop
   395;    2100.22;     650.38;    2100.22;     636.62;    2072.59;     636.62;    2072.59;     650.38;       10;    0.59;   stop
  2761;    2173.62;     647.43;    2201.28;     645.91;    2200.57;     632.82;    2172.90;     634.34;       10;    0.59;   stop
  6717;     426.12;    1579.81;     427.14;    1566.68;     399.82;    1564.56;     398.80;    1577.69;       10;    0.59;   move
   570;    2460.98;    1870.53;    2462.25;    1842.61;    2448.14;    1841.97;    2446.88;    1869.89;       10;    0.59;   stop
   542;     610.77;    1215.92;     610.95;    1202.24;     584.54;    1201.89;     584.36;    1215.57;       10;    0.59;   stop
   464;    2225.92;    2094.25;    2234.41;    2081.75;    2207.89;    2063.75;    2199.41;    2076.25;       10;    0.59;   stop
   581;    1382.20;    1068.78;    1383.18;    1057.12;    1360.55;    1055.22;    1359.57;    1066.88;       10;    0.59;   stop
   497;    1683.37;    1193.72;    1685.68;    1181.45;    1660.13;    1176.65;    1657.82;    1188.92;       10;    0.59;   stop
   572;    1980.17;    1888.36;    1988.72;    1850.14;    1973.08;    1846.64;    1964.53;    1884.86;       10;    0.59;   stop
   545;    1484.94;     921.43;    1486.22;     908.90;    1459.19;     906.13;    1457.90;     918.67;       10;    0.58;   stop
   443;    2205.52;    2097.78;    2211.82;    2084.90;    2186.67;    2072.59;    2180.37;    2085.48;       10;    0.58;   stop
   557;    1308.54;    1608.32;    1308.68;    1596.00;    1280.65;    1595.68;    1280.51;    1608.00;       10;    0.58;   stop
   343;     402.46;    1682.64;     402.67;    1657.80;     388.32;    1657.67;     388.11;    1682.52;       10;    0.58;   stop
   518;    2431.73;    1840.32;    2433.92;    1814.68;    2422.27;    1813.68;    2420.08;    1839.32;       10;    0.58;   stop
  5908;    2896.13;     625.29;    2926.19;     623.31;    2925.37;     610.80;    2895.31;     612.79;       10;    0.58;   stop
   379;    1149.82;     691.76;    1151.58;     678.46;    1126.43;     675.12;    1124.67;     688.42;       10;    0.58;   stop
   564;    2555.07;    1946.47;    2562.78;    1935.23;    2540.81;    1920.15;    2533.09;    1931.39;       10;    0.57;   stop
   526;    1119.72;    1020.09;    1133.00;    1019.85;    1132.53;     993.66;    1119.25;     993.90;       10;    0.57;   stop
   520;    2383.08;    2020.87;    2389.46;    2008.37;    2364.04;    1995.38;    2357.66;    2007.88;       10;    0.57;   stop
   140;     919.86;    1621.56;     920.93;    1609.36;     896.46;    1607.19;     895.38;    1619.39;       10;    0.57;   stop
   601;    2575.54;    1939.27;    2583.14;    1926.76;    2556.34;    1910.48;    2548.74;    1922.99;       10;    0.57;   stop
  3591;     697.05;    1354.33;     698.95;    1319.46;     681.08;    1318.48;     679.18;    1353.35;       10;    0.56;   stop
   448;    1972.65;    2089.00;    1987.42;    2088.77;    1986.97;    2060.00;    1972.21;    2060.23;       10;    0.56;   stop
  7207;    1936.91;     541.31;    1946.87;     541.15;    1946.59;     522.94;    1936.63;     523.10;       10;    0.56;   move
   523;     854.48;    1212.96;     856.13;    1200.41;     828.67;    1196.79;     827.01;    1209.34;       10;    0.56;   stop
   495;    3737.84;    1453.29;    3741.26;    1440.82;    3717.16;    1434.21;    3713.74;    1446.68;       10;    0.56;   stop
  6666;    1484.11;      85.95;    1512.44;      84.46;    1511.77;      71.55;    1483.43;      73.04;       10;    0.56;   stop
   522;    1520.61;     924.50;    1521.79;     911.93;    1493.26;     909.25;    1492.08;     921.82;       10;    0.56;   stop
  3520;     795.80;     102.46;     796.10;      90.53;     771.82;      89.91;     771.51;     101.85;       10;    0.55;   stop
  2012;    2932.90;     623.98;    2960.86;     623.43;    2960.60;     610.14;    2932.64;     610.70;       10;    0.55;   stop
   519;    1734.05;    1667.50;    1735.24;    1652.67;    1703.72;    1650.13;    1702.52;    1664.95;       10;    0.55;   stop
   634;    1922.34;    1836.20;    1926.36;    1811.81;    1914.94;    1809.93;    1910.93;    1834.32;       10;    0.55;   stop
  7262;    2865.48;     220.22;    2894.00;     218.07;    2893.02;     205.03;    2864.50;     207.18;       10;    0.55;   stop
   521;    2467.65;    2056.78;    2494.16;    2046.11;    2488.73;    2032.60;    2462.21;    2043.26;       10;    0.55;   stop
   611;    2431.38;    1871.02;    2433.51;    1843.63;    2420.37;    1842.61;    2418.24;    1870.00;       10;    0.55;   stop
   453;    1279.64;    1471.62;    1283.66;    1443.93;    1271.29;    1442.13;    1267.27;    1469.82;       10;    0.55;   stop
   602;    3205.17;    1148.52;    3219.61;    1123.60;    3207.33;    1116.48;    3192.89;    1141.40;       10;    0.54;   stop
   160;     387.74;    1721.36;     404.05;    1721.32;     403.98;    1691.14;     387.67;    1691.18;       10;    0.54;   stop
   460;    1967.73;    2086.30;    1968.76;    2057.57;    1955.05;    2057.07;    1954.02;    2085.81;       10;    0.54;   stop
   631;     588.53;    1146.66;     588.56;    1134.36;     563.66;    1134.28;     563.62;    1146.58;       10;    0.54;   stop
   669;    3314.28;     975.13;    3325.94;     944.02;    3308.22;     937.37;    3296.56;     968.48;       10;    0.54;   stop
   484;    1907.79;    1639.22;    1908.42;    1626.75;    1883.93;    1625.53;    1883.30;    1638.00;       10;    0.53;   stop
  5443;    3624.36;     597.07;    3653.16;     595.66;    3652.51;     582.54;    3623.72;     583.95;       10;    0.53;   stop
   251;    1223.81;    1848.69;    1225.18;    1822.83;    1212.94;    1822.19;    1211.57;    1848.04;       10;    0.53;   stop
   561;     783.79;    1935.78;     798.12;    1935.65;     797.89;    1910.60;     783.56;    1910.73;       10;    0.53;   stop
   578;    1830.79;    1637.71;    1832.24;    1623.30;    1802.30;    1620.29;    1800.85;    1634.70;       10;    0.53;   stop
   287;     641.79;    1383.23;     644.08;    1369.29;     615.40;    1364.59;     613.11;    1378.52;       10;    0.52;   stop
   608;    1869.77;    1673.59;    1870.96;    1660.11;    1841.79;    1657.53;    1840.60;    1671.01;       10;    0.52;   stop
   598;    2007.51;    1515.82;    2018.35;    1515.52;    2017.74;    1493.55;    2006.90;    1493.86;       10;    0.52;   stop
   275;      94.36;    1806.15;     113.41;    1784.47;     102.75;    1775.10;      83.70;    1796.78;       10;    0.52;   stop
   450;    2512.71;      84.15;    2525.43;      83.78;    2524.67;      57.60;    2511.95;      57.97;       10;    0.52;   stop
   506;    2184.08;    2107.28;    2190.83;    2095.27;    2167.61;    2082.22;    2160.86;    2094.23;       10;    0.51;   stop
  5930;    3381.13;     609.62;    3386.13;     594.55;    3367.93;     588.51;    3362.93;     603.58;       10;    0.51;   stop
   477;    1147.24;    1635.33;    1176.65;    1634.92;    1176.44;    1620.42;    1147.04;    1620.83;       10;    0.51;   stop
  7025;      -0.76;    1074.17;       6.29;    1074.10;       6.14;    1058.65;      -0.91;    1058.71;       10;    0.51;   stop
   639;    1278.40;    1188.08;    1279.40;    1172.19;    1243.29;    1169.92;    1242.29;    1185.81;       10;    0.51;   stop
  4394;    3459.21;     720.83;    3469.42;     694.87;    3456.73;     689.88;    3446.51;     715.83;       10;    0.50;   stop
  6772;    2438.50;    2038.11;    2463.41;    2028.16;    2458.25;    2015.26;    2433.34;    2025.22;       10;    0.50;   move
   791;    1953.19;    1618.50;    1954.53;    1572.50;    1937.06;    1572.00;    1935.72;    1618.00;        9;    0.50;   stop
  7107;    3418.73;     625.61;    3419.62;     612.48;    3390.34;     610.48;    3389.44;     623.61;       10;    0.49;   move
   494;    1388.47;    1646.94;    1388.64;    1633.89;    1363.28;    1633.56;    1363.11;    1646.61;       10;    0.49;   stop
  3110;     649.00;    1199.06;     662.02;    1196.57;     656.93;    1170.00;     643.92;    1172.49;       10;    0.49;   stop
   618;    2012.66;    2090.80;    2025.53;    2088.04;    2020.09;    2062.70;    2007.22;    2065.46;       10;    0.49;   stop
   565;    1991.45;    2090.12;    2003.73;    2089.77;    2003.05;    2065.63;    1990.77;    2065.98;       10;    0.49;   stop
  7257;    1937.82;     156.13;    1946.28;     155.84;    1945.68;     138.62;    1937.22;     138.91;       10;    0.48;   stop
   645;       6.55;    1052.71;      40.57;    1048.52;      38.80;    1034.17;       4.78;    1038.36;       10;    0.48;   stop
   377;    1223.71;    2084.01;    1237.35;    2082.85;    1234.98;    2054.86;    1221.34;    2056.02;       10;    0.48;   stop
  6075;    1064.99;    1178.27;    1065.57;    1163.91;    1035.01;    1162.67;    1034.43;    1177.03;       10;    0.48;   stop
  6714;     582.12;    1055.64;     590.79;    1045.23;     578.51;    1034.99;     569.83;    1045.40;       10;    0.48;   stop
  6373;     440.80;    1599.03;     467.07;    1596.53;     465.77;    1582.84;     439.49;    1585.35;       10;    0.48;   stop
  2381;    3061.82;     616.72;    3084.47;     614.78;    3083.50;     603.43;    3060.84;     605.37;       10;    0.48;   stop
   445;    2290.87;     245.51;    2317.19;     244.55;    2316.75;     232.62;    2290.44;     233.58;       10;    0.47;   stop
   546;    1196.12;    1062.23;    1196.42;    1052.20;    1177.63;    1051.64;    1177.33;    1061.67;       10;    0.47;   stop
   615;    2514.91;    1961.79;    2523.16;    1952.14;    2503.34;    1935.21;    2495.09;    1944.86;       10;    0.47;   stop
   647;    2847.37;    1811.92;    2852.78;    1799.18;    2826.61;    1788.08;    2821.21;    1800.82;       10;    0.47;   stop
  3443;    2511.65;      53.52;    2525.52;      53.09;    2524.60;      22.98;    2510.73;      23.41;       10;    0.47;   stop
   476;    3697.10;    1002.48;    3722.76;    1001.40;    3722.27;     989.71;    3696.61;     990.78;       10;    0.46;   stop
   664;    2189.21;    1381.89;    2202.11;    1381.77;    2201.85;    1353.54;    2188.95;    1353.66;       10;    0.46;   stop
  4772;     338.83;    1588.26;     340.14;    1575.46;     316.01;    1572.99;     314.70;    1585.79;       10;    0.46;   stop
   195;    2710.00;    2117.36;    2723.46;    2110.91;    2709.92;    2082.64;    2696.46;    2089.09;       10;    0.46;   stop
   403;     129.33;    1076.92;     164.41;    1075.75;     163.87;    1059.64;     128.79;    1060.81;        9;    0.46;   move
  4550;     364.89;    1592.48;     366.89;    1580.16;     342.92;    1576.27;     340.92;    1588.59;       10;    0.46;   stop
   525;    2346.61;    2091.43;    2369.49;    2090.58;    2369.01;    2077.82;    2346.14;    2078.67;       10;    0.46;   stop
   354;     421.60;    2121.34;     421.70;    2088.09;     405.75;    2088.04;     405.64;    2121.29;       10;    0.46;   stop
  7183;    1935.54;    1497.82;    1950.91;    1497.50;    1950.21;    1464.30;    1934.84;    1464.63;       10;    0.46;   stop
   654;    3212.50;     614.95;    3241.91;     613.67;    3241.25;     598.41;    3211.84;     599.69;       10;    0.46;   stop
  5338;     487.28;    1153.92;     487.54;    1138.87;     451.62;    1138.26;     451.37;    1153.32;       10;    0.45;   stop
   584;    3175.02;     613.20;    3198.48;     612.48;    3198.10;     600.16;    3174.65;     600.88;       10;    0.45;   stop
   412;    1352.48;    1644.19;    1353.08;    1631.96;    1327.27;    1630.69;    1326.67;    1642.92;       10;    0.45;   stop
   569;    1554.61;     974.99;    1556.46;     948.53;    1543.64;     947.63;    1541.79;     974.09;       10;    0.45;   stop
  7218;    3333.29;     608.19;    3358.48;     606.38;    3357.65;     594.85;    3332.46;     596.66;       10;    0.45;   stop
   586;    3532.61;    1005.40;    3555.99;    1005.04;    3555.82;     994.29;    3532.45;     994.65;       10;    0.45;   stop
   659;    1937.66;    1566.59;    1953.09;    1566.46;    1952.77;    1529.41;    1937.35;    1529.54;       10;    0.45;   stop
  3185;     520.53;    1566.36;     520.71;    1555.87;     500.41;    1555.52;     500.23;    1566.00;       10;    0.44;   stop
   603;    3778.51;    1468.50;    3784.81;    1457.82;    3762.74;    1444.78;    3756.44;    1455.46;       10;    0.44;   stop
   314;     404.69;    2012.82;     418.06;    2012.55;     417.50;    1985.61;     404.13;    1985.89;       10;    0.44;   stop
   151;    1225.47;    2113.36;    1237.51;    2112.33;    1235.47;    2088.51;    1223.43;    2089.54;       10;    0.44;   stop
  7134;    1912.00;    2044.66;    1922.01;    2013.33;    1907.56;    2008.72;    1897.55;    2040.05;       10;    0.43;   stop
  5400;     613.06;    1048.23;     613.31;    1037.27;     591.63;    1036.77;     591.37;    1047.73;       10;    0.43;   stop
   383;    1322.44;    1643.13;    1322.91;    1630.43;    1297.68;    1629.50;    1297.22;    1642.20;       10;    0.43;   stop
   604;    2499.38;    1972.80;    2508.26;    1962.54;    2487.37;    1944.45;    2478.49;    1954.71;       10;    0.43;   stop
  7240;    3795.47;     259.92;    3796.77;     231.57;    3781.41;     230.86;    3780.10;     259.22;       10;    0.43;   stop
  7251;    2682.88;    1229.72;    2684.04;    1214.00;    2650.53;    1211.53;    2649.37;    1227.25;       10;    0.42;   stop
   471;    1632.22;    1659.29;    1633.49;    1646.33;    1606.65;    1643.71;    1605.39;    1656.67;       10;    0.42;   stop
  2697;    2614.41;    1406.00;    2617.99;    1377.89;    2604.09;    1376.12;    2600.51;    1404.23;       10;    0.42;   stop
  6376;    2645.00;    1127.43;    2645.55;    1115.32;    2640.08;    1115.07;    2639.53;    1127.18;       10;    0.41;   stop
  6598;    3187.87;    1023.61;    3198.08;    1015.39;    3181.51;     994.82;    3171.30;    1003.05;       10;    0.41;   stop
  6799;     351.86;    1044.83;     352.14;    1033.25;     328.30;    1032.67;     328.02;    1044.25;       10;    0.41;   stop
   532;    1516.71;    1619.36;    1517.65;    1606.94;    1490.41;    1604.89;    1489.47;    1617.31;       10;    0.41;   stop
   620;    2284.72;    2065.42;    2290.50;    2052.41;    2264.41;    2040.83;    2258.63;    2053.84;       10;    0.41;   stop
   372;     418.82;    2042.33;     419.53;    2017.42;     406.18;    2017.04;     405.47;    2041.95;       10;    0.40;   stop
   288;    1709.87;    1629.00;    1711.11;    1615.68;    1684.99;    1613.25;    1683.75;    1626.57;       10;    0.40;   stop
   539;     561.29;    2100.10;     589.15;    2099.86;     589.02;    2084.90;     561.16;    2085.14;       10;    0.40;   stop
  1399;    1420.90;    1647.42;    1421.68;    1634.70;    1394.97;    1633.08;    1394.20;    1645.80;       10;    0.40;   stop
  3525;     755.74;     107.12;     756.17;      93.44;     728.48;      92.57;     728.05;     106.25;       10;    0.40;   stop
  5019;    3558.53;     496.74;    3568.12;     472.72;    3556.16;     467.94;    3546.57;     491.97;       10;    0.40;   stop
  4605;     402.60;    1290.33;     402.60;    1263.42;     387.25;    1263.42;     387.25;    1290.33;       10;    0.40;   stop
  3602;    2900.37;     218.55;    2926.34;     217.09;    2925.63;     204.45;    2899.66;     205.91;       10;    0.40;   stop
   691;    2938.83;    1702.25;    2949.05;    1682.50;    2938.92;    1677.25;    2928.70;    1697.00;       10;    0.40;   stop
   686;    1823.43;     172.93;    1826.44;     156.49;    1793.78;     150.51;    1790.77;     166.95;       10;    0.39;   stop
   616;    2782.89;     628.52;    2808.16;     627.49;    2807.65;     615.08;    2782.39;     616.10;       10;    0.39;   stop
  7228;    2816.40;     626.58;    2836.78;     625.56;    2836.26;     615.14;    2815.88;     616.16;       10;    0.39;   stop
   625;    1919.40;      29.68;    1931.99;      28.61;    1929.41;      -1.83;    1916.82;      -0.77;       10;    0.39;   move
  6890;     658.13;    1610.71;     658.79;    1598.73;     634.68;    1597.41;     634.03;    1609.40;       10;    0.39;   stop
   487;    1290.03;    1641.47;    1290.90;    1629.52;    1267.10;    1627.78;    1266.22;    1639.73;       10;    0.39;   stop
   505;    3660.04;    1307.27;    3667.69;    1282.47;    3654.33;    1278.35;    3646.69;    1303.16;       10;    0.38;   stop
   622;    2479.93;    1616.75;    2481.18;    1587.79;    2468.57;    1587.25;    2467.32;    1616.21;       10;    0.38;   stop
  2860;    2238.73;    2085.16;    2248.39;    2075.99;    2229.40;    2055.97;    2219.73;    2065.14;       10;    0.38;   stop
  7148;    2046.23;    2033.81;    2047.20;    2018.45;    2011.27;    2016.19;    2010.30;    2031.55;       10;    0.37;   stop
  6871;    2276.18;    1351.70;    2277.24;    1336.39;    2238.07;    1333.68;    2237.01;    1348.99;       10;    0.37;   stop
   500;     791.80;    1055.40;     815.45;    1054.76;     815.12;    1042.72;     791.47;    1043.37;       10;    0.37;   stop
  6894;     508.36;     588.35;     511.86;     575.77;     490.08;     569.70;     486.57;     582.28;       10;    0.37;   stop
   627;    1427.36;    2025.56;    1439.60;    2024.75;    1438.01;    2000.81;    1425.78;    2001.62;       10;    0.36;   stop
  7259;     662.27;    1199.04;     673.80;    1197.20;     669.92;    1172.84;     658.39;    1174.67;       10;    0.35;   stop