vehicle_id; veh_bb_x1; veh_bb_y1; veh_bb_x2; veh_bb_y2; veh_bb_x3; veh_bb_y3; veh_bb_x4; veh_bb_y4; det_class; conf_score; state
     1;    2965.92;    1157.04;    2968.29;    1145.19;    2943.33;    1140.21;    2940.96;    1152.06;       10;    0.83;   stop
     4;    3035.23;    1413.48;    3045.80;    1388.33;    3033.77;    1383.27;    3023.20;    1408.42;       10;    0.83;   stop
   126;    3000.18;    1166.28;    3003.08;    1152.99;    2974.32;    1146.72;    2971.42;    1160.01;       10;    0.83;   stop
     8;    3640.99;    1426.93;    3645.27;    1412.38;    3611.51;    1402.45;    3607.23;    1416.99;       10;    0.83;   stop
   134;     933.09;    1064.85;     933.49;    1052.12;     906.57;    1051.27;     906.17;    1064.01;       10;    0.82;   stop
 12181;    1087.97;    1143.11;    1088.13;    1129.73;    1060.78;    1129.39;    1060.62;    1142.77;       10;    0.82;   move
    15;    2996.92;    1283.96;    2999.23;    1270.59;    2968.58;    1265.29;    2966.27;    1278.66;       10;    0.82;   stop
    68;    1973.74;     360.77;    1974.30;     332.49;    1961.51;     332.23;    1960.95;     360.51;       10;    0.82;   stop
 10873;    1687.09;    1171.40;    1688.39;    1158.14;    1657.54;    1155.10;    1656.23;    1168.36;       10;    0.82;   move
 11469;    2820.55;    1146.99;    2823.08;    1134.59;    2795.07;    1128.88;    2792.55;    1141.29;       10;    0.82;   stop
 11747;    2863.89;    1154.36;    2866.06;    1141.01;    2836.11;    1136.14;    2833.94;    1149.49;       10;    0.82;   stop
 10992;    1867.13;     742.95;    1881.89;     742.79;    1881.56;     711.68;    1866.79;     711.84;       10;    0.82;   stop
  6682;    1900.88;    1119.77;    1901.61;    1107.02;    1874.62;    1105.48;    1873.89;    1118.23;       10;    0.82;   move
    90;    2796.86;    1128.50;    2799.09;    1114.71;    2771.52;    1110.25;    2769.29;    1124.04;       10;    0.82;   stop
  5533;    2543.57;    1118.34;    2544.70;    1106.03;    2517.43;    1103.54;    2516.30;    1115.84;       10;    0.82;   stop
   129;     891.30;    1169.99;     891.49;    1158.06;     865.11;    1157.63;     864.92;    1169.57;       10;    0.82;   stop
 10971;    2783.41;    1145.07;    2785.82;    1130.56;    2753.47;    1125.18;    2751.05;    1139.69;       10;    0.82;   stop
   148;    1864.59;     731.82;    1864.68;     701.48;    1850.91;     701.43;    1850.82;     731.77;       10;    0.81;   stop
 10290;    2706.11;    1210.32;    2707.26;    1197.46;    2678.89;    1194.93;    2677.74;    1207.79;       10;    0.81;   move
 10100;    1882.46;     832.99;    1882.59;     806.20;    1868.75;     806.14;    1868.63;     832.93;       10;    0.81;   stop
   200;    1383.80;    1190.82;    1384.25;    1173.97;    1340.95;    1172.81;    1340.50;    1189.66;        9;    0.81;   stop
    26;    2731.87;    1118.95;    2732.68;    1105.67;    2706.01;    1104.05;    2705.20;    1117.33;       10;    0.81;   stop
  7433;    1942.79;     420.80;    1943.25;     395.04;    1931.05;     394.82;    1930.60;     420.59;       10;    0.81;   move
    24;    1413.80;    1073.82;    1414.20;    1061.15;    1387.45;    1060.31;    1387.05;    1072.98;       10;    0.81;   stop
 11636;     902.80;    1152.99;     903.17;    1140.52;     877.80;    1139.76;     877.42;    1152.23;       10;    0.81;   move
    37;    2835.28;    1251.13;    2837.60;    1238.85;    2811.84;    1233.99;    2809.53;    1246.27;       10;    0.81;   stop
    92;    2588.80;    1324.43;    2588.81;    1312.59;    2563.32;    1312.57;    2563.31;    1324.41;       10;    0.81;   stop
    16;    2482.68;    1543.47;    2484.26;    1519.55;    2472.57;    1518.78;    2470.99;    1542.70;       10;    0.81;   stop
    13;    1988.43;     764.45;    2001.20;     764.28;    2000.82;     736.30;    1988.05;     736.47;       10;    0.81;   stop
 10935;    1609.58;    1170.83;    1609.66;    1158.08;    1583.17;    1157.92;    1583.09;    1170.67;       10;    0.81;   move
 10407;    1951.05;     597.85;    1965.48;     597.75;    1965.26;     566.53;    1950.83;     566.63;       10;    0.81;   move
 11188;    1392.23;    1145.27;    1423.86;    1144.79;    1423.65;    1130.60;    1392.01;    1131.09;       10;    0.81;   move
    94;    1111.98;    1178.65;    1112.03;    1165.94;    1086.84;    1165.85;    1086.79;    1178.56;       10;    0.81;   stop
 11120;    1992.20;    1427.92;    1992.83;    1400.65;    1979.05;    1400.33;    1978.42;    1427.60;       10;    0.81;   stop
    56;    3054.72;    1369.07;    3065.66;    1341.83;    3052.53;    1336.56;    3041.59;    1363.79;       10;    0.81;   stop
   213;    2015.79;    1447.86;    2016.62;    1421.26;    2004.59;    1420.89;    2003.75;    1447.49;       10;    0.81;   stop
   115;    1978.65;     436.37;    1991.19;     436.06;    1990.53;     409.63;    1978.00;     409.94;       10;    0.81;   stop
 12549;    3309.09;    1243.38;    3312.65;    1229.60;    3280.60;    1221.31;    3277.04;    1235.08;       10;    0.81;   move
 11451;    1133.88;    1161.09;    1133.91;    1147.45;    1105.43;    1147.41;    1105.41;    1161.05;       10;    0.81;   move
  7235;    1903.35;    1214.98;    1909.19;    1198.10;    1866.99;    1183.52;    1861.16;    1200.40;        9;    0.81;   stop
   192;    3031.08;    1517.41;    3043.19;    1492.10;    3031.17;    1486.34;    3019.06;    1511.65;       10;    0.81;   stop
   232;    1980.34;     362.91;    1993.24;     362.87;    1993.16;     336.84;    1980.26;     336.88;       10;    0.80;   stop
  9896;    1887.42;     842.97;    1901.15;     842.72;    1900.64;     815.28;    1886.92;     815.53;       10;    0.80;   stop
   224;     900.59;    1062.92;     901.08;    1050.80;     876.63;    1049.83;     876.14;    1061.95;       10;    0.80;   stop
  5535;    2092.15;    1101.41;    2093.30;    1088.17;    2063.60;    1085.59;    2062.45;    1098.83;       10;    0.80;   move
    22;    1532.99;    1190.11;    1533.19;    1177.30;    1506.76;    1176.89;    1506.56;    1189.70;       10;    0.80;   stop
   144;    2437.44;    1350.99;    2437.74;    1337.23;    2409.81;    1336.63;    2409.51;    1350.39;       10;    0.80;   stop
    39;    3063.01;    1446.30;    3074.51;    1420.73;    3061.67;    1414.95;    3050.17;    1440.52;       10;    0.80;   stop
 11104;    1541.99;    1138.37;    1541.99;    1124.01;    1512.39;    1124.01;    1512.39;    1138.37;       10;    0.80;   move
  6600;    2338.01;    1111.76;    2338.44;    1098.64;    2311.24;    1097.74;    2310.81;    1110.86;       10;    0.80;   move
 10727;    2740.58;    1138.16;    2742.00;    1124.96;    2714.17;    1121.96;    2712.75;    1135.17;       10;    0.80;   stop
    62;    3023.45;    1444.91;    3034.47;    1418.54;    3022.48;    1413.53;    3011.47;    1439.90;       10;    0.80;   stop
    11;    3015.81;    1686.66;    3026.58;    1661.90;    3014.94;    1656.84;    3004.17;    1681.60;       10;    0.80;   stop
 12214;      95.44;    1131.71;      95.83;    1116.31;      63.12;    1115.48;      62.73;    1130.88;       10;    0.80;   stop
    36;    1324.67;    1073.12;    1351.95;    1072.59;    1351.70;    1059.88;    1324.43;    1060.41;       10;    0.80;   stop
   108;    1695.08;    1080.43;    1695.67;    1068.36;    1672.04;    1067.20;    1671.45;    1079.27;       10;    0.80;   stop
    55;     901.92;    1172.03;     926.72;    1171.57;     926.49;    1158.97;     901.69;    1159.43;       10;    0.80;   stop
  9602;    2532.25;    1138.04;    2532.92;    1124.52;    2506.25;    1123.21;    2505.58;    1136.73;       10;    0.80;   stop
   156;    2129.34;    1204.73;    2129.90;    1192.65;    2105.35;    1191.52;    2104.79;    1203.60;       10;    0.80;   stop
   114;    1988.64;     794.28;    2001.36;     793.89;    2000.61;     769.47;    1987.89;     769.86;       10;    0.80;   stop
   217;    1984.33;     471.19;    1996.67;     470.93;    1996.11;     444.56;    1983.77;     444.82;       10;    0.80;   stop
   365;    1985.70;     503.78;    1998.20;     503.20;    1996.99;     477.22;    1984.49;     477.80;       10;    0.80;   stop
    47;    1203.61;    1183.11;    1203.61;    1170.39;    1178.58;    1170.39;    1178.58;    1183.11;       10;    0.80;   stop
    64;    1861.31;     649.73;    1861.51;     623.86;    1849.69;     623.77;    1849.49;     649.64;       10;    0.80;   stop
  6658;    1721.23;    1113.09;    1721.59;    1099.40;    1693.83;    1098.66;    1693.46;    1112.35;       10;    0.80;   move
  6112;    2241.50;    1109.90;    2241.77;    1097.95;    2215.94;    1097.35;    2215.66;    1109.30;       10;    0.80;   move
 11181;    1868.34;     705.90;    1882.21;     705.57;    1881.47;     674.47;    1867.60;     674.80;       10;    0.80;   stop
  7858;    2115.46;    1146.02;    2115.88;    1131.83;    2087.54;    1130.98;    2087.12;    1145.17;       10;    0.80;   stop
   242;    1870.97;     992.64;    1884.09;     987.42;    1873.78;     961.49;    1860.66;     966.70;       10;    0.80;   stop
   137;    1729.74;    1082.31;    1730.59;    1069.31;    1703.81;    1067.56;    1702.96;    1080.56;       10;    0.80;   stop
   207;    1960.98;     106.88;    1972.64;     106.80;    1972.48;      81.56;    1960.83;      81.63;       10;    0.80;   stop
   105;    2457.08;    1520.82;    2457.75;    1494.50;    2445.29;    1494.18;    2444.62;    1520.50;       10;    0.80;   stop
 10704;    1903.93;     802.91;    1904.21;     769.97;    1889.57;     769.84;    1889.29;     802.78;       10;    0.80;   stop
  6987;    1975.97;    1119.78;    1976.55;    1106.64;    1950.28;    1105.47;    1949.70;    1118.61;       10;    0.80;   move
    49;    2745.69;    1235.84;    2747.02;    1223.87;    2722.56;    1221.16;    2721.23;    1233.13;       10;    0.80;   stop
 10305;    1908.54;     767.54;    1921.98;     767.08;    1920.96;     737.71;    1907.52;     738.17;       10;    0.79;   stop
 10333;    1886.66;     796.00;    1886.66;     764.38;    1873.09;     764.38;    1873.09;     796.00;       10;    0.79;   stop
  2947;    2424.40;    1097.53;    2424.83;    1084.75;    2398.10;    1083.85;    2397.67;    1096.63;       10;    0.79;   stop
   110;    2508.07;    1325.28;    2508.73;    1313.11;    2483.18;    1311.72;    2482.52;    1323.89;       10;    0.79;   stop
   130;    1906.55;    1675.94;    1907.11;    1663.10;    1880.39;    1661.93;    1879.82;    1674.77;       10;    0.79;   stop
   154;    1987.42;     557.22;    1987.99;     526.40;    1974.83;     526.15;    1974.26;     556.98;       10;    0.79;   stop
 10196;    1890.33;     754.25;    1903.20;     754.23;    1903.17;     726.25;    1890.30;     726.27;       10;    0.79;   stop
  4985;    1981.26;    1352.51;    1994.63;    1352.45;    1994.49;    1321.62;    1981.12;    1321.68;       10;    0.79;   stop
    82;    1975.04;     112.19;    1987.86;     111.96;    1987.39;      85.25;    1974.57;      85.47;       10;    0.79;   stop
   116;    1848.17;     620.82;    1859.67;     620.35;    1858.62;     594.18;    1847.11;     594.65;       10;    0.79;   stop
 11252;    1867.31;     665.08;    1880.02;     665.06;    1879.97;     637.67;    1867.26;     637.69;       10;    0.79;   stop
   157;    2602.01;    1106.84;    2602.99;    1094.62;    2577.12;    1092.53;    2576.13;    1104.75;       10;    0.79;   stop
  9320;    2581.27;    1121.73;    2582.34;    1109.33;    2553.98;    1106.89;    2552.91;    1119.29;       10;    0.79;   stop
    71;    2904.22;    1146.02;    2906.83;    1133.31;    2879.03;    1127.61;    2876.42;    1140.31;       10;    0.79;   stop
   361;    2413.73;    1215.48;    2441.61;    1215.06;    2441.40;    1201.02;    2413.52;    1201.44;       10;    0.79;   stop
 10176;    1946.04;     463.17;    1957.92;     463.07;    1957.71;     439.08;    1945.83;     439.18;       10;    0.79;   move
 11337;    1866.79;     630.53;    1879.83;     630.20;    1879.09;     601.34;    1866.05;     601.68;       10;    0.79;   stop
 10051;    1910.36;     849.44;    1923.42;     849.09;    1922.70;     822.31;    1909.64;     822.66;       10;    0.79;   stop
   184;    1176.52;    1069.86;    1176.93;    1057.24;    1151.11;    1056.39;    1150.69;    1069.01;       10;    0.79;   stop
 11081;    1905.63;     689.57;    1918.49;     688.33;    1915.90;     661.56;    1903.04;     662.80;       10;    0.79;   stop
  6540;    2012.88;    1299.11;    2013.31;    1270.58;    2000.75;    1270.39;    2000.31;    1298.92;       10;    0.79;   stop
   247;    1850.03;     867.77;    1858.51;     841.55;    1846.72;     837.73;    1838.24;     863.95;       10;    0.79;   stop
   222;    1972.01;     401.36;    1985.32;     400.85;    1984.24;     372.64;    1970.93;     373.15;       10;    0.79;   stop
    42;     720.31;    1060.28;     745.02;    1060.25;     745.01;    1048.15;     720.29;    1048.18;       10;    0.79;   stop
   357;    1227.81;    1069.43;    1228.25;    1056.69;    1199.37;    1055.70;    1198.93;    1068.43;       10;    0.79;   stop
 12899;    3650.86;    1357.14;    3654.87;    1342.29;    3622.26;    1333.48;    3618.25;    1348.33;       10;    0.79;   move
   147;    1823.74;     283.38;    1836.10;     283.37;    1836.07;     258.87;    1823.71;     258.88;       10;    0.79;   stop
   117;     520.40;    1053.31;     520.63;    1041.54;     495.85;    1041.07;     495.62;    1052.83;       10;    0.79;   stop
 11358;    1170.30;    1147.60;    1170.63;    1134.91;    1145.32;    1134.27;    1145.00;    1146.96;       10;    0.79;   move
  6790;    2010.57;    1333.27;    2011.17;    1307.39;    1998.93;    1307.10;    1998.33;    1332.99;       10;    0.79;   stop
  6946;    2011.56;    1384.90;    2012.17;    1353.61;    1998.69;    1353.35;    1998.08;    1384.64;       10;    0.79;   stop
    53;    1442.43;      68.00;    1442.67;      53.96;    1415.07;      53.50;    1414.83;      67.54;       10;    0.79;   stop
 11207;    1889.90;     714.18;    1901.81;     713.97;    1901.35;     687.57;    1889.44;     687.78;       10;    0.79;   stop
 11894;    1994.56;    1472.99;    1995.29;    1443.36;    1981.19;    1443.01;    1980.46;    1472.64;       10;    0.79;   stop
   139;    2875.62;    1259.49;    2878.19;    1246.82;    2851.38;    1241.38;    2848.81;    1254.05;       10;    0.79;   stop
   182;    1968.18;     319.13;    1979.44;     317.72;    1976.26;     292.31;    1964.99;     293.72;       10;    0.79;   stop
  9788;    1880.25;     874.20;    1880.89;     847.35;    1868.15;     847.05;    1867.51;     873.90;       10;    0.79;   stop
   100;    1989.28;     900.18;    2002.99;     898.64;    1999.97;     871.70;    1986.26;     873.24;       10;    0.79;   stop
   120;    1447.56;    1075.56;    1447.63;    1063.20;    1422.31;    1063.07;    1422.25;    1075.42;       10;    0.79;   stop
  5451;    2025.40;    1088.54;    2031.16;    1075.94;    2006.60;    1064.71;    2000.84;    1077.31;       10;    0.79;   move
  5147;    1982.26;    1391.10;    1994.04;    1390.88;    1993.49;    1361.77;    1981.71;    1362.00;       10;    0.79;   stop
    95;    1234.35;    1184.25;    1234.66;    1172.23;    1206.90;    1171.50;    1206.59;    1183.52;       10;    0.79;   stop
    59;    2716.65;    1233.26;    2718.05;    1219.62;    2686.86;    1216.43;    2685.47;    1230.07;       10;    0.79;   stop
  9975;    3340.24;    1310.02;    3343.86;    1295.34;    3313.19;    1287.79;    3309.58;    1302.47;       10;    0.79;   move
 11627;    1012.08;    1140.76;    1012.61;    1127.20;     984.80;    1126.12;     984.27;    1139.67;       10;    0.78;   move
 10520;    1907.34;     728.37;    1921.34;     727.70;    1919.91;     697.57;    1905.91;     698.24;       10;    0.78;   stop
   122;    2472.48;    1099.03;    2497.47;    1098.87;    2497.40;    1086.85;    2472.40;    1087.00;       10;    0.78;   stop
   201;    2477.16;    1216.14;    2477.65;    1203.58;    2452.21;    1202.61;    2451.73;    1215.17;       10;    0.78;   stop
  7143;    1884.02;    2009.78;    1897.25;    1981.97;    1884.92;    1976.10;    1871.69;    2003.91;       10;    0.78;   stop
   135;    2736.37;    1938.86;    2763.26;    1927.37;    2757.26;    1913.33;    2730.37;    1924.82;       10;    0.78;   stop
    81;    2705.55;    1951.17;    2730.14;    1942.33;    2725.39;    1929.14;    2700.80;    1937.98;       10;    0.78;   stop
 12252;    1877.77;     540.33;    1877.81;     514.94;    1863.98;     514.92;    1863.94;     540.31;       10;    0.78;   stop
   191;    2822.23;    1376.91;    2826.40;    1363.35;    2797.90;    1354.59;    2793.73;    1368.15;       10;    0.78;   stop
    41;    1755.91;     652.83;    1757.34;     639.56;    1728.22;     636.42;    1726.79;     649.69;       10;    0.78;   stop
   290;    1825.59;     310.72;    1836.42;     310.06;    1835.07;     287.78;    1824.24;     288.44;       10;    0.78;   stop
    69;     746.88;    1225.07;     747.25;    1212.44;     721.99;    1211.68;     721.61;    1224.31;       10;    0.78;   stop
   121;     888.60;    1587.20;     889.25;    1575.35;     865.27;    1574.05;     864.63;    1585.90;       10;    0.78;   stop
  9255;    1868.76;     949.27;    1883.42;     949.08;    1883.02;     918.23;    1868.36;     918.42;       10;    0.78;   stop
   323;    2804.44;    1245.65;    2807.05;    1230.58;    2774.06;    1224.85;    2771.45;    1239.92;        9;    0.78;   stop
    67;    2465.02;    1395.84;    2465.77;    1368.67;    2451.98;    1368.29;    2451.23;    1395.45;       10;    0.78;   stop
   112;    2480.66;    1573.83;    2480.68;    1549.18;    2468.97;    1549.17;    2468.95;    1573.82;       10;    0.78;   stop
   165;    2016.62;    1594.67;    2017.97;    1564.89;    2005.44;    1564.33;    2004.09;    1594.11;       10;    0.78;   stop
   169;    2796.22;    1912.69;    2820.92;    1900.64;    2814.72;    1887.94;    2790.02;    1899.98;       10;    0.78;   stop
    74;    1480.07;      67.26;    1480.19;      53.95;    1450.56;      53.67;    1450.43;      66.99;       10;    0.78;   stop
   209;    1847.48;     581.47;    1847.59;     553.71;    1833.43;     553.66;    1833.32;     581.41;       10;    0.78;   stop
   434;    1260.26;    1069.56;    1260.64;    1057.41;    1237.24;    1056.69;    1236.86;    1068.84;       10;    0.78;   stop
   159;    2501.51;    1118.11;    2501.98;    1105.88;    2476.24;    1104.89;    2475.77;    1117.12;       10;    0.78;   stop
   189;    2540.76;    1218.67;    2540.99;    1206.20;    2514.61;    1205.71;    2514.38;    1218.18;       10;    0.78;   stop
   123;    3402.99;    1010.08;    3403.70;     997.69;    3377.01;     996.17;    3376.30;    1008.56;       10;    0.78;   stop
   145;    3258.03;    1061.22;    3274.23;    1038.04;    3263.22;    1030.35;    3247.02;    1053.52;       10;    0.78;   stop
 11457;    3367.01;    1286.41;    3370.60;    1273.48;    3341.74;    1265.47;    3338.15;    1278.40;       10;    0.78;   stop
   441;    1920.38;    1279.22;    1932.94;    1277.61;    1929.37;    1249.78;    1916.81;    1251.39;       10;    0.78;   stop
    45;    1849.55;     182.11;    1849.57;     153.16;    1834.82;     153.14;    1834.80;     182.09;       10;    0.78;   stop
   133;    2131.25;    1347.36;    2158.15;    1345.53;    2157.25;    1332.39;    2130.35;    1334.22;       10;    0.78;   stop
 12782;    3180.95;    1097.35;    3194.16;    1094.17;    3187.49;    1066.40;    3174.27;    1069.58;       10;    0.78;   stop
 10156;    1907.63;     812.22;    1922.86;     811.76;    1921.87;     778.53;    1906.64;     778.99;       10;    0.78;   stop
   276;    1974.75;     149.66;    1988.22;     149.15;    1987.13;     120.34;    1973.65;     120.85;       10;    0.78;   stop
  8590;    1928.44;     298.63;    1943.31;     297.78;    1941.46;     265.56;    1926.60;     266.41;       10;    0.78;   move
 11011;    1544.17;    1158.34;    1544.63;    1144.32;    1516.96;    1143.41;    1516.50;    1157.43;       10;    0.78;   move
 11791;     793.85;    1149.35;     794.25;    1137.44;     770.25;    1136.65;     769.85;    1148.56;       10;    0.78;   move
 10504;    2547.51;    1196.12;    2548.39;    1183.90;    2523.61;    1182.12;    2522.74;    1194.35;       10;    0.78;   move
    85;    1063.63;    1065.62;    1063.78;    1054.18;    1041.25;    1053.88;    1041.10;    1065.32;       10;    0.77;   stop
  4248;    2461.78;    1117.86;    2462.16;    1104.81;    2434.97;    1104.01;    2434.59;    1117.07;       10;    0.77;   stop
   378;    2368.87;    1349.46;    2395.29;    1349.15;    2395.13;    1335.92;    2368.71;    1336.22;       10;    0.77;   stop
    99;    2828.82;    1902.34;    2853.93;    1884.12;    2845.17;    1872.04;    2820.05;    1890.25;       10;    0.77;   stop
 12980;    1326.21;    1140.46;    1358.91;    1138.48;    1358.04;    1124.16;    1325.34;    1126.15;       10;    0.77;   move
   104;     757.86;    1615.70;     758.61;    1603.22;     734.87;    1601.80;     734.12;    1614.28;       10;    0.77;   stop
  9653;    1867.52;     912.87;    1881.25;     912.11;    1879.48;     880.38;    1865.75;     881.14;       10;    0.77;   stop
   152;    1849.54;    2015.05;    1862.48;    1987.59;    1850.77;    1982.07;    1837.84;    2009.54;       10;    0.77;   stop
  7559;    3432.29;    1343.85;    3435.26;    1331.76;    3411.46;    1325.91;    3408.49;    1338.01;       10;    0.77;   move
   299;    1822.05;     150.48;    1834.84;     149.83;    1833.55;     124.02;    1820.75;     124.67;       10;    0.77;   stop
  4946;    1969.16;     978.13;    1984.34;     976.92;    1981.84;     945.62;    1966.66;     946.83;       10;    0.77;   move
   161;    1987.34;    1847.49;    1994.00;    1818.28;    1981.84;    1815.51;    1975.19;    1844.72;       10;    0.77;   stop
 10554;    2663.13;    1193.58;    2663.89;    1179.52;    2634.12;    1177.92;    2633.36;    1191.98;       10;    0.77;   move
   180;    1409.01;      67.98;    1409.22;      54.57;    1378.74;      54.08;    1378.53;      67.49;       10;    0.77;   stop
   226;     832.62;    1167.27;     832.87;    1155.23;     808.47;    1154.73;     808.23;    1166.77;       10;    0.77;   stop
   190;    1915.03;    1247.31;    1927.51;    1245.42;    1923.47;    1218.69;    1910.99;    1220.58;       10;    0.77;   stop
 10810;    1707.17;    1163.82;    1783.66;    1163.29;    1783.54;    1145.81;    1707.05;    1146.34;        9;    0.77;   stop
 12688;    3483.68;    1289.06;    3487.78;    1274.57;    3452.89;    1264.69;    3448.78;    1279.18;       10;    0.77;   move
   197;    2898.48;    1855.99;    2923.71;    1833.40;    2911.68;    1819.95;    2886.44;    1842.54;        9;    0.77;   stop
   255;    1837.69;     794.22;    1850.53;     793.98;    1850.06;     768.41;    1837.22;     768.64;       10;    0.77;   stop
   203;     617.59;    1608.34;     618.56;    1594.33;     588.97;    1592.28;     588.00;    1606.30;       10;    0.77;   stop
  6594;    1558.51;    1112.57;    1558.61;    1098.26;    1529.61;    1098.06;    1529.51;    1112.37;       10;    0.77;   move
 12366;    3055.77;    1194.63;    3058.19;    1182.09;    3031.23;    1176.87;    3028.81;    1189.41;       10;    0.77;   move
  6480;    1853.41;    2065.03;    1865.44;    2042.19;    1855.05;    2036.72;    1843.02;    2059.56;       10;    0.77;   stop
 11524;    1883.77;     559.99;    1897.64;     559.51;    1896.70;     532.39;    1882.83;     532.86;       10;    0.77;   stop
    72;     801.62;    1616.82;     801.99;    1605.15;     779.00;    1604.43;     778.64;    1616.10;       10;    0.77;   stop
   146;     638.67;    1573.11;     639.07;    1560.91;     611.96;    1560.01;     611.55;    1572.22;       10;    0.77;   stop
   296;    2461.55;    1097.65;    2461.71;    1086.32;    2438.58;    1085.98;    2438.41;    1097.31;       10;    0.77;   stop
   444;    2171.59;    1205.58;    2171.80;    1193.35;    2147.48;    1192.92;    2147.26;    1205.15;       10;    0.77;   stop
   367;    2695.69;    1358.55;    2695.91;    1346.43;    2670.18;    1345.95;    2669.96;    1358.07;       10;    0.77;   stop
  7582;    2310.54;    1131.44;    2310.55;    1117.46;    2280.21;    1117.44;    2280.20;    1131.41;       10;    0.77;   move
    78;    2595.74;    1220.63;    2596.66;    1208.96;    2573.26;    1207.12;    2572.34;    1218.79;       10;    0.77;   stop
    12;    2952.89;    1674.17;    2962.27;    1645.32;    2949.61;    1641.20;    2940.23;    1670.06;       10;    0.77;   stop
 10380;    1913.75;     893.11;    1926.67;     892.60;    1925.50;     863.02;    1912.58;     863.53;       10;    0.76;   stop
 11085;    2611.91;    1144.39;    2613.24;    1129.86;    2581.84;    1126.99;    2580.51;    1141.52;       10;    0.76;   stop
   206;    2870.40;    1870.96;    2890.98;    1856.90;    2883.04;    1845.29;    2862.46;    1859.35;       10;    0.76;   stop
   317;     649.22;    1057.93;     649.53;    1044.62;     621.09;    1043.95;     620.78;    1057.25;       10;    0.76;   stop
   124;     828.76;    1617.27;     829.39;    1605.97;     807.28;    1604.73;     806.64;    1616.03;       10;    0.76;   stop
  7852;    2230.77;    1129.81;    2231.59;    1117.26;    2207.54;    1115.69;    2206.72;    1128.24;       10;    0.76;   move
   286;    3227.51;    1027.12;    3249.25;    1009.83;    3241.24;     999.75;    3219.50;    1017.04;       10;    0.76;   stop
   301;     453.10;    1051.77;     453.17;    1039.94;     429.56;    1039.79;     429.49;    1051.63;       10;    0.76;   stop
 12579;     297.06;    1127.31;     320.76;    1127.29;     320.75;    1115.19;     297.05;    1115.21;       10;    0.76;   move
   274;     727.13;    1612.94;     727.83;    1600.35;     702.56;    1598.93;     701.85;    1611.53;       10;    0.76;   stop
   581;    1381.47;    1069.60;    1382.30;    1058.26;    1360.16;    1056.65;    1359.33;    1067.99;       10;    0.76;   stop
   341;    1441.39;    1191.09;    1465.05;    1190.06;    1464.48;    1177.03;    1440.83;    1178.06;       10;    0.76;   stop
  7845;    2416.02;    1113.17;    2416.35;    1100.43;    2387.35;    1099.70;    2387.03;    1112.44;       10;    0.76;   stop
 11313;    3306.94;    1270.84;    3310.83;    1257.11;    3282.75;    1249.16;    3278.86;    1262.89;       10;    0.76;   stop
    35;    1881.03;    1962.41;    1892.94;    1938.10;    1881.16;    1932.34;    1869.25;    1956.65;       10;    0.76;   stop
   239;    1977.52;     183.91;    1989.79;     182.77;    1987.17;     154.71;    1974.90;     155.86;       10;    0.76;   stop
   423;     983.53;    1177.98;     984.78;    1167.74;     965.53;    1165.39;     964.28;    1175.64;       10;    0.76;   stop
 10589;    2698.10;    1134.22;    2700.06;    1121.02;    2672.27;    1116.90;    2670.32;    1130.10;       10;    0.76;   stop
   158;    3041.62;    1534.59;    3050.00;    1511.54;    3038.63;    1507.41;    3030.25;    1530.46;       10;    0.76;   stop
 12521;     363.45;    1114.20;     363.68;    1100.68;     334.05;    1100.18;     333.82;    1113.70;       10;    0.76;   move
   149;     599.86;    1573.30;     600.67;    1559.64;     572.01;    1557.95;     571.20;    1571.61;       10;    0.76;   stop
   631;    1949.96;    1530.93;    1961.11;    1530.73;    1960.73;    1508.82;    1949.57;    1509.02;       10;    0.76;   stop
   111;    3025.22;    1567.83;    3034.47;    1546.39;    3023.53;    1541.67;    3014.28;    1563.11;       10;    0.76;   stop
  8429;    1918.31;    1925.03;    1926.20;    1899.32;    1913.63;    1895.47;    1905.74;    1921.18;       10;    0.76;   stop
   308;    1963.79;    1921.09;    1973.69;    1893.56;    1961.80;    1889.29;    1951.90;    1916.81;       10;    0.76;   stop
    52;     497.02;    1601.06;     497.82;    1588.12;     470.48;    1586.44;     469.68;    1599.38;       10;    0.76;   stop
   311;    1475.98;    1076.55;    1476.50;    1064.22;    1452.40;    1063.20;    1451.88;    1075.53;       10;    0.76;   stop
   107;    1522.15;    1077.11;    1522.93;    1064.17;    1497.35;    1062.64;    1496.57;    1075.58;       10;    0.76;   stop
 12666;    2633.77;     634.34;    2661.01;     632.33;    2660.11;     620.03;    2632.86;     622.04;       10;    0.76;   stop
   455;    2339.47;    1096.00;    2339.96;    1084.13;    2315.40;    1083.13;    2314.92;    1095.00;       10;    0.76;   stop
   238;    2781.93;    1364.60;    2783.47;    1351.20;    2753.82;    1347.77;    2752.28;    1361.18;       10;    0.76;   stop
 11216;    3135.48;    1384.60;    3146.43;    1358.23;    3133.58;    1352.90;    3122.63;    1379.27;       10;    0.76;   stop
   339;    1819.58;      60.54;    1832.48;      60.39;    1832.17;      33.96;    1819.27;      34.11;       10;    0.76;   stop
  9410;    1893.27;     896.71;    1907.28;     895.80;    1905.20;     863.91;    1891.19;     864.83;       10;    0.76;   stop
  4938;    1995.43;    1315.91;    1995.48;    1283.99;    1981.07;    1283.97;    1981.02;    1315.89;       10;    0.76;   stop
   337;    2433.90;    1322.40;    2460.79;    1322.00;    2460.60;    1308.97;    2433.71;    1309.37;       10;    0.76;   stop
   178;    2766.45;    1926.31;    2794.63;    1913.71;    2788.42;    1899.81;    2760.24;    1912.41;       10;    0.76;   stop
   142;    2680.54;    2047.24;    2692.12;    2041.91;    2680.14;    2015.88;    2668.57;    2021.21;       10;    0.76;   stop
 13009;       0.03;    1121.64;      33.67;    1114.73;      30.11;    1097.42;      -3.52;    1104.33;       10;    0.75;   stop
    46;     775.46;    1211.25;     775.82;    1199.32;     748.71;    1198.50;     748.35;    1210.43;       10;    0.75;   stop
   248;    2657.48;    1113.05;    2659.02;    1100.84;    2633.02;    1097.57;    2631.48;    1109.79;       10;    0.75;   stop
   418;    3238.84;    1095.10;    3256.44;    1064.06;    3243.03;    1056.46;    3225.44;    1087.50;       10;    0.75;   stop
 12461;    3401.98;    1296.65;    3405.36;    1282.70;    3377.08;    1275.85;    3373.70;    1289.80;       10;    0.75;   stop
  9417;    2166.07;    2120.53;    2173.09;    2108.20;    2145.68;    2092.59;    2138.66;    2104.93;       10;    0.75;   stop
 11587;    1866.29;     571.82;    1878.63;     571.32;    1877.62;     546.43;    1865.27;     546.93;       10;    0.75;   stop
   380;     310.22;    1147.92;     332.91;    1147.90;     332.90;    1134.89;     310.21;    1134.91;       10;    0.75;   stop
 11806;     818.21;    1132.74;     818.79;    1118.53;     787.58;    1117.26;     787.00;    1131.47;       10;    0.75;   move
  9998;    1977.90;     723.10;    1988.91;     721.84;    1986.22;     698.34;    1975.22;     699.59;       10;    0.75;   stop
  7670;    2383.73;    1134.29;    2383.80;    1121.47;    2358.89;    1121.33;    2358.82;    1134.16;       10;    0.75;   move
  7766;    2493.70;    1136.64;    2494.63;    1124.44;    2467.18;    1122.36;    2466.25;    1134.56;       10;    0.75;   stop
   212;    2946.44;    1273.49;    2948.50;    1260.93;    2922.31;    1256.63;    2920.25;    1269.19;       10;    0.75;   stop
 12956;    3179.75;    1056.13;    3192.12;    1049.71;    3178.37;    1023.24;    3166.01;    1029.66;       10;    0.75;   move
   205;    2692.45;    2077.40;    2704.13;    2072.32;    2692.55;    2045.72;    2680.87;    2050.81;       10;    0.75;   stop
   223;    1966.34;     200.71;    1978.34;     199.50;    1975.66;     172.79;    1963.66;     174.00;       10;    0.75;   stop
  4209;    1431.85;    1094.71;    1432.13;    1082.73;    1407.65;    1082.16;    1407.37;    1094.15;       10;    0.75;   move
  6877;    2135.71;    1122.84;    2136.06;    1109.89;    2108.54;    1109.16;    2108.19;    1122.11;       10;    0.75;   move
   429;    1928.64;    1808.47;    1933.14;    1781.35;    1919.89;    1779.15;    1915.39;    1806.28;       10;    0.75;   stop
   128;     713.50;    1059.21;     713.75;    1046.93;     688.06;    1046.42;     687.81;    1058.69;       10;    0.75;   stop
    73;    1754.18;    1633.47;    1755.12;    1620.83;    1729.29;    1618.91;    1728.34;    1631.54;       10;    0.75;   stop
  5247;    1997.43;    1250.54;    2011.88;    1248.89;    2008.32;    1217.71;    1993.87;    1219.36;       10;    0.75;   stop
   214;    3254.61;    1005.30;    3273.36;     985.70;    3263.83;     976.57;    3245.07;     996.18;       10;    0.75;   stop
   355;    1834.91;     118.08;    1848.93;     117.81;    1848.34;      86.67;    1834.32;      86.94;       10;    0.75;   stop
 12166;    1900.17;     643.55;    1912.88;     641.72;    1909.08;     615.33;    1896.37;     617.16;       10;    0.75;   stop
   210;    2101.01;    1203.13;    2101.33;    1191.46;    2079.49;    1190.87;    2079.17;    1202.54;       10;    0.75;   stop
  9836;    2651.92;    1128.56;    2653.28;    1116.32;    2628.45;    1113.56;    2627.10;    1125.81;       10;    0.75;   stop
   366;    2374.31;    1213.57;    2374.62;    1200.24;    2345.82;    1199.55;    2345.50;    1212.89;       10;    0.75;   stop
   348;    3494.33;    1007.54;    3522.24;    1006.84;    3521.92;     994.03;    3494.01;     994.72;       10;    0.75;   stop
 12972;    3750.09;    1372.53;    3754.07;    1359.89;    3725.54;    1350.90;    3721.56;    1363.55;       10;    0.75;   move
   330;    3143.02;    1425.11;    3154.87;    1400.06;    3141.98;    1393.95;    3130.13;    1419.01;       10;    0.75;   stop
  7191;    1906.35;    1964.14;    1916.30;    1937.22;    1904.50;    1932.86;    1894.54;    1959.78;       10;    0.75;   stop
   113;    1679.63;     645.01;    1680.50;     632.61;    1653.74;     630.74;    1652.87;     643.14;       10;    0.75;   stop
   401;     144.15;    1143.85;     170.86;    1142.09;     169.91;    1127.71;     143.20;    1129.47;       10;    0.75;   stop
   267;     553.74;    1569.28;     554.08;    1557.11;     527.20;    1556.35;     526.85;    1568.51;       10;    0.75;   stop
  7738;    1757.74;    1194.28;    1758.99;    1180.13;    1726.15;    1177.22;    1724.90;    1191.37;       10;    0.75;   stop
 12726;    1941.22;     201.56;    1953.00;     201.04;    1952.03;     179.25;    1940.25;     179.77;       10;    0.74;   move
  4731;    1981.99;    1274.43;    1993.96;    1274.33;    1993.76;    1248.95;    1981.79;    1249.04;       10;    0.74;   stop
   260;    2329.71;    1212.62;    2329.98;    1198.82;    2301.54;    1198.25;    2301.27;    1212.06;       10;    0.74;   stop
   179;    2668.58;    1329.57;    2669.10;    1317.54;    2643.30;    1316.43;    2642.78;    1328.46;       10;    0.74;   stop
  9586;    1896.94;     974.61;    1910.23;     974.23;    1909.40;     944.64;    1896.12;     945.02;       10;    0.74;   stop
  7510;    1943.05;    1845.80;    1950.30;    1818.12;    1938.20;    1814.95;    1930.95;    1842.63;       10;    0.74;   stop
   325;     999.39;     679.65;    1000.46;     665.82;     971.89;     663.60;     970.82;     677.43;       10;    0.74;   stop
    91;     855.14;    1618.59;     855.71;    1606.80;     832.22;    1605.66;     831.65;    1617.45;       10;    0.74;   stop
    97;    3368.72;    1006.88;    3371.67;     992.94;    3340.03;     986.24;    3337.08;    1000.19;       10;    0.74;   stop
    31;    1821.89;    2073.62;    1833.75;    2049.24;    1822.73;    2043.88;    1810.88;    2068.26;       10;    0.74;   stop
   347;    1993.56;     864.42;    2005.53;     864.10;    2004.87;     839.95;    1992.91;     840.28;       10;    0.74;   stop
   233;    1607.95;    1192.12;    1632.10;    1192.04;    1632.05;    1179.38;    1607.90;    1179.46;       10;    0.74;   stop
   409;    2530.92;     747.63;    2543.46;     747.20;    2542.46;     718.25;    2529.92;     718.68;       10;    0.74;   stop
  6244;    1970.16;    1028.36;    1982.37;    1024.82;    1974.84;     998.89;    1962.63;    1002.43;       10;    0.74;   move
  9917;    2617.94;    1126.77;    2619.62;    1114.35;    2593.81;    1110.86;    2592.13;    1123.28;       10;    0.74;   stop
   175;    3191.82;    1040.51;    3219.08;    1031.87;    3215.06;    1019.17;    3187.79;    1027.82;       10;    0.74;   stop
   280;    1836.83;     762.57;    1850.01;     761.89;    1848.67;     735.93;    1835.49;     736.61;       10;    0.74;   stop
   364;    1831.79;     403.12;    1843.42;     402.75;    1842.65;     378.75;    1831.02;     379.12;       10;    0.74;   stop
    84;    1000.06;    1066.28;    1000.13;    1053.36;     974.31;    1053.22;     974.24;    1066.14;       10;    0.74;   stop
   359;    3468.78;    1045.46;    3468.97;    1032.41;    3443.41;    1032.04;    3443.22;    1045.09;       10;    0.74;   stop
  6872;    1829.52;    2112.68;    1844.88;    2084.52;    1832.83;    2077.94;    1817.47;    2106.11;       10;    0.74;   stop
 11986;     682.42;    1146.23;     682.61;    1131.36;     651.65;    1130.96;     651.45;    1145.83;       10;    0.74;   move
  8543;    2127.50;    1313.82;    2128.14;    1302.04;    2103.25;    1300.68;    2102.61;    1312.46;       10;    0.74;   stop
  9324;    3717.98;    1422.40;    3721.76;    1408.49;    3692.02;    1400.41;    3688.24;    1414.32;       10;    0.74;   move
   253;    2471.56;    1698.40;    2474.76;    1666.71;    2461.19;    1665.35;    2457.99;    1697.04;       10;    0.74;   stop
  6633;    1951.31;    1810.87;    1956.40;    1782.19;    1944.76;    1780.13;    1939.67;    1808.81;       10;    0.74;   stop
   291;    1974.63;      80.61;    1987.02;      80.16;    1986.12;      54.96;    1973.73;      55.40;       10;    0.74;   stop
   580;    2140.18;     649.05;    2165.86;     648.08;    2165.39;     635.70;    2139.71;     636.67;       10;    0.74;   stop
   397;    3525.61;    1043.89;    3555.94;    1042.63;    3555.33;    1027.98;    3525.00;    1029.24;       10;    0.74;   stop
 11538;     918.62;    1136.04;     918.88;    1124.69;     892.63;    1124.08;     892.37;    1135.44;       10;    0.73;   move
   265;    2548.04;    1077.82;    2560.35;    1075.62;    2555.71;    1049.56;    2543.40;    1051.75;       10;    0.73;   stop
 11213;    2657.84;    1148.23;    2658.87;    1134.46;    2628.16;    1132.14;    2627.13;    1145.92;       10;    0.73;   stop
   404;    1933.05;    1433.92;    1947.52;    1432.15;    1942.76;    1393.21;    1928.29;    1394.97;        9;    0.73;   stop
   141;    1875.15;    1985.81;    1885.68;    1965.93;    1875.79;    1960.69;    1865.26;    1980.57;       10;    0.73;   stop
   400;    1102.91;     685.25;    1103.84;     672.55;    1073.96;     670.37;    1073.04;     683.07;       10;    0.73;   stop
   508;    2105.86;     648.21;    2130.85;     646.34;    2129.96;     634.29;    2104.96;     636.16;       10;    0.73;   stop
  9923;    1915.43;     985.43;    1928.22;     985.10;    1927.57;     959.69;    1914.78;     960.02;       10;    0.73;   stop
 11965;    1649.98;    1142.44;    1650.27;    1126.32;    1606.89;    1125.56;    1606.61;    1141.68;        9;    0.73;   stop
    63;    1224.59;    1817.89;    1224.70;    1795.66;    1213.84;    1795.61;    1213.74;    1817.84;       10;    0.73;   stop
   119;     776.11;    1197.89;     776.60;    1184.84;     747.00;    1183.73;     746.51;    1196.78;       10;    0.73;   stop
   462;    2099.23;    1348.72;    2125.29;    1346.15;    2124.02;    1333.28;    2097.96;    1335.85;       10;    0.73;   stop
   318;      27.93;    1155.49;      31.52;    1143.16;       6.06;    1135.76;       2.47;    1148.09;       10;    0.73;   stop
   428;    3158.08;    1081.21;    3173.17;    1075.68;    3161.60;    1044.10;    3146.52;    1049.63;       10;    0.73;   stop
   283;    2437.58;    1767.77;    2439.71;    1739.85;    2426.54;    1738.85;    2424.42;    1766.77;       10;    0.73;   stop
  6434;    2619.20;    1943.37;    2641.47;    1933.50;    2636.43;    1922.13;    2614.16;    1932.00;       10;    0.73;   move
   162;    1835.37;     210.94;    1835.89;     181.36;    1822.20;     181.12;    1821.67;     210.70;       10;    0.73;   stop
    43;    1033.42;    1065.88;    1033.56;    1053.16;    1006.58;    1052.87;    1006.44;    1065.59;       10;    0.73;   stop
   303;     585.26;    1606.17;     586.04;    1594.13;     562.24;    1592.58;     561.46;    1604.62;       10;    0.73;   stop
   243;     801.84;    1936.69;     814.39;    1936.54;     814.08;    1909.69;     801.54;    1909.83;       10;    0.73;   stop
   244;    2467.20;    1774.60;    2468.61;    1745.03;    2455.42;    1744.40;    2454.02;    1773.97;       10;    0.73;   stop
   385;    2457.23;    1908.03;    2459.37;    1877.47;    2445.14;    1876.47;    2443.00;    1907.03;       10;    0.73;   stop
   417;    1866.98;    1340.50;    1877.22;    1340.23;    1876.65;    1319.00;    1866.41;    1319.27;       10;    0.73;   stop
   452;     172.76;    1144.03;     198.45;    1141.29;     197.09;    1128.47;     171.39;    1131.21;       10;    0.72;   stop
   263;     873.30;    1030.01;     873.75;    1003.09;     860.33;    1002.86;     859.87;    1029.79;       10;    0.72;   stop
   177;    1225.44;    1790.20;    1226.07;    1765.10;    1214.12;    1764.80;    1213.49;    1789.90;       10;    0.72;   stop
 10197;    2712.00;    2121.04;    2725.61;    2113.96;    2710.12;    2084.21;    2696.51;    2091.29;       10;    0.72;   stop
   344;    2468.72;    1732.35;    2470.82;    1706.66;    2458.40;    1705.65;    2456.31;    1731.34;       10;    0.72;   stop
   155;    1047.43;     684.92;    1049.01;     671.34;    1024.25;     668.46;    1022.67;     682.03;       10;    0.72;   stop
   342;    2265.93;    1210.88;    2290.15;    1210.48;    2289.94;    1197.74;    2265.72;    1198.14;       10;    0.72;   stop
   435;    1847.21;     992.52;    1860.04;     991.72;    1858.44;     966.11;    1845.62;     966.90;       10;    0.72;   stop
   331;    2998.63;    1732.97;    3008.83;    1709.42;    2996.12;    1703.91;    2985.92;    1727.46;       10;    0.72;   stop
 11394;    1893.65;     596.64;    1905.12;     596.23;    1904.35;     574.49;    1892.88;     574.89;       10;    0.72;   stop
   305;    2552.28;    1043.43;    2552.82;    1020.09;    2541.34;    1019.82;    2540.81;    1043.16;       10;    0.72;   stop
  9691;    2313.38;    2119.45;    2342.64;    2107.55;    2337.00;    2093.67;    2307.73;    2105.57;       10;    0.72;   stop
  5941;    2188.38;    1108.96;    2189.11;    1094.32;    2156.00;    1092.67;    2155.27;    1107.31;       10;    0.72;   move
   634;    1922.24;    1836.76;    1927.23;    1810.51;    1915.32;    1808.24;    1910.33;    1834.49;       10;    0.72;   stop
   292;    1829.09;     372.73;    1842.39;     371.21;    1839.53;     346.15;    1826.23;     347.67;       10;    0.72;   stop
   250;    2491.76;    1412.47;    2494.15;    1385.40;    2481.49;    1384.28;    2479.10;    1411.35;       10;    0.72;   stop
 12779;    2657.14;    1964.15;    2673.86;    1943.46;    2663.29;    1934.91;    2646.57;    1955.60;       10;    0.72;   move
   489;    2546.21;     792.07;    2546.31;     766.67;    2533.92;     766.62;    2533.82;     792.02;       10;    0.71;   stop
 11807;    2712.35;    1153.95;    2714.07;    1140.39;    2683.90;    1136.55;    2682.18;    1150.11;       10;    0.71;   stop
   535;     837.23;     997.01;     837.59;     984.89;     811.74;     984.11;     811.38;     996.24;       10;    0.71;   stop
   246;     795.50;    1221.48;     795.75;    1195.13;     783.36;    1195.02;     783.12;    1221.37;       10;    0.71;   stop
   714;    1935.04;    1498.31;    1950.71;    1498.00;    1950.06;    1464.94;    1934.38;    1465.25;        9;    0.71;   stop
 10233;    2125.21;    2136.66;    2133.22;    2125.84;    2110.60;    2109.09;    2102.59;    2119.91;       10;    0.71;   stop
   509;     221.31;    1145.27;     247.10;    1144.10;     246.50;    1130.98;     220.72;    1132.15;       10;    0.71;   stop
   562;    2972.14;    1768.09;    2985.95;    1743.51;    2973.11;    1736.29;    2959.30;    1760.87;       10;    0.71;   stop
   395;    2072.89;     651.51;    2100.25;     650.83;    2099.92;     637.74;    2072.56;     638.42;       10;    0.71;   stop
   492;    2535.12;     891.87;    2547.70;     891.67;    2547.25;     864.25;    2534.68;     864.45;       10;    0.71;   stop
   324;     849.06;    1934.57;     862.36;    1934.32;     861.87;    1908.25;     848.57;    1908.50;       10;    0.71;   stop
   390;    2363.36;    2033.12;    2369.87;    2020.82;    2343.26;    2006.75;    2336.76;    2019.06;       10;    0.71;   stop
  6875;    1923.26;     140.57;    1938.89;     140.05;    1937.74;     105.25;    1922.11;     105.76;        9;    0.70;   move
   295;    2678.77;     670.72;    2703.18;     670.07;    2702.85;     657.90;    2678.45;     658.56;       10;    0.70;   stop
 11948;     707.25;    1128.79;     707.99;    1116.17;     682.13;    1114.64;     681.38;    1127.26;       10;    0.70;   move
   416;    1404.24;    1189.74;    1429.52;    1187.93;    1428.51;    1173.88;    1403.23;    1175.70;       10;    0.70;   stop
   258;     776.38;    1227.64;     776.63;    1215.25;     750.60;    1214.73;     750.35;    1227.12;       10;    0.70;   stop
   394;    1819.29;     120.25;    1832.96;     120.02;    1832.46;      89.56;    1818.79;      89.79;       10;    0.70;   stop
   306;    3279.65;     980.98;    3295.70;     956.07;    3283.79;     948.40;    3267.74;     973.31;       10;    0.70;   stop
   166;     238.83;    1542.67;     239.98;    1531.22;     213.75;    1528.58;     212.59;    1540.03;       10;    0.70;   stop
   356;    1547.08;    1041.94;    1550.43;    1013.96;    1536.54;    1012.31;    1533.20;    1040.29;       10;    0.70;   stop
   488;    2685.34;     632.09;    2707.69;     631.78;    2707.54;     620.60;    2685.18;     620.91;       10;    0.70;   stop
   268;     885.89;    1621.78;     886.76;    1608.62;     861.80;    1606.97;     860.93;    1620.13;       10;    0.70;   stop
   405;    3151.21;    1154.02;    3164.73;    1128.76;    3152.54;    1122.23;    3139.02;    1147.49;       10;    0.69;   stop
   298;    3164.31;    1455.39;    3169.16;    1443.00;    3141.31;    1432.11;    3136.47;    1444.50;       10;    0.69;   stop
   252;    2004.00;    1626.57;    2004.94;    1599.23;    1992.75;    1598.81;    1991.81;    1626.14;       10;    0.69;   stop
   683;    1929.18;    1390.37;    1942.52;    1388.69;    1938.57;    1357.44;    1925.23;    1359.12;       10;    0.69;   stop
   368;    3173.52;    1436.16;    3179.21;    1423.00;    3153.66;    1411.96;    3147.98;    1425.12;       10;    0.69;   stop
   557;    1308.33;    1609.72;    1308.63;    1597.20;    1280.30;    1596.53;    1280.00;    1609.05;       10;    0.69;   stop
   338;    3429.83;    1009.48;    3458.41;    1008.53;    3457.98;     995.83;    3429.41;     996.79;       10;    0.69;   stop
   437;    3260.85;    1095.40;    3273.48;    1072.71;    3262.28;    1066.47;    3249.65;    1089.17;       10;    0.69;   stop
   319;     707.02;    1195.99;     707.20;    1170.35;     693.60;    1170.26;     693.43;    1195.90;       10;    0.69;   stop
   193;     383.46;    1561.78;     385.15;    1548.56;     358.10;    1545.09;     356.41;    1558.32;       10;    0.69;   stop
   384;    3040.48;    1641.75;    3050.06;    1616.51;    3037.52;    1611.75;    3027.94;    1636.99;       10;    0.69;   stop
   458;    2097.91;     255.30;    2123.60;     254.22;    2123.09;     241.95;    2097.40;     243.03;       10;    0.69;   stop
   327;     379.94;    1047.30;     380.78;    1034.85;     353.65;    1033.01;     352.81;    1045.47;       10;    0.69;   stop
   524;    2536.53;     927.60;    2550.56;     927.50;    2550.34;     897.15;    2536.31;     897.25;       10;    0.69;   stop
   439;    1830.60;     240.41;    1831.69;     216.87;    1820.21;     216.34;    1819.13;     239.88;       10;    0.68;   stop
   500;     814.11;    1055.61;     814.29;    1043.99;     790.98;    1043.64;     790.80;    1055.26;       10;    0.68;   stop
   454;    1382.77;    1613.08;    1384.23;    1600.81;    1357.73;    1597.67;    1356.27;    1609.94;       10;    0.68;   stop
  9855;    1893.48;     936.15;    1908.42;     935.35;    1906.67;     902.67;    1891.74;     903.46;       10;    0.68;   stop
   419;    3096.78;    1512.41;    3106.29;    1488.79;    3094.00;    1483.84;    3084.49;    1507.46;       10;    0.68;   stop
   168;    1831.82;    1671.50;    1833.44;    1658.58;    1805.77;    1655.12;    1804.16;    1668.05;       10;    0.68;   stop
   415;     695.14;    1611.86;     695.73;    1599.30;     670.80;    1598.14;     670.21;    1610.70;       10;    0.68;   stop
   398;     670.89;    1575.66;     671.88;    1563.35;     645.36;    1561.21;     644.37;    1573.53;       10;    0.68;   stop
   381;     798.11;    1218.43;     810.68;    1218.14;     810.08;    1191.32;     797.50;    1191.61;       10;    0.68;   stop
   294;    2599.56;     637.10;    2624.22;     635.81;    2623.44;     620.93;    2598.78;     622.22;       10;    0.68;   stop
   467;    2530.84;     711.33;    2542.74;     711.23;    2542.53;     685.36;    2530.63;     685.45;       10;    0.68;   stop
 11363;     561.65;    1079.43;     561.85;    1065.04;     532.41;    1064.63;     532.21;    1079.03;       10;    0.68;   move
   420;    1847.09;     486.88;    1859.26;     486.09;    1857.73;     462.62;    1845.55;     463.41;       10;    0.68;   stop
   427;    2527.91;     614.57;    2539.66;     614.11;    2538.71;     590.02;    2526.96;     590.49;       10;    0.68;   stop
   389;    3564.74;    1042.22;    3591.60;    1041.37;    3591.19;    1028.72;    3564.34;    1029.57;       10;    0.68;   stop
   297;     817.00;    1937.86;     829.92;    1937.76;     829.71;    1911.89;     816.80;    1911.99;       10;    0.68;   stop
  9173;    1931.84;    1882.10;    1939.86;    1855.45;    1927.66;    1851.78;    1919.64;    1878.42;       10;    0.68;   stop
   484;    1907.54;    1640.00;    1907.90;    1627.74;    1882.49;    1627.00;    1882.13;    1639.26;       10;    0.67;   stop
 12066;    1879.96;     488.41;    1891.19;     487.34;    1888.79;     462.21;    1877.56;     463.28;       10;    0.67;   stop
   410;    2203.92;    1091.90;    2204.19;    1079.87;    2181.52;    1079.35;    2181.25;    1091.38;       10;    0.67;   stop
   491;    2333.84;    1347.00;    2361.63;    1346.80;    2361.53;    1332.75;    2333.74;    1332.95;       10;    0.67;   stop
   349;    2463.13;    1806.36;    2464.50;    1780.77;    2452.75;    1780.14;    2451.37;    1805.73;       10;    0.67;   stop
   399;     555.55;    1604.95;     555.98;    1592.81;     531.01;    1591.93;     530.58;    1604.06;       10;    0.67;   stop
   289;    2666.34;    2017.94;    2678.08;    2012.58;    2666.43;    1987.06;    2654.69;    1992.42;       10;    0.67;   stop
  2761;    2173.15;     648.66;    2200.61;     647.24;    2199.91;     633.84;    2172.46;     635.26;       10;    0.67;   stop
   225;     269.97;    1548.04;     271.66;    1536.15;     246.59;    1532.59;     244.90;    1544.47;       10;    0.66;   stop
   501;    2751.04;     629.93;    2778.63;     628.42;    2777.96;     616.01;    2750.37;     617.52;       10;    0.66;   stop
   465;    2371.56;     642.89;    2396.39;     641.67;    2395.81;     630.05;    2370.99;     631.27;       10;    0.66;   stop
  9060;    1775.94;    1141.01;    1805.31;    1140.56;    1805.12;    1128.12;    1775.75;    1128.57;       10;    0.66;   stop
   456;    3359.90;     959.68;    3368.96;     936.70;    3356.35;     931.73;    3347.29;     954.70;       10;    0.66;   stop
  8195;    2562.76;     638.46;    2591.13;     636.98;    2590.49;     624.63;    2562.12;     626.12;       10;    0.66;   stop
   371;    3220.36;    1126.55;    3234.90;    1100.60;    3222.14;    1093.45;    3207.60;    1119.40;       10;    0.66;   stop
   140;     918.52;    1623.87;     919.45;    1611.14;     895.26;    1609.38;     894.33;    1622.11;       10;    0.66;   stop
   464;    2224.18;    2095.27;    2233.47;    2083.39;    2208.51;    2063.86;    2199.22;    2075.73;       10;    0.66;   stop
   506;    2183.35;    2108.85;    2190.53;    2096.88;    2167.21;    2082.90;    2160.03;    2094.87;       10;    0.66;   stop
 10734;     421.23;    1157.37;     431.26;    1129.93;     416.43;    1124.51;     406.40;    1151.94;       10;    0.65;   stop
   388;     524.30;    1602.29;     525.04;    1590.30;     503.20;    1588.96;     502.46;    1600.95;       10;    0.65;   stop
   443;    2205.09;    2099.09;    2211.60;    2086.13;    2186.53;    2073.54;    2180.02;    2086.49;       10;    0.65;   stop
 12340;     606.61;    1126.25;     606.99;    1112.33;     578.39;    1111.56;     578.01;    1125.49;       10;    0.65;   move
   411;    3574.53;    1247.06;    3588.72;    1246.20;    3587.04;    1218.56;    3572.84;    1219.43;       10;    0.65;   stop
   279;    1803.95;    2112.93;    1820.46;    2081.22;    1807.21;    2074.32;    1790.69;    2106.03;        9;    0.65;   stop
   369;    2765.26;    1854.95;    2776.54;    1845.13;    2756.99;    1822.67;    2745.71;    1832.49;       10;    0.65;   stop
   413;    2795.45;    1971.75;    2807.59;    1963.93;    2790.65;    1937.62;    2778.50;    1945.45;       10;    0.65;   stop
   422;    1029.63;    1176.02;    1029.76;    1163.27;    1006.62;    1163.04;    1006.49;    1175.79;       10;    0.65;   stop
   433;     833.40;    1937.89;     846.81;    1937.80;     846.60;    1908.67;     833.19;    1908.77;       10;    0.65;   stop
   457;    2787.71;    1842.59;    2794.79;    1831.76;    2770.54;    1815.91;    2763.46;    1826.74;       10;    0.65;   stop
   442;    2622.82;    1922.87;    2628.32;    1909.08;    2596.81;    1896.51;    2591.31;    1910.30;       10;    0.65;   stop
   241;    1145.51;    1179.59;    1146.90;    1166.03;    1119.49;    1163.22;    1118.10;    1176.79;       10;    0.64;   stop
   374;    1346.92;    1610.32;    1347.02;    1598.38;    1323.83;    1598.18;    1323.73;    1610.12;       10;    0.64;   stop
 12487;    1604.31;    1077.44;    1604.54;    1065.03;    1579.44;    1064.56;    1579.21;    1076.97;       10;    0.64;   stop
   426;    2528.80;     583.38;    2540.38;     583.21;    2540.07;     561.31;    2528.49;     561.48;       10;    0.64;   stop
   251;    1223.74;    1849.69;    1224.86;    1823.98;    1212.45;    1823.44;    1211.32;    1849.15;       10;    0.64;   stop
   360;    1795.20;    1636.07;    1796.45;    1623.51;    1769.13;    1620.80;    1767.88;    1633.36;       10;    0.64;   stop
   536;     792.19;    1582.35;     792.83;    1571.21;     770.16;    1569.90;     769.51;    1581.04;       10;    0.64;   stop
  6074;    3572.95;     601.40;    3608.99;     597.39;    3607.37;     582.78;    3571.32;     586.79;       10;    0.64;   stop
   521;    2467.60;    2057.61;    2493.03;    2047.35;    2487.65;    2034.02;    2462.22;    2044.27;       10;    0.64;   stop
 10133;    1916.45;     925.92;    1927.54;     925.42;    1926.55;     903.33;    1915.46;     903.83;       10;    0.64;   stop
   375;    3472.11;     693.19;    3483.80;     664.80;    3470.07;     659.15;    3458.39;     687.55;       10;    0.64;   stop
   479;    3245.60;    1121.99;    3258.56;    1097.89;    3246.58;    1091.45;    3233.63;    1115.55;       10;    0.63;   stop
 12762;    1690.38;    1142.11;    1690.89;    1129.16;    1665.50;    1128.14;    1664.98;    1141.09;       10;    0.63;   stop
   386;    1279.28;      68.85;    1279.53;      53.74;    1248.04;      53.21;    1247.78;      68.32;       10;    0.63;   stop
   472;     918.06;    1583.90;     919.07;    1572.80;     894.88;    1570.60;     893.87;    1581.70;       10;    0.63;   stop
   791;    1953.24;    1619.69;    1954.62;    1573.59;    1937.01;    1573.06;    1935.63;    1619.16;        9;    0.63;   stop
   493;    3229.61;    1150.42;    3243.83;    1125.75;    3232.58;    1119.27;    3218.36;    1143.94;       10;    0.63;   stop
   406;    2569.92;    1998.83;    2598.91;    1987.40;    2593.45;    1973.55;    2564.46;    1984.98;       10;    0.63;   stop
 12934;    2080.98;     670.68;    2104.36;     669.35;    2103.64;     656.82;    2080.27;     658.15;       10;    0.63;   move
  5635;     463.02;    1056.15;     491.56;    1054.74;     490.89;    1041.04;     462.34;    1042.45;       10;    0.63;   stop
   358;    1580.28;    1193.90;    1606.22;    1192.91;    1605.72;    1179.85;    1579.78;    1180.84;       10;    0.63;   stop
   598;    2006.52;    1517.53;    2017.84;    1516.92;    2016.48;    1491.84;    2005.16;    1492.45;       10;    0.63;   stop
   466;    2339.98;     643.36;    2366.26;     641.72;    2365.52;     629.86;    2339.24;     631.50;       10;    0.63;   stop
  2734;    2409.98;     641.06;    2434.50;     639.90;    2433.89;     627.10;    2409.38;     628.26;       10;    0.63;   stop
  5908;    2897.72;     625.21;    2924.28;     624.09;    2923.78;     612.29;    2897.22;     613.41;       10;    0.63;   stop
   436;    3518.55;    1043.71;    3518.61;    1030.18;    3489.26;    1030.04;    3489.20;    1043.57;       10;    0.63;   stop
   160;     388.23;    1722.54;     404.25;    1722.39;     403.96;    1691.83;     387.93;    1691.99;       10;    0.63;   stop
   343;     402.13;    1684.43;     403.17;    1659.28;     389.12;    1658.70;     388.08;    1683.84;       10;    0.62;   stop
   460;    1968.41;    2088.62;    1968.92;    2058.37;    1954.65;    2058.13;    1954.14;    2088.38;       10;    0.62;   stop
 12194;    2321.48;    2094.82;    2323.47;    2080.44;    2296.27;    2076.68;    2294.28;    2091.06;       10;    0.62;   stop
   490;    2719.97;     630.53;    2743.91;     628.05;    2742.66;     615.97;    2718.72;     618.45;       10;    0.62;   stop
   370;    3670.58;     596.36;    3703.33;     592.94;    3701.92;     579.50;    3669.17;     582.92;       10;    0.62;   stop
   566;    3537.61;     600.61;    3569.11;     599.56;    3568.64;     585.45;    3537.14;     586.50;       10;    0.62;   stop
  7262;    2864.83;     221.39;    2894.63;     219.19;    2893.67;     206.11;    2863.87;     208.31;       10;    0.62;   stop
   513;    1828.26;     345.50;    1841.60;     345.06;    1840.56;     313.75;    1827.21;     314.19;       10;    0.62;   stop
   382;    2847.82;     627.39;    2873.78;     624.50;    2872.43;     612.36;    2846.47;     615.25;       10;    0.62;   stop
   539;     562.34;    2101.57;     589.48;    2100.54;     588.90;    2085.30;     561.77;    2086.33;       10;    0.62;   stop
   377;    1223.77;    2084.72;    1237.53;    2083.44;    1234.92;    2055.28;    1221.16;    2056.56;       10;    0.62;   stop
 12480;     415.46;    1118.49;     415.61;    1104.63;     387.04;    1104.32;     386.89;    1118.18;       10;    0.62;   move
   471;    1632.42;    1659.59;    1633.46;    1646.71;    1606.46;    1644.53;    1605.42;    1657.41;       10;    0.62;   stop
   474;    2065.44;     255.57;    2090.59;     254.97;    2090.31;     243.37;    2065.16;     243.97;       10;    0.62;   stop
   534;     642.95;    1161.00;     667.68;    1160.99;     667.67;    1148.06;     642.94;    1148.08;       10;    0.62;   stop
   547;    1840.99;     255.13;    1841.21;     236.62;    1830.92;     236.50;    1830.69;     255.00;       10;    0.61;   stop
   478;    1327.19;      70.09;    1357.23;      69.73;    1357.06;      54.79;    1327.02;      55.15;       10;    0.61;   stop
   453;    1278.72;    1472.55;    1282.87;    1444.13;    1270.53;    1442.33;    1266.38;    1470.75;       10;    0.61;   stop
   519;    1734.64;    1668.15;    1735.87;    1653.27;    1703.40;    1650.60;    1702.18;    1665.48;       10;    0.61;   stop
   334;     518.68;    1017.45;     533.73;    1016.70;     532.26;     986.93;     517.20;     987.67;       10;    0.61;   stop
   518;    2431.83;    1841.85;    2434.20;    1815.48;    2422.17;    1814.40;    2419.80;    1840.77;       10;    0.61;   stop
   616;    2782.86;     628.84;    2807.36;     627.89;    2806.89;     615.70;    2782.39;     616.64;       10;    0.61;   stop
  4389;    3576.78;    1283.44;    3592.70;    1282.21;    3590.41;    1252.50;    3574.49;    1253.73;       10;    0.61;   stop
   608;    1870.80;    1676.75;    1872.98;    1662.62;    1841.32;    1657.75;    1839.15;    1671.88;       10;    0.61;   stop
   556;    3006.01;    1479.77;    3019.15;    1450.67;    3007.11;    1445.23;    2993.97;    1474.33;       10;    0.60;   stop
   532;    1516.65;    1619.90;    1517.63;    1607.65;    1490.47;    1605.48;    1489.49;    1617.73;       10;    0.60;   stop
 12852;    2443.62;     641.40;    2469.57;     639.94;    2468.88;     627.60;    2442.93;     629.06;       10;    0.60;   stop
   392;    2473.31;    1661.81;    2475.19;    1636.48;    2462.82;    1635.56;    2460.93;    1660.89;       10;    0.60;   stop
   448;    1972.64;    2090.77;    1987.14;    2090.43;    1986.42;    2060.48;    1971.93;    2060.82;       10;    0.60;   stop
 10308;    2272.71;    2140.18;    2299.40;    2130.35;    2294.41;    2116.82;    2267.73;    2126.65;       10;    0.60;   stop
 10371;    2264.47;    2149.24;    2267.25;    2135.92;    2240.22;    2130.26;    2237.44;    2143.58;       10;    0.60;   stop
  9022;    3442.73;    1257.53;    3453.92;    1249.65;    3438.52;    1227.78;    3427.33;    1235.67;       10;    0.60;   stop
 10162;    2146.57;    2128.88;    2153.71;    2117.09;    2129.18;    2102.24;    2122.04;    2114.03;       10;    0.60;   stop
   561;     797.95;    1936.64;     797.97;    1910.87;     783.73;    1910.86;     783.71;    1936.63;       10;    0.59;   stop
   307;      52.48;    1523.84;      53.81;    1512.43;      32.13;    1509.91;      30.80;    1521.32;       10;    0.59;   stop
   486;    3433.54;     786.22;    3441.49;     765.14;    3430.83;     761.12;    3422.88;     782.20;       10;    0.59;   stop
   553;    2532.92;    1958.13;    2542.07;    1947.43;    2520.20;    1928.74;    2511.06;    1939.45;       10;    0.59;   stop
   520;    2383.16;    2022.71;    2389.63;    2010.28;    2363.97;    1996.92;    2357.50;    2009.34;       10;    0.59;   stop
  9026;     312.40;    1584.97;     313.39;    1572.66;     288.54;    1570.66;     287.55;    1582.96;       10;    0.59;   stop
   396;    1500.71;    1190.35;    1500.96;    1178.29;    1476.04;    1177.78;    1475.79;    1189.83;       10;    0.59;   stop
   475;     323.95;    1048.73;     324.21;    1036.75;     302.30;    1036.27;     302.04;    1048.25;       10;    0.58;   stop
   288;    1708.68;    1630.27;    1710.02;    1618.04;    1685.45;    1615.35;    1684.11;    1627.59;       10;    0.58;   stop
 10295;    2440.94;    2124.85;    2443.00;    2091.39;    2428.81;    2090.52;    2426.75;    2123.98;       10;    0.58;   stop
   266;     632.66;    1418.60;     634.34;    1404.74;     606.71;    1401.40;     605.03;    1415.26;       10;    0.58;   stop
   523;     854.17;    1214.08;     855.76;    1201.37;     828.13;    1197.92;     826.54;    1210.63;       10;    0.58;   stop
 10384;    3659.70;    1308.18;    3668.62;    1281.10;    3654.68;    1276.51;    3645.76;    1303.58;       10;    0.58;   stop
   639;    1278.19;    1188.34;    1279.00;    1172.64;    1242.94;    1170.79;    1242.13;    1186.48;       10;    0.58;   stop
   353;    2518.41;    1062.25;    2519.08;    1037.33;    2506.59;    1037.00;    2505.92;    1061.92;       10;    0.58;   stop
   481;    1464.67;    2082.34;    1466.81;    2053.00;    1453.58;    2052.03;    1451.44;    2081.38;       10;    0.58;   stop
   571;     257.33;    1145.32;     280.87;    1145.19;     280.80;    1132.81;     257.26;    1132.93;       10;    0.58;   stop
  8888;    2538.40;    1004.26;    2553.06;    1004.22;    2552.98;     970.12;    2538.32;     970.15;       10;    0.58;   stop
   537;    2440.12;    1555.07;    2452.23;    1555.02;    2452.13;    1529.68;    2440.02;    1529.73;       10;    0.57;   stop
   494;    1388.49;    1647.36;    1388.60;    1634.48;    1363.26;    1634.26;    1363.15;    1647.15;       10;    0.57;   stop
  9024;    1224.53;    2113.97;    1237.24;    2112.93;    1235.29;    2089.03;    1222.57;    2090.07;       10;    0.57;   stop
   577;    2386.67;    1321.80;    2387.32;    1308.59;    2361.58;    1307.32;    2360.93;    1320.54;       10;    0.57;   stop
   540;    2593.66;    1929.71;    2601.22;    1918.90;    2578.72;    1903.17;    2571.16;    1913.97;       10;    0.57;   stop
  9571;    2834.49;     224.50;    2859.91;     221.99;    2858.76;     210.32;    2833.34;     212.82;       10;    0.57;   stop
   559;     727.44;    1612.58;     728.02;    1598.50;     719.99;    1598.17;     719.42;    1612.25;       10;    0.57;   stop
 12594;    2570.71;    1140.44;    2572.00;    1127.39;    2551.04;    1125.31;    2549.75;    1138.36;       10;    0.57;   stop
   487;    1290.38;    1643.08;    1291.46;    1630.54;    1266.75;    1628.42;    1265.67;    1640.96;       10;    0.57;   stop
   611;    2431.60;    1871.95;    2433.46;    1844.84;    2420.15;    1843.93;    2418.29;    1871.04;       10;    0.57;   stop
   620;    2284.46;    2064.87;    2289.63;    2051.35;    2263.54;    2041.38;    2258.37;    2054.90;       10;    0.57;   stop
 10085;    3039.99;    1252.51;    3042.59;    1238.79;    3011.11;    1232.81;    3008.50;    1246.52;       10;    0.56;   move
  6958;    3812.08;    1446.14;    3815.51;    1431.56;    3785.42;    1424.49;    3781.99;    1439.06;       10;    0.56;   move
   314;     405.01;    2013.62;     418.36;    2013.26;     417.65;    1986.70;     404.29;    1987.05;       10;    0.56;   stop
 12960;    3186.92;    1025.63;    3197.60;    1017.21;    3180.58;     995.62;    3169.90;    1004.04;       10;    0.56;   stop
   495;    3737.10;    1453.15;    3740.68;    1440.52;    3712.27;    1432.47;    3708.69;    1445.10;       10;    0.55;   stop
 10821;    2428.90;    2012.51;    2451.42;    2001.26;    2445.35;    1989.11;    2422.83;    2000.36;       10;    0.55;   stop
 11610;     674.19;    1088.79;     674.34;    1076.19;     648.62;    1075.90;     648.47;    1088.49;       10;    0.55;   move
 11289;    1273.70;    1145.16;    1274.60;    1133.56;    1252.49;    1131.84;    1251.58;    1143.44;       10;    0.55;   move
 12948;    1718.60;    1141.79;    1769.63;    1140.64;    1769.30;    1126.21;    1718.27;    1127.36;        9;    0.55;   stop
  4068;    2419.27;    2063.08;    2437.03;    2045.64;    2427.98;    2036.42;    2410.22;    2053.86;       10;    0.55;   move
   546;    1195.29;    1062.51;    1195.53;    1052.98;    1176.21;    1052.49;    1175.97;    1062.02;       10;    0.54;   stop
   275;      94.99;    1806.80;     113.34;    1785.49;     102.71;    1776.33;      84.35;    1797.64;       10;    0.54;   stop
   578;    1831.55;    1638.62;    1832.76;    1624.23;    1801.68;    1621.63;    1800.48;    1636.02;       10;    0.54;   stop
   570;    2461.12;    1871.66;    2462.26;    1843.67;    2448.01;    1843.09;    2446.87;    1871.08;       10;    0.54;   stop
 12437;      29.34;    1069.51;     152.49;    1063.79;     151.60;    1044.55;      28.45;    1050.27;        9;    0.54;   stop
   542;     609.65;    1217.07;     610.00;    1204.26;     584.73;    1203.56;     584.37;    1216.37;       10;    0.54;   stop
   560;    3405.37;     850.50;    3416.54;     824.17;    3403.69;     818.72;    3392.52;     845.05;       10;    0.54;   stop
  9611;      20.14;    1519.06;      21.19;    1507.21;      -0.26;    1505.31;      -1.31;    1517.16;       10;    0.54;   stop
   564;    2554.93;    1947.48;    2562.91;    1936.43;    2542.07;    1921.39;    2534.09;    1932.45;       10;    0.54;   stop
   354;     405.96;    2121.44;     421.42;    2121.42;     421.38;    2087.94;     405.93;    2087.95;       10;    0.54;   stop
   618;    2013.27;    2095.77;    2026.81;    2092.64;    2020.05;    2063.35;    2006.50;    2066.48;       10;    0.53;   stop
 12800;    2816.37;     627.88;    2836.92;     626.84;    2836.38;     616.09;    2815.83;     617.12;       10;    0.53;   stop
  9669;    2347.15;    2043.72;    2353.34;    2032.16;    2330.22;    2019.78;    2324.03;    2031.34;       10;    0.53;   stop
   407;    2527.51;     145.49;    2528.06;     119.72;    2515.49;     119.45;    2514.94;     145.22;       10;    0.53;   stop
 12786;    2453.70;    1136.14;    2453.70;    1120.61;    2419.42;    1120.61;    2419.42;    1136.14;       10;    0.53;   stop
  9164;     519.54;    1567.39;     519.79;    1556.84;     499.52;    1556.36;     499.27;    1566.91;       10;    0.52;   stop
 12985;    1064.10;    1178.46;    1064.62;    1164.92;    1035.15;    1163.79;    1034.63;    1177.33;       10;    0.52;   stop
   586;    3532.51;    1005.55;    3556.09;    1005.20;    3555.93;     994.14;    3532.35;     994.49;       10;    0.52;   stop
 12924;    2471.16;     639.67;    2493.22;     639.41;    2493.09;     628.49;    2471.03;     628.74;       10;    0.52;   stop
   583;    1820.19;     102.23;    1832.25;     101.93;    1831.56;      73.83;    1819.50;      74.13;       10;    0.52;   stop
 12860;    2899.78;     219.87;    2927.07;     217.93;    2926.22;     205.95;    2898.93;     207.88;       10;    0.52;   stop
 10325;    3558.44;     497.70;    3568.33;     473.89;    3556.24;     468.87;    3546.36;     492.68;       10;    0.52;   stop
   372;     419.21;    2042.80;     419.63;    2017.73;     406.73;    2017.51;     406.31;    2042.58;       10;    0.52;   stop
  8893;     460.49;    1602.61;     464.59;    1586.09;     444.67;    1581.14;     440.57;    1597.66;       10;    0.52;   stop
   176;     645.88;    1365.48;     647.84;    1351.62;     619.74;    1347.65;     617.79;    1361.51;       10;    0.52;   stop
   627;    1427.10;    2026.00;    1439.77;    2025.24;    1438.28;    2000.38;    1425.61;    2001.14;       10;    0.52;   stop
   565;    1991.85;    2091.30;    2004.85;    2090.49;    2003.22;    2064.45;    1990.22;    2065.26;       10;    0.52;   stop
 12065;    2237.45;    2086.04;    2247.93;    2077.12;    2230.11;    2056.21;    2219.63;    2065.13;       10;    0.51;   stop
 10230;    2065.08;     288.85;    2094.82;     288.79;    2094.80;     275.90;    2065.05;     275.96;       10;    0.51;   stop
   647;    2847.72;    1811.32;    2852.73;    1798.67;    2827.53;    1788.68;    2822.52;    1801.33;       10;    0.51;   stop
   379;    1149.12;     691.19;    1150.78;     678.93;    1126.75;     675.68;    1125.10;     687.95;       10;    0.51;   stop
   461;    1543.83;    1193.12;    1569.21;    1192.80;    1569.04;    1179.50;    1543.66;    1179.82;       10;    0.51;   stop
  8355;    1441.63;    1615.55;    1442.40;    1603.59;    1417.00;    1601.95;    1416.23;    1613.91;       10;    0.51;   stop
   575;    1063.90;    1177.99;    1064.43;    1164.11;    1034.22;    1162.95;    1033.69;    1176.83;        9;    0.50;   stop
   574;    1510.57;    1652.47;    1511.14;    1640.46;    1486.43;    1639.28;    1485.86;    1651.29;       10;    0.50;   stop
 10475;    1481.21;    1653.20;    1481.90;    1641.07;    1457.29;    1639.68;    1456.60;    1651.80;       10;    0.50;   stop
   412;    1352.17;    1644.94;    1352.92;    1632.60;    1327.58;    1631.06;    1326.83;    1643.40;       10;    0.49;   stop
   526;    1118.95;    1022.17;    1132.40;    1022.06;    1132.17;     994.95;    1118.72;     995.07;       10;    0.49;   stop
   476;    3695.20;    1002.94;    3722.86;    1001.70;    3722.30;     989.25;    3694.64;     990.48;       10;    0.49;   stop
  6890;     660.06;    1611.91;     660.70;    1599.43;     634.63;    1598.09;     633.99;    1610.57;       10;    0.49;   stop
  3591;     696.16;    1354.95;     698.00;    1321.19;     680.09;    1320.21;     678.25;    1353.97;       10;    0.49;   stop
   350;    2515.25;     177.71;    2527.02;     177.53;    2526.63;     151.92;    2514.85;     152.10;       10;    0.48;   stop
   602;    3205.43;    1148.61;    3220.22;    1123.63;    3208.01;    1116.39;    3193.21;    1141.37;       10;    0.48;   stop
 10204;    1228.35;    2142.72;    1241.44;    2141.14;    1238.22;    2114.28;    1225.12;    2115.86;       10;    0.48;   stop
   287;     641.34;    1383.71;     643.24;    1369.84;     614.91;    1365.98;     613.01;    1379.84;       10;    0.47;   stop
  9025;     365.31;    1592.22;     366.99;    1579.88;     342.51;    1576.53;     340.82;    1588.87;       10;    0.47;   stop
  7950;    1469.79;    1618.02;    1470.69;    1608.16;    1449.58;    1606.23;    1448.68;    1616.09;       10;    0.47;   stop
   669;    3313.30;     975.99;    3325.66;     944.81;    3308.26;     937.91;    3295.90;     969.10;       10;    0.47;   stop
  4394;    3459.39;     721.18;    3469.18;     696.10;    3456.55;     691.17;    3446.76;     716.25;       10;    0.47;   stop
 12515;    1978.83;    1888.58;    1987.66;    1851.15;    1972.36;    1847.54;    1963.53;    1884.97;       10;    0.47;   stop
 11847;     589.90;    1054.92;     609.78;    1051.32;     607.29;    1037.58;     587.41;    1041.18;       10;    0.46;   stop
   600;    1647.43;    1625.39;    1648.14;    1613.75;    1625.19;    1612.36;    1624.48;    1624.00;       10;    0.46;   stop
  5443;    3624.40;     598.22;    3653.14;     596.81;    3652.47;     583.26;    3623.74;     584.67;       10;    0.46;   stop
 13006;    2681.46;    1231.18;    2682.55;    1215.22;    2648.29;    1212.88;    2647.20;    1228.84;        9;    0.46;   stop
  7148;    2046.03;    2034.50;    2047.10;    2019.11;    2011.47;    2016.62;    2010.40;    2032.01;       10;    0.46;   stop
   572;    1979.47;    1888.97;    1988.03;    1850.68;    1972.28;    1847.16;    1963.72;    1885.45;        9;    0.46;   stop
 10152;     509.22;     588.83;     512.57;     576.50;     490.16;     570.39;     486.80;     582.72;       10;    0.45;   stop
   601;    2575.07;    1940.15;    2583.11;    1927.67;    2556.81;    1910.72;    2548.76;    1923.21;       10;    0.45;   stop
 12929;    1893.31;     935.84;    1908.08;     935.33;    1906.94;     902.41;    1892.17;     902.92;        9;    0.45;   stop
 10474;    1420.09;    1647.41;    1420.55;    1635.21;    1394.66;    1634.21;    1394.20;    1646.42;       10;    0.45;   stop
   383;    1321.85;    1644.29;    1322.34;    1631.55;    1297.15;    1630.58;    1296.66;    1643.33;       10;    0.44;   stop
 11634;    3361.35;     606.94;    3387.03;     604.45;    3385.84;     592.23;    3360.16;     594.73;       10;    0.44;   stop
   527;    3395.24;     877.85;    3405.20;     851.01;    3392.26;     846.21;    3382.30;     873.05;       10;    0.44;   stop
 10311;     407.16;    1789.17;     407.89;    1763.41;     393.93;    1763.02;     393.20;    1788.77;       10;    0.44;   stop
 10441;    2071.67;    2164.27;    2081.41;    2154.01;    2059.52;    2133.23;    2049.78;    2143.49;       10;    0.44;   stop
 12386;    3164.71;    1118.64;    3167.34;    1094.26;    3154.98;    1092.93;    3152.35;    1117.31;       10;    0.43;   stop
 11156;    3331.31;     609.83;    3357.69;     607.94;    3356.81;     595.79;    3330.44;     597.69;       10;    0.43;   stop
 12646;    3751.46;     174.12;    3781.10;     172.65;    3780.41;     158.70;    3750.77;     160.16;       10;    0.43;   stop
   615;    2514.46;    1962.64;    2522.96;    1952.53;    2502.66;    1935.48;    2494.17;    1945.59;       10;    0.43;   stop
   477;    1176.24;    1636.37;    1176.29;    1621.72;    1147.44;    1621.63;    1147.40;    1636.28;       10;    0.43;   stop
   650;    1916.42;    1878.08;    1928.05;    1844.19;    1912.70;    1838.92;    1901.08;    1872.81;        9;    0.42;   stop
 10923;    1821.60;     173.30;    1823.97;     157.07;    1791.90;     152.39;    1789.53;     168.62;        9;    0.42;   stop
 12881;    2512.01;      87.17;    2524.71;      86.94;    2524.24;      60.21;    2511.54;      60.43;       10;    0.42;   stop
 11261;    2001.90;    1651.97;    2002.38;    1631.03;    1991.48;    1630.78;    1990.99;    1651.72;       10;    0.41;   stop
 12122;    3529.25;     476.04;    3540.02;     450.98;    3527.31;     445.52;    3516.54;     470.58;       10;    0.41;   stop
 10406;     850.53;    1198.60;     851.83;    1186.85;     827.41;    1184.15;     826.10;    1195.90;       10;    0.41;   stop
   622;    2479.78;    1615.70;    2480.04;    1587.29;    2467.59;    1587.18;    2467.33;    1615.58;       10;    0.41;   stop
 12720;    3173.83;     614.50;    3197.93;     613.52;    3197.42;     600.97;    3173.32;     601.95;       10;    0.40;   stop
 10228;    2401.15;    2012.92;    2406.13;    2001.49;    2381.98;    1990.96;    2376.99;    2002.39;       10;    0.40;   stop
 10275;     338.49;    1589.22;     339.61;    1575.95;     315.41;    1573.91;     314.29;    1587.17;       10;    0.40;   stop
 12227;     795.81;     102.93;     796.30;      90.42;     771.46;      89.45;     770.97;     101.95;       10;    0.40;   stop
  3732;    2004.97;    1762.61;    2006.14;    1741.21;    1995.72;    1740.64;    1994.55;    1762.04;       10;    0.40;   stop
 11552;    3603.12;     398.43;    3615.12;     371.19;    3602.50;     365.63;    3590.50;     392.87;       10;    0.39;   stop
 12953;    2499.49;    1973.94;    2508.38;    1963.44;    2487.26;    1945.56;    2478.37;    1956.06;       10;    0.39;   stop
 12984;    2510.27;      55.82;    2523.95;      55.73;    2523.73;      25.74;    2510.05;      25.84;       10;    0.38;   stop
 10372;     402.56;    1291.57;     402.75;    1264.16;     387.28;    1264.06;     387.09;    1291.46;       10;    0.38;   stop
 12379;    2937.79;    1703.79;    2948.43;    1683.62;    2937.71;    1677.96;    2927.07;    1698.13;       10;    0.38;   stop
   664;    2188.83;    1382.59;    2202.47;    1382.48;    2202.23;    1352.28;    2188.59;    1352.39;       10;    0.38;   stop
   617;    2681.18;    1230.58;    2682.32;    1215.01;    2648.57;    1212.54;    2647.43;    1228.12;       10;    0.38;   stop
   659;    1939.00;    1566.60;    1952.24;    1566.16;    1951.25;    1536.15;    1938.01;    1536.59;       10;    0.37;   stop
 10477;    2438.81;    2154.05;    2440.07;    2127.22;    2426.44;    2126.58;    2425.18;    2153.41;       10;    0.37;   stop
 12963;    2240.80;    2160.31;    2245.23;    2147.67;    2221.70;    2139.44;    2217.27;    2152.08;       10;    0.37;   stop
   654;    3211.51;     616.24;    3242.06;     614.77;    3241.30;     599.00;    3210.75;     600.46;       10;    0.36;   stop
 11997;    2932.81;     624.56;    2961.03;     624.03;    2960.78;     610.83;    2932.56;     611.36;       10;    0.36;   stop
 12505;    3596.48;     368.28;    3609.61;     337.25;    3595.08;     331.10;    3581.95;     362.13;       10;    0.36;   move
 12456;     351.76;    1046.02;     351.89;    1034.55;     328.39;    1034.30;     328.27;    1045.76;       10;    0.36;   stop