vehicle_id; veh_bb_x1; veh_bb_y1; veh_bb_x2; veh_bb_y2; veh_bb_x3; veh_bb_y3; veh_bb_x4; veh_bb_y4; det_class; conf_score; state
     1;    2966.78;    1157.02;    2969.19;    1145.24;    2944.72;    1140.23;    2942.31;    1152.01;       10;    0.84;   stop
  9602;    2141.26;    1126.03;    2141.70;    1113.64;    2115.74;    1112.72;    2115.30;    1125.11;       10;    0.84;   move
     4;    3036.25;    1413.52;    3046.93;    1388.28;    3035.00;    1383.23;    3024.32;    1408.47;       10;    0.83;   stop
    15;    2997.00;    1283.49;    2999.34;    1269.98;    2968.50;    1264.63;    2966.16;    1278.14;       10;    0.83;   stop
 11747;    2827.44;    1147.98;    2828.98;    1134.89;    2798.31;    1131.27;    2796.77;    1144.36;       10;    0.83;   move
 11791;    1524.06;    1171.52;    1524.18;    1159.73;    1498.81;    1159.48;    1498.70;    1171.27;       10;    0.83;   move
 11120;    1992.24;    1427.42;    1992.79;    1399.98;    1979.01;    1399.71;    1978.46;    1427.14;       10;    0.82;   stop
 10589;    2488.71;    1117.54;    2488.88;    1104.71;    2462.04;    1104.34;    2461.87;    1117.17;       10;    0.82;   move
    94;    1112.36;    1178.23;    1112.39;    1165.20;    1087.01;    1165.15;    1086.98;    1178.17;       10;    0.82;   stop
    22;    1532.43;    1189.30;    1532.66;    1177.08;    1506.20;    1176.57;    1505.96;    1188.80;       10;    0.82;   stop
 12366;    2902.90;    1161.61;    2905.07;    1149.44;    2878.10;    1144.64;    2875.93;    1156.81;       10;    0.82;   stop
   126;    3000.27;    1165.46;    3002.95;    1152.24;    2974.23;    1146.42;    2971.55;    1159.63;       10;    0.82;   stop
 12549;    2946.68;    1170.76;    2949.22;    1157.42;    2917.86;    1151.43;    2915.31;    1164.77;       10;    0.82;   stop
   134;     933.25;    1064.51;     933.44;    1052.03;     906.41;    1051.62;     906.22;    1064.09;       10;    0.82;   stop
     8;    3641.97;    1426.93;    3646.25;    1412.37;    3612.40;    1402.44;    3608.13;    1417.00;       10;    0.82;   stop
 12480;    1064.58;    1145.33;    1064.78;    1132.11;    1036.36;    1131.67;    1036.16;    1144.89;       10;    0.82;   move
 13438;    3333.00;    1252.77;    3335.86;    1239.75;    3307.32;    1233.48;    3304.45;    1246.50;       10;    0.82;   move
    39;    3063.56;    1445.72;    3074.83;    1420.24;    3062.07;    1414.59;    3050.79;    1440.07;       10;    0.82;   stop
    68;    1973.74;     360.73;    1974.11;     332.43;    1961.51;     332.27;    1961.14;     360.57;       10;    0.81;   stop
  7582;    1537.12;    1110.93;    1537.48;    1097.03;    1509.38;    1096.32;    1509.02;    1110.22;       10;    0.81;   move
 10734;     865.84;    1136.66;     865.92;    1122.52;     836.71;    1122.34;     836.62;    1136.48;       10;    0.81;   move
    16;    2482.67;    1543.49;    2484.27;    1519.55;    2472.58;    1518.76;    2470.98;    1542.70;       10;    0.81;   stop
   115;    1978.36;     436.71;    1990.70;     436.50;    1990.27;     410.42;    1977.93;     410.62;       10;    0.81;   stop
 11627;    1484.45;    1134.77;    1484.49;    1122.06;    1458.55;    1121.98;    1458.51;    1134.69;       10;    0.81;   stop
 11469;    2759.12;    1138.00;    2760.67;    1125.61;    2732.76;    1122.12;    2731.21;    1134.52;       10;    0.81;   move
    92;    2589.07;    1324.54;    2589.07;    1312.48;    2563.06;    1312.46;    2563.05;    1324.52;       10;    0.81;   stop
    64;    1861.36;     650.43;    1861.60;     624.31;    1849.64;     624.20;    1849.40;     650.32;       10;    0.81;   stop
    24;    1414.28;    1073.60;    1414.61;    1061.21;    1388.09;    1060.52;    1387.77;    1072.91;       10;    0.81;   stop
  9320;    2157.52;    1106.59;    2158.03;    1093.86;    2130.98;    1092.78;    2130.47;    1105.51;       10;    0.81;   move
    62;    3023.51;    1444.64;    3034.60;    1418.82;    3022.90;    1413.80;    3011.81;    1439.61;       10;    0.81;   stop
    13;    1989.51;     765.15;    2002.29;     765.02;    2001.99;     736.72;    1989.21;     736.85;       10;    0.81;   stop
    55;     901.76;    1172.13;     926.96;    1171.51;     926.65;    1158.87;     901.45;    1159.49;       10;    0.81;   stop
 11636;    1633.55;    1174.64;    1633.61;    1162.10;    1608.70;    1161.99;    1608.64;    1174.52;       10;    0.81;   move
  7235;    1903.31;    1215.05;    1909.23;    1198.01;    1867.32;    1183.45;    1861.40;    1200.49;        9;    0.81;   stop
    43;    1032.43;    1065.59;    1032.50;    1054.06;    1007.19;    1053.91;    1007.12;    1065.44;       10;    0.81;   stop
 12980;    1557.60;    1136.78;    1557.87;    1122.83;    1527.15;    1122.22;    1526.88;    1136.17;       10;    0.81;   stop
 11104;    1595.69;    1138.51;    1595.83;    1125.31;    1565.56;    1124.99;    1565.42;    1138.19;       10;    0.81;   stop
    90;    2797.71;    1128.48;    2799.94;    1114.90;    2771.79;    1110.27;    2769.56;    1123.85;       10;    0.81;   stop
    37;    2835.29;    1251.29;    2837.75;    1239.03;    2811.83;    1233.83;    2809.37;    1246.10;       10;    0.81;   stop
    56;    3054.74;    1369.47;    3065.66;    1342.63;    3052.51;    1337.28;    3041.59;    1364.12;       10;    0.81;   stop
 13151;    2982.97;    1197.15;    2985.32;    1184.49;    2957.97;    1179.42;    2955.62;    1192.08;       10;    0.81;   move
   129;     891.47;    1170.33;     891.48;    1158.46;     865.22;    1158.42;     865.20;    1170.29;       10;    0.81;   stop
    26;    2732.14;    1118.90;    2732.84;    1105.52;    2705.73;    1104.10;    2705.04;    1117.48;       10;    0.81;   stop
 11289;    1519.98;    1135.63;    1520.29;    1124.00;    1496.14;    1123.37;    1495.84;    1135.00;       10;    0.81;   stop
 12181;    1571.95;    1155.54;    1598.32;    1155.51;    1598.30;    1142.84;    1571.93;    1142.87;       10;    0.81;   stop
   122;    2497.85;    1099.11;    2497.97;    1087.01;    2472.02;    1086.77;    2471.91;    1098.87;       10;    0.81;   stop
   157;    2602.95;    1106.47;    2603.80;    1093.62;    2576.18;    1091.78;    2575.32;    1104.63;       10;    0.81;   stop
   232;    1992.94;     362.96;    1993.04;     336.84;    1980.56;     336.79;    1980.46;     362.91;       10;    0.81;   stop
   207;    1961.10;     106.95;    1972.95;     106.81;    1972.65;      81.48;    1960.80;      81.63;       10;    0.81;   stop
 11986;    1396.80;    1169.96;    1427.10;    1169.63;    1426.95;    1155.41;    1396.65;    1155.74;       10;    0.81;   move
   213;    2016.00;    1447.93;    2016.47;    1421.04;    2004.38;    1420.82;    2003.90;    1447.71;       10;    0.81;   stop
   148;    1850.87;     731.60;    1864.67;     731.46;    1864.35;     700.52;    1850.55;     700.67;       10;    0.80;   stop
 12214;      18.53;    1130.55;      50.48;    1125.15;      48.09;    1111.01;      16.14;    1116.42;       10;    0.80;   stop
  6987;     950.75;    1092.17;     951.29;    1079.08;     924.07;    1077.96;     923.52;    1091.04;       10;    0.80;   move
  6790;    2010.28;    1327.26;    2010.89;    1303.29;    1999.22;    1302.99;    1998.61;    1326.96;       10;    0.80;   stop
  5533;    2105.86;    1103.13;    2106.66;    1091.21;    2081.01;    1089.49;    2080.22;    1101.42;       10;    0.80;   move
  2947;    2425.56;    1098.37;    2425.67;    1085.48;    2399.19;    1085.25;    2399.08;    1098.15;       10;    0.80;   stop
   365;    1985.69;     504.58;    1998.40;     503.91;    1997.00;     477.54;    1984.29;     478.22;       10;    0.80;   stop
 10992;    1867.24;     757.51;    1882.10;     757.34;    1881.73;     725.24;    1866.87;     725.41;       10;    0.80;   stop
 10100;    1882.27;     833.61;    1882.74;     806.88;    1868.95;     806.64;    1868.48;     833.37;       10;    0.80;   stop
    84;     974.37;    1066.01;    1000.14;    1065.71;    1000.00;    1053.49;     974.23;    1053.79;       10;    0.80;   stop
    36;    1324.66;    1073.17;    1352.00;    1072.57;    1351.72;    1059.83;    1324.37;    1060.43;       10;    0.80;   stop
 12579;     848.33;    1153.19;     872.05;    1152.69;     871.80;    1140.69;     848.07;    1141.19;       10;    0.80;   move
 11894;    1994.79;    1463.63;    1995.19;    1434.57;    1980.96;    1434.37;    1980.56;    1463.43;       10;    0.80;   stop
 12899;    3451.08;    1307.97;    3454.10;    1292.35;    3421.74;    1286.09;    3418.72;    1301.71;       10;    0.80;   stop
   114;    1989.76;     794.01;    2002.36;     793.69;    2001.74;     769.74;    1989.14;     770.06;       10;    0.80;   stop
  6112;    1468.20;    1091.66;    1468.50;    1080.28;    1442.17;    1079.59;    1441.88;    1090.97;       10;    0.80;   move
   242;    1871.11;     992.63;    1884.20;     987.26;    1873.64;     961.50;    1860.55;     966.87;       10;    0.80;   stop
    49;    2745.88;    1235.91;    2747.22;    1223.85;    2722.37;    1221.09;    2721.03;    1233.15;       10;    0.80;   stop
    11;    3015.80;    1686.76;    3026.63;    1661.81;    3014.95;    1656.74;    3004.12;    1681.69;       10;    0.80;   stop
  5451;    1940.05;     366.22;    1940.22;     338.12;    1925.45;     338.03;    1925.28;     366.13;       10;    0.80;   move
  6600;    1936.26;     668.98;    1950.09;     668.62;    1949.40;     641.65;    1935.56;     642.00;       10;    0.80;   move
   224;     900.62;    1062.77;     901.05;    1050.85;     876.88;    1049.98;     876.45;    1061.90;       10;    0.80;   stop
  7858;    2076.86;    1143.09;    2077.11;    1129.89;    2051.89;    1129.41;    2051.64;    1142.61;       10;    0.80;   move
   200;    1383.67;    1190.78;    1384.03;    1173.77;    1341.08;    1172.85;    1340.72;    1189.85;        9;    0.80;   stop
   144;    2438.19;    1350.93;    2438.37;    1337.06;    2410.18;    1336.69;    2410.00;    1350.56;       10;    0.80;   stop
   121;     888.56;    1587.21;     889.16;    1575.24;     865.03;    1574.04;     864.44;    1586.01;       10;    0.80;   stop
  7766;    2015.77;    1119.38;    2015.93;    1107.34;    1989.42;    1106.99;    1989.26;    1119.03;       10;    0.80;   move
  5535;    1941.23;     407.58;    1955.71;     407.07;    1954.55;     374.29;    1940.07;     374.80;       10;    0.80;   move
 11252;    1879.94;     665.42;    1880.05;     637.38;    1867.34;     637.33;    1867.23;     665.37;       10;    0.80;   stop
 11181;    1868.41;     706.11;    1882.44;     705.64;    1881.40;     674.27;    1867.37;     674.73;       10;    0.80;   stop
   137;    1729.43;    1082.63;    1730.12;    1069.75;    1704.07;    1068.37;    1703.38;    1081.25;       10;    0.80;   stop
  6946;    2011.26;    1363.05;    2011.28;    1334.71;    1998.24;    1334.70;    1998.22;    1363.04;       10;    0.80;   stop
  4248;    1897.53;    1099.86;    1897.67;    1086.31;    1869.72;    1086.01;    1869.58;    1099.56;       10;    0.80;   move
 10971;    2689.74;    1133.05;    2691.35;    1118.19;    2659.26;    1114.70;    2657.65;    1129.56;       10;    0.80;   move
   192;    3031.30;    1517.22;    3043.08;    1492.26;    3030.95;    1486.53;    3019.17;    1511.49;       10;    0.80;   stop
   105;    2457.25;    1520.85;    2457.72;    1494.38;    2445.12;    1494.15;    2444.65;    1520.62;       10;    0.80;   stop
 10333;    1886.44;     799.45;    1886.65;     768.90;    1873.31;     768.80;    1873.10;     799.35;       10;    0.80;   stop
    82;    1974.95;     112.47;    1987.92;     112.26;    1987.48;      84.97;    1974.51;      85.18;       10;    0.80;   stop
  9896;    1887.39;     842.93;    1901.12;     842.71;    1900.67;     815.32;    1886.95;     815.54;       10;    0.80;   stop
   120;    1447.60;    1074.77;    1447.73;    1063.00;    1422.27;    1062.73;    1422.15;    1074.50;       10;    0.80;   stop
 12340;    1191.79;    1146.63;    1218.54;    1146.60;    1218.53;    1133.75;    1191.77;    1133.78;       10;    0.80;   move
 13092;    3017.74;    1186.00;    3020.40;    1173.28;    2992.76;    1167.50;    2990.10;    1180.22;       10;    0.80;   move
  6540;    2012.40;    1298.11;    2013.30;    1269.52;    2001.22;    1269.14;    2000.32;    1297.73;       10;    0.80;   stop
    45;    1849.37;     182.21;    1849.66;     153.19;    1835.00;     153.04;    1834.71;     182.06;       10;    0.80;   stop
   217;    1984.18;     472.13;    1996.87;     471.84;    1996.26;     444.74;    1983.57;     445.03;       10;    0.80;   stop
  4985;    1994.50;    1351.73;    1994.60;    1321.32;    1981.25;    1321.27;    1981.15;    1351.68;       10;    0.80;   stop
   361;    2414.00;    1215.25;    2441.28;    1214.96;    2441.13;    1201.25;    2413.85;    1201.54;       10;    0.80;   stop
   110;    2508.32;    1325.80;    2509.06;    1313.88;    2484.06;    1312.33;    2483.32;    1324.24;       10;    0.80;   stop
    53;    1442.46;      67.74;    1442.74;      53.75;    1415.04;      53.20;    1414.76;      67.19;       10;    0.79;   stop
   154;    1987.33;     557.23;    1987.92;     526.39;    1974.92;     526.14;    1974.33;     556.98;       10;    0.79;   stop
 10305;    1908.53;     767.50;    1921.95;     767.05;    1920.97;     737.75;    1907.55;     738.20;       10;    0.79;   stop
 11188;    1713.30;    1157.75;    1713.71;    1143.73;    1684.20;    1142.87;    1683.79;    1156.89;       10;    0.79;   stop
    47;    1203.86;    1183.93;    1203.86;    1170.70;    1178.33;    1170.70;    1178.33;    1183.93;       10;    0.79;   stop
 10520;    1907.47;     728.99;    1921.48;     728.21;    1919.78;     697.51;    1905.77;     698.29;       10;    0.79;   stop
 10704;    1904.17;     803.51;    1904.25;     770.40;    1889.33;     770.36;    1889.25;     803.48;       10;    0.79;   stop
   247;    1850.58;     867.67;    1859.04;     841.66;    1847.29;     837.83;    1838.83;     863.84;       10;    0.79;   stop
   147;    1836.00;     283.47;    1836.29;     258.92;    1824.09;     258.78;    1823.81;     283.33;       10;    0.79;   stop
   116;    1847.85;     620.71;    1859.46;     620.35;    1858.65;     594.29;    1847.04;     594.65;       10;    0.79;   stop
   117;     521.05;    1053.64;     521.06;    1041.69;     496.13;    1041.67;     496.12;    1053.62;       10;    0.79;   stop
 10935;    1796.45;    1178.54;    1796.64;    1166.35;    1770.69;    1165.96;    1770.51;    1178.15;       10;    0.79;   stop
    59;    2715.54;    1233.00;    2716.86;    1220.31;    2687.46;    1217.25;    2686.14;    1229.94;       10;    0.79;   stop
  5941;    1945.55;     573.29;    1960.03;     573.19;    1959.80;     539.34;    1945.31;     539.44;       10;    0.79;   move
   108;    1695.41;    1080.25;    1695.95;    1068.44;    1672.84;    1067.37;    1672.30;    1079.19;       10;    0.79;   stop
 11337;    1866.63;     630.36;    1879.07;     630.07;    1878.40;     601.51;    1865.96;     601.80;       10;    0.79;   stop
 13521;    1417.84;    1133.05;    1443.27;    1132.55;    1443.03;    1120.33;    1417.60;    1120.82;       10;    0.79;   stop
    95;    1234.91;    1184.94;    1235.23;    1172.65;    1206.90;    1171.93;    1206.59;    1184.22;       10;    0.79;   stop
   296;    2461.98;    1097.66;    2462.05;    1086.12;    2438.15;    1085.97;    2438.07;    1097.51;       10;    0.79;   stop
   201;    2476.52;    1216.07;    2476.98;    1203.61;    2451.73;    1202.68;    2451.27;    1215.14;       10;    0.79;   stop
   189;    2539.95;    1219.13;    2540.17;    1206.83;    2514.30;    1206.37;    2514.08;    1218.67;       10;    0.79;   stop
   123;    3402.89;    1010.12;    3403.73;     997.97;    3377.11;     996.13;    3376.27;    1008.28;       10;    0.79;   stop
 13625;    3583.77;    1326.17;    3587.84;    1313.42;    3559.04;    1304.22;    3554.97;    1316.97;       10;    0.79;   move
    74;    1480.83;      67.25;    1481.00;      54.08;    1450.92;      53.69;    1450.75;      66.86;       10;    0.79;   stop
 11081;    1905.38;     690.23;    1918.29;     688.79;    1915.31;     662.02;    1902.40;     663.46;       10;    0.79;   stop
   184;    1177.35;    1069.62;    1177.62;    1057.19;    1151.40;    1056.63;    1151.13;    1069.06;       10;    0.79;   stop
   156;    2129.11;    1203.81;    2129.56;    1192.27;    2105.39;    1191.32;    2104.94;    1202.86;       10;    0.79;   stop
   130;    1906.50;    1675.35;    1907.03;    1662.50;    1880.44;    1661.40;    1879.91;    1674.25;       10;    0.79;   stop
  7143;    1837.26;    2098.42;    1851.39;    2070.39;    1838.87;    2064.08;    1824.73;    2092.11;       10;    0.79;   stop
    81;    2705.45;    1951.45;    2730.32;    1942.26;    2725.37;    1928.86;    2700.50;    1938.05;       10;    0.79;   stop
    71;    2903.24;    1144.97;    2905.96;    1132.54;    2878.80;    1126.60;    2876.08;    1139.02;       10;    0.79;   stop
   161;    1987.18;    1847.69;    1993.74;    1818.03;    1981.45;    1815.31;    1974.88;    1844.97;       10;    0.79;   stop
  7191;    1862.34;    2056.16;    1875.26;    2029.80;    1863.85;    2024.21;    1850.93;    2050.57;       10;    0.79;   stop
 10051;    1909.40;     849.73;    1923.32;     849.23;    1922.35;     822.02;    1908.43;     822.52;       10;    0.79;   stop
   380;     310.06;    1148.13;     333.17;    1147.94;     333.07;    1134.68;     309.95;    1134.87;       10;    0.79;   stop
    67;    2465.06;    1395.78;    2465.84;    1368.75;    2451.94;    1368.35;    2451.16;    1395.37;       10;    0.79;   stop
 12782;    3190.38;    1136.07;    3194.06;    1109.17;    3180.87;    1107.36;    3177.19;    1134.27;       10;    0.79;   stop
    99;    2828.54;    1902.32;    2853.72;    1884.24;    2844.97;    1872.06;    2819.79;    1890.13;       10;    0.79;   stop
 12252;    1864.05;     540.67;    1877.76;     540.64;    1877.70;     515.70;    1863.99;     515.73;       10;    0.79;   stop
 11207;    1889.82;     713.42;    1901.62;     713.33;    1901.43;     687.21;    1889.63;     687.30;       10;    0.79;   stop
   248;    2657.96;    1113.19;    2659.28;    1100.13;    2632.54;    1097.43;    2631.22;    1110.50;       10;    0.79;   stop
   323;    2804.59;    1245.78;    2807.25;    1230.53;    2773.91;    1224.72;    2771.25;    1239.97;        9;    0.79;   stop
   139;    2875.91;    1258.95;    2878.44;    1246.22;    2851.09;    1240.80;    2848.56;    1253.53;       10;    0.79;   stop
   212;    2946.59;    1273.06;    2948.67;    1260.25;    2922.16;    1255.94;    2920.08;    1268.75;       10;    0.79;   stop
   191;    2822.82;    1376.98;    2827.02;    1363.32;    2798.43;    1354.52;    2794.23;    1368.18;       10;    0.79;   stop
 11085;    2347.37;    1131.72;    2348.04;    1117.50;    2316.50;    1116.03;    2315.84;    1130.25;       10;    0.79;   move
   135;    2736.12;    1938.33;    2763.17;    1926.99;    2757.27;    1912.92;    2730.23;    1924.26;       10;    0.79;   stop
   222;    1971.94;     402.05;    1985.33;     401.27;    1983.56;     370.83;    1970.17;     371.60;       10;    0.78;   stop
   290;    1825.61;     311.15;    1836.61;     310.52;    1835.33;     287.92;    1824.32;     288.54;       10;    0.78;   stop
   355;    1855.92;     315.62;    1870.07;     315.05;    1868.87;     285.13;    1854.71;     285.70;       10;    0.78;   move
   104;     758.09;    1615.35;     758.82;    1603.57;     735.59;    1602.15;     734.86;    1613.93;       10;    0.78;   stop
  9255;    1868.82;     949.32;    1883.54;     949.04;    1882.96;     918.18;    1868.24;     918.46;       10;    0.78;   stop
   141;    1875.15;    1985.66;    1885.33;    1965.91;    1875.51;    1960.84;    1865.32;    1980.59;       10;    0.78;   stop
   169;    2796.07;    1912.86;    2821.14;    1900.58;    2814.87;    1887.76;    2789.79;    1900.05;       10;    0.78;   stop
   276;    1974.95;     150.01;    1988.51;     149.53;    1987.49;     120.55;    1973.93;     121.03;       10;    0.78;   stop
 13654;    1876.48;     275.89;    1889.74;     275.41;    1888.80;     249.48;    1875.54;     249.97;       10;    0.78;   move
    41;    1756.53;     653.40;    1758.00;     640.20;    1728.91;     636.97;    1727.44;     650.17;       10;    0.78;   stop
  7845;    1940.23;     813.99;    1953.42;     813.83;    1953.02;     782.38;    1939.83;     782.55;       10;    0.78;   move
   100;    1989.38;     900.23;    2003.18;     898.53;    1999.87;     871.65;    1986.07;     873.35;       10;    0.78;   stop
    85;    1063.22;    1065.57;    1063.33;    1054.16;    1040.53;    1053.93;    1040.42;    1065.34;       10;    0.78;   stop
   159;    1955.40;    1103.75;    1955.89;    1090.98;    1930.54;    1090.00;    1930.05;    1102.77;       10;    0.78;   move
 11216;    3134.67;    1384.29;    3145.81;    1358.56;    3133.46;    1353.21;    3122.31;    1378.94;       10;    0.78;   stop
  4946;    1940.79;     233.17;    1955.52;     231.91;    1952.74;     199.39;    1938.01;     200.65;       10;    0.78;   move
   357;    1227.76;    1069.23;    1228.10;    1056.67;    1199.42;    1055.90;    1199.09;    1068.46;       10;    0.78;   stop
    69;     746.83;    1225.07;     747.19;    1212.40;     721.89;    1211.68;     721.53;    1224.35;       10;    0.78;   stop
   145;    3258.19;    1061.26;    3274.18;    1037.92;    3263.06;    1030.30;    3247.07;    1053.65;       10;    0.78;   stop
 13768;    1857.51;      93.90;    1870.87;      93.84;    1870.74;      64.16;    1857.38;      64.23;       10;    0.78;   move
    42;     744.99;    1060.37;     745.06;    1048.22;     720.32;    1048.07;     720.25;    1060.21;       10;    0.78;   stop
   434;    1260.29;    1069.52;    1260.79;    1057.72;    1237.21;    1056.73;    1236.71;    1068.53;       10;    0.78;   stop
   165;    2016.93;    1595.75;    2018.63;    1566.23;    2006.07;    1565.50;    2004.37;    1595.02;       10;    0.78;   stop
   133;    2131.45;    1347.48;    2158.11;    1345.30;    2157.05;    1332.27;    2130.39;    1334.45;       10;    0.78;   stop
  5147;    1981.69;    1390.67;    1994.73;    1390.36;    1994.06;    1362.21;    1981.02;    1362.52;       10;    0.78;   stop
 11213;    2457.80;    1134.31;    2457.90;    1120.40;    2427.70;    1120.19;    2427.60;    1134.10;       10;    0.78;   move
   158;    3041.54;    1534.81;    3050.23;    1511.48;    3038.71;    1507.19;    3030.02;    1530.52;       10;    0.78;   stop
    72;     801.16;    1616.81;     801.63;    1604.37;     778.53;    1603.50;     778.06;    1615.94;       10;    0.78;   stop
   209;    1833.41;     581.51;    1847.79;     581.41;    1847.59;     553.61;    1833.21;     553.72;       10;    0.78;   stop
   182;    1968.12;     318.79;    1979.44;     317.40;    1976.32;     292.08;    1965.00;     293.48;       10;    0.78;   stop
  9653;    1867.64;     912.91;    1881.34;     912.06;    1879.36;     880.34;    1865.66;     881.19;       10;    0.78;   stop
   112;    2481.09;    1573.89;    2481.35;    1549.23;    2469.66;    1549.11;    2469.40;    1573.77;       10;    0.78;   stop
 10196;    1890.45;     754.53;    1903.16;     754.48;    1903.05;     727.09;    1890.34;     727.15;       10;    0.78;   stop
   299;    1821.95;     151.00;    1834.87;     150.40;    1833.65;     124.06;    1820.72;     124.66;       10;    0.78;   stop
 12934;    1979.80;     661.50;    1988.15;     652.34;    1968.57;     634.50;    1960.23;     643.66;       10;    0.78;   stop
  9788;    1880.18;     874.14;    1880.72;     847.36;    1867.94;     847.11;    1867.41;     873.89;       10;    0.78;   stop
   128;     713.40;    1059.15;     713.60;    1046.92;     687.23;    1046.47;     687.02;    1058.70;       10;    0.78;   stop
   146;     638.01;    1572.99;     638.39;    1560.98;     611.68;    1560.14;     611.30;    1572.15;       10;    0.78;   stop
 11451;    1719.00;    1176.64;    1719.69;    1162.38;    1693.32;    1161.11;    1692.63;    1175.37;       10;    0.78;   stop
   206;    2870.11;    1870.91;    2891.06;    1856.92;    2883.33;    1845.34;    2862.37;    1859.33;       10;    0.78;   stop
  6877;    1241.42;    1096.16;    1241.90;    1083.95;    1216.71;    1082.97;    1216.23;    1095.17;       10;    0.77;   move
   226;     833.14;    1167.34;     833.26;    1154.91;     808.09;    1154.66;     807.97;    1167.09;       10;    0.77;   stop
  9917;    2229.63;    1107.96;    2229.70;    1096.06;    2205.87;    1095.92;    2205.80;    1107.81;       10;    0.77;   move
   444;    2171.48;    1205.52;    2171.64;    1193.29;    2147.58;    1192.98;    2147.42;    1205.21;       10;    0.77;   stop
  7510;    1930.59;    1887.90;    1939.83;    1860.22;    1927.50;    1856.10;    1918.27;    1883.78;       10;    0.77;   stop
 11524;    1883.87;     560.30;    1897.59;     559.79;    1896.60;     533.20;    1882.88;     533.71;       10;    0.77;   stop
 11457;    3363.12;    1284.52;    3366.38;    1271.75;    3338.13;    1264.54;    3334.87;    1277.31;       10;    0.77;   stop
    97;    3368.21;    1006.65;    3371.03;     992.93;    3339.60;     986.48;    3336.79;    1000.20;       10;    0.77;   stop
   301;     429.50;    1051.92;     453.23;    1051.79;     453.16;    1039.64;     429.43;    1039.77;       10;    0.77;   stop
 13672;    1357.37;    1135.68;    1389.24;    1134.62;    1388.75;    1119.95;    1356.88;    1121.01;       10;    0.77;   move
   190;    1915.16;    1246.73;    1926.86;    1245.23;    1923.53;    1219.27;    1911.83;    1220.77;       10;    0.77;   stop
   418;    3239.17;    1095.05;    3256.96;    1064.19;    3243.65;    1056.51;    3225.85;    1087.38;       10;    0.77;   stop
   308;    1964.30;    1920.99;    1973.81;    1893.63;    1961.58;    1889.38;    1952.07;    1916.74;       10;    0.77;   stop
    12;    2952.70;    1674.16;    2962.46;    1646.39;    2949.34;    1641.77;    2939.57;    1669.55;       10;    0.77;   stop
   197;    2898.55;    1856.07;    2923.77;    1833.41;    2911.60;    1819.87;    2886.39;    1842.52;        9;    0.77;   stop
 13150;     773.73;    1065.91;     779.70;    1040.69;     767.66;    1037.84;     761.69;    1063.06;       10;    0.77;   stop
   441;    1920.36;    1279.26;    1932.99;    1277.63;    1929.39;    1249.74;    1916.76;    1251.37;       10;    0.77;   stop
 10873;    2350.54;    1186.59;    2351.13;    1172.74;    2320.09;    1171.41;    2319.49;    1185.26;       10;    0.77;   move
 13395;    3169.82;    1100.84;    3183.47;    1100.49;    3182.68;    1070.41;    3169.03;    1070.76;       10;    0.77;   stop
   286;    3227.40;    1027.13;    3249.31;    1009.81;    3241.35;     999.75;    3219.44;    1017.06;       10;    0.77;   stop
  9173;    1911.93;    1943.55;    1920.13;    1917.68;    1908.75;    1914.07;    1900.56;    1939.95;       10;    0.77;   move
   317;     649.22;    1058.15;     649.36;    1044.97;     621.09;    1044.67;     620.95;    1057.84;       10;    0.77;   stop
 12521;     997.39;    1138.81;     997.93;    1125.93;     968.55;    1124.69;     968.01;    1137.57;       10;    0.77;   move
   241;    1146.02;    1179.82;    1147.35;    1166.27;    1119.73;    1163.55;    1118.40;    1177.10;       10;    0.77;   stop
   631;    1950.20;    1531.01;    1960.65;    1530.66;    1959.92;    1508.74;    1949.47;    1509.09;       10;    0.77;   stop
   330;    3143.69;    1424.98;    3155.12;    1399.96;    3142.25;    1394.08;    3130.82;    1419.10;       10;    0.77;   stop
   142;    2680.53;    2047.90;    2692.11;    2042.61;    2680.04;    2016.16;    2668.46;    2021.45;       10;    0.77;   stop
  4938;    1994.92;    1316.42;    1995.02;    1283.50;    1980.83;    1283.45;    1980.73;    1316.38;       10;    0.77;   stop
    78;    2595.70;    1220.61;    2596.55;    1208.80;    2573.30;    1207.14;    2572.45;    1218.95;       10;    0.77;   stop
   180;    1409.45;      67.88;    1409.82;      54.46;    1379.42;      53.62;    1379.05;      67.04;       10;    0.77;   stop
    52;     496.68;    1601.09;     497.47;    1588.08;     469.88;    1586.41;     469.09;    1599.42;       10;    0.77;   stop
   214;    3255.23;    1004.51;    3273.49;     985.31;    3264.15;     976.43;    3245.89;     995.63;       10;    0.77;   stop
 10156;    1907.82;     812.77;    1922.77;     812.28;    1921.68;     779.11;    1906.73;     779.60;       10;    0.76;   stop
   203;     617.64;    1608.40;     618.63;    1594.30;     588.92;    1592.22;     587.93;    1606.32;       10;    0.76;   stop
   107;    1521.98;    1076.93;    1522.67;    1064.19;    1497.52;    1062.82;    1496.83;    1075.56;       10;    0.76;   stop
  7670;    1604.45;    1096.65;    1604.91;    1084.52;    1580.42;    1083.60;    1579.97;    1095.73;       10;    0.76;   move
   124;     828.60;    1617.34;     829.23;    1605.88;     806.87;    1604.66;     806.24;    1616.12;       10;    0.76;   stop
 12972;    3324.90;     993.83;    3335.36;     967.03;    3321.97;     961.80;    3311.51;     988.60;       10;    0.76;   move
   223;    1966.52;     200.16;    1978.45;     198.86;    1975.48;     171.65;    1963.55;     172.96;       10;    0.76;   stop
  4209;     314.07;    1084.99;     339.15;    1084.52;     338.90;    1071.26;     313.82;    1071.73;       10;    0.76;   move
   367;    2696.77;    1358.59;    2697.01;    1346.42;    2671.35;    1345.91;    2671.11;    1358.08;       10;    0.76;   stop
 13706;    3409.92;     797.31;    3423.98;     765.92;    3409.46;     759.41;    3395.40;     790.80;       10;    0.76;   move
 10380;    1913.98;     893.10;    1926.93;     892.50;    1925.56;     863.02;    1912.61;     863.62;       10;    0.76;   stop
  6658;     575.56;    1089.36;     575.91;    1074.15;     545.69;    1073.45;     545.34;    1088.67;       10;    0.76;   move
   149;     599.74;    1573.19;     600.53;    1559.71;     572.13;    1558.05;     571.34;    1571.54;       10;    0.76;   stop
  9836;    2279.90;    1112.16;    2303.10;    1111.91;    2302.97;    1099.59;    2279.77;    1099.84;       10;    0.76;   move
 10727;    2593.90;    1123.54;    2594.90;    1110.58;    2567.22;    1108.46;    2566.23;    1121.42;       10;    0.76;   move
    63;    1224.32;    1817.97;    1224.47;    1795.61;    1213.56;    1795.53;    1213.40;    1817.89;       10;    0.76;   stop
  9207;    2945.63;    1720.01;    2959.60;    1696.99;    2947.87;    1689.87;    2933.90;    1712.89;       10;    0.76;   move
   274;     727.13;    1612.99;     727.79;    1600.19;     702.56;    1598.89;     701.90;    1611.69;       10;    0.76;   stop
 12666;    2634.56;     633.53;    2661.05;     632.20;    2660.44;     620.00;    2633.95;     621.33;       10;    0.76;   stop
  9586;    1896.85;     974.64;    1910.31;     974.27;    1909.50;     944.61;    1896.04;     944.98;       10;    0.76;   stop
   337;    2433.73;    1322.45;    2460.97;    1322.04;    2460.77;    1308.92;    2433.53;    1309.33;       10;    0.76;   stop
   238;    2779.80;    1364.19;    2781.28;    1351.13;    2753.56;    1347.99;    2752.08;    1361.06;       10;    0.76;   stop
   179;    2669.23;    1329.60;    2669.98;    1317.15;    2643.38;    1315.56;    2642.63;    1328.00;       10;    0.76;   stop
   378;    2369.43;    1349.49;    2395.92;    1349.04;    2395.69;    1335.88;    2369.21;    1336.34;       10;    0.76;   stop
 10504;    3767.61;    1430.63;    3771.20;    1418.62;    3745.52;    1410.93;    3741.92;    1422.94;       10;    0.76;   move
  8429;    1885.35;    2004.26;    1896.78;    1979.26;    1884.71;    1973.74;    1873.28;    1998.74;       10;    0.76;   move
  9998;    1975.27;     713.54;    1986.05;     711.83;    1982.48;     689.33;    1971.70;     691.05;       10;    0.76;   stop
  9410;    1893.56;     895.96;    1907.59;     894.75;    1904.91;     863.54;    1890.88;     864.75;       10;    0.76;   stop
   177;    1225.11;    1790.39;    1225.87;    1764.97;    1213.89;    1764.61;    1213.13;    1790.03;       10;    0.76;   stop
   205;    2692.53;    2078.65;    2704.49;    2073.38;    2692.59;    2046.35;    2680.63;    2051.62;       10;    0.76;   stop
   325;     999.91;     679.80;    1001.14;     665.95;     973.06;     663.45;     971.82;     677.30;       10;    0.75;   stop
   255;    1837.70;     794.32;    1850.48;     794.11;    1850.05;     768.31;    1837.27;     768.52;       10;    0.75;   stop
   291;    1974.55;      80.96;    1986.99;      80.57;    1986.20;      55.17;    1973.76;      55.55;       10;    0.75;   stop
 11587;    1866.05;     571.92;    1878.41;     571.37;    1877.30;     546.33;    1864.93;     546.88;       10;    0.75;   stop
   452;     172.52;    1144.36;     198.33;    1141.87;     197.09;    1129.08;     171.28;    1131.57;       10;    0.75;   stop
   111;    3026.29;    1568.14;    3035.82;    1546.18;    3024.71;    1541.36;    3015.18;    1563.32;       10;    0.75;   stop
   348;    3494.69;    1007.56;    3522.83;    1006.84;    3522.50;     994.00;    3494.36;     994.72;       10;    0.75;   stop
   243;     801.72;    1936.85;     814.34;    1936.72;     814.06;    1909.53;     801.44;    1909.66;       10;    0.75;   stop
   311;    1475.51;    1076.36;    1475.94;    1064.24;    1451.74;    1063.39;    1451.31;    1075.51;       10;    0.75;   stop
 13319;    3207.90;    1227.08;    3210.27;    1213.71;    3181.16;    1208.54;    3178.79;    1221.91;       10;    0.75;   move
   339;    1832.64;      60.29;    1832.66;      34.22;    1820.23;      34.21;    1820.21;      60.28;       10;    0.75;   stop
   401;     143.95;    1143.55;     170.75;    1142.36;     170.11;    1128.01;     143.31;    1129.20;       10;    0.75;   stop
   305;    2552.93;    1044.32;    2553.34;    1020.25;    2541.82;    1020.05;    2541.41;    1044.13;       10;    0.75;   stop
    31;    1821.52;    2074.53;    1833.63;    2049.63;    1822.26;    2044.10;    1810.15;    2069.00;       10;    0.75;   stop
   239;    1977.40;     184.05;    1989.94;     182.88;    1987.29;     154.58;    1974.75;     155.75;       10;    0.75;   stop
   347;    1994.03;     863.82;    2006.18;     863.50;    2005.53;     839.43;    1993.39;     839.75;       10;    0.75;   stop
  9923;    1915.28;     985.31;    1928.10;     985.12;    1927.72;     959.81;    1914.90;     960.00;       10;    0.75;   stop
   260;    2329.95;    1212.49;    2330.33;    1199.18;    2302.43;    1198.39;    2302.05;    1211.70;       10;    0.75;   stop
 12956;    3190.20;    1103.67;    3204.46;    1102.78;    3202.61;    1073.20;    3188.35;    1074.10;       10;    0.75;   stop
    35;    1880.50;    1962.26;    1892.50;    1938.34;    1880.84;    1932.49;    1868.85;    1956.41;       10;    0.75;   stop
 11394;    1893.57;     598.34;    1905.24;     597.93;    1904.43;     575.04;    1892.76;     575.45;       10;    0.75;   stop
   364;    1831.93;     403.26;    1843.70;     402.82;    1842.78;     378.61;    1831.02;     379.06;       10;    0.75;   stop
   178;    2766.69;    1926.33;    2794.50;    1913.70;    2788.19;    1899.80;    2760.37;    1912.43;       10;    0.75;   stop
  9417;    2166.33;    2120.75;    2173.52;    2108.37;    2145.98;    2092.37;    2138.79;    2104.75;       10;    0.75;   stop
  5247;    1997.40;    1251.10;    2012.09;    1249.61;    2008.92;    1218.27;    1994.22;    1219.76;       10;    0.75;   stop
 13689;    3130.87;     641.68;    3147.35;     640.24;    3144.75;     610.59;    3128.28;     612.03;       10;    0.75;   stop
    91;     855.38;    1619.08;     856.08;    1606.22;     833.05;    1604.98;     832.36;    1617.84;       10;    0.75;   stop
    73;    1754.45;    1633.59;    1755.49;    1620.92;    1729.51;    1618.79;    1728.47;    1631.45;       10;    0.75;   stop
   267;     554.40;    1569.18;     554.66;    1557.01;     528.41;    1556.45;     528.15;    1568.61;       10;    0.75;   stop
   210;    2100.95;    1203.10;    2101.34;    1191.63;    2079.55;    1190.90;    2079.16;    1202.37;       10;    0.75;   stop
 13213;    3190.52;    1067.99;    3200.98;    1060.81;    3186.35;    1039.51;    3175.90;    1046.69;       10;    0.75;   stop
 11313;    3305.00;    1270.15;    3308.77;    1256.74;    3280.93;    1248.91;    3277.17;    1262.33;       10;    0.75;   stop
   253;    2471.47;    1698.51;    2474.90;    1666.70;    2461.28;    1665.24;    2457.85;    1697.05;       10;    0.75;   stop
 10197;    2711.26;    2120.53;    2725.06;    2113.45;    2709.74;    2083.60;    2695.94;    2090.67;       10;    0.75;   stop
   292;    1829.89;     372.74;    1842.43;     371.47;    1839.86;     346.13;    1827.32;     347.40;       10;    0.74;   stop
   580;    2140.04;     649.11;    2165.97;     648.18;    2165.52;     635.64;    2139.59;     636.57;       10;    0.74;   stop
   155;    1047.05;     684.22;    1048.52;     671.25;    1022.95;     668.36;    1021.48;     681.33;       10;    0.74;   stop
   341;    1441.00;    1190.94;    1464.27;    1189.99;    1463.75;    1177.19;    1440.48;    1178.13;       10;    0.74;   stop
   152;    1849.54;    2015.21;    1862.08;    1987.23;    1850.21;    1981.91;    1837.67;    2009.89;       10;    0.74;   stop
  6480;    1811.98;    2146.39;    1824.35;    2121.84;    1813.24;    2116.24;    1800.86;    2140.78;       10;    0.74;   stop
   265;    2548.47;    1078.19;    2560.60;    1075.76;    2555.28;    1049.18;    2543.15;    1051.61;       10;    0.74;   stop
 11807;    2509.81;    1138.93;    2510.90;    1124.65;    2480.31;    1122.32;    2479.23;    1136.60;       10;    0.74;   move
 12461;    3402.44;    1296.79;    3405.92;    1282.70;    3377.56;    1275.71;    3374.08;    1289.80;       10;    0.74;   stop
 12779;    3106.98;    1425.47;    3117.61;    1401.68;    3105.83;    1396.41;    3095.20;    1420.20;       10;    0.74;   stop
   113;    1679.55;     644.89;    1680.42;     632.76;    1653.82;     630.86;    1652.95;     642.99;       10;    0.74;   stop
   404;    1933.17;    1434.24;    1948.09;    1432.49;    1943.58;    1394.01;    1928.66;    1395.76;        9;    0.74;   stop
   250;    2492.14;    1412.08;    2493.76;    1385.43;    2481.11;    1384.67;    2479.49;    1411.32;       10;    0.74;   stop
   119;     777.33;    1198.60;     777.90;    1183.86;     747.05;    1182.65;     746.47;    1197.39;       10;    0.74;   stop
   423;     983.60;    1177.97;     984.85;    1167.81;     965.18;    1165.40;     963.94;    1175.56;       10;    0.74;   stop
    46;     775.87;    1211.35;     776.15;    1199.02;     749.21;    1198.40;     748.93;    1210.73;       10;    0.74;   stop
  9691;    2313.69;    2119.57;    2342.54;    2107.11;    2336.69;    2093.55;    2307.83;    2106.02;       10;    0.74;   stop
   344;    2468.57;    1732.24;    2470.73;    1706.79;    2458.55;    1705.76;    2456.40;    1731.21;       10;    0.74;   stop
   327;     380.69;    1047.55;     381.52;    1034.47;     354.31;    1032.76;     353.48;    1045.84;       10;    0.74;   stop
  4731;    1981.93;    1274.52;    1994.35;    1274.27;    1993.82;    1248.85;    1981.40;    1249.11;       10;    0.74;   stop
   283;    2437.73;    1767.71;    2439.60;    1739.79;    2426.39;    1738.91;    2424.53;    1766.83;       10;    0.74;   stop
   263;     873.71;    1030.23;     874.13;    1002.85;     860.76;    1002.64;     860.34;    1030.03;       10;    0.73;   stop
   359;    3469.28;    1044.87;    3469.42;    1031.97;    3443.84;    1031.69;    3443.71;    1044.60;       10;    0.73;   stop
   581;    1381.44;    1069.53;    1382.30;    1058.42;    1360.18;    1056.72;    1359.33;    1067.83;       10;    0.73;   stop
   233;    1632.34;    1192.86;    1632.55;    1180.17;    1607.66;    1179.77;    1607.45;    1192.46;       10;    0.73;   stop
   175;    3191.49;    1039.81;    3219.18;    1031.26;    3215.38;    1018.94;    3187.69;    1027.49;       10;    0.73;   stop
   458;    2098.04;     255.24;    2123.47;     254.17;    2122.96;     242.01;    2097.53;     243.08;       10;    0.73;   stop
 12166;    1900.37;     643.08;    1912.84;     641.13;    1908.88;     615.79;    1896.41;     617.74;       10;    0.73;   stop
   280;    1836.92;     763.22;    1849.97;     762.53;    1848.58;     736.41;    1835.53;     737.10;       10;    0.73;   stop
   342;    2265.98;    1210.78;    2290.13;    1210.34;    2289.90;    1197.84;    2265.75;    1198.29;       10;    0.73;   stop
   417;    1867.02;    1340.80;    1877.44;    1340.53;    1876.88;    1318.70;    1866.46;    1318.97;       10;    0.73;   stop
   397;    3525.60;    1043.84;    3555.93;    1042.62;    3555.34;    1028.04;    3525.01;    1029.26;       10;    0.73;   stop
 11358;    1662.39;    1156.91;    1662.76;    1145.59;    1639.48;    1144.84;    1639.12;    1156.16;       10;    0.73;   stop
   294;    2597.72;     636.56;    2627.38;     634.37;    2626.41;     621.19;    2596.75;     623.38;       10;    0.73;   stop
   366;    2374.63;    1213.49;    2374.81;    1200.02;    2346.62;    1199.63;    2346.44;    1213.10;       10;    0.73;   stop
   462;    2099.86;    1350.37;    2127.27;    1346.34;    2125.27;    1332.76;    2097.86;    1336.79;       10;    0.73;   stop
   405;    3151.66;    1153.48;    3165.14;    1128.32;    3153.02;    1121.84;    3139.55;    1146.99;       10;    0.73;   stop
   419;    3097.13;    1511.30;    3106.23;    1487.76;    3094.12;    1483.08;    3085.02;    1506.62;       10;    0.73;   stop
   410;    2203.87;    1092.41;    2203.98;    1080.16;    2181.56;    1079.97;    2181.46;    1092.22;       10;    0.73;   stop
   244;    2467.26;    1774.66;    2468.61;    1744.94;    2455.37;    1744.34;    2454.02;    1774.06;       10;    0.73;   stop
   368;    3173.54;    1435.00;    3178.72;    1423.10;    3153.64;    1412.19;    3148.47;    1424.08;       10;    0.73;   stop
   400;    1102.76;     685.47;    1103.78;     672.53;    1073.55;     670.16;    1072.53;     683.10;       10;    0.72;   stop
  8543;    2128.19;    1313.15;    2128.77;    1301.45;    2103.68;    1300.22;    2103.11;    1311.92;       10;    0.72;   stop
   298;    3164.34;    1455.37;    3169.16;    1443.03;    3141.29;    1432.13;    3136.47;    1444.47;       10;    0.72;   stop
   252;    2004.08;    1626.44;    2005.26;    1599.46;    1993.23;    1598.94;    1992.05;    1625.91;       10;    0.72;   stop
 12487;    1604.56;    1077.37;    1604.84;    1065.19;    1580.31;    1064.63;    1580.03;    1076.81;       10;    0.72;   stop
   409;    2530.24;     746.59;    2542.87;     746.19;    2542.01;     719.29;    2529.38;     719.69;       10;    0.72;   stop
   509;     221.29;    1145.68;     247.21;    1144.79;     246.75;    1131.51;     220.84;    1132.39;       10;    0.72;   stop
   303;     585.24;    1606.24;     586.11;    1594.23;     562.26;    1592.51;     561.39;    1604.52;       10;    0.72;   stop
   455;    2340.61;    1095.50;    2340.94;    1083.17;    2315.39;    1082.50;    2315.06;    1094.83;       10;    0.72;   stop
   268;     886.87;    1621.18;     887.65;    1607.97;     861.94;    1606.45;     861.16;    1619.66;       10;    0.72;   stop
   535;     837.36;     996.89;     837.69;     984.94;     812.17;     984.24;     811.84;     996.18;       10;    0.72;   stop
   435;    1847.49;     991.96;    1859.99;     991.21;    1858.45;     965.54;    1845.95;     966.29;       10;    0.72;   stop
   791;    1953.18;    1618.53;    1954.76;    1572.58;    1937.07;    1571.97;    1935.49;    1617.92;        9;    0.72;   stop
   557;    1308.55;    1609.70;    1308.86;    1597.26;    1280.64;    1596.55;    1280.33;    1608.99;       10;    0.72;   stop
   416;    1403.80;    1189.51;    1431.02;    1187.60;    1430.07;    1174.11;    1402.86;    1176.03;       10;    0.71;   stop
   162;    1835.21;     211.18;    1835.96;     181.79;    1822.35;     181.45;    1821.60;     210.83;       10;    0.71;   stop
   395;    2072.69;     651.58;    2100.32;     651.16;    2100.12;     637.67;    2072.49;     638.09;       10;    0.71;   stop
   394;    1820.02;     120.68;    1833.66;     120.02;    1832.20;      89.70;    1818.56;      90.36;       10;    0.71;   stop
   295;    2678.66;     670.66;    2703.21;     670.17;    2702.97;     657.96;    2678.42;     658.45;       10;    0.71;   stop
   193;     383.32;    1561.61;     384.93;    1548.61;     357.77;    1545.26;     356.17;    1558.26;       10;    0.71;   stop
   488;    2685.85;     632.40;    2708.16;     632.37;    2708.15;     621.13;    2685.84;     621.16;       10;    0.71;   stop
   246;     783.60;    1223.19;     796.07;    1223.12;     795.90;    1195.56;     783.43;    1195.63;       10;    0.71;   stop
   318;      27.15;    1155.66;      31.11;    1143.78;       6.54;    1135.59;       2.58;    1147.47;       10;    0.71;   stop
 13619;     783.12;    1032.32;     787.53;    1006.07;     774.79;    1003.93;     770.38;    1030.18;       10;    0.71;   stop
   714;    1935.20;    1498.33;    1950.68;    1498.09;    1950.18;    1464.92;    1934.69;    1465.16;        9;    0.71;   stop
   168;    1831.90;    1670.81;    1833.39;    1657.86;    1805.69;    1654.69;    1804.21;    1667.64;       10;    0.71;   stop
 12194;    2276.19;    2082.15;    2281.89;    2069.40;    2256.06;    2057.85;    2250.36;    2070.60;       10;    0.71;   stop
   319;     693.40;    1196.24;     707.32;    1196.20;     707.23;    1170.01;     693.31;    1170.05;       10;    0.70;   stop
   166;     238.21;    1542.66;     239.41;    1531.35;     213.43;    1528.59;     212.23;    1539.90;       10;    0.70;   stop
   258;     776.71;    1227.53;     776.84;    1215.12;     750.48;    1214.84;     750.34;    1227.25;       10;    0.70;   stop
   437;    3260.48;    1094.81;    3273.19;    1073.29;    3262.64;    1067.06;    3249.94;    1088.59;       10;    0.70;   stop
   297;     816.76;    1937.94;     829.70;    1937.86;     829.54;    1911.81;     816.60;    1911.89;       10;    0.70;   stop
   385;    2457.24;    1906.82;    2459.25;    1877.52;    2445.13;    1876.55;    2443.13;    1905.86;       10;    0.70;   stop
   439;    1830.69;     239.61;    1831.80;     215.99;    1820.40;     215.46;    1819.30;     239.07;       10;    0.70;   stop
   381;     798.13;    1218.99;     810.87;    1218.67;     810.20;    1191.89;     797.46;    1192.21;       10;    0.70;   stop
   338;    3430.14;    1008.95;    3458.21;    1007.74;    3457.68;     995.43;    3429.61;     996.63;       10;    0.70;   stop
   306;    3280.36;     980.77;    3296.51;     956.22;    3284.95;     948.61;    3268.80;     973.16;       10;    0.70;   stop
   406;    2570.88;    1998.25;    2600.14;    1986.92;    2594.74;    1973.00;    2565.49;    1984.33;       10;    0.70;   stop
   334;     518.57;    1017.47;     533.66;    1016.82;     532.36;     986.90;     517.28;     987.56;       10;    0.70;   stop
   384;    3040.55;    1641.86;    3049.69;    1617.32;    3037.45;    1612.76;    3028.31;    1637.30;       10;    0.69;   stop
   429;    1928.19;    1808.68;    1933.79;    1781.80;    1920.06;    1778.94;    1914.46;    1805.82;       10;    0.69;   stop
   356;    1546.91;    1041.83;    1550.44;    1014.16;    1536.71;    1012.42;    1533.19;    1040.09;       10;    0.69;   stop
   324;     849.27;    1934.44;     862.44;    1934.05;     861.67;    1908.37;     848.50;    1908.76;       10;    0.69;   stop
   442;    2622.12;    1922.26;    2627.63;    1908.55;    2596.38;    1895.99;    2590.87;    1909.70;       10;    0.69;   stop
   225;     269.58;    1548.22;     271.35;    1536.21;     245.57;    1532.41;     243.80;    1544.41;       10;    0.69;   stop
   454;    1382.88;    1613.00;    1384.30;    1600.85;    1357.62;    1597.75;    1356.20;    1609.90;       10;    0.69;   stop
   371;    3220.56;    1125.38;    3234.70;    1099.79;    3221.94;    1092.74;    3207.80;    1118.33;       10;    0.69;   stop
   160;     387.93;    1722.63;     404.04;    1722.50;     403.79;    1691.74;     387.68;    1691.87;       10;    0.69;   stop
   524;    2536.36;     927.44;    2550.70;     927.35;    2550.52;     896.75;    2536.17;     896.84;       10;    0.69;   stop
   617;    2682.19;    1231.48;    2683.48;    1215.43;    2648.15;    1212.58;    2646.85;    1228.63;        9;    0.69;   stop
   388;     524.58;    1602.11;     525.25;    1590.35;     503.85;    1589.14;     503.19;    1600.90;       10;    0.69;   stop
   398;     670.96;    1575.54;     671.86;    1563.28;     645.29;    1561.33;     644.39;    1573.60;       10;    0.68;   stop
  9844;    1768.06;    1141.49;    1768.39;    1127.19;    1738.76;    1126.51;    1738.43;    1140.81;       10;    0.68;   stop
   251;    1223.44;    1849.72;    1224.54;    1823.94;    1212.19;    1823.41;    1211.08;    1849.19;       10;    0.68;   stop
   377;    1223.48;    2085.22;    1237.24;    2083.95;    1234.64;    2055.91;    1220.89;    2057.18;       10;    0.68;   stop
   349;    2463.18;    1806.32;    2464.42;    1780.75;    2452.70;    1780.18;    2451.46;    1805.75;       10;    0.68;   stop
   489;    2533.93;     792.09;    2546.33;     792.02;    2546.19;     766.60;    2533.80;     766.67;       10;    0.68;   stop
   492;    2535.23;     891.66;    2547.88;     891.32;    2547.15;     863.91;    2534.49;     864.25;       10;    0.68;   stop
   382;    2846.15;     627.52;    2872.91;     625.23;    2871.85;     612.79;    2845.09;     615.08;       10;    0.68;   stop
   494;    1388.31;    1646.87;    1388.57;    1634.15;    1363.44;    1633.63;    1363.18;    1646.35;       10;    0.68;   stop
   289;    2666.18;    2017.64;    2678.18;    2012.28;    2666.61;    1986.42;    2654.62;    1991.78;       10;    0.68;   stop
 13636;    2865.36;     221.92;    2894.14;     219.69;    2893.14;     206.71;    2864.36;     208.93;       10;    0.68;   stop
   484;    1908.34;    1640.12;    1908.75;    1627.73;    1883.10;    1626.88;    1882.69;    1639.27;       10;    0.68;   stop
 10233;    2125.02;    2136.78;    2133.22;    2125.95;    2110.79;    2108.97;    2102.59;    2119.80;       10;    0.68;   stop
   475;     325.52;    1049.18;     325.66;    1037.02;     302.60;    1036.76;     302.46;    1048.91;       10;    0.68;   stop
   415;     695.23;    1611.93;     695.79;    1599.17;     670.71;    1598.07;     670.15;    1610.83;       10;    0.68;   stop
   513;    1828.10;     345.36;    1841.30;     344.99;    1840.43;     313.89;    1827.23;     314.26;       10;    0.68;   stop
   389;    3564.56;    1041.77;    3591.82;    1040.82;    3591.38;    1028.23;    3564.12;    1029.18;       10;    0.68;   stop
   140;     919.26;    1623.56;     920.48;    1610.29;     895.74;    1608.00;     894.52;    1621.28;       10;    0.68;   stop
   491;    2333.80;    1347.39;    2362.94;    1346.91;    2362.70;    1332.36;    2333.56;    1332.84;       10;    0.68;   stop
   634;    1921.80;    1837.40;    1926.72;    1812.16;    1914.91;    1809.85;    1909.99;    1835.09;       10;    0.68;   stop
  6633;    1940.81;    1849.07;    1948.13;    1820.29;    1936.41;    1817.31;    1929.09;    1846.08;       10;    0.68;   stop
   386;    1279.50;      68.55;    1279.80;      53.58;    1248.38;      52.95;    1248.08;      67.92;       10;    0.68;   stop
   467;    2530.38;     711.64;    2542.23;     711.48;    2541.87;     685.61;    2530.02;     685.77;       10;    0.67;   stop
   279;    1802.98;    2113.46;    1820.17;    2080.95;    1806.63;    2073.79;    1789.44;    2106.30;        9;    0.67;   stop
  2761;    2172.83;     648.78;    2200.46;     647.16;    2199.67;     633.72;    2172.04;     635.34;       10;    0.67;   stop
   353;    2518.99;    1062.94;    2519.55;    1037.71;    2507.14;    1037.43;    2506.58;    1062.67;       10;    0.67;   stop
   428;    3158.72;    1080.28;    3173.34;    1074.85;    3161.91;    1044.09;    3147.28;    1049.53;       10;    0.67;   stop
 13760;    3371.10;    1162.32;    3379.30;    1151.98;    3357.34;    1134.55;    3349.14;    1144.89;       10;    0.67;   stop
   390;    2364.85;    2034.35;    2371.70;    2022.07;    2344.02;    2006.65;    2337.18;    2018.93;       10;    0.67;   stop
  9024;    1224.42;    2114.38;    1237.21;    2113.40;    1235.39;    2089.74;    1222.60;    2090.72;       10;    0.67;   stop
   562;    2971.88;    1768.25;    2986.26;    1743.67;    2973.37;    1736.13;    2958.99;    1760.71;       10;    0.67;   stop
   508;    2105.38;     648.91;    2130.41;     646.57;    2129.30;     634.71;    2104.28;     637.05;       10;    0.67;   stop
   399;     554.60;    1604.20;     554.99;    1591.58;     530.09;    1590.80;     529.69;    1603.42;       10;    0.67;   stop
 11011;    1763.00;    1178.48;    1763.63;    1165.13;    1734.62;    1163.77;    1734.00;    1177.12;       10;    0.67;   stop
   461;    1543.71;    1192.45;    1570.73;    1191.59;    1570.29;    1177.92;    1543.27;    1178.78;       10;    0.67;   stop
  5908;    2897.66;     625.30;    2924.33;     624.22;    2923.84;     612.20;    2897.17;     613.28;       10;    0.67;   stop
  6074;    3572.97;     601.33;    3608.95;     597.29;    3607.34;     582.96;    3571.36;     587.00;       10;    0.67;   stop
   457;    2788.63;    1843.46;    2795.76;    1832.09;    2770.98;    1816.54;    2763.85;    1827.91;       10;    0.67;   stop
   571;     257.74;    1146.75;     281.14;    1146.22;     280.85;    1133.25;     257.45;    1133.78;       10;    0.66;   stop
 13276;     275.03;    1069.10;     276.18;    1050.14;     190.91;    1044.96;     189.76;    1063.93;        9;    0.66;   move
   443;    2205.45;    2099.10;    2211.82;    2085.97;    2186.17;    2073.53;    2179.80;    2086.65;       10;    0.66;   stop
   343;     402.39;    1683.85;     402.84;    1658.59;     388.39;    1658.33;     387.94;    1683.60;       10;    0.66;   stop
   392;    2473.42;    1661.65;    2474.99;    1636.49;    2462.70;    1635.73;    2461.14;    1660.88;       10;    0.66;   stop
   436;    3489.55;    1043.67;    3518.32;    1043.55;    3518.26;    1030.08;    3489.49;    1030.20;       10;    0.66;   stop
   506;    2183.18;    2108.17;    2190.22;    2095.99;    2166.82;    2082.46;    2159.78;    2094.63;       10;    0.66;   stop
   433;     832.76;    1937.52;     846.47;    1937.43;     846.31;    1909.98;     832.59;    1910.07;       10;    0.66;   stop
   360;    1795.03;    1636.10;    1796.27;    1623.44;    1769.16;    1620.77;    1767.91;    1633.43;       10;    0.66;   stop
 13193;    1864.08;     486.44;    1875.36;     485.94;    1874.29;     461.93;    1863.01;     462.44;       10;    0.65;   stop
   456;    3360.51;     959.28;    3369.26;     936.49;    3356.68;     931.66;    3347.93;     954.44;       10;    0.65;   stop
  7852;    1380.25;    1104.04;    1380.63;    1091.60;    1355.75;    1090.83;    1355.37;    1103.28;       10;    0.65;   move
   369;    2765.03;    1855.20;    2776.60;    1845.45;    2757.22;    1822.43;    2745.65;    1832.17;       10;    0.65;   stop
   583;    1820.44;      94.92;    1831.67;      94.73;    1831.31;      72.71;    1820.08;      72.89;       10;    0.65;   stop
   478;    1327.04;      70.11;    1357.41;      69.72;    1357.21;      54.76;    1326.84;      55.16;       10;    0.65;   stop
   453;    1279.00;    1473.07;    1283.03;    1444.67;    1270.82;    1442.93;    1266.78;    1471.33;       10;    0.65;   stop
   374;    1347.00;    1610.46;    1347.21;    1598.45;    1323.75;    1598.04;    1323.54;    1610.05;       10;    0.65;   stop
   465;    2371.54;     642.83;    2396.37;     641.71;    2395.84;     630.11;    2371.01;     631.23;       10;    0.65;   stop
   486;    3433.12;     786.03;    3441.39;     765.25;    3430.32;     760.84;    3422.04;     781.62;       10;    0.65;   stop
   481;    1463.83;    2082.58;    1466.64;    2053.06;    1453.30;    2051.79;    1450.48;    2081.31;       10;    0.65;   stop
   307;      52.43;    1523.05;      53.82;    1511.46;      31.71;    1508.82;      30.32;    1520.41;       10;    0.65;   stop
   493;    3230.13;    1150.32;    3244.18;    1125.77;    3233.00;    1119.37;    3218.94;    1143.91;       10;    0.64;   stop
   521;    2467.38;    2057.74;    2493.26;    2047.48;    2487.87;    2033.88;    2461.99;    2044.15;       10;    0.64;   stop
   539;     561.71;    2101.82;     589.31;    2100.57;     588.60;    2085.06;     561.01;    2086.31;       10;    0.64;   stop
  5635;     463.76;    1056.26;     491.81;    1054.79;     491.09;    1040.93;     463.03;    1042.40;       10;    0.64;   stop
 11847;     589.49;    1051.01;     613.17;    1049.41;     612.38;    1037.74;     588.70;    1039.34;       10;    0.64;   stop
   331;    2998.71;    1732.88;    3008.94;    1709.90;    2995.66;    1703.99;    2985.44;    1726.97;       10;    0.64;   stop
   534;     643.03;    1161.18;     667.79;    1160.81;     667.59;    1147.89;     642.84;    1148.26;       10;    0.64;   stop
  9060;    1804.90;    1141.60;    1804.96;    1128.78;    1775.97;    1128.65;    1775.92;    1141.47;       10;    0.64;   stop
  7738;    1756.95;    1194.88;    1758.27;    1181.94;    1728.30;    1178.87;    1726.98;    1191.81;       10;    0.64;   stop
   520;    2383.10;    2022.92;    2389.77;    2010.29;    2364.02;    1996.71;    2357.36;    2009.33;       10;    0.64;   stop
   266;     633.24;    1418.78;     634.87;    1404.37;     607.07;    1401.22;     605.44;    1415.63;       10;    0.63;   stop
   598;    2006.42;    1517.49;    2017.42;    1517.08;    2016.58;    1494.14;    2005.58;    1494.54;       10;    0.63;   stop
   466;    2340.06;     643.27;    2366.05;     641.92;    2365.44;     630.23;    2339.45;     631.58;       10;    0.63;   stop
 13794;    1895.04;     936.44;    1908.99;     935.64;    1907.09;     902.37;    1893.14;     903.17;       10;    0.63;   stop
   566;    3538.15;     599.62;    3569.32;     598.97;    3569.04;     585.38;    3537.87;     586.03;       10;    0.63;   stop
   471;    1632.15;    1659.50;    1633.15;    1646.67;    1606.72;    1644.62;    1605.73;    1657.45;       10;    0.63;   stop
  9571;    2834.62;     224.48;    2859.80;     221.95;    2858.63;     210.33;    2833.45;     212.86;       10;    0.63;   stop
 10133;    1917.57;     926.09;    1928.81;     925.52;    1927.68;     903.16;    1916.44;     903.73;       10;    0.63;   stop
   536;     791.91;    1582.36;     792.76;    1571.65;     770.57;    1569.89;     769.73;    1580.60;       10;    0.63;   stop
   427;    2528.75;     614.84;    2540.47;     614.14;    2539.00;     589.75;    2527.28;     590.45;       10;    0.63;   stop
   411;    3575.05;    1247.22;    3589.29;    1246.28;    3587.45;    1218.41;    3573.21;    1219.35;       10;    0.63;   stop
   556;    3006.10;    1479.07;    3018.31;    1451.06;    3006.56;    1445.93;    2994.35;    1473.94;       10;    0.63;   stop
   532;    1516.77;    1619.35;    1517.76;    1607.13;    1490.36;    1604.90;    1489.36;    1617.12;       10;    0.63;   stop
   620;    2285.11;    2065.31;    2290.15;    2051.87;    2264.02;    2042.06;    2258.97;    2055.51;       10;    0.63;   stop
   537;    2452.54;    1555.24;    2452.76;    1529.61;    2440.83;    1529.51;    2440.62;    1555.14;       10;    0.63;   stop
   501;    2751.11;     630.04;    2778.63;     628.42;    2777.89;     615.90;    2750.37;     617.52;       10;    0.62;   stop
   275;      94.58;    1806.90;     113.02;    1785.46;     102.30;    1776.23;      83.85;    1797.67;       10;    0.62;   stop
   472;     918.06;    1583.98;     919.10;    1572.78;     894.88;    1570.52;     893.84;    1581.72;       10;    0.62;   stop
   375;    3472.42;     692.52;    3483.73;     664.81;    3469.77;     659.12;    3458.46;     686.83;       10;    0.62;   stop
   561;     797.89;    1936.83;     797.97;    1910.71;     783.58;    1910.67;     783.50;    1936.79;       10;    0.62;   stop
   577;    2386.69;    1321.56;    2387.24;    1308.67;    2361.56;    1307.57;    2361.01;    1320.46;       10;    0.62;   stop
 10295;    2440.33;    2124.79;    2442.38;    2092.61;    2428.30;    2091.71;    2426.25;    2123.89;       10;    0.62;   stop
   413;    2795.46;    1971.65;    2807.52;    1963.86;    2790.63;    1937.73;    2778.57;    1945.52;       10;    0.62;   stop
   474;    2065.89;     254.93;    2091.32;     254.59;    2091.18;     243.45;    2065.74;     243.78;       10;    0.62;   stop
   358;    1579.00;    1193.26;    1606.30;    1192.38;    1605.88;    1179.36;    1578.58;    1180.24;       10;    0.62;   stop
 13156;    2585.76;     654.92;    2609.23;     652.54;    2607.99;     640.24;    2584.52;     642.62;       10;    0.62;   move
   479;    3245.55;    1121.98;    3258.58;    1097.92;    3246.64;    1091.46;    3233.61;    1115.52;       10;    0.61;   stop
   420;    1846.62;     487.98;    1859.96;     487.54;    1859.13;     462.64;    1845.79;     463.09;       10;    0.61;   stop
 13401;    2901.49;     220.01;    2925.37;     218.46;    2924.51;     205.24;    2900.63;     206.79;       10;    0.61;   stop
  9611;      20.57;    1518.90;      21.46;    1507.10;      -0.13;    1505.47;      -1.02;    1517.28;       10;    0.61;   stop
   518;    2431.89;    1841.84;    2434.21;    1815.47;    2422.11;    1814.41;    2419.79;    1840.78;       10;    0.61;   stop
   426;    2528.80;     583.53;    2540.57;     583.27;    2540.08;     561.16;    2528.30;     561.42;       10;    0.61;   stop
   560;    3405.46;     850.27;    3416.62;     824.01;    3403.60;     818.48;    3392.44;     844.74;       10;    0.61;   stop
   396;    1500.41;    1189.92;    1500.48;    1178.35;    1476.34;    1178.21;    1476.27;    1189.77;       10;    0.60;   stop
   176;     646.13;    1365.26;     648.23;    1351.00;     620.43;    1346.92;     618.34;    1361.18;       10;    0.60;   stop
 11997;    2931.50;     625.13;    2960.08;     624.43;    2959.75;     610.96;    2931.17;     611.66;       10;    0.60;   stop
   288;    1708.81;    1630.09;    1709.98;    1617.91;    1685.31;    1615.54;    1684.14;    1627.72;       10;    0.60;   stop
   553;    2533.36;    1958.37;    2542.46;    1947.51;    2519.76;    1928.50;    2510.67;    1939.36;       10;    0.60;   stop
  8195;    2560.04;     638.70;    2590.60;     636.87;    2589.84;     624.11;    2559.27;     625.95;       10;    0.60;   stop
 12066;    1878.17;     487.69;    1890.32;     486.72;    1888.33;     461.81;    1876.18;     462.78;       10;    0.60;   stop
 13793;     449.04;    1088.41;     449.79;    1075.21;     419.08;    1073.46;     418.33;    1086.67;       10;    0.60;   move
   519;    1727.86;    1667.02;    1728.84;    1653.59;    1703.39;    1651.73;    1702.41;    1665.16;       10;    0.60;   stop
  8355;    1441.74;    1615.63;    1442.59;    1603.69;    1416.88;    1601.87;    1416.04;    1613.81;       10;    0.60;   stop
   547;    1840.58;     255.29;    1841.05;     236.59;    1830.76;     236.33;    1830.29;     255.03;       10;    0.59;   stop
  9164;     519.45;    1567.16;     519.60;    1556.88;     499.62;    1556.59;     499.47;    1566.87;       10;    0.59;   stop
  9025;     364.86;    1592.07;     366.57;    1580.14;     342.49;    1576.68;     340.77;    1588.61;       10;    0.59;   stop
  8888;    2539.57;    1005.91;    2554.34;    1005.80;    2554.05;     970.71;    2539.29;     970.83;       10;    0.59;   stop
   460;    1968.44;    2088.09;    1968.86;    2057.73;    1954.62;    2057.54;    1954.20;    2087.89;       10;    0.59;   stop
   500;     791.13;    1057.38;     814.34;    1056.47;     813.87;    1044.50;     790.66;    1045.41;       10;    0.59;   stop
   422;    1029.85;    1175.87;    1029.86;    1163.21;    1006.40;    1163.19;    1006.39;    1175.85;       10;    0.59;   stop
   354;     420.84;    2121.16;     421.14;    2088.35;     405.57;    2088.21;     405.27;    2121.02;       10;    0.59;   stop
 10162;    2146.66;    2129.18;    2153.98;    2117.37;    2129.09;    2101.94;    2121.77;    2113.76;       10;    0.59;   stop
   464;    2224.98;    2094.54;    2233.90;    2081.83;    2207.71;    2063.46;    2198.79;    2076.17;       10;    0.59;   stop
  8893;     440.86;    1599.76;     465.15;    1598.32;     464.30;    1583.99;     440.01;    1585.43;       10;    0.59;   stop
   370;    3670.58;     596.31;    3703.42;     592.66;    3701.92;     579.20;    3669.08;     582.85;       10;    0.59;   stop
   372;     418.72;    2042.31;     419.03;    2018.17;     405.81;    2018.00;     405.50;    2042.14;       10;    0.59;   stop
   527;    3395.47;     877.25;    3404.93;     850.99;    3392.03;     846.34;    3382.57;     872.61;       10;    0.59;   stop
   540;    2593.92;    1930.32;    2601.41;    1919.32;    2578.46;    1903.68;    2570.97;    1914.68;       10;    0.59;   stop
   523;     854.17;    1214.12;     855.77;    1201.33;     828.12;    1197.88;     826.53;    1210.67;       10;    0.58;   stop
  9022;    3443.55;    1257.65;    3454.47;    1249.86;    3438.64;    1227.67;    3427.72;    1235.45;       10;    0.58;   stop
   611;    2431.50;    1872.13;    2433.48;    1844.70;    2420.25;    1843.75;    2418.27;    1871.17;       10;    0.58;   stop
 13456;    1691.43;    1140.11;    1691.99;    1127.28;    1680.13;    1126.76;    1679.57;    1139.59;       10;    0.58;   stop
   448;    1972.56;    2090.38;    1986.84;    2090.22;    1986.50;    2060.87;    1972.22;    2061.03;       10;    0.58;   stop
 10475;    1482.42;    1653.09;    1482.98;    1640.92;    1458.33;    1639.78;    1457.77;    1651.96;       10;    0.58;   stop
   608;    1869.45;    1675.55;    1871.23;    1661.66;    1841.27;    1657.83;    1839.49;    1671.71;       10;    0.58;   stop
   490;    2719.81;     630.10;    2744.81;     628.31;    2743.94;     616.12;    2718.94;     617.91;       10;    0.58;   stop
 10308;    2272.00;    2140.11;    2298.85;    2130.63;    2294.00;    2116.89;    2267.15;    2126.37;       10;    0.58;   stop
   495;    3737.26;    1453.46;    3740.72;    1439.99;    3710.24;    1432.16;    3706.78;    1445.63;       10;    0.58;   stop
 10230;    2065.26;     288.92;    2094.75;     288.62;    2094.62;     275.83;    2065.12;     276.13;       10;    0.57;   stop
 13804;    1200.65;    1146.30;    1200.87;    1132.91;    1191.85;    1132.77;    1191.63;    1146.15;       10;    0.57;   stop
   487;    1290.79;    1642.85;    1291.78;    1630.68;    1266.90;    1628.65;    1265.91;    1640.82;       10;    0.57;   stop
   574;    1510.59;    1652.29;    1511.02;    1640.33;    1486.41;    1639.46;    1485.98;    1651.42;       10;    0.57;   stop
   546;    1195.28;    1062.21;    1195.41;    1053.07;    1176.22;    1052.79;    1176.09;    1061.93;       10;    0.56;   stop
  7950;    1470.13;    1618.35;    1471.17;    1608.15;    1449.25;    1605.90;    1448.20;    1616.10;       10;    0.56;   stop
   578;    1830.38;    1638.41;    1831.55;    1624.31;    1801.73;    1621.84;    1800.56;    1635.94;       10;    0.56;   stop
 13380;    1686.16;    1194.30;    1686.84;    1179.77;    1679.81;    1179.45;    1679.13;    1193.98;       10;    0.56;   stop
   407;    2527.50;     145.57;    2528.28;     119.75;    2515.50;     119.36;    2514.72;     145.19;       10;    0.56;   stop
   314;     404.83;    2013.66;     418.24;    2013.21;     417.36;    1986.65;     403.95;    1987.10;       10;    0.56;   stop
 12878;      84.41;    1144.74;     110.03;    1143.70;     109.53;    1131.51;      83.92;    1132.55;       10;    0.56;   stop
 10474;    1419.90;    1647.51;    1420.50;    1635.38;    1394.85;    1634.12;    1394.25;    1646.25;       10;    0.56;   stop
 13511;    1778.48;    2169.31;    1800.42;    2122.17;    1781.91;    2113.56;    1759.98;    2160.70;        9;    0.56;   stop
   559;     727.34;    1613.67;     727.85;    1599.60;     720.16;    1599.33;     719.65;    1613.40;       10;    0.55;   stop
   412;    1352.65;    1644.94;    1353.40;    1632.61;    1328.23;    1631.06;    1327.47;    1643.39;       10;    0.55;   stop
   627;    1427.18;    2025.96;    1439.77;    2025.15;    1438.20;    2000.42;    1425.60;    2001.22;       10;    0.55;   stop
  4389;    3576.86;    1283.90;    3592.20;    1282.97;    3590.32;    1252.03;    3574.99;    1252.96;       10;    0.55;   stop
   542;     609.78;    1217.09;     610.03;    1204.02;     584.59;    1203.54;     584.34;    1216.60;       10;    0.55;   stop
 10311;     407.13;    1789.13;     407.55;    1763.29;     393.49;    1763.06;     393.08;    1788.90;       10;    0.55;   stop
   379;    1149.54;     691.37;    1151.18;     678.73;    1126.34;     675.51;    1124.70;     688.15;       10;    0.54;   stop
 10325;    3558.16;     497.63;    3567.65;     473.72;    3555.59;     468.93;    3546.10;     492.84;       10;    0.54;   stop
   570;    2461.06;    1871.93;    2462.30;    1843.44;    2448.07;    1842.82;    2446.82;    1871.31;       10;    0.54;   stop
   526;    1118.74;    1022.06;    1131.96;    1021.99;    1131.82;     995.06;    1118.60;     995.13;       10;    0.54;   stop
 12786;    1773.64;    1114.83;    1774.04;    1100.06;    1740.86;    1099.17;    1740.46;    1113.94;       10;    0.54;   move
  3591;     695.69;    1354.71;     697.64;    1320.96;     680.56;    1319.98;     678.61;    1353.73;       10;    0.54;   stop
   287;     641.35;    1384.00;     643.54;    1369.56;     614.90;    1365.22;     612.71;    1379.66;       10;    0.54;   stop
   647;    2847.69;    1811.45;    2852.83;    1798.88;    2827.56;    1788.55;    2822.42;    1801.12;       10;    0.54;   stop
 10371;    2263.53;    2148.70;    2266.41;    2135.39;    2240.04;    2129.67;    2237.15;    2142.99;       10;    0.54;   stop
  2734;    2409.19;     641.11;    2434.03;     640.19;    2433.56;     627.33;    2408.72;     628.25;       10;    0.54;   stop
   564;    2554.60;    1948.20;    2562.58;    1937.00;    2541.27;    1921.80;    2533.29;    1933.00;       10;    0.54;   stop
   476;    3694.86;    1002.92;    3723.07;    1001.96;    3722.64;     989.27;    3694.43;     990.23;       10;    0.54;   stop
   383;    1322.17;    1644.16;    1322.65;    1631.71;    1296.83;    1630.72;    1296.35;    1643.17;       10;    0.54;   stop
   622;    2480.73;    1616.27;    2481.11;    1586.78;    2467.77;    1586.60;    2467.39;    1616.10;       10;    0.53;   stop
 10241;     971.88;     676.52;     973.10;     664.60;     949.90;     662.23;     948.68;     674.15;       10;    0.53;   stop
 13781;    1278.85;    1188.44;    1279.51;    1172.18;    1242.84;    1170.68;    1242.18;    1186.95;        9;    0.53;   stop
   575;    1064.87;    1178.27;    1065.29;    1164.90;    1036.07;    1163.98;    1035.65;    1177.35;       10;    0.53;   stop
   477;    1147.03;    1636.06;    1175.89;    1635.35;    1175.53;    1620.82;    1146.68;    1621.53;       10;    0.52;   stop
 10441;    2070.87;    2164.48;    2081.02;    2154.36;    2059.76;    2133.02;    2049.60;    2143.14;       10;    0.52;   stop
   586;    3532.56;    1005.47;    3555.99;    1005.23;    3555.88;     994.22;    3532.44;     994.46;       10;    0.52;   stop
 11261;    2002.10;    1652.10;    2002.59;    1630.90;    1991.84;    1630.65;    1991.35;    1651.85;       10;    0.52;   stop
   669;    3312.27;     975.82;    3325.85;     945.50;    3309.30;     938.09;    3295.72;     968.41;       10;    0.52;   stop
 11965;    1650.46;    1141.71;    1650.84;    1126.25;    1606.42;    1125.16;    1606.04;    1140.62;        9;    0.51;   stop
   618;    2013.03;    2096.39;    2026.51;    2093.28;    2019.72;    2063.86;    2006.24;    2066.97;       10;    0.51;   stop
  9855;    1893.28;     936.50;    1908.10;     936.01;    1906.97;     902.31;    1892.15;     902.81;        9;    0.51;   stop
   616;    2782.89;     628.97;    2807.37;     627.95;    2806.86;     615.56;    2782.38;     616.58;       10;    0.51;   stop
  3732;    2004.91;    1762.59;    2006.14;    1741.25;    1995.78;    1740.66;    1994.55;    1762.00;       10;    0.51;   stop
   601;    2575.13;    1940.16;    2583.16;    1927.58;    2556.75;    1910.71;    2548.71;    1923.30;       10;    0.51;   stop
  6890;     659.86;    1611.83;     660.53;    1599.58;     634.83;    1598.17;     634.16;    1610.42;       10;    0.50;   stop
 10152;     509.14;     588.81;     512.55;     576.43;     490.23;     570.29;     486.83;     582.67;       10;    0.50;   stop
   602;    3205.69;    1148.05;    3219.65;    1123.80;    3207.75;    1116.95;    3193.79;    1141.20;       10;    0.50;   stop
 10810;    1806.07;    1164.10;    1806.30;    1146.51;    1730.93;    1145.52;    1730.70;    1163.12;        9;    0.50;   stop
 13437;    2230.50;    1126.30;    2230.97;    1115.52;    2212.32;    1114.70;    2211.85;    1125.48;       10;    0.50;   move
 13614;    2614.01;    1406.73;    2618.25;    1378.59;    2604.49;    1376.52;    2600.25;    1404.66;       10;    0.50;   stop
  9026;     312.10;    1585.48;     313.34;    1572.81;     286.02;    1570.14;     284.78;    1582.81;       10;    0.50;   stop
 11634;    3361.25;     606.98;    3386.99;     604.74;    3385.94;     592.55;    3360.19;     594.79;       10;    0.50;   stop
 10204;    1227.41;    2142.75;    1240.37;    2141.30;    1237.46;    2115.37;    1224.50;    2116.83;       10;    0.50;   stop
   350;    2515.19;     177.50;    2527.08;     177.31;    2526.68;     151.57;    2514.80;     151.75;       10;    0.50;   stop
 10384;    3659.41;    1307.86;    3668.53;    1281.53;    3654.97;    1276.83;    3645.84;    1303.15;       10;    0.50;   stop
   600;    1647.36;    1624.67;    1647.93;    1613.05;    1625.26;    1611.95;    1624.70;    1623.58;       10;    0.49;   stop
   565;    1991.42;    2090.63;    2004.07;    2090.13;    2003.08;    2065.12;    1990.43;    2065.62;       10;    0.49;   stop
 12646;    3751.88;     174.41;    3780.48;     173.45;    3779.99;     158.87;    3751.40;     159.83;       10;    0.49;   stop
   683;    1929.02;    1390.10;    1942.29;    1388.63;    1938.73;    1356.59;    1925.46;    1358.06;       10;    0.49;   stop
   659;    1939.33;    1566.39;    1951.96;    1565.91;    1950.92;    1538.61;    1938.29;    1539.09;       10;    0.49;   stop
 13717;    1064.68;    1178.41;    1065.21;    1164.61;    1035.32;    1163.46;    1034.79;    1177.27;        9;    0.49;   stop
   639;    1278.62;    1188.31;    1279.41;    1172.65;    1243.07;    1170.81;    1242.28;    1186.47;       10;    0.48;   stop
 13782;    1683.94;    1194.50;    1686.30;    1182.06;    1659.56;    1177.00;    1657.20;    1189.44;       10;    0.48;   stop
  2381;    3058.69;     618.10;    3085.66;     615.58;    3084.56;     603.93;    3057.59;     606.45;       10;    0.48;   stop
   650;    1916.72;    1877.86;    1927.38;    1845.25;    1912.12;    1840.26;    1901.46;    1872.88;        9;    0.47;   stop
 10372;     402.74;    1291.43;     403.04;    1264.36;     387.57;    1264.20;     387.28;    1291.26;       10;    0.47;   stop
 13791;     711.23;    1135.75;     712.20;    1118.70;     666.89;    1116.12;     665.92;    1133.18;       10;    0.47;   move
 10275;     338.53;    1589.17;     339.89;    1576.55;     315.84;    1573.96;     314.48;    1586.58;       10;    0.46;   stop
 13525;    1135.73;      78.38;    1135.98;      67.82;    1114.27;      67.31;    1114.02;      77.87;       10;    0.46;   stop
   572;    1979.48;    1889.21;    1988.23;    1850.53;    1972.27;    1846.92;    1963.52;    1885.60;        9;    0.46;   stop
  7148;    2046.36;    2034.71;    2047.53;    2019.16;    2011.14;    2016.42;    2009.97;    2031.97;       10;    0.45;   stop
 13433;     570.61;    1053.24;     593.40;    1052.05;     592.83;    1041.14;     570.04;    1042.33;       10;    0.45;   stop
 12065;    2237.18;    2085.72;    2247.58;    2076.96;    2230.38;    2056.53;    2219.98;    2065.29;       10;    0.45;   stop
  5443;    3624.43;     598.07;    3653.13;     596.60;    3652.45;     583.30;    3623.75;     584.77;       10;    0.45;   stop
 10228;    2401.78;    2013.11;    2406.88;    2001.49;    2382.47;    1990.76;    2377.37;    2002.38;       10;    0.45;   stop
 12960;    3187.94;    1025.07;    3198.31;    1016.29;    3180.50;     995.25;    3170.13;    1004.03;       10;    0.44;   stop
 13806;    1929.26;    1390.07;    1942.52;    1388.48;    1938.49;    1354.93;    1925.23;    1356.52;        9;    0.44;   stop
 13524;    2438.04;    2153.46;    2439.41;    2126.72;    2426.09;    2126.04;    2424.71;    2152.78;       10;    0.44;   stop
  4394;    3459.31;     721.32;    3469.30;     696.33;    3456.63;     691.26;    3446.64;     716.25;       10;    0.44;   stop
 11571;    1553.71;     976.32;    1555.74;     950.65;    1543.42;     949.68;    1541.39;     975.35;       10;    0.43;   stop
  9669;    2346.40;    2043.90;    2353.05;    2032.63;    2330.98;    2019.60;    2324.33;    2030.87;       10;    0.43;   stop
 13811;    2290.23;     246.91;    2316.78;     245.74;    2316.27;     234.03;    2289.72;     235.20;       10;    0.43;   stop
 13797;    2253.19;    1220.57;    2253.46;    1207.67;    2230.12;    1207.18;    2229.85;    1220.08;       10;    0.43;   stop
   615;    2514.56;    1963.22;    2523.02;    1953.08;    2502.56;    1936.03;    2494.11;    1946.17;       10;    0.43;   stop
 10303;     487.73;    1155.06;     487.79;    1140.07;     454.45;    1139.94;     454.40;    1154.93;       10;    0.43;   stop
   664;    2189.22;    1382.30;    2202.15;    1382.17;    2201.84;    1352.57;    2188.91;    1352.70;       10;    0.43;   stop
 12515;    1978.87;    1888.82;    1987.85;    1850.99;    1972.32;    1847.30;    1963.33;    1885.13;       10;    0.42;   stop
 13528;    2609.05;     238.03;    2638.99;     234.99;    2637.57;     220.97;    2607.63;     224.01;       10;    0.42;   stop
 13086;    2003.02;     734.78;    2003.41;     717.83;    1993.17;     717.60;    1992.78;     734.54;       10;    0.41;   stop
 13770;     364.63;    1015.93;     378.06;    1011.05;     368.49;     984.70;     355.07;     989.57;       10;    0.41;   stop
 13675;    2511.95;      87.84;    2524.68;      87.66;    2524.30;      60.66;    2511.57;      60.84;       10;    0.41;   stop
 13641;    2510.19;      55.75;    2524.03;      55.65;    2523.81;      25.82;    2509.97;      25.92;       10;    0.40;   stop
 13712;      23.05;    1070.04;     145.71;    1063.86;     144.76;    1044.96;      22.10;    1051.14;        9;    0.40;   stop
 13595;     283.23;    1819.07;     287.81;    1791.66;     274.11;    1789.37;     269.53;    1816.78;       10;    0.40;   stop
  4767;     402.89;    1982.86;     416.73;    1982.30;     415.54;    1952.77;     401.70;    1953.32;       10;    0.40;   stop
 13616;     352.28;    1555.30;     353.62;    1545.00;     332.10;    1542.20;     330.75;    1552.50;       10;    0.40;   stop
 13235;    2499.51;    1974.02;    2508.44;    1963.53;    2487.24;    1945.48;    2478.31;    1955.97;       10;    0.39;   stop
 13623;     648.52;    1199.18;     661.47;    1196.27;     655.54;    1169.88;     642.59;    1172.80;       10;    0.39;   stop
 13807;    2934.89;    1706.19;    2948.43;    1683.95;    2938.36;    1677.81;    2924.82;    1700.05;       10;    0.38;   stop
 13251;     395.19;    1834.46;     409.19;    1833.30;     406.84;    1804.92;     392.85;    1806.08;       10;    0.38;   stop
 13733;     388.58;    1616.08;     395.60;    1603.62;     368.46;    1588.30;     361.43;    1600.76;       10;    0.37;   stop
 13586;    3172.08;     615.20;    3198.13;     613.48;    3197.29;     600.74;    3171.24;     602.46;       10;    0.37;   stop
 13755;    1451.42;    1650.33;    1452.86;    1638.82;    1428.58;    1635.79;    1427.14;    1647.30;       10;    0.37;   stop
 10400;    2209.26;     647.13;    2236.61;     645.32;    2235.80;     633.12;    2208.46;     634.93;       10;    0.37;   stop
 13766;    1600.11;    1657.62;    1601.01;    1645.01;    1574.64;    1643.12;    1573.74;    1655.74;        9;    0.37;   stop
 13771;     398.75;    1009.07;     399.49;     983.52;     385.94;     983.12;     385.20;    1008.67;       10;    0.37;   stop
 13805;    3719.98;     174.72;    3748.64;     173.68;    3748.14;     159.96;    3719.48;     161.01;       10;    0.37;   stop
 10489;    1268.07;    1547.87;    1272.39;    1520.90;    1259.81;    1518.88;    1255.49;    1545.85;       10;    0.36;   stop
 13540;    3211.82;     615.87;    3241.62;     614.67;    3240.99;     599.13;    3211.19;     600.33;       10;    0.36;   stop
 13748;     795.93;     102.57;     796.42;      90.22;     771.61;      89.25;     771.13;     101.59;       10;    0.36;   stop
 13539;    2015.89;    1632.40;    2017.63;    1608.36;    2007.11;    1607.60;    2005.37;    1631.64;       10;    0.36;   stop
 13359;    3332.35;     609.09;    3357.68;     606.92;    3356.71;     595.60;    3331.38;     597.77;       10;    0.36;   stop
 13747;     396.54;    1873.76;     411.47;    1873.03;     410.18;    1846.24;     395.25;    1846.97;       10;    0.35;   stop