vehicle_id; veh_bb_x1; veh_bb_y1; veh_bb_x2; veh_bb_y2; veh_bb_x3; veh_bb_y3; veh_bb_x4; veh_bb_y4; det_class; conf_score; state
     1;    2765.37;    1103.35;    2767.31;    1090.28;    2737.75;    1085.90;    2735.81;    1098.97;       10;    0.84;   stop
     8;    2181.67;    1084.84;    2182.79;    1070.87;    2152.02;    1068.41;    2150.90;    1082.38;       10;    0.84;   stop
   513;    2913.39;    1146.00;    2916.12;    1132.49;    2886.46;    1126.50;    2883.72;    1140.01;       10;    0.84;   stop
   184;    2697.83;    1115.33;    2699.05;    1099.76;    2666.08;    1097.17;    2664.86;    1112.74;       10;    0.84;   stop
     5;    1018.48;     576.21;    1020.19;     563.54;     993.39;     559.92;     991.68;     572.59;       10;    0.84;   stop
   335;    2744.79;    1119.70;    2746.10;    1105.25;    2712.21;    1102.18;    2710.90;    1116.62;       10;    0.83;   stop
    93;    1110.74;    1108.70;    1111.39;    1094.41;    1078.51;    1092.92;    1077.86;    1107.22;       10;    0.83;   stop
     7;    1346.44;    1120.57;    1347.40;    1106.84;    1316.43;    1104.68;    1315.47;    1118.41;       10;    0.83;   stop
  1206;    3050.49;    1175.90;    3053.81;    1161.84;    3025.26;    1155.10;    3021.94;    1169.16;       10;    0.83;   move
    27;    2964.86;    1222.79;    2967.59;    1209.17;    2935.39;    1202.71;    2932.66;    1216.33;       10;    0.83;   move
   197;    2106.85;    1164.07;    2107.43;    1148.98;    2076.65;    1147.80;    2076.07;    1162.89;       10;    0.83;   move
    10;    2539.76;    1209.86;    2540.95;    1195.76;    2509.99;    1193.14;    2508.80;    1207.24;       10;    0.83;   stop
    86;     393.79;     962.24;     394.97;     949.54;     367.46;     946.98;     366.28;     959.68;       10;    0.82;   stop
    12;     744.38;    1565.04;     745.61;    1551.81;     719.05;    1549.34;     717.82;    1562.57;       10;    0.82;   stop
    89;    3070.54;    1158.76;    3073.45;    1144.67;    3043.46;    1138.49;    3040.55;    1152.58;       10;    0.82;   stop
    22;    3062.91;    1293.16;    3066.19;    1277.77;    3033.09;    1270.71;    3029.81;    1286.10;       10;    0.82;   stop
    59;     539.80;     969.91;     540.46;     956.17;     511.13;     954.78;     510.48;     968.52;       10;    0.82;   stop
  1415;     559.89;    1069.88;     560.67;    1054.37;     525.73;    1052.62;     524.96;    1068.13;       10;    0.82;   move
   854;     760.89;    1082.77;     761.83;    1064.16;     705.36;    1061.30;     704.42;    1079.90;        9;    0.82;   stop
   288;    1687.97;    1097.87;    1688.69;    1085.07;    1661.16;    1083.51;    1660.43;    1096.30;       10;    0.82;   move
   497;    2964.44;    1156.02;    2967.11;    1142.44;    2938.06;    1136.73;    2935.39;    1150.31;       10;    0.82;   stop
     2;    1935.90;    1864.46;    1943.48;    1829.70;    1929.60;    1826.67;    1922.02;    1861.43;       10;    0.82;   move
    49;    3107.00;    1302.48;    3109.94;    1287.42;    3074.50;    1280.52;    3071.56;    1295.58;       10;    0.82;   stop
    39;    1002.35;    1118.46;    1003.28;    1104.27;     972.86;    1102.29;     971.94;    1116.48;       10;    0.82;   stop
    94;    2094.65;    1076.96;    2096.29;    1062.75;    2067.48;    1059.42;    2065.84;    1073.63;       10;    0.82;   stop
   102;    2152.30;    1100.00;    2153.20;    1086.55;    2126.26;    1084.75;    2125.36;    1098.20;       10;    0.82;   stop
    31;    2521.67;    1101.77;    2522.73;    1087.73;    2489.83;    1085.23;    2488.77;    1099.27;       10;    0.82;   stop
    16;    1939.98;    1941.43;    1948.36;    1907.23;    1934.42;    1903.82;    1926.05;    1938.02;       10;    0.82;   stop
    20;    1422.18;    1103.40;    1423.19;    1088.96;    1394.82;    1086.98;    1393.81;    1101.41;       10;    0.82;   move
    41;    2234.73;    1192.42;    2235.53;    1177.45;    2203.02;    1175.71;    2202.22;    1190.67;       10;    0.82;   stop
    83;    3090.52;    1254.04;    3093.85;    1239.66;    3061.73;    1232.21;    3058.40;    1246.59;       10;    0.82;   move
   164;    1195.40;    1113.35;    1195.72;    1100.76;    1168.98;    1100.09;    1168.66;    1112.67;       10;    0.82;   stop
   212;    1324.80;    1099.91;    1325.06;    1086.54;    1296.45;    1085.97;    1296.19;    1099.34;       10;    0.82;   stop
   134;    2675.79;    1094.52;    2677.81;    1080.23;    2645.09;    1075.61;    2643.07;    1089.90;       10;    0.82;   stop
    14;    2886.26;    1209.48;    2888.15;    1194.38;    2854.24;    1190.14;    2852.35;    1205.25;       10;    0.82;   move
    28;    1436.91;    1624.88;    1438.03;    1612.11;    1408.21;    1609.49;    1407.09;    1622.27;       10;    0.82;   stop
   127;    1966.26;    1718.45;    1993.92;    1701.82;    1986.99;    1690.30;    1959.33;    1706.93;       10;    0.82;   stop
    44;    2006.33;     689.19;    2006.91;     658.82;    1993.23;     658.56;    1992.65;     688.93;       10;    0.82;   stop
    75;     887.93;     991.36;     888.75;     978.03;     860.04;     976.27;     859.22;     989.59;       10;    0.82;   stop
   500;    1620.80;    1046.72;    1621.03;    1031.69;    1586.58;    1031.16;    1586.35;    1046.19;       10;    0.82;   stop
   163;    1544.56;    1091.72;    1545.33;    1076.69;    1513.19;    1075.03;    1512.42;    1090.06;       10;    0.82;   move
   198;    1400.19;    1145.44;    1401.17;    1131.27;    1372.94;    1129.31;    1371.96;    1143.48;       10;    0.82;   stop
   108;    2479.42;    1092.48;    2481.04;    1077.96;    2447.70;    1074.27;    2446.09;    1088.79;       10;    0.82;   stop
    34;    1982.01;    1407.82;    1983.36;    1373.18;    1968.99;    1372.62;    1967.64;    1407.26;       10;    0.82;   stop
    26;     927.70;     992.19;     928.27;     978.93;     899.30;     977.69;     898.73;     990.94;       10;    0.82;   stop
    50;    2731.74;    1098.92;    2733.15;    1084.52;    2700.51;    1081.33;    2699.10;    1095.73;       10;    0.82;   stop
    65;    3098.39;    1235.84;    3101.28;    1221.05;    3067.36;    1214.41;    3064.47;    1229.20;       10;    0.82;   stop
    48;    2093.42;    1305.89;    2093.65;    1292.18;    2066.83;    1291.73;    2066.60;    1305.44;       10;    0.82;   stop
   128;    1917.29;    1927.94;    1926.75;    1893.13;    1912.21;    1889.18;    1902.75;    1923.99;       10;    0.82;   move
   147;    1879.75;     814.39;    1893.79;     814.24;    1893.50;     787.61;    1879.46;     787.76;       10;    0.82;   stop
  1887;    3278.25;     578.09;    3288.85;     545.50;    3273.00;     540.34;    3262.40;     572.94;       10;    0.82;   stop
  1194;     636.69;    1075.48;     637.63;    1060.47;     602.69;    1058.27;     601.74;    1073.28;       10;    0.82;   stop
   241;    1064.10;    1105.93;    1065.42;    1090.90;    1030.28;    1087.82;    1028.96;    1102.85;       10;    0.82;   stop
   295;    2642.74;    1128.54;    2644.36;    1114.78;    2615.14;    1111.34;    2613.51;    1125.09;       10;    0.82;   stop
   588;    2914.01;    1168.07;    2916.46;    1153.67;    2884.99;    1148.31;    2882.54;    1162.71;       10;    0.82;   stop
   233;    2752.10;    1192.23;    2753.39;    1178.67;    2724.02;    1175.89;    2722.74;    1189.45;       10;    0.82;   stop
    18;    3046.02;    1222.74;    3048.71;    1209.22;    3016.23;    1202.76;    3013.54;    1216.28;       10;    0.82;   stop
    80;     295.61;     972.73;     296.53;     958.61;     266.42;     956.64;     265.50;     970.76;       10;    0.81;   stop
    45;     820.97;     985.05;     821.62;     971.60;     792.70;     970.20;     792.05;     983.65;       10;    0.81;   stop
    46;    1281.93;    1013.50;    1282.83;     998.90;    1249.88;     996.88;    1248.98;    1011.47;       10;    0.81;   stop
    90;    2653.00;    1112.30;    2654.36;    1099.09;    2625.13;    1096.08;    2623.76;    1109.28;       10;    0.81;   stop
   135;    2499.22;    1208.33;    2500.22;    1193.35;    2469.53;    1191.30;    2468.53;    1206.28;       10;    0.81;   stop
  1022;    3141.14;    1214.68;    3144.23;    1199.32;    3107.30;    1191.88;    3104.20;    1207.25;       10;    0.81;   move
    17;    1944.92;     700.99;    1945.37;     666.08;    1930.05;     665.88;    1929.60;     700.79;       10;    0.81;   move
   962;     843.78;    1071.06;     844.96;    1056.09;     809.97;    1053.32;     808.79;    1068.29;       10;    0.81;   move
    84;     715.13;    1600.39;     715.83;    1586.79;     685.49;    1585.23;     684.79;    1598.83;       10;    0.81;   stop
   221;    1192.19;    1012.16;    1193.82;     990.89;    1142.75;     986.96;    1141.11;    1008.24;        9;    0.81;   stop
   904;     909.72;    1085.17;     912.53;    1071.33;     879.87;    1064.70;     877.06;    1078.54;       10;    0.81;   move
   162;    1158.67;    1111.97;    1159.45;    1098.23;    1127.33;    1096.40;    1126.55;    1110.15;       10;    0.81;   stop
    62;    1891.29;    1153.24;    1891.92;    1139.80;    1861.71;    1138.38;    1861.08;    1151.83;       10;    0.81;   move
    63;    2373.10;    1109.89;    2373.72;    1096.39;    2345.90;    1095.11;    2345.28;    1108.61;       10;    0.81;   stop
   213;    2674.01;    1183.87;    2675.37;    1170.07;    2647.99;    1167.38;    2646.63;    1181.18;       10;    0.81;   stop
   251;    2892.08;    1228.79;    2893.66;    1214.61;    2864.17;    1211.34;    2862.59;    1225.52;       10;    0.81;   move
   262;    2825.59;    1130.26;    2827.49;    1115.63;    2794.26;    1111.30;    2792.35;    1125.93;       10;    0.81;   stop
    36;    1890.76;    1842.07;    1897.32;    1810.51;    1882.49;    1807.43;    1875.93;    1838.99;       10;    0.81;   stop
   129;    1989.92;     657.26;    1990.22;     624.26;    1974.77;     624.12;    1974.47;     657.11;       10;    0.81;   stop
    40;    2387.89;    1091.78;    2388.43;    1077.25;    2356.98;    1076.09;    2356.45;    1090.62;       10;    0.81;   stop
    56;    2194.62;    1189.23;    2195.42;    1175.91;    2170.01;    1174.39;    2169.21;    1187.71;       10;    0.81;   stop
   158;    2713.63;    1191.63;    2714.64;    1177.60;    2683.75;    1175.37;    2682.73;    1189.40;       10;    0.81;   stop
    25;    1951.93;    1772.61;    1955.63;    1743.52;    1942.82;    1741.89;    1939.12;    1770.98;       10;    0.81;   move
   154;    1997.20;      72.98;    1997.89;      47.15;    1986.05;      46.83;    1985.36;      72.66;       10;    0.81;   stop
   349;    1918.30;     757.38;    1918.56;     726.62;    1902.95;     726.49;    1902.69;     757.25;       10;    0.81;   stop
    81;     336.29;     977.69;     337.13;     963.02;     303.09;     961.06;     302.24;     975.73;       10;    0.81;   stop
   275;     374.75;     976.85;     375.50;     963.57;     345.72;     961.90;     344.97;     975.18;       10;    0.81;   stop
    74;    1100.28;     587.94;    1102.52;     574.15;    1071.53;     569.12;    1069.29;     582.91;       10;    0.81;   stop
     4;    1952.77;     700.31;    1966.88;     700.24;    1966.73;     667.69;    1952.62;     667.76;       10;    0.81;   move
    69;     958.24;     992.89;     958.94;     979.41;     933.73;     978.11;     933.03;     991.59;       10;    0.81;   stop
    55;    1243.44;    1011.07;    1244.00;     997.12;    1214.12;     995.93;    1213.56;    1009.88;       10;    0.81;   stop
   264;    1860.38;     942.18;    1862.27;     913.22;    1849.50;     912.38;    1847.61;     941.34;       10;    0.81;   stop
    13;    3035.01;    1257.06;    3038.23;    1243.18;    3006.99;    1235.94;    3003.77;    1249.82;       10;    0.81;   move
     6;     639.14;    1555.73;     640.50;    1543.69;     615.24;    1540.83;     613.87;    1552.87;       10;    0.81;   stop
  1230;    1899.86;     586.65;    1913.72;     585.67;    1911.64;     556.35;    1897.78;     557.33;       10;    0.81;   stop
    42;     390.07;    1533.51;     391.68;    1520.59;     363.68;    1517.11;     362.07;    1530.04;       10;    0.81;   stop
    95;    2141.70;    1081.04;    2142.69;    1066.32;    2113.05;    1064.34;    2112.06;    1079.06;       10;    0.81;   stop
   131;    1243.14;    1117.26;    1243.88;    1103.84;    1217.24;    1102.36;    1216.49;    1115.79;       10;    0.81;   stop
   417;    1731.31;    1121.84;    1731.73;    1106.50;    1701.07;    1105.66;    1700.64;    1121.00;       10;    0.81;   move
   334;    1508.95;    1128.85;    1509.52;    1115.63;    1481.30;    1114.40;    1480.73;    1127.62;       10;    0.81;   move
   244;    2338.00;    1093.74;    2339.06;    1078.57;    2307.88;    1076.39;    2306.82;    1091.56;       10;    0.81;   stop
   117;    2329.48;    1109.24;    2330.20;    1095.06;    2299.52;    1093.51;    2298.80;    1107.69;       10;    0.81;   stop
    70;    1806.01;    1128.52;    1838.08;    1128.45;    1838.05;    1113.61;    1805.99;    1113.67;       10;    0.81;   move
    23;    2926.02;    1127.54;    2928.57;    1113.38;    2897.73;    1107.83;    2895.18;    1121.99;       10;    0.81;   stop
   100;    1709.10;    1140.99;    1710.07;    1126.67;    1681.80;    1124.76;    1680.83;    1139.08;       10;    0.81;   move
     3;    3709.54;    1008.27;    3710.10;     992.64;    3676.08;     991.41;    3675.52;    1007.05;       10;    0.81;   stop
    24;    3280.55;    1313.97;    3283.23;    1298.77;    3246.32;    1292.28;    3243.65;    1307.48;       10;    0.81;   move
   365;    3265.13;    1465.13;    3277.69;    1430.92;    3260.81;    1424.72;    3248.24;    1458.93;       10;    0.81;   stop
   125;    2961.91;    1134.97;    2964.56;    1120.77;    2933.84;    1115.03;    2931.19;    1129.23;       10;    0.81;   stop
   183;    2810.14;    1109.32;    2812.22;    1094.95;    2778.29;    1090.05;    2776.22;    1104.42;       10;    0.81;   stop
    57;    1966.71;    1609.04;    1968.43;    1581.16;    1955.04;    1580.34;    1953.32;    1608.22;       10;    0.81;   stop
    77;    1294.68;    1651.20;    1295.88;    1637.44;    1266.95;    1634.92;    1265.75;    1648.69;       10;    0.81;   stop
    78;    1894.16;    1991.92;    1905.79;    1963.33;    1892.59;    1957.96;    1880.96;    1986.55;       10;    0.81;   move
    58;    1833.92;    2115.22;    1850.49;    2084.98;    1837.15;    2077.66;    1820.57;    2107.90;       10;    0.81;   stop
   123;     503.79;     968.62;     504.50;     954.82;     474.02;     953.26;     473.31;     967.05;       10;    0.81;   stop
   139;     786.99;     983.05;     787.47;     971.04;     760.03;     969.95;     759.55;     981.96;       10;    0.81;   stop
   171;    1135.26;    1002.62;    1136.23;     990.64;    1111.36;     988.63;    1110.40;    1000.61;       10;    0.81;   stop
  2026;     974.67;    1018.00;     975.06;    1004.48;     945.99;    1003.63;     945.59;    1017.15;       10;    0.81;   move
    21;     843.21;    1108.91;     843.84;    1095.15;     815.32;    1093.84;     814.69;    1107.60;       10;    0.81;   stop
    85;    2791.83;     604.97;    2791.96;     589.50;    2758.55;     589.22;    2758.41;     604.69;       10;    0.81;   stop
   418;    2457.73;    1183.25;    2458.39;    1169.51;    2426.64;    1168.00;    2425.99;    1181.74;       10;    0.81;   move
   364;    2633.63;    1188.88;    2634.77;    1174.80;    2606.24;    1172.50;    2605.11;    1186.58;       10;    0.81;   stop
  1467;    3413.08;    1266.43;    3415.91;    1250.90;    3379.11;    1244.19;    3376.27;    1259.73;       10;    0.81;   move
    52;    1725.15;    1651.74;    1726.41;    1638.24;    1697.10;    1635.51;    1695.84;    1649.01;       10;    0.81;   stop
   209;    1839.46;     196.12;    1839.48;     168.39;    1824.67;     168.38;    1824.65;     196.11;       10;    0.80;   stop
  2087;    1899.55;     138.26;    1899.84;     108.81;    1886.55;     108.67;    1886.25;     138.13;       10;    0.80;   move
   289;    3584.76;     825.33;    3599.35;     796.07;    3585.24;     789.04;    3570.65;     818.30;       10;    0.80;   stop
    87;    2296.75;    1090.66;    2297.48;    1076.40;    2269.25;    1074.97;    2268.52;    1089.22;       10;    0.80;   stop
   119;    2107.97;    1183.89;    2108.71;    1169.01;    2075.53;    1167.36;    2074.79;    1182.24;       10;    0.80;   stop
   200;    2500.42;    1750.44;    2505.23;    1715.41;    2490.83;    1713.43;    2486.02;    1748.47;       10;    0.80;   stop
    61;    1874.40;    1118.70;    1907.69;    1105.20;    1901.85;    1090.80;    1868.56;    1104.30;       10;    0.80;   move
   496;    3020.47;    1282.99;    3023.92;    1269.02;    2994.53;    1261.76;    2991.08;    1275.73;       10;    0.80;   stop
   148;    1061.05;     581.37;    1062.91;     568.68;    1035.95;     564.72;    1034.09;     577.42;       10;    0.80;   stop
  1416;    1891.79;     660.29;    1892.40;     629.78;    1879.21;     629.52;    1878.60;     660.03;       10;    0.80;   move
   248;    1894.32;     858.75;    1895.17;     824.03;    1881.18;     823.69;    1880.33;     858.41;       10;    0.80;   stop
   175;    1878.50;     905.02;    1893.82;     904.44;    1892.50;     869.66;    1877.18;     870.24;       10;    0.80;   stop
   424;    1016.11;    1099.66;    1017.59;    1084.05;     981.05;    1080.59;     979.57;    1096.20;       10;    0.80;   stop
   242;    1141.77;    1129.71;    1142.47;    1116.19;    1113.30;    1114.67;    1112.59;    1128.18;       10;    0.80;   stop
   223;    2563.55;    1105.81;    2564.96;    1090.92;    2533.45;    1087.94;    2532.04;    1102.83;       10;    0.80;   stop
    35;    3032.03;    1149.18;    3035.00;    1136.41;    3007.72;    1130.07;    3004.75;    1142.84;       10;    0.80;   stop
    76;    2393.65;    1200.93;    2394.36;    1186.73;    2363.60;    1185.19;    2362.89;    1199.40;       10;    0.80;   stop
   103;    2612.25;    1215.90;    2613.66;    1201.39;    2582.63;    1198.35;    2581.21;    1212.86;       10;    0.80;   stop
   112;    2000.10;    1396.80;    2002.75;    1368.02;    1989.15;    1366.77;    1986.50;    1395.54;       10;    0.80;   stop
    43;    1258.07;    1648.22;    1259.47;    1635.23;    1232.12;    1632.28;    1230.72;    1645.27;       10;    0.80;   stop
   122;    1839.09;     756.75;    1839.69;     727.43;    1825.04;     727.13;    1824.43;     756.44;       10;    0.80;   stop
  1382;    1870.13;     662.25;    1870.78;     628.40;    1856.34;     628.12;    1855.69;     661.97;       10;    0.80;   move
   211;    1992.48;     759.81;    2006.08;     759.75;    2005.96;     730.82;    1992.35;     730.87;       10;    0.80;   stop
   178;     172.96;    1059.14;     174.16;    1045.24;     145.09;    1042.74;     143.89;    1056.63;       10;    0.80;   stop
   107;    1577.00;    1132.87;    1577.25;    1119.92;    1549.37;    1119.38;    1549.13;    1132.33;       10;    0.80;   move
   167;    1973.44;    1508.64;    1974.69;    1479.98;    1960.31;    1479.36;    1959.06;    1508.02;       10;    0.80;   stop
  1058;    1902.13;     635.31;    1916.94;     634.88;    1916.12;     606.69;    1901.31;     607.12;       10;    0.80;   stop
   155;    1918.49;     804.09;    1918.66;     776.63;    1903.88;     776.54;    1903.71;     804.00;       10;    0.80;   stop
  2056;      95.16;    1032.65;      96.04;    1017.65;      64.21;    1015.79;      63.34;    1030.79;       10;    0.80;   move
   116;     539.09;    1086.27;     540.47;    1073.05;     510.91;    1069.98;     509.53;    1083.20;       10;    0.80;   stop
   152;     638.17;    1592.17;     639.28;    1578.90;     611.52;    1576.58;     610.41;    1589.85;       10;    0.80;   stop
   161;    1413.31;    1017.56;    1413.76;    1003.94;    1383.44;    1002.94;    1382.99;    1016.56;       10;    0.80;   stop
   293;    1904.01;    1076.35;    1927.89;    1053.40;    1916.96;    1042.03;    1893.08;    1064.98;       10;    0.80;   move
   104;    1993.18;    1687.74;    1994.85;    1662.18;    1982.57;    1661.38;    1980.90;    1686.94;       10;    0.80;   stop
   115;    1875.49;     740.60;    1875.57;     706.18;    1860.63;     706.15;    1860.55;     740.57;       10;    0.80;   stop
   239;    2610.89;     434.57;    2611.53;     409.48;    2599.73;     409.18;    2599.10;     434.27;       10;    0.80;   stop
   292;     791.24;    1102.31;     817.73;    1088.78;     810.94;    1075.50;     784.46;    1089.03;       10;    0.80;   stop
   156;    1188.60;    1133.74;    1188.98;    1118.89;    1158.90;    1118.13;    1158.52;    1132.98;       10;    0.80;   stop
   227;    1306.60;    1141.77;    1307.37;    1123.79;    1259.53;    1121.73;    1258.76;    1139.71;        9;    0.80;   stop
    82;    2599.43;    1126.85;    2600.79;    1111.64;    2566.20;    1108.52;    2564.83;    1123.74;       10;    0.80;   stop
    33;    1980.88;    1322.46;    1982.37;    1287.04;    1967.50;    1286.41;    1966.00;    1321.84;       10;    0.80;   stop
   185;    2963.43;    1242.12;    2966.36;    1228.74;    2938.14;    1222.56;    2935.21;    1235.94;       10;    0.80;   move
    11;    3335.53;    1350.08;    3341.04;    1336.73;    3312.29;    1324.85;    3306.77;    1338.19;       10;    0.80;   move
   137;    2609.59;     400.55;    2610.26;     373.77;    2597.66;     373.45;    2596.99;     400.23;       10;    0.80;   stop
    73;    2611.95;     505.01;    2612.61;     479.70;    2599.80;     479.37;    2599.14;     504.67;       10;    0.80;   stop
   150;    2109.57;    1096.24;    2110.72;    1081.99;    2079.93;    1079.51;    2078.78;    1093.76;       10;    0.80;   stop
   266;    2604.69;     566.83;    2635.53;     566.07;    2635.18;     551.98;    2604.34;     552.74;       10;    0.80;   stop
   245;    2171.37;    1120.60;    2172.11;    1107.19;    2146.57;    1105.78;    2145.83;    1119.19;       10;    0.80;   stop
   126;     611.78;    1553.96;     612.94;    1539.86;     583.54;    1537.44;     582.37;    1551.54;       10;    0.80;   stop
   145;    1866.91;    1703.14;    1867.93;    1689.73;    1839.97;    1687.61;    1838.95;    1701.02;       10;    0.80;   stop
   218;    1963.96;     225.60;    1964.65;     195.44;    1951.79;     195.15;    1951.10;     225.31;       10;    0.80;   move
   138;    2612.21;     541.47;    2613.36;     512.07;    2599.54;     511.53;    2598.39;     540.93;       10;    0.80;   stop
   192;    3313.51;     640.40;    3314.38;     607.83;    3298.68;     607.41;    3297.81;     639.98;       10;    0.80;   stop
   339;     971.72;    1078.09;     972.11;    1063.95;     943.59;    1063.16;     943.20;    1077.30;       10;    0.80;   stop
   217;     604.03;    1590.38;     605.26;    1577.47;     575.34;    1574.62;     574.11;    1587.53;       10;    0.80;   stop
   311;    2611.08;     686.85;    2611.48;     653.77;    2597.30;     653.59;    2596.89;     686.67;       10;    0.80;   stop
   182;    2429.11;    1095.67;    2429.63;    1081.22;    2397.89;    1080.08;    2397.37;    1094.53;       10;    0.80;   stop
   143;    1222.10;    1643.56;    1223.18;    1630.29;    1194.40;    1627.94;    1193.32;    1641.21;       10;    0.80;   stop
    68;    1956.81;     129.14;    1957.05;     100.49;    1942.44;     100.36;    1942.20;     129.01;       10;    0.79;   move
    91;    2961.44;     108.35;    2989.67;     107.68;    2989.34;      93.68;    2961.11;      94.35;       10;    0.79;   stop
   366;    3787.79;     396.82;    3800.97;     366.71;    3787.21;     360.68;    3774.03;     390.79;       10;    0.79;   stop
   181;     804.80;    1609.18;     806.31;    1595.94;     776.74;    1592.57;     775.23;    1605.81;       10;    0.79;   stop
   166;    2156.14;    1187.27;    2156.84;    1173.34;    2126.92;    1171.85;    2126.23;    1185.78;       10;    0.79;   stop
   282;    1839.10;     272.05;    1840.00;     240.25;    1825.03;     239.82;    1824.13;     271.63;       10;    0.79;   stop
  2128;    1887.25;      82.93;    1901.75;      82.88;    1901.66;      52.63;    1887.16;      52.68;       10;    0.79;   move
  1542;    1870.85;     553.19;    1871.23;     523.62;    1857.03;     523.44;    1856.64;     553.00;       10;    0.79;   move
   971;     649.48;    1074.74;     682.79;    1074.56;     682.70;    1058.08;     649.39;    1058.26;       10;    0.79;   stop
   133;    1284.47;    1611.44;    1286.46;    1598.60;    1261.96;    1594.81;    1259.98;    1607.65;       10;    0.79;   stop
    29;    1975.83;    1450.70;    1977.61;    1421.70;    1963.92;    1420.86;    1962.14;    1449.86;       10;    0.79;   stop
   208;    1924.75;    1977.53;    1934.17;    1946.06;    1920.50;    1941.97;    1911.08;    1973.44;       10;    0.79;   stop
   305;    3800.69;    1471.66;    3806.26;    1456.04;    3772.43;    1443.97;    3766.86;    1459.59;       10;    0.79;   stop
   265;    1853.83;     360.66;    1854.63;     328.15;    1841.70;     327.84;    1840.90;     360.35;       10;    0.79;   stop
   194;     287.57;     992.73;     288.86;     978.52;     261.33;     976.02;     260.04;     990.23;       10;    0.79;   stop
   457;    1269.15;    1097.56;    1269.77;    1081.80;    1235.10;    1080.44;    1234.48;    1096.20;       10;    0.79;   stop
   111;    2942.57;    1264.41;    2946.56;    1241.30;    2888.21;    1231.22;    2884.22;    1254.33;        9;    0.79;   stop
   105;    1105.35;    1835.58;    1107.00;    1810.26;    1094.02;    1809.42;    1092.37;    1834.73;       10;    0.79;   stop
    53;    1978.63;    1363.92;    1979.51;    1330.28;    1964.68;    1329.90;    1963.80;    1363.53;       10;    0.79;   stop
  1692;    1893.10;     499.01;    1893.82;     473.38;    1880.15;     472.99;    1879.43;     498.62;       10;    0.79;   move
   202;    1902.99;     712.88;    1917.99;     712.52;    1917.14;     677.62;    1902.13;     677.98;       10;    0.79;   stop
   169;    2907.15;     107.58;    2935.07;     107.21;    2934.88;      93.05;    2906.96;      93.41;       10;    0.79;   stop
   309;     675.90;    1596.09;     677.09;    1582.68;     648.79;    1580.16;     647.59;    1593.57;       10;    0.79;   stop
   101;    1209.42;    1605.37;    1210.75;    1592.36;    1184.02;    1589.63;    1182.68;    1602.64;       10;    0.79;   stop
   159;    2356.23;    1198.94;    2356.99;    1185.46;    2327.90;    1183.81;    2327.13;    1197.29;       10;    0.79;   stop
   224;    2925.16;    1377.34;    2931.12;    1363.32;    2896.34;    1348.53;    2890.38;    1362.56;       10;    0.79;   stop
   621;    3387.75;    1094.37;    3406.22;    1063.74;    3392.25;    1055.31;    3373.78;    1085.95;       10;    0.79;   stop
   144;    1821.63;    1697.55;    1823.18;    1684.20;    1794.12;    1680.82;    1792.57;    1694.17;       10;    0.79;   stop
   219;    2809.35;     561.37;    2839.23;     560.61;    2838.90;     547.88;    2809.02;     548.64;       10;    0.79;   stop
    37;    1902.89;     671.60;    1916.90;     671.38;    1916.39;     640.15;    1902.39;     640.37;       10;    0.79;   stop
   226;    1915.75;     897.86;    1915.84;     868.43;    1902.13;     868.39;    1902.04;     897.82;       10;    0.79;   stop
   324;    3670.27;     643.04;    3682.40;     612.11;    3668.48;     606.65;    3656.35;     637.58;       10;    0.79;   stop
   216;     313.17;    1564.57;     314.51;    1550.86;     284.48;    1547.93;     283.14;    1561.64;       10;    0.79;   stop
   206;    2650.76;    1218.23;    2651.64;    1204.63;    2622.87;    1202.77;    2621.99;    1216.37;       10;    0.79;   stop
   270;    3378.39;    1161.71;    3392.80;    1134.40;    3380.05;    1127.67;    3365.64;    1154.98;       10;    0.79;   stop
   343;    2596.48;     472.44;    2609.67;     472.43;    2609.64;     442.18;    2596.46;     442.19;       10;    0.79;   stop
   627;     419.10;     980.74;     419.65;     967.48;     394.65;     966.45;     394.10;     979.71;       10;    0.79;   stop
   360;    1880.64;     946.40;    1894.96;     946.35;    1894.86;     917.17;    1880.54;     917.22;       10;    0.79;   stop
    47;    1610.15;    1114.04;    1610.72;    1100.11;    1579.22;    1098.83;    1578.66;    1112.76;       10;    0.79;   move
   253;    1916.20;     849.11;    1916.44;     817.12;    1902.80;     817.01;    1902.56;     849.01;       10;    0.79;   stop
   157;    2419.37;    1073.43;    2419.78;    1060.41;    2393.00;    1059.57;    2392.59;    1072.59;       10;    0.79;   stop
   165;    2289.69;    1108.16;    2290.46;    1094.10;    2258.31;    1092.34;    2257.54;    1106.40;       10;    0.79;   stop
   172;    2606.07;    1106.66;    2607.33;    1093.26;    2577.56;    1090.47;    2576.30;    1103.86;       10;    0.79;   stop
    96;    2333.99;    1165.12;    2334.50;    1150.07;    2302.88;    1149.00;    2302.37;    1164.06;       10;    0.79;   move
   199;     459.75;    1539.22;     461.14;    1526.28;     436.03;    1523.60;     434.64;    1536.53;       10;    0.79;   stop
   414;    3770.45;     432.16;    3781.67;     405.76;    3768.93;     400.34;    3757.71;     426.74;       10;    0.79;   stop
   308;    2599.63;    1083.01;    2599.71;    1052.28;    2585.12;    1052.24;    2585.04;    1082.97;       10;    0.79;   stop
   160;    2961.80;    1396.92;    2970.08;    1383.86;    2938.45;    1363.83;    2930.17;    1376.89;       10;    0.79;   stop
     9;    1865.37;    2059.45;    1878.47;    2030.30;    1865.13;    2024.30;    1852.03;    2053.45;       10;    0.79;   stop
   331;    1837.60;     151.41;    1840.15;     124.89;    1827.27;     123.65;    1824.72;     150.17;       10;    0.79;   stop
   177;     250.73;     990.74;     251.84;     977.50;     224.34;     975.20;     223.23;     988.44;       10;    0.79;   stop
   313;    1863.22;     902.94;    1864.17;     875.01;    1850.87;     874.56;    1849.93;     902.49;       10;    0.79;   stop
   196;    2122.24;    1116.59;    2122.98;    1103.39;    2096.69;    1101.91;    2095.95;    1115.11;       10;    0.79;   stop
   174;    3406.73;     997.66;    3428.59;     975.77;    3418.27;     965.47;    3396.41;     987.36;       10;    0.79;   stop
   229;     428.29;    1535.86;     429.41;    1522.46;     399.05;    1519.92;     397.93;    1533.32;       10;    0.79;   stop
   303;    1360.00;    2140.43;    1363.94;    2110.52;    1350.12;    2108.70;    1346.18;    2138.60;       10;    0.79;   stop
  1528;    1896.44;     551.37;    1911.66;     550.79;    1910.47;     519.63;    1895.24;     520.21;       10;    0.78;   stop
   299;    1985.82;     839.56;    2001.71;     838.16;    1999.11;     808.57;    1983.23;     809.96;       10;    0.78;   stop
   243;     525.96;     989.46;     526.98;     975.78;     498.73;     973.67;     497.71;     987.35;       10;    0.78;   move
    71;    1432.85;    1124.34;    1433.12;    1110.50;    1403.28;    1109.91;    1403.00;    1123.75;       10;    0.78;   move
    97;    1715.63;    1163.16;    1717.26;    1148.71;    1687.50;    1145.34;    1685.86;    1159.79;       10;    0.78;   stop
   286;    1823.83;     716.18;    1839.51;     715.41;    1838.04;     685.57;    1822.37;     686.34;       10;    0.78;   stop
   238;    1995.80;     237.35;    2008.88;     237.32;    2008.82;     210.40;    1995.74;     210.43;       10;    0.78;   stop
   300;    2920.47;     561.71;    2948.53;     561.19;    2948.28;     547.54;    2920.22;     548.06;       10;    0.78;   stop
   220;    2955.84;     560.40;    2985.33;     559.52;    2984.91;     545.48;    2955.42;     546.36;       10;    0.78;   stop
    92;    2996.03;     105.39;    3021.63;     104.73;    3021.31;      92.42;    2995.72;      93.08;       10;    0.78;   stop
    60;    1068.28;    1088.57;    1069.58;    1072.82;    1029.84;    1069.55;    1028.54;    1085.30;       10;    0.78;   stop
   263;     376.05;    1569.28;     376.85;    1556.06;     350.52;    1554.47;     349.71;    1567.69;       10;    0.78;   stop
   146;    1880.33;     720.18;    1893.69;     719.84;    1892.92;     690.00;    1879.56;     690.35;       10;    0.78;   stop
    98;    2792.01;    1236.51;    2794.03;    1221.89;    2759.49;    1217.12;    2757.47;    1231.73;       10;    0.78;   stop
   140;    2685.42;    1132.52;    2686.90;    1118.67;    2658.21;    1115.60;    2656.73;    1129.45;       10;    0.78;   stop
  1072;    3384.89;    1239.19;    3386.98;    1224.64;    3353.86;    1219.88;    3351.77;    1234.43;       10;    0.78;   move
  2043;    1862.32;     177.73;    1876.46;     177.54;    1876.05;     146.27;    1861.91;     146.46;       10;    0.78;   move
   153;    1962.78;      38.64;    1963.43;      12.87;    1950.72;      12.54;    1950.07;      38.32;       10;    0.78;   move
   190;    2612.56;     886.69;    2613.60;     855.28;    2599.19;     854.81;    2598.15;     886.22;       10;    0.78;   stop
   250;    1496.36;     948.71;    1500.69;     915.49;    1487.14;     913.72;    1482.81;     946.95;       10;    0.78;   stop
   447;    1605.31;    1092.89;    1605.79;    1080.49;    1579.56;    1079.48;    1579.09;    1091.88;       10;    0.78;   move
    30;    1511.91;    1105.61;    1512.34;    1092.42;    1485.09;    1091.52;    1484.66;    1104.71;       10;    0.78;   move
   294;    1471.15;    1146.74;    1471.69;    1133.60;    1444.85;    1132.51;    1444.31;    1145.65;       10;    0.78;   stop
   595;    2581.95;    1174.68;    2582.44;    1161.81;    2556.68;    1160.82;    2556.18;    1173.69;       10;    0.78;   stop
   215;    3027.81;    1472.31;    3040.89;    1461.35;    3011.94;    1426.81;    2998.86;    1437.78;        9;    0.78;   stop
   252;    3063.19;    1540.13;    3085.29;    1527.21;    3053.06;    1472.06;    3030.96;    1484.97;        9;    0.78;   stop
   189;    2612.79;      83.21;    2613.54;      56.67;    2600.08;      56.29;    2599.33;      82.83;       10;    0.78;   stop
   258;    2771.77;     562.14;    2802.72;     561.04;    2802.23;     547.11;    2771.28;     548.21;       10;    0.78;   stop
   231;     641.31;     998.96;     642.51;     985.43;     614.00;     982.91;     612.80;     996.44;       10;    0.78;   move
   249;     637.09;    1144.09;     637.99;    1130.52;     606.03;    1128.41;     605.14;    1141.98;       10;    0.78;   stop
   260;    1352.24;    1016.87;    1352.89;    1002.81;    1321.88;    1001.38;    1321.23;    1015.44;       10;    0.78;   stop
   254;    3202.01;    1056.47;    3202.05;    1039.87;    3164.55;    1039.78;    3164.51;    1056.38;       10;    0.78;   stop
   477;    3472.06;    1298.84;    3476.77;    1284.12;    3444.82;    1273.89;    3440.11;    1288.61;       10;    0.78;   stop
   203;    2847.72;     560.44;    2875.30;     559.42;    2874.78;     545.43;    2847.20;     546.46;       10;    0.78;   stop
   321;    2883.84;     561.24;    2915.23;     561.10;    2915.16;     546.88;    2883.77;     547.02;       10;    0.78;   stop
   225;    1992.12;     721.58;    2004.85;     721.48;    2004.63;     693.67;    1991.90;     693.77;       10;    0.78;   stop
   314;    2673.85;     564.25;    2702.50;     563.60;    2702.18;     549.50;    2673.54;     550.15;       10;    0.78;   stop
   176;     849.95;    1023.65;     850.48;    1009.08;     818.80;    1007.91;     818.27;    1022.48;       10;    0.78;   move
  1552;     474.64;    1064.03;     475.15;    1048.28;     442.24;    1047.22;     441.73;    1062.97;       10;    0.78;   move
   552;    2872.54;    1138.49;    2874.57;    1123.37;    2836.46;    1118.26;    2834.43;    1133.38;       10;    0.78;   stop
   214;    2682.79;    1222.92;    2683.90;    1209.37;    2656.08;    1207.08;    2654.97;    1220.63;       10;    0.78;   stop
   342;    3409.18;    1059.78;    3427.45;    1034.60;    3415.82;    1026.16;    3397.55;    1051.34;       10;    0.78;   stop
   193;     132.95;    1057.89;     133.88;    1038.12;      78.80;    1035.55;      77.88;    1055.31;        9;    0.78;   stop
  1291;     623.14;    1055.24;     623.69;    1040.34;     590.93;    1039.13;     590.38;    1054.04;       10;    0.78;   move
   345;    1462.82;    1018.95;    1463.34;    1006.00;    1436.31;    1004.93;    1435.79;    1017.87;       10;    0.78;   stop
   277;    2583.83;    1037.36;    2599.69;    1036.89;    2598.67;    1002.26;    2582.81;    1002.73;       10;    0.78;   stop
   466;    2755.03;    1141.12;    2756.34;    1127.20;    2728.97;    1124.63;    2727.66;    1138.55;       10;    0.78;   stop
   141;    3319.60;    1159.67;    3329.96;    1128.38;    3314.15;    1123.14;    3303.79;    1154.43;       10;    0.78;   stop
   310;    1854.83;     273.21;    1855.12;     244.42;    1841.82;     244.29;    1841.54;     273.08;       10;    0.78;   stop
   272;    1838.02;     690.59;    1852.05;     690.51;    1851.89;     659.41;    1837.85;     659.49;       10;    0.78;   stop
   316;     607.96;     973.06;     608.21;     959.72;     577.04;     959.12;     576.79;     972.47;       10;    0.78;   stop
   394;    1935.16;     902.27;    1949.43;     901.79;    1948.34;     869.04;    1934.07;     869.52;       10;    0.78;   move
   261;    1892.59;    1224.03;    1904.64;    1221.32;    1898.66;    1194.72;    1886.61;    1197.43;       10;    0.78;   stop
   401;    2575.77;    1044.59;    2576.62;    1014.58;    2561.73;    1014.16;    2560.88;    1044.17;       10;    0.78;   stop
   228;    2460.47;    1203.88;    2461.22;    1189.47;    2430.66;    1187.87;    2429.91;    1202.28;       10;    0.78;   stop
   151;    3715.16;    1048.92;    3751.20;    1048.67;    3751.09;    1033.27;    3715.05;    1033.52;       10;    0.78;   stop
   210;    1822.58;     681.79;    1835.95;     681.78;    1835.92;     654.71;    1822.55;     654.72;       10;    0.77;   stop
   273;    2004.67;     795.56;    2005.15;     770.67;    1993.20;     770.44;    1992.72;     795.33;       10;    0.77;   stop
   523;    2609.70;     645.55;    2609.99;     618.80;    2597.55;     618.67;    2597.26;     645.42;       10;    0.77;   stop
   391;    2970.82;    1271.40;    2974.35;    1256.75;    2945.18;    1249.73;    2941.65;    1264.37;       10;    0.77;   stop
   120;    2788.48;    1342.46;    2788.92;    1329.22;    2760.77;    1328.29;    2760.33;    1341.53;       10;    0.77;   stop
   257;    2515.47;    1605.65;    2518.14;    1574.84;    2503.91;    1573.60;    2501.23;    1604.41;       10;    0.77;   stop
  1175;    3226.52;    1231.53;    3229.31;    1215.97;    3194.41;    1209.72;    3191.63;    1225.28;       10;    0.77;   move
    66;    2881.59;    1249.48;    2883.77;    1234.58;    2853.80;    1230.20;    2851.62;    1245.11;       10;    0.77;   stop
    54;    3312.69;     671.55;    3314.34;     643.65;    3300.43;     642.83;    3298.78;     670.73;       10;    0.77;   stop
   149;     438.71;    1003.55;     439.32;     988.02;     407.38;     986.77;     406.77;    1002.30;       10;    0.77;   stop
   375;    1078.49;     999.64;    1079.63;     986.55;    1051.51;     984.11;    1050.37;     997.20;       10;    0.77;   stop
  1922;     243.47;    1025.46;     244.87;    1011.78;     216.85;    1008.91;     215.44;    1022.60;       10;    0.77;   move
  1684;     460.69;    1041.91;     461.88;    1027.82;     431.81;    1025.28;     430.62;    1039.37;       10;    0.77;   move
   109;    3376.19;    1019.37;    3402.00;    1000.17;    3393.50;     988.75;    3367.69;    1007.95;       10;    0.77;   stop
   399;    1822.90;    2086.05;    1835.79;    2058.41;    1823.84;    2052.83;    1810.94;    2080.47;       10;    0.77;   move
   389;    3456.85;      92.71;    3490.39;      91.95;    3490.02;      75.81;    3456.49;      76.57;       10;    0.77;   stop
   268;     979.11;     571.57;     981.09;     558.12;     954.02;     554.13;     952.04;     567.58;       10;    0.77;   stop
   130;     182.70;     966.34;     183.20;     952.80;     155.50;     951.78;     155.00;     965.32;       10;    0.77;   stop
   577;    2848.33;    1156.62;    2850.65;    1142.70;    2817.92;    1137.25;    2815.60;    1151.18;       10;    0.77;   stop
   114;    1996.95;    1230.60;    1998.54;    1205.89;    1985.18;    1205.02;    1983.58;    1229.74;       10;    0.77;   stop
   475;    3467.54;    1077.24;    3477.63;    1051.39;    3464.33;    1046.20;    3454.25;    1072.05;       10;    0.77;   stop
   425;    3139.72;    1245.62;    3142.88;    1231.52;    3112.47;    1224.69;    3109.30;    1238.79;       10;    0.77;   stop
   350;    1822.54;     473.96;    1837.86;     473.82;    1837.56;     440.67;    1822.23;     440.81;       10;    0.77;   stop
   388;    2710.38;     562.52;    2739.40;     561.09;    2738.75;     547.85;    2709.72;     549.29;       10;    0.77;   stop
   315;     707.72;     934.65;     712.99;     923.14;     689.15;     912.23;     683.88;     923.73;       10;    0.77;   stop
   287;     764.58;    1101.79;     765.12;    1088.42;     736.36;    1087.27;     735.82;    1100.65;       10;    0.77;   stop
    88;    2556.59;    1123.20;    2558.21;    1107.98;    2523.53;    1104.30;    2521.91;    1119.52;       10;    0.77;   stop
   195;    2164.70;    1149.61;    2165.55;    1133.79;    2130.18;    1131.89;    2129.33;    1147.71;       10;    0.77;   move
   173;    2575.03;    1211.94;    2575.50;    1198.75;    2548.97;    1197.81;    2548.50;    1211.00;       10;    0.77;   stop
  1096;    1978.97;    1226.06;    1980.56;    1196.82;    1966.60;    1196.06;    1965.00;    1225.30;       10;    0.77;   stop
   325;    1909.24;    1497.41;    1921.45;    1496.82;    1920.26;    1472.03;    1908.05;    1472.62;       10;    0.77;   stop
   285;    2005.14;     379.25;    2005.70;     351.15;    1991.61;     350.87;    1991.05;     378.97;       10;    0.77;   stop
  1637;     391.08;    1058.90;     392.02;    1043.28;     356.11;    1041.10;     355.16;    1056.72;       10;    0.77;   move
   307;    1287.88;    1119.70;    1288.05;    1104.76;    1258.56;    1104.42;    1258.39;    1119.36;       10;    0.77;   stop
   132;    2256.63;    1155.60;    2257.32;    1141.94;    2228.93;    1140.52;    2228.25;    1154.18;       10;    0.77;   move
   505;    3303.22;    1480.42;    3309.52;    1467.05;    3281.78;    1453.96;    3275.48;    1467.33;       10;    0.77;   stop
   186;    1783.91;    1694.81;    1785.84;    1681.10;    1755.34;    1676.81;    1753.41;    1690.53;       10;    0.77;   stop
   168;    1798.34;    2076.63;    1811.54;    2048.89;    1799.41;    2043.12;    1786.21;    2070.86;       10;    0.77;   stop
   374;    2004.51;     868.81;    2004.94;     843.64;    1992.80;     843.44;    1992.38;     868.61;       10;    0.77;   stop
   941;     248.28;    1079.82;     261.16;    1049.32;     247.66;    1043.62;     234.77;    1074.11;       10;    0.77;   stop
   280;      25.13;    1487.99;      25.85;    1475.92;       2.28;    1474.51;       1.56;    1486.58;       10;    0.77;   stop
   356;    1492.02;     981.91;    1495.19;     953.51;    1481.36;     951.96;    1478.18;     980.37;       10;    0.77;   stop
   328;    2639.86;     564.03;    2667.09;     562.68;    2666.39;     548.60;    2639.16;     549.95;       10;    0.77;   stop
   267;    3162.14;     558.06;    3191.32;     556.12;    3190.36;     541.62;    3161.18;     543.56;       10;    0.77;   stop
  1138;     709.34;    1058.01;     710.52;    1044.39;     682.85;    1041.99;     681.67;    1055.61;       10;    0.77;   move
   362;     565.31;    1586.13;     566.55;    1573.88;     541.88;    1571.37;     540.63;    1583.62;       10;    0.77;   stop
   385;     410.88;    1573.46;     412.33;    1560.87;     385.52;    1557.79;     384.08;    1570.38;       10;    0.77;   stop
   319;    2506.95;    1699.15;    2509.54;    1671.54;    2495.55;    1670.22;    2492.96;    1697.84;       10;    0.77;   stop
   354;    1844.40;     121.51;    1846.15;     101.62;    1835.38;     100.68;    1833.63;     120.57;       10;    0.76;   stop
   118;    1960.67;     617.35;    1961.10;     588.84;    1948.33;     588.65;    1947.90;     617.16;       10;    0.76;   move
   390;    3654.15;     674.07;    3666.56;     646.54;    3652.72;     640.30;    3640.32;     667.84;       10;    0.76;   stop
   416;     299.41;    1067.92;     299.65;    1054.17;     270.12;    1053.64;     269.88;    1067.40;       10;    0.76;   stop
   403;    2126.44;    1346.00;    2126.50;    1331.62;    2094.56;    1331.50;    2094.50;    1345.88;       10;    0.76;   stop
   501;    1093.73;    2126.80;    1109.29;    2125.94;    1107.52;    2093.82;    1091.96;    2094.68;       10;    0.76;   stop
    64;    1351.63;    1637.20;    1352.97;    1622.56;    1321.37;    1619.67;    1320.03;    1634.31;       10;    0.76;   move
   415;    3811.56;     550.00;    3811.77;     536.07;    3782.19;     535.62;    3781.97;     549.55;       10;    0.76;   stop
   406;     150.46;     947.56;     151.25;     934.81;     123.06;     933.06;     122.27;     945.81;       10;    0.76;   stop
   338;     106.45;     983.98;     107.16;     969.33;      77.42;     967.89;      76.71;     982.55;       10;    0.76;   move
  2042;     160.66;    1027.80;     162.17;    1014.29;     135.12;    1011.27;     133.61;    1024.78;       10;    0.76;   move
   340;     750.93;     951.08;     752.31;     920.45;     737.91;     919.80;     736.52;     950.42;       10;    0.76;   stop
   379;    1547.27;    1024.55;    1548.45;    1010.80;    1519.48;    1008.33;    1518.30;    1022.08;       10;    0.76;   stop
   346;    3413.10;    1096.38;    3427.13;    1073.46;    3415.65;    1066.43;    3401.62;    1089.36;       10;    0.76;   stop
   351;    1547.20;    1652.59;    1548.64;    1639.83;    1522.93;    1636.91;    1521.48;    1649.67;       10;    0.76;   move
   392;    2609.95;     846.83;    2610.62;     817.36;    2597.30;     817.05;    2596.63;     846.52;       10;    0.76;   stop
   610;     234.98;     967.84;     235.17;     954.41;     207.75;     954.04;     207.56;     967.46;       10;    0.76;   stop
   256;     103.93;    1538.51;     105.76;    1523.74;      72.32;    1519.61;      70.49;    1534.39;       10;    0.76;   stop
   363;    1839.34;     953.03;    1840.04;     923.77;    1827.03;     923.47;    1826.34;     952.73;       10;    0.76;   stop
   357;    1248.96;    1608.01;    1249.77;    1595.39;    1223.79;    1593.74;    1222.98;    1606.36;       10;    0.76;   stop
   409;    2415.46;     566.19;    2444.42;     565.68;    2444.16;     550.94;    2415.20;     551.45;       10;    0.76;   stop
   352;    2521.67;    1078.37;    2522.36;    1063.89;    2493.21;    1062.51;    2492.52;    1076.98;       10;    0.76;   stop
   386;    1958.83;     493.45;    1959.81;     467.81;    1946.52;     467.30;    1945.53;     492.94;       10;    0.76;   move
   433;    3198.70;     555.87;    3225.96;     553.95;    3225.05;     541.01;    3197.79;     542.92;       10;    0.76;   stop
   110;    2866.67;    1388.67;    2869.00;    1374.62;    2840.08;    1369.83;    2837.75;    1383.88;       10;    0.76;   stop
   372;    3329.21;    1038.65;    3361.83;    1027.21;    3357.04;    1013.54;    3324.42;    1024.98;       10;    0.76;   stop
   297;    1105.05;    1869.49;    1106.36;    1839.00;    1090.58;    1838.32;    1089.27;    1868.82;       10;    0.76;   stop
   404;    1992.92;    1658.19;    1994.01;    1634.06;    1982.83;    1633.56;    1981.74;    1657.69;       10;    0.76;   stop
   426;     480.23;    1329.35;     482.54;    1315.73;     452.58;    1310.65;     450.27;    1324.27;       10;    0.76;   stop
   180;    1784.25;    1105.98;    1785.24;    1092.19;    1755.00;    1090.02;    1754.01;    1103.81;       10;    0.76;   move
   395;    1354.23;    1143.16;    1354.82;    1129.47;    1325.52;    1128.21;    1324.93;    1141.90;       10;    0.76;   stop
   381;    2319.57;    1196.62;    2320.66;    1182.91;    2290.30;    1180.51;    2289.22;    1194.21;       10;    0.76;   stop
   551;    3656.23;    1005.81;    3656.75;     992.07;    3630.02;     991.07;    3629.50;    1004.80;       10;    0.76;   stop
   327;    1736.50;     559.04;    1738.62;     544.89;    1706.54;     540.08;    1704.42;     554.23;       10;    0.76;   stop
    79;      55.72;     956.56;      56.44;     943.91;      29.06;     942.35;      28.34;     955.00;       10;    0.76;   move
   330;    2233.77;     565.74;    2262.61;     565.46;    2262.48;     551.38;    2233.64;     551.66;       10;    0.76;   stop
    99;    2797.43;    1147.28;    2799.17;    1133.38;    2769.82;    1129.72;    2768.08;    1143.62;       10;    0.76;   stop
   655;    2801.45;    1201.74;    2803.09;    1185.72;    2768.05;    1182.14;    2766.41;    1198.15;       10;    0.76;   stop
   281;    1991.47;     111.50;    1992.83;      81.47;    1979.78;      80.88;    1978.42;     110.91;       10;    0.76;   stop
  1803;    1882.84;     413.64;    1899.28;     413.11;    1898.20;     379.48;    1881.75;     380.01;       10;    0.76;   move
   383;     902.57;     564.44;     904.50;     550.92;     876.80;     546.97;     874.87;     560.48;       10;    0.76;   stop
   400;     362.66;     959.41;     363.23;     946.81;     336.25;     945.59;     335.68;     958.19;       10;    0.76;   stop
   421;    2152.45;    1346.79;    2180.53;    1345.95;    2180.11;    1331.83;    2152.03;    1332.67;       10;    0.76;   stop
   336;    3837.22;    1484.76;    3842.14;    1470.18;    3809.03;    1458.99;    3804.11;    1473.57;       10;    0.76;   stop
   302;    1684.42;    1648.25;    1686.30;    1634.06;    1655.70;    1630.00;    1653.82;    1644.19;       10;    0.76;   stop
   230;    1822.65;    2024.46;    1832.12;    2000.61;    1821.23;    1996.29;    1811.75;    2020.14;       10;    0.76;   stop
   304;    3280.36;    1428.74;    3293.01;    1397.58;    3277.46;    1391.26;    3264.80;    1422.42;       10;    0.76;   stop
   337;    2642.04;     118.18;    2669.92;     118.00;    2669.83;     104.01;    2641.96;     104.18;       10;    0.75;   stop
   344;     570.99;    1087.92;     571.91;    1073.95;     543.70;    1072.08;     542.78;    1086.05;       10;    0.75;   stop
   376;     866.48;    1113.85;     867.94;    1103.27;     848.21;    1100.53;     846.74;    1111.11;       10;    0.75;   stop
   458;    1789.77;    1150.33;    1791.05;    1133.86;    1756.42;    1131.17;    1755.14;    1147.64;       10;    0.75;   move
   269;    2469.22;    1114.78;    2470.65;    1101.06;    2442.15;    1098.10;    2440.73;    1111.82;       10;    0.75;   stop
   454;    3562.89;      86.80;    3563.09;      73.94;    3535.86;      73.52;    3535.66;      86.38;       10;    0.75;   stop
   463;    3742.59;     552.33;    3777.42;     549.45;    3776.16;     534.23;    3741.33;     537.12;       10;    0.75;   stop
  1874;     274.18;    1042.87;     275.25;    1029.42;     246.60;    1027.13;     245.53;    1040.58;       10;    0.75;   move
   271;    1188.06;    1642.15;    1189.32;    1628.54;    1161.50;    1625.97;    1160.25;    1639.58;       10;    0.75;   stop
   562;    2710.97;    2124.78;    2726.80;    2118.29;    2713.75;    2086.47;    2697.92;    2092.96;       10;    0.75;   stop
   393;    1699.99;    1033.01;    1700.66;    1019.27;    1671.63;    1017.86;    1670.97;    1031.61;       10;    0.75;   stop
  1080;    2581.00;     994.19;    2595.91;     994.18;    2595.87;     961.06;    2580.97;     961.07;       10;    0.75;   stop
   234;     700.43;    1954.64;     700.95;    1925.00;     686.14;    1924.73;     685.61;    1954.38;       10;    0.75;   stop
   326;    1366.55;    1657.83;    1368.45;    1644.77;    1340.20;    1640.67;    1338.30;    1653.73;       10;    0.75;   stop
    32;    3624.69;    1385.54;    3629.77;    1369.53;    3592.19;    1357.59;    3587.10;    1373.60;       10;    0.75;   move
   413;    1993.98;     194.65;    1994.97;     172.06;    1983.08;     171.54;    1982.09;     194.13;       10;    0.75;   stop
   312;    2428.37;     121.72;    2428.47;     107.43;    2396.38;     107.21;    2396.28;     121.50;       10;    0.75;   stop
   322;     700.36;    1097.21;     700.44;    1083.60;     671.20;    1083.42;     671.12;    1097.03;       10;    0.75;   stop
   279;    2824.65;    1239.84;    2826.50;    1226.79;    2799.65;    1222.98;    2797.79;    1236.02;       10;    0.75;   stop
   534;    1873.79;    1924.30;    1886.91;    1887.10;    1871.24;    1881.58;    1858.12;    1918.77;        9;    0.75;   stop
   332;    3017.03;     561.90;    3048.01;     560.75;    3047.47;     546.23;    3016.49;     547.38;       10;    0.75;   stop
   191;    2870.65;     110.14;    2899.10;     109.34;    2898.72;      95.64;    2870.27;      96.44;       10;    0.75;   stop
   405;    3053.17;     560.99;    3085.60;     560.92;    3085.58;     546.20;    3053.15;     546.26;       10;    0.75;   stop
   371;    2341.79;    1069.89;    2370.68;    1069.45;    2370.46;    1055.23;    2341.57;    1055.67;       10;    0.75;   stop
   205;    2872.06;    1115.86;    2873.83;    1102.00;    2846.45;    1098.51;    2844.69;    1112.38;       10;    0.75;   stop
   247;    1666.88;    1685.31;    1668.47;    1672.65;    1642.87;    1669.44;    1641.28;    1682.10;       10;    0.75;   stop
   318;    1107.81;    1800.36;    1110.29;    1772.80;    1096.07;    1771.52;    1093.59;    1799.08;       10;    0.75;   stop
   359;    1952.63;    1900.48;    1960.99;    1859.27;    1944.37;    1855.90;    1936.01;    1897.10;       10;    0.75;   stop
   446;    1834.58;     100.75;    1835.88;      72.45;    1824.67;      71.93;    1823.37;     100.24;       10;    0.75;   stop
   397;    2513.22;     123.27;    2542.26;     123.06;    2542.15;     108.48;    2513.12;     108.69;       10;    0.75;   stop
   380;    2613.87;     973.27;    2614.56;     936.15;    2599.00;     935.86;    2598.32;     972.98;       10;    0.75;   stop
   450;    2418.95;    1115.80;    2419.56;    1099.39;    2387.80;    1098.20;    2387.19;    1114.61;       10;    0.75;   stop
    67;    3775.51;    1436.39;    3780.56;    1420.27;    3741.37;    1407.99;    3736.31;    1424.10;       10;    0.75;   move
   290;    1778.74;    2112.43;    1792.31;    2086.48;    1780.76;    2080.44;    1767.19;    2106.39;       10;    0.75;   stop
   407;     330.60;     958.55;     331.09;     946.50;     306.90;     945.51;     306.41;     957.57;       10;    0.75;   stop
   453;    2490.42;     565.83;    2520.12;     565.44;    2519.95;     552.42;    2490.25;     552.81;       10;    0.75;   stop
   649;    3295.76;    1080.59;    3312.18;    1075.11;    3300.49;    1040.04;    3284.07;    1045.51;       10;    0.75;   stop
   427;    1401.49;    1660.59;    1402.93;    1647.97;    1373.89;    1644.66;    1372.45;    1657.28;       10;    0.75;   stop
   361;    1875.36;    1969.60;    1887.52;    1940.31;    1875.39;    1935.28;    1863.23;    1964.56;       10;    0.75;   move
   301;    2612.93;     737.25;    2613.62;     709.85;    2599.95;     709.50;    2599.25;     736.90;       10;    0.74;   stop
   274;     397.88;     999.86;     397.96;     986.87;     371.33;     986.70;     371.25;     999.70;       10;    0.74;   stop
   443;    1663.34;    1030.28;    1663.83;    1017.08;    1637.41;    1016.09;    1636.92;    1029.29;       10;    0.74;   stop
   419;    1897.75;    1256.65;    1910.97;    1254.89;    1907.00;    1225.10;    1893.78;    1226.86;       10;    0.74;   stop
   436;    3393.16;    1128.75;    3407.96;    1102.58;    3396.21;    1095.94;    3381.42;    1122.11;       10;    0.74;   stop
   373;    3761.69;    1048.40;    3794.70;    1048.08;    3794.56;    1033.79;    3761.55;    1034.10;       10;    0.74;   stop
  2155;      31.27;    1009.02;      31.94;     995.78;       4.97;     994.42;       4.30;    1007.66;       10;    0.74;   move
   504;    2452.27;     565.59;    2482.85;     565.35;    2482.73;     550.97;    2452.15;     551.22;       10;    0.74;   stop
   204;    2229.44;    1077.97;    2276.09;    1068.48;    2272.44;    1050.53;    2225.79;    1060.02;        9;    0.74;   stop
   320;    2610.48;     222.61;    2611.13;     193.37;    2597.90;     193.08;    2597.25;     222.32;       10;    0.74;   stop
   481;    3542.56;     551.21;    3570.17;     549.56;    3569.32;     535.35;    3541.71;     537.00;       10;    0.74;   stop
   384;     713.40;     909.89;     714.38;     897.00;     685.35;     894.79;     684.37;     907.68;       10;    0.74;   stop
   179;    1210.64;    1094.88;    1211.63;    1080.92;    1179.43;    1078.62;    1178.43;    1092.58;       10;    0.74;   stop
   317;     960.82;    1118.36;     961.62;    1102.94;     928.89;    1101.26;     928.10;    1116.68;       10;    0.74;   stop
   490;    1439.36;    1145.47;    1440.08;    1131.92;    1411.39;    1130.40;    1410.67;    1143.95;       10;    0.74;   stop
   378;    1679.27;    1159.21;    1680.57;    1146.49;    1652.98;    1143.67;    1651.68;    1156.38;       10;    0.74;   stop
  2182;    3118.46;    1210.97;    3120.85;    1193.81;    3108.04;    1192.03;    3105.65;    1209.19;       10;    0.74;   stop
   601;    3330.57;    1020.52;    3341.38;    1011.74;    3320.99;     986.66;    3310.18;     995.45;       10;    0.74;   stop
   106;    3604.63;    1411.10;    3609.74;    1395.51;    3571.93;    1383.12;    3566.82;    1398.71;       10;    0.74;   stop
   701;    3240.98;    1477.24;    3255.62;    1442.40;    3237.15;    1434.63;    3222.50;    1469.47;       10;    0.74;   stop
   472;    2609.59;     369.70;    2609.75;     339.12;    2596.54;     339.05;    2596.37;     369.63;       10;    0.74;   stop
   412;    1864.35;     847.81;    1864.86;     819.69;    1851.44;     819.44;    1850.92;     847.56;       10;    0.74;   stop
   547;    2610.54;     322.59;    2610.92;     297.47;    2598.96;     297.29;    2598.58;     322.40;       10;    0.74;   stop
   465;    2127.04;     565.03;    2152.26;     563.69;    2151.53;     549.84;    2126.30;     551.18;       10;    0.74;   stop
  1005;     205.21;     989.40;     205.78;     975.92;     175.88;     974.66;     175.31;     988.14;       10;    0.74;   stop
   408;    2164.47;     565.58;    2192.55;     565.02;    2192.28;     551.54;    2164.20;     552.10;       10;    0.74;   stop
  2041;    3583.60;     774.62;    3597.38;     744.90;    3583.58;     738.51;    3569.81;     768.22;       10;    0.74;   move
   428;     657.79;    1151.80;     659.62;    1125.38;     646.27;    1124.45;     644.45;    1150.87;       10;    0.74;   stop
   429;    2559.66;    1083.47;    2560.64;    1067.37;    2526.09;    1065.28;    2525.11;    1081.38;       10;    0.74;   stop
   489;    3802.87;     275.52;    3814.78;     247.32;    3802.13;     241.98;    3790.21;     270.18;       10;    0.74;   stop
   503;    2159.69;    1083.70;    2160.50;    1070.10;    2151.31;    1069.55;    2150.50;    1083.15;       10;    0.74;   stop
   368;    1175.16;    1603.01;    1177.06;    1591.18;    1154.15;    1587.49;    1152.25;    1599.32;       10;    0.74;   stop
   437;    2492.49;    1828.33;    2495.05;    1799.86;    2481.89;    1798.67;    2479.32;    1827.14;       10;    0.74;   stop
   291;    3030.86;     107.79;    3061.87;     105.13;    3060.64;      90.78;    3029.63;      93.43;       10;    0.73;   stop
   509;    1995.11;    1618.00;    1996.48;    1584.30;    1982.89;    1583.75;    1981.52;    1617.45;       10;    0.73;   stop
    15;    2689.89;    1434.59;    2694.58;    1406.11;    2680.48;    1403.79;    2675.79;    1432.27;       10;    0.73;   stop
   201;    3510.10;    1382.24;    3514.07;    1365.90;    3478.03;    1357.14;    3474.06;    1373.48;       10;    0.73;   stop
   329;    3196.60;     100.50;    3228.63;      99.33;    3228.08;      84.19;    3196.05;      85.36;       10;    0.73;   stop
   525;     346.36;    1566.78;     347.54;    1553.85;     320.20;    1551.35;     319.02;    1564.27;       10;    0.73;   stop
   455;    2396.57;    1354.83;    2427.08;    1354.77;    2427.06;    1340.67;    2396.54;    1340.73;       10;    0.73;   stop
   367;    3508.07;     553.91;    3536.80;     552.86;    3536.31;     539.22;    3507.57;     540.26;       10;    0.73;   stop
   482;    3532.07;     942.01;    3543.67;     914.19;    3529.18;     908.14;    3517.58;     935.97;       10;    0.73;   stop
   471;    2611.15;     113.27;    2611.28;      87.61;    2598.35;      87.54;    2598.22;     113.20;       10;    0.73;   stop
   232;    1135.36;    1087.70;    1169.55;    1086.49;    1169.02;    1071.37;    1134.82;    1072.57;       10;    0.73;   stop
   544;    2816.48;    1221.68;    2818.23;    1205.45;    2782.27;    1201.57;    2780.52;    1217.80;       10;    0.73;   stop
   430;    2859.86;    1344.01;    2860.57;    1331.53;    2835.64;    1330.11;    2834.93;    1342.59;       10;    0.73;   stop
   298;    1006.71;    1587.63;    1007.72;    1575.70;     983.13;    1573.62;     982.12;    1585.55;       10;    0.73;   stop
   423;    1910.60;    2012.30;    1920.43;    1986.28;    1907.65;    1981.45;    1897.82;    2007.47;       10;    0.73;   stop
   333;    2697.68;     116.06;    2729.30;     115.24;    2728.95;     101.63;    2697.32;     102.45;       10;    0.73;   stop
   432;    1164.40;    1540.69;    1167.86;    1511.95;    1154.22;    1510.31;    1150.77;    1539.05;       10;    0.73;   stop
   434;    2220.79;    1061.42;    2221.44;    1049.25;    2197.27;    1047.96;    2196.62;    1060.12;       10;    0.73;   stop
   236;    1997.28;      45.09;    2010.07;      45.05;    2009.97;      15.66;    1997.18;      15.70;       10;    0.72;   stop
   538;    3806.04;     357.70;    3817.60;     332.70;    3804.59;     326.68;    3793.02;     351.67;       10;    0.72;   stop
   410;    1902.59;     941.02;    1916.82;     940.71;    1916.13;     909.60;    1901.90;     909.92;       10;    0.72;   stop
   648;    3431.29;    1064.42;    3443.47;    1041.03;    3431.21;    1034.64;    3419.03;    1058.03;       10;    0.72;   stop
   235;    1760.42;    2153.97;    1775.82;    2125.73;    1763.08;    2118.78;    1747.68;    2147.02;       10;    0.72;   stop
   398;    2235.53;     124.82;    2235.53;     111.99;    2209.53;     111.99;    2209.53;     124.82;       10;    0.72;   stop
   485;     357.86;    1528.05;     358.61;    1515.02;     326.99;    1513.20;     326.24;    1526.23;       10;    0.72;   stop
   515;    3764.65;     349.60;    3780.53;     318.04;    3767.23;     311.34;    3751.34;     342.90;       10;    0.72;   stop
   508;    1827.12;    1350.40;    1838.27;    1347.72;    1832.50;    1323.73;    1821.36;    1326.40;       10;    0.72;   stop
   451;    1968.16;     250.19;    1987.67;     250.05;    1987.34;     202.06;    1967.83;     202.20;        9;    0.71;   stop
   355;    3572.33;     753.47;    3584.82;     726.48;    3571.42;     720.28;    3558.93;     747.27;       10;    0.71;   stop
   559;     212.04;     947.76;     213.32;     934.12;     184.99;     931.46;     183.71;     945.10;       10;    0.71;   stop
   543;    1922.05;    1581.45;    1923.08;    1541.95;    1907.45;    1541.55;    1906.42;    1581.05;       10;    0.71;   stop
   420;    1996.86;    1011.94;    2010.23;    1009.52;    2004.96;     980.43;    1991.59;     982.85;       10;    0.71;   stop
   431;    2520.54;    1555.33;    2522.86;    1525.93;    2510.09;    1524.92;    2507.76;    1554.32;       10;    0.71;   stop
   468;    1850.51;     562.93;    1851.14;     536.50;    1838.36;     536.20;    1837.74;     562.63;       10;    0.71;   stop
   521;      81.81;     913.99;      87.19;     887.49;      73.00;     884.61;      67.62;     911.11;       10;    0.71;   stop
   498;     469.10;    1368.22;     472.10;    1354.18;     444.02;    1348.18;     441.02;    1362.23;       10;    0.71;   stop
  1399;    1946.19;    2163.08;    1948.25;    2137.75;    1935.06;    2136.67;    1933.00;    2162.00;       10;    0.71;   stop
   456;    2464.72;    1774.80;    2468.53;    1745.89;    2455.65;    1744.19;    2451.84;    1773.11;       10;    0.71;   stop
   487;    1527.09;    1670.87;    1528.55;    1656.63;    1498.03;    1653.51;    1496.58;    1667.74;       10;    0.71;   stop
   545;    3037.28;    1547.86;    3050.19;    1541.64;    3036.22;    1512.70;    3023.31;    1518.93;       10;    0.71;   stop
   582;     663.91;     971.89;     688.49;     970.75;     687.96;     959.36;     663.38;     960.50;       10;    0.70;   stop
   276;    1126.63;    1089.63;    1126.97;    1074.53;    1091.87;    1073.75;    1091.53;    1088.84;       10;    0.70;   stop
   469;    1864.79;    1663.23;    1865.75;    1650.65;    1840.96;    1648.77;    1840.00;    1661.35;       10;    0.70;   stop
   564;    3301.36;    1382.93;    3317.71;    1347.46;    3299.58;    1339.10;    3283.23;    1374.57;        9;    0.70;   stop
  2096;    3719.60;    1358.38;    3724.17;    1343.77;    3690.40;    1333.19;    3685.83;    1347.79;       10;    0.70;   move
   567;    2444.46;     121.99;    2470.64;     121.25;    2470.29;     108.63;    2444.11;     109.38;       10;    0.70;   stop
   502;    2345.60;     122.65;    2375.74;     122.44;    2375.65;     109.66;    2345.51;     109.87;       10;    0.70;   stop
   493;    1426.00;     843.68;    1427.30;     829.50;    1393.25;     826.38;    1391.95;     840.56;       10;    0.70;   stop
    38;    1458.52;    1086.57;    1459.13;    1073.59;    1431.60;    1072.30;    1430.99;    1085.28;       10;    0.70;   move
  1518;    2612.70;    1058.03;    2613.86;    1031.64;    2601.30;    1031.09;    2600.14;    1057.49;       10;    0.70;   stop
   296;    3674.97;    1048.31;    3708.90;    1048.03;    3708.78;    1032.94;    3674.85;    1033.22;       10;    0.70;   stop
   387;    2125.93;     126.68;    2156.12;     126.02;    2155.82;     112.38;    2125.63;     113.04;       10;    0.70;   stop
   459;    2980.55;    1459.50;    2991.73;    1447.72;    2962.45;    1419.94;    2951.27;    1431.72;       10;    0.70;   stop
   483;    3744.11;      81.75;    3780.93;      80.16;    3780.26;      64.73;    3743.44;      66.33;       10;    0.70;   stop
   516;     204.63;    1060.96;     205.28;    1046.90;     176.93;    1045.60;     176.29;    1059.66;       10;    0.70;   stop
   464;    2873.94;    2038.56;    2900.00;    2026.57;    2893.56;    2012.57;    2867.50;    2024.56;       10;    0.70;   stop
   470;    1805.69;      63.73;    1808.01;      31.93;    1792.11;      30.77;    1789.79;      62.57;       10;    0.70;   stop
   540;     191.37;    1510.88;     191.87;    1497.67;     163.94;    1496.62;     163.44;    1509.83;       10;    0.70;   stop
   358;     663.04;    1955.06;     665.44;    1926.36;     652.28;    1925.26;     649.87;    1953.95;       10;    0.70;   stop
   580;    1464.31;     852.86;    1465.99;     840.17;    1437.07;     836.33;    1435.38;     849.02;       10;    0.69;   stop
   411;    3550.63;    1007.28;    3582.91;    1007.06;    3582.81;     991.47;    3550.52;     991.69;       10;    0.69;   stop
   460;    1904.79;    1434.25;    1921.86;    1432.79;    1917.96;    1387.25;    1900.89;    1388.71;        9;    0.69;   stop
   473;    1329.41;    1653.46;    1330.57;    1640.69;    1304.22;    1638.29;    1303.06;    1651.06;       10;    0.69;   stop
   353;     680.24;    1955.49;     683.35;    1923.42;     668.82;    1922.01;     665.72;    1954.08;       10;    0.69;   stop
   492;    1879.77;    1875.43;    1884.80;    1850.66;    1873.23;    1848.32;    1868.20;    1873.09;       10;    0.69;   stop
   550;    2483.29;    1585.91;    2483.42;    1559.65;    2470.83;    1559.59;    2470.71;    1585.85;       10;    0.69;   stop
   589;    3196.56;    1190.42;    3200.90;    1171.29;    3146.56;    1158.96;    3142.22;    1178.09;        9;    0.69;   stop
   619;    3123.04;    1512.49;    3140.51;    1475.31;    3122.59;    1466.89;    3105.11;    1504.06;        9;    0.69;   stop
   983;    3300.23;     710.31;    3313.98;     710.23;    3313.83;     684.69;    3300.08;     684.77;       10;    0.69;   stop
   532;     142.04;    1543.18;     144.13;    1529.02;     112.25;    1524.32;     110.16;    1538.48;       10;    0.69;   stop
   555;     770.07;    1606.29;     772.08;    1592.73;     744.93;    1588.71;     742.92;    1602.27;       10;    0.69;   stop
   467;    1581.91;    1637.24;    1583.01;    1623.14;    1552.34;    1620.76;    1551.24;    1634.86;       10;    0.69;   stop
   494;    2464.14;    1358.04;    2464.67;    1345.35;    2437.11;    1344.21;    2436.58;    1356.90;       10;    0.69;   stop
   452;    2274.40;     126.00;    2274.56;     112.28;    2244.35;     111.94;    2244.19;     125.65;       10;    0.68;   stop
   478;    3571.87;     856.45;    3582.17;     826.50;    3568.13;     821.68;    3557.83;     851.62;       10;    0.68;   stop
   348;    1978.87;    1269.95;    1979.60;    1233.50;    1963.13;    1233.17;    1962.40;    1269.62;       10;    0.68;   stop
   536;    2202.68;     564.47;    2229.30;     563.62;    2228.88;     550.40;    2202.26;     551.25;       10;    0.68;   stop
   537;    2530.63;     564.77;    2559.14;     563.37;    2558.49;     550.11;    2529.98;     551.51;       10;    0.68;   stop
   438;    2859.41;    2074.55;    2873.72;    2065.25;    2854.09;    2035.07;    2839.78;    2044.38;       10;    0.68;   stop
   255;    3383.30;    1319.10;    3386.47;    1304.46;    3349.82;    1296.52;    3346.65;    1311.17;       10;    0.68;   move
   565;     540.60;     488.79;     543.66;     476.91;     517.83;     470.27;     514.78;     482.16;       10;    0.68;   stop
   620;    3229.31;     556.54;    3260.12;     554.35;    3259.12;     540.34;    3228.32;     542.52;       10;    0.68;   stop
   530;    1177.26;    1459.72;    1182.05;    1435.76;    1170.24;    1433.40;    1165.45;    1457.36;       10;    0.68;   stop
   461;    2343.02;     564.91;    2343.13;     550.20;    2312.98;     549.97;    2312.87;     564.68;       10;    0.68;   stop
   462;    2451.52;    1909.07;    2455.26;    1878.18;    2441.86;    1876.56;    2438.12;    1907.45;       10;    0.68;   stop
   441;     647.71;    1951.76;     648.77;    1922.46;     635.73;    1921.99;     634.67;    1951.29;       10;    0.67;   stop
   474;    2090.67;     566.37;    2121.13;     565.97;    2120.95;     551.88;    2090.49;     552.28;       10;    0.67;   stop
   890;    3502.42;     943.02;    3514.93;     914.85;    3500.71;     908.54;    3488.20;     936.71;       10;    0.67;   move
   382;    2825.48;     113.50;    2859.52;     113.02;    2859.29;      96.50;    2825.25;      96.98;       10;    0.67;   stop
   554;    1308.41;    1007.48;    1309.39;     995.78;    1286.97;     993.90;    1285.99;    1005.60;       10;    0.67;   stop
   480;    1564.61;    1673.47;    1565.69;    1660.17;    1534.77;    1657.65;    1533.68;    1670.95;       10;    0.67;   stop
   506;    1168.60;    1501.65;    1174.64;    1472.09;    1161.84;    1469.48;    1155.80;    1499.03;       10;    0.67;   stop
   639;    1912.92;    1525.21;    1916.37;    1502.73;    1905.33;    1501.04;    1901.88;    1523.52;       10;    0.67;   stop
   587;    3145.52;    1310.25;    3148.26;    1295.11;    3116.98;    1289.44;    3114.24;    1304.57;       10;    0.67;   stop
   598;    3522.32;      89.30;    3522.66;      77.35;    3497.68;      76.64;    3497.34;      88.59;       10;    0.66;   stop
   207;    2684.02;    1401.07;    2697.31;    1400.01;    2695.00;    1371.12;    2681.72;    1372.18;       10;    0.66;   stop
   526;     206.62;    2141.52;     208.20;    2104.17;     191.82;    2103.48;     190.24;    2140.83;       10;    0.66;   stop
   531;    2231.97;    1392.93;    2234.71;    1354.28;    2219.28;    1353.19;    2216.54;    1391.84;       10;    0.66;   stop
   347;    2658.13;    1433.66;    2674.86;    1407.93;    2663.87;    1400.78;    2647.14;    1426.51;       10;    0.66;   stop
   548;    3631.22;      85.76;    3666.96;      84.21;    3666.28;      68.70;    3630.54;      70.25;       10;    0.66;   stop
   479;    1817.86;    2148.82;    1830.12;    2122.79;    1818.19;    2117.18;    1805.93;    2143.21;       10;    0.66;   stop
   557;    3159.98;     100.48;    3189.12;      99.69;    3188.77;      86.55;    3159.63;      87.34;       10;    0.65;   stop
   396;    2917.27;    1400.70;    2923.23;    1379.52;    2874.60;    1365.86;    2868.65;    1387.04;        9;    0.65;   stop
   579;     178.18;     945.18;     179.88;     932.84;     154.63;     929.35;     152.93;     941.69;       10;    0.65;   stop
  1757;    2834.77;    1384.39;    2836.99;    1365.30;    2788.59;    1359.67;    2786.37;    1378.76;        9;    0.65;   stop
   283;    2775.44;     113.57;    2802.07;     113.38;    2801.98;     100.65;    2775.35;     100.84;       10;    0.65;   stop
   528;    3319.70;     554.46;    3350.98;     553.64;    3350.61;     539.60;    3319.33;     540.42;       10;    0.65;   stop
   511;     638.64;    1126.29;     639.75;    1112.96;     611.05;    1110.58;     609.94;    1123.91;       10;    0.64;   stop
   517;    3282.74;    1163.36;    3301.96;    1133.27;    3289.14;    1125.07;    3269.91;    1155.17;       10;    0.64;   stop
   341;    3365.08;    1127.75;    3381.25;    1103.11;    3368.98;    1095.06;    3352.81;    1119.70;       10;    0.64;   stop
   608;     391.87;    2123.45;     391.87;    2108.42;     362.34;    2108.42;     362.34;    2123.45;       10;    0.64;   stop
   590;     507.38;    1544.80;     508.81;    1531.56;     478.87;    1528.33;     477.44;    1541.57;       10;    0.64;   stop
   541;    1760.68;    1653.51;    1761.90;    1641.01;    1733.57;    1638.24;    1732.35;    1650.74;       10;    0.64;   stop
   568;    1500.76;     908.54;    1504.13;     880.12;    1490.61;     878.52;    1487.24;     906.94;       10;    0.64;   stop
   440;    3622.36;    1049.11;    3622.78;    1033.03;    3588.89;    1032.14;    3588.47;    1048.22;       10;    0.64;   stop
   611;     874.35;     561.50;     875.97;     548.80;     851.59;     545.69;     849.97;     558.39;       10;    0.63;   stop
   575;     527.26;    1582.39;     528.11;    1569.36;     501.18;    1567.61;     500.33;    1580.64;       10;    0.63;   stop
   603;    1511.31;    1150.79;    1512.02;    1136.69;    1482.31;    1135.21;    1481.61;    1149.31;       10;    0.63;   stop
   670;    2509.22;    1325.42;    2509.94;    1311.06;    2475.28;    1309.33;    2474.56;    1323.69;        9;    0.63;   stop
   527;    2292.60;    1355.43;    2294.37;    1338.40;    2250.90;    1333.88;    2249.13;    1350.91;        9;    0.63;   stop
   546;    1977.24;    1765.03;    1984.83;    1719.43;    1969.26;    1716.84;    1961.67;    1762.44;        9;    0.63;   stop
   602;     429.71;    2123.69;     429.83;    2108.42;     399.51;    2108.19;     399.39;    2123.45;       10;    0.63;   stop
   563;    3271.29;     213.70;    3271.49;     183.89;    3257.46;     183.80;    3257.26;     213.61;       10;    0.63;   stop
   593;     636.88;    1161.91;     638.00;    1147.62;     608.12;    1145.27;     607.00;    1159.57;       10;    0.63;   stop
   592;    1636.74;    1156.16;    1639.40;    1142.21;    1610.01;    1136.59;    1607.35;    1150.54;       10;    0.63;   stop
   514;    3788.49;      79.82;    3818.94;      78.69;    3818.39;      63.85;    3787.94;      64.98;       10;    0.63;   stop
   524;    1503.80;    1632.80;    1505.86;    1621.46;    1483.08;    1617.32;    1481.02;    1628.67;       10;    0.63;   stop
  1936;    2604.37;     155.35;    2628.94;     152.54;    2627.63;     141.09;    2603.06;     143.90;       10;    0.62;   stop
   613;     559.59;    1128.06;     564.62;    1095.19;     549.47;    1092.88;     544.44;    1125.74;       10;    0.62;   stop
   615;     534.97;    1546.72;     536.15;    1534.29;     512.22;    1532.03;     511.04;    1544.46;       10;    0.62;   stop
   599;    2152.80;    1346.15;    2160.70;    1346.01;    2160.45;    1331.35;    2152.55;    1331.49;       10;    0.62;   stop
   571;    2488.57;    1542.72;    2491.41;    1514.12;    2477.93;    1512.78;    2475.09;    1541.38;       10;    0.62;   stop
  1250;     290.64;    1541.21;     290.95;    1528.80;     265.77;    1528.17;     265.45;    1540.57;       10;    0.62;   stop
   542;     580.57;     500.76;     583.83;     488.59;     554.74;     480.80;     551.48;     492.97;       10;    0.62;   stop
  2166;      14.10;    1027.07;      14.98;    1012.90;       0.34;    1011.99;      -0.54;    1026.16;       10;    0.62;   stop
   578;     156.69;    1508.41;     159.12;    1496.59;     134.88;    1491.59;     132.44;    1503.41;       10;    0.62;   stop
   687;    2750.87;    1233.74;    2752.73;    1216.11;    2715.58;    1212.20;    2713.72;    1229.82;        9;    0.62;   stop
   576;    3346.19;    1157.97;    3364.82;    1130.14;    3351.31;    1121.10;    3332.68;    1148.92;       10;    0.62;   stop
   607;    1444.94;    1663.91;    1446.44;    1651.91;    1415.93;    1648.09;    1414.43;    1660.09;       10;    0.62;   stop
   591;     108.68;     712.15;     113.10;     683.57;      99.33;     681.44;      94.91;     710.02;       10;    0.62;   stop
   715;    1998.28;    1527.92;    1998.49;    1503.49;    1986.47;    1503.39;    1986.26;    1527.82;       10;    0.62;   stop
  2130;    1859.88;      64.80;    1877.44;      64.61;    1877.00;      23.51;    1859.44;      23.70;       10;    0.61;   move
   520;    3641.36;     705.14;    3651.04;     678.97;    3637.39;     673.92;    3627.71;     700.09;       10;    0.61;   stop
   584;     396.83;     908.18;     398.93;     878.81;     384.11;     877.75;     382.01;     907.12;       10;    0.61;   stop
   673;     278.60;    1559.71;     279.14;    1546.23;     255.78;    1545.29;     255.24;    1558.77;       10;    0.61;   stop
   838;     167.06;     987.31;     167.93;     971.91;     137.63;     970.19;     136.75;     985.59;       10;    0.61;   stop
   535;      43.23;    1049.53;      44.60;    1034.91;      10.29;    1031.72;       8.93;    1046.34;       10;    0.60;   stop
   486;    2111.91;    1312.34;    2158.88;    1312.07;    2158.77;    1293.72;    2111.81;    1293.99;        9;    0.60;   stop
   698;    2374.99;     607.03;    2405.91;     606.97;    2405.88;     592.22;    2374.96;     592.28;       10;    0.60;   stop
   507;    3747.45;     594.21;    3748.17;     578.51;    3709.42;     576.73;    3708.70;     592.43;       10;    0.60;   stop
   585;     192.05;    1681.86;     205.74;    1681.71;     205.45;    1654.70;     191.76;    1654.85;       10;    0.60;   stop
  1930;    2997.35;    1435.13;    3009.31;    1423.57;    2977.15;    1390.31;    2965.19;    1401.87;       10;    0.60;   stop
   658;    2573.39;     278.80;    2574.06;     252.51;    2561.86;     252.20;    2561.19;     278.49;       10;    0.60;   stop
   672;    2317.77;     121.84;    2339.56;     121.48;    2339.36;     109.35;    2317.57;     109.71;       10;    0.59;   stop
   499;     466.00;     958.56;     466.58;     947.79;     441.50;     946.44;     440.92;     957.21;       10;    0.59;   stop
   566;    1396.66;    1620.98;    1397.55;    1608.28;    1374.21;    1606.65;    1373.32;    1619.34;       10;    0.59;   stop
   439;     361.74;     997.45;     362.04;     983.11;     334.82;     982.55;     334.53;     996.89;       10;    0.59;   stop
   623;    1830.60;     296.08;    1842.60;     277.62;    1832.31;     270.92;    1820.30;     289.38;       10;    0.59;   stop
   561;    2455.03;    1872.51;    2458.00;    1843.56;    2445.09;    1842.24;    2442.13;    1871.19;       10;    0.59;   stop
   604;    3783.89;    1283.32;    3784.19;    1248.08;    3766.73;    1247.93;    3766.43;    1283.17;       10;    0.59;   stop
  1557;    1927.08;    2165.79;    1929.76;    2137.52;    1915.92;    2136.21;    1913.24;    2164.48;       10;    0.59;   stop
   617;      75.54;    1051.95;      76.27;    1037.31;      47.16;    1035.86;      46.43;    1050.50;       10;    0.59;   stop
   640;    3747.57;     397.11;    3762.53;     362.50;    3746.80;     355.70;    3731.84;     390.31;        9;    0.58;   stop
   594;    3226.43;    1381.94;    3235.03;    1348.46;    3218.88;    1344.31;    3210.28;    1377.79;       10;    0.58;   stop
   583;    1095.94;    2153.70;    1108.53;    2152.94;    1107.19;    2130.67;    1094.60;    2131.43;       10;    0.58;   stop
   533;     439.86;    1575.00;     440.99;    1562.50;     418.42;    1560.47;     417.29;    1572.97;       10;    0.58;   stop
  1437;     531.29;    1046.18;     531.85;    1032.42;     504.65;    1031.32;     504.09;    1045.08;       10;    0.57;   move
   581;     631.59;    1950.73;     631.98;    1921.34;     617.16;    1921.15;     616.77;    1950.53;       10;    0.57;   stop
  1734;     409.48;    1036.18;     409.63;    1023.78;     387.40;    1023.51;     387.24;    1035.90;       10;    0.57;   move
   625;    1182.93;    1427.81;    1188.00;    1404.22;    1175.63;    1401.56;    1170.56;    1425.16;       10;    0.57;   stop
   529;    2369.43;    1353.76;    2370.92;    1339.37;    2339.44;    1336.12;    2337.96;    1350.51;       10;    0.57;   stop
   679;    1976.69;    1804.53;    1978.41;    1781.73;    1966.62;    1780.84;    1964.90;    1803.65;       10;    0.57;   stop
   476;    3333.69;    1127.84;    3364.26;    1095.70;    3350.68;    1082.79;    3320.12;    1114.93;        9;    0.57;   stop
   685;    3684.04;     513.65;    3695.05;     485.88;    3682.83;     481.04;    3671.83;     508.81;       10;    0.57;   stop
   837;    2355.21;     584.30;    2355.52;     567.23;    2319.92;     566.58;    2319.60;     583.64;       10;    0.56;   move
  1461;     567.44;     973.03;     568.90;     960.81;     547.25;     958.22;     545.78;     970.44;       10;    0.56;   stop
   491;    3661.25;    1049.44;    3661.62;    1034.35;    3634.38;    1033.69;    3634.01;    1048.77;       10;    0.56;   stop
   586;    1027.95;     950.38;    1028.49;     919.72;    1013.93;     919.46;    1013.39;     950.13;       10;    0.56;   stop
   643;     952.63;     569.91;     954.20;     555.70;     923.31;     552.28;     921.73;     566.49;       10;    0.56;   stop
   653;    1902.59;    1383.92;    1917.11;    1382.89;    1914.44;    1345.33;    1899.92;    1346.36;        9;    0.56;   stop
   634;    2998.06;    1436.90;    3011.36;    1424.51;    2978.03;    1388.73;    2964.73;    1401.12;        9;    0.56;   stop
  2177;    1901.41;     307.22;    1901.71;     271.15;    1886.94;     271.03;    1886.63;     307.10;        9;    0.55;   stop
  1944;    1902.13;    1383.47;    1916.77;    1382.23;    1913.87;    1348.03;    1899.23;    1349.27;       10;    0.55;   stop
   618;    1976.24;    1765.03;    1984.81;    1721.22;    1968.20;    1717.97;    1959.63;    1761.78;       10;    0.55;   stop
   661;    3665.00;     547.67;    3678.53;     526.93;    3668.13;     520.14;    3654.59;     540.88;       10;    0.55;   stop
   697;    3749.56;     477.90;    3761.65;     448.98;    3746.69;     442.72;    3734.60;     471.65;       10;    0.54;   stop
  1045;     787.15;    1064.81;     788.61;    1050.02;     752.22;    1046.44;     750.77;    1061.23;       10;    0.53;   move
   495;    2532.90;    1426.61;    2534.57;    1397.32;    2521.35;    1396.57;    2519.68;    1425.86;       10;    0.53;   stop
   657;    2099.92;     163.51;    2126.75;     162.58;    2126.33;     150.37;    2099.50;     151.30;       10;    0.53;   stop
    51;    3176.95;    1271.83;    3180.08;    1255.89;    3145.55;    1249.11;    3142.42;    1265.05;       10;    0.53;   move
   650;    1199.38;    1643.00;    1200.41;    1629.43;    1193.12;    1628.88;    1192.09;    1642.45;       10;    0.53;   stop
  1543;    1136.17;     240.51;    1136.39;     227.34;    1106.33;     226.83;    1106.11;     240.00;       10;    0.53;   stop
   665;    3744.79;    1005.39;    3744.87;     993.53;    3719.59;     993.36;    3719.50;    1005.22;       10;    0.53;   stop
  2108;    2778.59;    1378.48;    2780.58;    1361.68;    2742.35;    1357.14;    2740.36;    1373.95;        9;    0.53;   stop
  1833;    1922.40;    1639.23;    1924.84;    1587.08;    1904.76;    1586.14;    1902.31;    1638.29;        9;    0.53;   stop
   606;    1521.21;     730.29;    1526.27;     698.52;    1511.79;     696.21;    1506.73;     727.98;       10;    0.52;   stop
   616;    1526.59;     690.70;    1529.73;     665.29;    1517.66;     663.80;    1514.52;     689.21;       10;    0.52;   stop
   635;     104.34;     744.25;     108.58;     717.34;      93.59;     714.97;      89.35;     741.88;       10;    0.52;   stop
   445;    3537.92;    1390.86;    3543.14;    1375.74;    3515.83;    1366.32;    3510.61;    1381.45;       10;    0.52;   stop
   690;     322.42;    1527.73;     323.49;    1516.03;     296.33;    1513.52;     295.26;    1525.22;       10;    0.52;   stop
  1281;    3259.90;     357.44;    3274.23;     357.05;    3273.54;     331.63;    3259.21;     332.02;       10;    0.52;   stop
   306;      52.94;     975.57;      53.50;     959.79;      16.61;     958.49;      16.05;     974.27;       10;    0.52;   move
   597;    2936.58;    2031.27;    2949.33;    2024.18;    2934.42;    1997.36;    2921.67;    2004.44;       10;    0.52;   stop
   605;    2000.09;    1448.26;    2001.62;    1407.54;    1986.91;    1406.99;    1985.38;    1447.71;       10;    0.51;   stop
   675;    3310.17;     285.95;    3312.01;     256.79;    3298.27;     255.93;    3296.43;     285.08;       10;    0.51;   stop
   652;    1045.61;    1592.80;    1047.24;    1581.43;    1019.32;    1577.45;    1017.70;    1588.82;       10;    0.51;   stop
   600;     207.39;    2021.19;     208.38;    1989.89;     194.09;    1989.44;     193.11;    2020.74;       10;    0.51;   stop
  1284;    3371.45;     554.84;    3400.35;     554.33;    3400.11;     541.10;    3371.22;     541.61;       10;    0.50;   stop
   686;     454.27;    1142.97;     454.84;    1129.79;     426.98;    1128.59;     426.41;    1141.78;       10;    0.50;   stop
   646;     424.72;     405.42;     429.16;     376.88;     414.34;     374.58;     409.90;     403.12;       10;    0.50;   stop
   402;    2777.22;    1377.27;    2779.01;    1362.55;    2742.78;    1358.16;    2740.99;    1372.89;       10;    0.50;   stop
  1974;     733.50;    1099.10;     734.08;    1084.61;     703.69;    1083.40;     703.11;    1097.89;       10;    0.50;   stop
   642;    1516.43;     774.63;    1520.74;     748.35;    1508.69;     746.37;    1504.38;     772.65;       10;    0.49;   stop
  1240;       7.11;    1045.02;       8.01;    1032.09;       0.04;    1031.54;      -0.85;    1044.47;       10;    0.49;   stop
   641;    1856.57;    1460.08;    1857.85;    1446.47;    1826.68;    1443.54;    1825.40;    1457.16;       10;    0.49;   stop
   667;    1022.54;    1626.18;    1024.05;    1614.71;    1000.21;    1611.57;     998.70;    1623.04;       10;    0.49;   stop
  1766;     296.91;     995.47;     324.34;     995.16;     324.19;     981.71;     296.75;     982.03;       10;    0.49;   stop
   631;     209.32;    2068.03;     210.03;    2035.75;     194.75;    2035.41;     194.03;    2067.69;       10;    0.49;   stop
   677;     620.48;     512.63;     624.02;     499.96;     593.58;     491.44;     590.04;     504.10;       10;    0.48;   stop
  1245;    1524.47;     172.20;    1535.59;     171.71;    1534.41;     144.49;    1523.28;     144.97;       10;    0.48;   stop
  2110;    2001.69;    1454.73;    2003.36;    1407.30;    1986.63;    1406.71;    1984.95;    1454.14;        9;    0.48;   stop
  2169;    1986.75;     252.30;    1986.94;     203.96;    1968.75;     203.89;    1968.56;     252.23;       10;    0.48;   stop
   714;     487.69;    1582.17;     488.77;    1571.93;     467.62;    1569.70;     466.54;    1579.94;       10;    0.48;   stop
   695;    3553.61;    1124.24;    3570.48;    1094.88;    3557.33;    1087.32;    3540.45;    1116.68;       10;    0.47;   stop
   612;    2095.18;     124.72;    2120.03;     124.27;    2119.82;     112.65;    2094.97;     113.11;       10;    0.46;   stop
   712;     797.65;    1399.45;     798.46;    1384.71;     767.97;    1383.05;     767.17;    1397.79;       10;    0.46;   stop
   708;     990.68;    1622.45;     991.51;    1608.99;     963.07;    1607.24;     962.24;    1620.70;       10;    0.46;   stop
   539;     378.29;     908.96;     379.15;     877.89;     362.81;     877.44;     361.95;     908.51;       10;    0.46;   stop
   572;    3365.06;    1413.08;    3406.97;    1408.16;    3404.62;    1388.17;    3362.72;    1393.09;        9;    0.46;   stop
   688;    1686.41;    1646.96;    1687.26;    1631.71;    1679.91;    1631.29;    1679.06;    1646.54;       10;    0.46;   stop
   645;     535.99;    2093.74;     536.49;    2081.02;     511.20;    2080.01;     510.69;    2092.73;       10;    0.46;   stop
   569;    3577.30;     896.38;    3589.26;     871.03;    3574.89;     864.24;    3562.92;     889.60;       10;    0.45;   stop
   718;    2835.02;    1383.48;    2836.98;    1366.20;    2790.73;    1360.96;    2788.77;    1378.24;       10;    0.45;   stop
   696;    2569.70;     105.54;    2572.71;      82.15;    2561.05;      80.64;    2558.04;     104.04;       10;    0.44;   stop
   626;    1111.31;    1762.41;    1113.32;    1732.71;    1100.44;    1731.84;    1098.43;    1761.54;       10;    0.44;   stop
   663;    2719.14;    1430.59;    2721.99;    1385.92;    2703.13;    1384.72;    2700.28;    1429.39;        9;    0.44;   stop
   674;     507.65;     479.25;     510.86;     466.21;     482.35;     459.19;     479.14;     472.23;       10;    0.43;   stop
   278;    3166.54;    1290.90;    3169.86;    1275.76;    3140.96;    1269.41;    3137.64;    1284.55;       10;    0.43;   move
  1769;    1979.20;    1270.04;    1979.91;    1233.41;    1962.80;    1233.09;    1962.09;    1269.71;        9;    0.43;   stop
  2175;    3784.36;     308.56;    3794.52;     286.94;    3783.14;     281.59;    3772.98;     303.21;       10;    0.42;   stop
  1021;      64.37;    1533.07;      66.53;    1518.23;      36.24;    1513.81;      34.07;    1528.64;       10;    0.42;   stop
   630;    3439.89;     972.34;    3458.88;     944.61;    3444.17;     934.54;    3425.18;     962.26;       10;    0.41;   stop
   659;    1091.72;    2087.12;    1105.08;    2086.52;    1103.90;    2060.38;    1090.54;    2060.98;       10;    0.41;   stop
   705;     827.31;    1533.53;     828.04;    1507.16;     814.25;    1506.78;     813.52;    1533.15;       10;    0.41;   stop
  1298;      27.79;    1528.50;      29.85;    1514.99;       2.80;    1510.87;       0.74;    1524.38;       10;    0.41;   stop
  2171;    2483.86;    1370.97;    2484.83;    1357.39;    2457.89;    1355.47;    2456.92;    1369.05;       10;    0.41;   stop
   699;     720.47;    1147.13;     722.76;    1134.44;     693.28;    1129.12;     690.99;    1141.81;       10;    0.41;   stop
   636;    2251.75;    1315.44;    2253.23;    1302.60;    2222.57;    1299.06;    2221.08;    1311.90;       10;    0.41;   stop
  1111;    3354.73;      93.99;    3382.94;      92.09;    3382.15;      80.38;    3353.94;      82.29;       10;    0.41;   stop
  2158;    1876.47;      65.26;    1876.87;      24.90;    1860.12;      24.74;    1859.72;      65.10;        9;    0.40;   move
  2030;    1530.76;     627.11;    1534.28;     601.91;    1522.49;     600.26;    1518.97;     625.47;       10;    0.40;   stop
  1989;    1886.37;     306.92;    1902.79;     306.84;    1902.63;     271.33;    1886.21;     271.41;       10;    0.40;   move
   558;    3556.47;     311.81;    3571.40;     309.93;    3567.59;     279.75;    3552.67;     281.64;       10;    0.40;   stop
   656;    1211.46;    1135.01;    1212.32;    1123.18;    1192.67;    1121.74;    1191.80;    1133.57;       10;    0.40;   stop
   707;    3344.47;     135.74;    3371.05;     133.54;    3369.91;     119.73;    3343.32;     121.92;       10;    0.39;   stop
   660;    1096.69;    1595.29;    1097.75;    1582.67;    1072.87;    1580.58;    1071.82;    1593.21;       10;    0.39;   stop
   721;     720.54;    1164.37;     722.71;    1151.57;     693.21;    1146.57;     691.04;    1159.37;       10;    0.39;   stop
  1807;    1839.11;     891.24;    1839.53;     857.21;    1823.89;     857.01;    1823.47;     891.04;       10;    0.39;   stop
   727;    3300.33;    1125.75;    3308.16;    1095.82;    3294.99;    1092.37;    3287.15;    1122.30;       10;    0.38;   stop
  1574;    3578.51;     318.40;    3592.20;     315.58;    3585.86;     284.88;    3572.18;     287.70;       10;    0.38;   stop
  1588;      80.46;    1498.26;      82.82;    1487.84;      61.45;    1482.99;      59.09;    1493.41;       10;    0.38;   stop
   730;     832.90;    1846.59;     864.92;    1846.57;     864.91;    1831.22;     832.89;    1831.24;       10;    0.38;   stop
  2084;    1764.23;    1165.69;    1764.78;    1153.18;    1733.40;    1151.81;    1732.85;    1164.32;       10;    0.38;   stop
   449;    2680.94;    1341.74;    2682.76;    1321.22;    2630.93;    1316.64;    2629.12;    1337.16;        9;    0.38;   stop
  1768;     199.84;      73.52;     204.13;      43.95;     189.23;      41.79;     184.93;      71.36;       10;    0.38;   stop
  1900;     917.98;    1115.02;     918.24;    1099.49;     887.93;    1098.98;     887.66;    1114.51;       10;    0.38;   stop
  2180;    3108.10;     451.41;    3121.01;     450.89;    3120.65;     441.84;    3107.74;     442.36;       10;    0.37;   stop
  2101;     787.74;    1065.90;     789.26;    1050.53;     752.18;    1046.85;     750.65;    1062.22;        9;    0.37;   move
  1761;    2645.56;    1127.93;    2646.32;    1114.96;    2639.66;    1114.57;    2638.91;    1127.54;       10;    0.36;   stop
  1790;    1489.12;    1755.09;    1494.52;    1743.09;    1470.76;    1732.41;    1465.36;    1744.41;       10;    0.35;   stop
   733;    2014.53;      79.25;    2014.83;      61.55;    2004.16;      61.37;    2003.86;      79.07;       10;    0.35;   stop