vehicle_id;veh_bb_x1;veh_bb_y1;veh_bb_x2;veh_bb_y2;veh_bb_x3;veh_bb_y3;veh_bb_x4;veh_bb_y4;det_class;conf_score;state
1;2028.41;1477.03;2029.2;1444.94;2014.84;1444.59;2014.05;1476.68;10;0.8;stop
2;376.93;1093.49;376.94;1077.79;343.54;1077.76;343.53;1093.46;10;0.76;stop
3;3145.63;1198.36;3147.73;1182.09;3110.3;1177.27;3108.21;1193.54;10;0.82;stop
7;854.99;1172.93;855.46;1158.67;825.95;1157.69;825.48;1171.96;10;0.83;stop
8;2008.0;1526.19;2023.2;1525.59;2021.93;1493.31;2006.74;1493.91;10;0.79;stop
10;2951.34;1037.57;2952.68;1022.13;2920.22;1019.31;2918.88;1034.75;10;0.83;stop
11;2235.8;1047.41;2263.71;1045.38;2262.7;1031.59;2234.79;1033.62;10;0.8;stop
13;2322.67;1046.11;2352.67;1043.15;2351.33;1029.52;2321.33;1032.47;10;0.8;stop
14;2272.18;1045.79;2302.67;1043.63;2301.69;1029.83;2271.2;1031.99;10;0.79;stop
15;2680.66;1152.09;2680.71;1138.51;2653.71;1138.41;2653.66;1151.99;10;0.82;stop
16;2026.73;1643.87;2027.08;1613.18;2012.02;1613.01;2011.67;1643.7;10;0.81;stop
18;2500.29;1062.85;2500.65;1046.14;2466.21;1045.4;2465.85;1062.11;10;0.78;stop
19;1977.12;670.01;1991.73;668.77;1989.25;639.49;1974.64;640.73;10;0.82;stop
20;2196.09;1067.97;2225.48;1066.48;2224.78;1052.65;2195.39;1054.14;10;0.76;stop
21;2823.38;1156.3;2823.99;1142.39;2791.12;1140.95;2790.51;1154.86;10;0.81;stop
22;1960.64;680.19;1974.62;679.16;1972.26;647.31;1958.29;648.34;10;0.8;stop
23;1074.88;640.38;1075.28;626.42;1044.62;625.53;1044.22;639.48;10;0.81;stop
25;2376.49;1064.17;2414.11;1062.61;2413.39;1045.2;2375.77;1046.77;10;0.7;stop
26;1957.95;641.0;1973.51;639.61;1970.46;605.5;1954.89;606.89;10;0.82;stop
27;2725.65;1153.71;2726.06;1137.65;2691.97;1136.79;2691.56;1152.85;10;0.82;stop
28;2241.63;1067.75;2273.32;1066.22;2272.62;1051.75;2240.93;1053.28;10;0.78;stop
29;2286.01;1066.03;2317.22;1063.35;2315.99;1048.97;2284.78;1051.65;10;0.8;stop
30;2007.45;1392.11;2023.32;1390.6;2020.05;1356.26;2004.18;1357.78;10;0.8;stop
32;3498.89;1067.89;3503.48;1052.69;3469.55;1042.43;3464.95;1057.62;10;0.82;stop
33;2559.29;1061.47;2594.16;1061.05;2593.96;1044.53;2559.09;1044.95;10;0.72;stop
36;992.48;636.18;993.5;623.07;966.89;621.0;965.87;634.12;10;0.82;stop
37;3428.77;931.12;3446.79;903.73;3433.73;895.13;3415.7;922.52;10;0.82;stop
40;2006.77;897.05;2007.32;866.08;1992.79;865.83;1992.25;896.79;10;0.81;stop
41;2374.13;1040.97;2400.25;1040.48;2399.99;1026.78;2373.88;1027.27;10;0.73;stop
44;3501.72;1048.84;3507.3;1033.81;3473.28;1021.16;3467.7;1036.19;10;0.81;stop
46;1783.96;1659.73;1784.05;1645.69;1756.41;1645.52;1756.33;1659.56;10;0.8;stop
47;2010.21;1572.82;2025.04;1572.17;2023.67;1541.18;2008.84;1541.83;10;0.8;stop
48;3005.52;1147.02;3007.13;1133.41;2977.98;1129.98;2976.37;1143.59;10;0.84;move
49;1144.96;1055.45;1145.18;1040.9;1114.04;1040.42;1113.82;1054.98;10;0.81;stop
52;816.65;1090.31;816.81;1074.52;783.38;1074.19;783.22;1089.98;10;0.8;move
53;2832.72;1028.14;2833.29;1012.77;2798.65;1011.49;2798.08;1026.86;10;0.8;stop
54;2024.82;1773.99;2028.72;1744.42;2016.18;1742.76;2012.28;1772.33;10;0.81;stop
55;3125.02;1150.58;3127.21;1135.07;3093.88;1130.36;3091.69;1145.87;10;0.82;stop
56;3356.7;1360.88;3361.98;1346.96;3333.3;1336.08;3328.02;1349.99;10;0.79;stop
57;1789.6;234.7;1804.46;233.69;1802.52;205.17;1787.67;206.18;10;0.8;stop
59;2969.03;1287.78;2974.13;1272.14;2937.97;1260.35;2932.87;1275.98;10;0.8;stop
60;2008.75;1887.28;2014.3;1855.73;2000.75;1853.35;1995.2;1884.89;10;0.83;stop
61;2002.22;1339.88;2017.97;1339.17;2016.47;1305.56;2000.72;1306.26;10;0.79;stop
62;2003.77;1438.01;2018.25;1437.27;2016.6;1404.87;2002.13;1405.6;10;0.78;stop
64;1493.74;1656.0;1494.04;1642.0;1465.01;1641.37;1464.71;1655.38;10;0.8;stop
65;2012.91;1847.57;2016.86;1819.48;2004.09;1817.68;2000.14;1845.77;10;0.82;stop
66;3317.5;1346.84;3326.47;1314.42;3310.63;1310.04;3301.66;1342.45;10;0.8;stop
67;1982.98;741.97;1997.56;740.57;1994.64;710.4;1980.07;711.81;10;0.8;stop
68;3733.93;895.46;3769.54;891.78;3767.95;876.41;3732.34;880.09;10;0.8;stop
72;3475.34;826.94;3492.56;798.91;3479.97;791.18;3462.76;819.22;10;0.8;stop
73;1998.28;1273.36;2011.93;1273.0;2011.22;1246.64;1997.57;1247.0;10;0.78;move
74;2893.56;1031.0;2894.77;1016.56;2867.19;1014.25;2865.98;1028.69;10;0.79;stop
75;548.64;1107.41;574.26;1106.02;573.55;1092.9;547.92;1094.29;10;0.74;move
76;2496.85;1152.77;2529.42;1152.46;2529.27;1136.6;2496.7;1136.92;10;0.8;stop
77;1954.94;1019.31;1969.81;1016.91;1964.56;984.32;1949.69;986.71;10;0.82;move
79;3141.79;448.01;3169.85;443.46;3167.58;429.49;3139.53;434.03;10;0.8;stop
80;3780.25;890.18;3813.12;886.79;3811.63;872.32;3778.75;875.71;10;0.79;stop
83;10.45;1102.04;40.57;1099.9;39.59;1086.09;9.46;1088.23;10;0.73;move
84;1810.1;507.01;1824.83;505.4;1821.4;473.99;1806.67;475.6;10;0.8;stop
85;1956.9;1302.21;1972.3;1299.29;1965.6;1263.92;1950.2;1266.83;10;0.81;move
86;2748.3;482.82;2782.66;478.49;2780.84;464.05;2746.48;468.39;10;0.79;stop
87;887.6;1175.34;888.07;1159.91;858.96;1159.04;858.5;1174.47;10;0.79;stop
90;3410.45;965.94;3426.66;933.36;3411.74;925.94;3395.53;958.51;10;0.8;stop
91;2029.85;1382.25;2043.47;1381.87;2042.65;1352.63;2029.03;1353.01;10;0.79;stop
92;937.87;1060.64;965.34;1060.47;965.25;1045.92;937.79;1046.09;10;0.8;stop
93;398.18;1073.88;398.23;1059.03;367.29;1058.94;367.24;1073.78;10;0.8;stop
94;3171.63;1157.39;3173.85;1142.83;3139.62;1137.61;3137.4;1152.17;10;0.81;stop
96;1860.42;2149.89;1873.97;2121.79;1862.21;2116.11;1848.65;2144.21;10;0.8;stop
97;1979.81;703.76;1993.64;702.59;1991.44;676.61;1977.61;677.79;10;0.8;stop
98;2651.37;491.84;2680.52;488.39;2679.02;475.66;2649.87;479.11;10;0.77;stop
99;1987.41;1508.3;2003.25;1505.62;1997.34;1470.7;1981.5;1473.38;10;0.83;move
101;1876.05;2116.3;1888.46;2089.85;1876.95;2084.45;1864.54;2110.9;10;0.79;stop
102;1865.29;995.74;1867.51;963.91;1852.84;962.89;1850.61;994.71;10;0.66;move
103;1151.98;1083.87;1185.65;1082.93;1185.21;1067.13;1151.54;1068.07;10;0.78;move
107;2101.32;1092.59;2133.74;1091.47;2133.18;1075.29;2100.76;1076.41;10;0.8;stop
109;2018.65;1809.59;2021.81;1782.95;2008.85;1781.41;2005.69;1808.05;10;0.81;stop
110;2914.82;1304.46;2915.99;1288.03;2882.21;1285.62;2881.04;1302.04;10;0.79;stop
111;1991.75;852.81;2004.47;851.59;2002.0;825.69;1989.28;826.91;10;0.79;stop
112;1983.53;822.92;1998.66;820.44;1993.53;789.2;1978.41;791.68;10;0.79;stop
113;1980.66;1125.54;1994.89;1122.5;1988.34;1091.83;1974.11;1094.87;10;0.8;move
114;3058.68;1051.08;3060.67;1037.68;3032.82;1033.55;3030.83;1046.95;10;0.81;stop
115;2152.75;1049.87;2186.64;1048.4;2186.0;1033.63;2152.11;1035.1;10;0.77;stop
116;2032.27;1692.15;2033.86;1657.66;2019.04;1656.98;2017.45;1691.46;10;0.81;stop
117;2571.84;1696.5;2574.55;1660.46;2560.04;1659.37;2557.32;1695.41;10;0.78;stop
118;1967.95;1838.05;1972.57;1804.6;1957.08;1802.45;1952.46;1835.9;10;0.79;stop
119;1949.1;253.72;1962.95;252.47;1960.46;224.97;1946.61;226.22;10;0.78;stop
120;2740.07;526.0;2773.55;522.6;2772.05;507.88;2738.58;511.27;10;0.79;stop
122;2000.66;1708.32;2002.53;1679.98;1988.59;1679.05;1986.72;1707.4;10;0.82;stop
124;1994.86;930.14;2007.99;929.59;2006.95;904.74;1993.82;905.29;10;0.8;stop
125;1819.44;1017.39;1839.57;990.56;1827.81;981.74;1807.68;1008.57;10;0.76;stop
126;3024.2;1048.6;3026.93;1032.93;2993.05;1027.03;2990.32;1042.69;10;0.82;stop
127;2155.98;1069.93;2187.84;1068.56;2187.27;1055.19;2155.41;1056.56;10;0.76;stop
129;242.7;1092.0;273.14;1090.53;272.45;1076.44;242.02;1077.91;10;0.75;stop
130;2641.96;1150.15;2642.0;1135.92;2611.41;1135.85;2611.38;1150.08;10;0.79;stop
131;2694.93;1024.78;2695.53;1009.3;2664.19;1008.1;2663.6;1023.57;10;0.59;stop
132;2686.75;488.66;2718.06;484.46;2716.25;470.96;2684.94;475.16;10;0.78;stop
133;2393.26;515.12;2422.99;511.79;2421.37;497.38;2391.64;500.71;10;0.78;stop
134;1392.5;1073.62;1423.12;1071.79;1422.25;1057.13;1391.63;1058.96;10;0.79;move
135;3584.54;682.02;3597.35;651.69;3582.65;645.48;3569.83;675.81;10;0.8;stop
136;1294.27;1045.81;1316.89;1045.74;1316.85;1034.31;1294.23;1034.39;10;0.79;stop
141;2542.62;1131.49;2575.84;1131.29;2575.76;1116.26;2542.53;1116.46;10;0.77;move
142;1823.74;684.65;1837.83;683.22;1834.76;652.98;1820.67;654.41;10;0.79;stop
143;1829.6;1047.34;1851.36;1026.02;1841.46;1015.91;1819.7;1037.23;10;0.8;move
145;2083.96;1033.91;2117.13;1033.15;2116.79;1018.09;2083.62;1018.85;10;0.75;stop
148;1276.6;1182.79;1324.99;1181.25;1324.4;1162.84;1276.01;1164.37;9;0.79;stop
150;2347.24;1154.77;2347.26;1140.28;2316.64;1140.23;2316.62;1154.72;10;0.78;stop
151;952.56;633.34;953.4;621.02;926.19;619.16;925.35;631.48;10;0.78;stop
152;1986.04;779.61;1998.67;778.67;1996.64;751.51;1984.01;752.46;10;0.79;stop
153;904.05;1061.95;934.18;1060.38;933.45;1046.49;903.32;1048.06;10;0.79;stop
156;2194.21;1047.97;2225.2;1046.24;2224.41;1032.15;2193.42;1033.89;10;0.8;stop
158;1914.52;2028.68;1924.22;2004.58;1912.73;1999.95;1903.03;2024.05;10;0.76;stop
159;3008.59;1305.32;3016.06;1290.3;2981.66;1273.18;2974.19;1288.2;10;0.77;stop
160;791.84;1185.05;822.65;1184.83;822.54;1169.01;791.72;1169.23;10;0.79;stop
161;764.07;1064.28;792.68;1063.19;792.16;1049.59;763.55;1050.69;10;0.78;stop
163;3045.75;1341.88;3059.21;1326.99;3023.62;1294.84;3010.17;1309.73;10;0.75;stop
165;2505.35;1114.27;2539.06;1113.61;2538.77;1098.61;2505.06;1099.27;10;0.76;move
166;3177.15;442.4;3203.91;437.58;3201.6;424.79;3174.84;429.61;10;0.78;stop
167;1177.52;1182.32;1207.09;1180.9;1206.35;1165.56;1176.79;1166.97;10;0.78;stop
168;1971.85;1525.13;1985.81;1524.12;1983.65;1494.37;1969.69;1495.38;10;0.75;stop
171;751.68;1185.87;778.89;1184.88;778.39;1171.01;751.18;1172.0;10;0.79;stop
172;2754.37;1023.92;2754.92;1008.9;2720.75;1007.64;2720.2;1022.66;10;0.79;stop
173;1922.95;1116.98;1936.43;1113.29;1929.52;1088.02;1916.03;1091.71;10;0.8;move
174;1990.5;1580.06;2005.7;1579.5;2004.56;1548.57;1989.36;1549.13;10;0.79;move
175;2005.1;1638.65;2006.39;1608.73;1991.65;1608.1;1990.36;1638.02;10;0.82;stop
176;3784.37;150.11;3796.36;120.0;3783.13;114.74;3771.14;144.84;10;0.81;stop
177;3421.26;868.07;3440.77;845.72;3429.99;836.3;3410.48;858.66;10;0.79;stop
179;3101.97;1191.82;3103.9;1175.82;3070.53;1171.8;3068.6;1187.81;10;0.77;stop
180;3017.23;1178.74;3019.58;1164.3;2989.33;1159.38;2986.98;1173.83;10;0.78;stop
181;1745.89;1658.01;1746.15;1643.28;1715.74;1642.74;1715.48;1657.47;10;0.79;stop
182;1490.03;1080.52;1518.83;1079.31;1518.22;1064.86;1489.42;1066.06;10;0.78;move
183;2786.45;478.27;2818.79;474.93;2817.46;462.04;2785.11;465.38;10;0.8;stop
184;863.49;1064.99;894.0;1063.29;893.19;1048.88;862.69;1050.58;10;0.78;stop
185;2194.32;1157.38;2220.78;1156.56;2220.37;1143.24;2193.91;1144.06;10;0.79;stop
187;2032.06;1733.48;2034.37;1697.62;2019.25;1696.65;2016.94;1732.5;10;0.79;stop
188;3751.68;237.32;3762.43;206.32;3748.32;201.43;3737.57;232.43;10;0.8;stop
190;3282.23;517.57;3296.75;517.33;3296.21;484.61;3281.69;484.85;10;0.78;stop
192;1470.55;1153.79;1508.0;1152.26;1507.32;1135.59;1469.88;1137.11;10;0.81;stop
195;944.92;1186.63;977.08;1185.05;976.3;1169.12;944.14;1170.7;10;0.77;stop
196;2355.72;1154.18;2384.94;1153.57;2384.66;1139.7;2355.43;1140.3;10;0.77;stop
197;2393.15;1153.58;2422.71;1153.36;2422.6;1138.05;2393.04;1138.27;10;0.78;stop
198;2568.86;1150.31;2568.86;1135.69;2538.26;1135.69;2538.26;1150.31;10;0.78;stop
199;2331.68;1065.77;2359.51;1062.81;2358.07;1049.23;2330.24;1052.19;10;0.78;stop
200;2960.73;1994.18;2974.23;1983.06;2950.77;1954.57;2937.27;1965.69;10;0.77;stop
202;1619.62;1077.8;1646.84;1076.62;1646.25;1063.08;1619.03;1064.26;10;0.76;move
203;1826.53;822.48;1843.95;820.58;1838.72;772.77;1821.3;774.67;9;0.81;stop
204;1921.0;55.33;1936.09;54.1;1934.0;28.48;1918.91;29.72;10;0.73;stop
205;3394.75;892.48;3418.48;874.99;3409.62;862.99;3385.9;880.47;10;0.78;stop
210;2277.97;1155.42;2305.38;1154.55;2304.9;1139.58;2277.5;1140.45;10;0.78;stop
211;2577.44;1551.29;2578.28;1518.11;2562.31;1517.71;2561.47;1550.89;10;0.76;stop
212;1771.12;190.82;1785.81;189.45;1783.23;161.87;1768.54;163.24;10;0.77;stop
213;2859.96;472.89;2893.23;469.55;2891.79;455.24;2858.52;458.58;10;0.79;stop
217;1610.28;1657.3;1638.97;1656.8;1638.72;1642.33;1610.03;1642.82;10;0.78;stop
218;1289.54;1693.24;1317.23;1692.94;1317.08;1679.51;1289.4;1679.81;10;0.77;stop
220;1766.63;146.15;1780.71;145.71;1779.84;117.67;1765.76;118.1;10;0.76;stop
221;1711.76;561.36;1712.66;546.41;1681.11;544.52;1680.21;559.47;10;0.79;stop
222;1811.46;712.44;1827.44;710.17;1823.04;679.19;1807.06;681.46;10;0.76;stop
223;512.82;1071.11;543.25;1070.21;542.8;1055.14;512.38;1056.04;10;0.78;stop
227;93.74;1097.6;127.1;1096.94;126.81;1082.09;93.44;1082.75;10;0.77;move
228;1794.17;1166.94;1824.26;1164.16;1822.89;1149.44;1792.81;1152.22;10;0.76;stop
230;3184.69;946.22;3223.33;943.48;3222.18;927.38;3183.55;930.12;10;0.77;stop
231;1905.19;1700.23;1933.76;1699.35;1933.31;1684.89;1904.74;1685.77;10;0.77;stop
232;2574.27;1645.36;2575.74;1616.71;2562.1;1616.01;2560.63;1644.66;10;0.76;stop
233;1790.72;469.32;1806.69;467.89;1803.66;434.05;1787.69;435.48;10;0.76;stop
234;2572.02;438.81;2584.68;437.63;2582.35;412.81;2569.7;414.0;10;0.78;stop
235;797.14;1063.69;826.62;1062.93;826.24;1047.94;796.75;1048.7;10;0.78;stop
236;2227.49;1157.93;2261.3;1157.02;2260.88;1141.57;2227.08;1142.48;10;0.78;stop
237;1946.05;218.99;1959.38;217.7;1956.76;190.51;1943.43;191.8;10;0.77;stop
238;1777.81;93.4;1790.78;92.87;1789.61;64.1;1776.64;64.63;10;0.75;stop
239;3207.17;439.92;3237.8;436.24;3236.27;423.52;3205.64;427.2;10;0.78;stop
240;1252.5;1075.08;1281.34;1074.39;1281.0;1060.17;1252.16;1060.86;10;0.76;move
241;1057.5;1056.84;1084.29;1056.16;1083.94;1042.41;1057.14;1043.09;10;0.76;stop
242;1220.85;1056.52;1252.13;1054.92;1251.34;1039.35;1220.05;1040.95;10;0.77;stop
244;1012.29;1094.19;1012.64;1079.98;985.43;1079.31;985.08;1093.52;10;0.78;move
245;3079.36;1376.47;3092.82;1363.29;3059.39;1329.15;3045.93;1342.33;9;0.79;stop
246;589.25;1650.2;589.44;1637.06;562.93;1636.68;562.74;1649.81;10;0.76;stop
247;795.42;1649.39;795.57;1635.91;767.9;1635.61;767.76;1649.09;10;0.78;stop
248;1906.8;1661.49;1936.36;1661.18;1936.2;1646.01;1906.64;1646.32;10;0.78;stop
249;1948.32;513.03;1962.32;512.0;1960.4;485.97;1946.39;487.0;10;0.79;stop
250;2465.52;507.86;2492.55;504.39;2490.85;491.14;2463.83;494.61;10;0.77;stop
251;3655.15;492.51;3664.09;461.24;3649.85;457.18;3640.91;488.44;10;0.77;stop
254;2191.2;1319.76;2221.26;1315.16;2218.99;1300.37;2188.93;1304.97;10;0.78;stop
255;1958.66;1492.17;1972.06;1490.38;1968.34;1462.64;1954.94;1464.44;10;0.76;stop
256;2857.95;1158.59;2858.87;1144.83;2831.04;1142.97;2830.12;1156.74;10;0.79;stop
257;3297.05;432.72;3330.31;428.3;3328.26;412.9;3295.01;417.33;10;0.77;stop
258;707.83;1021.2;712.88;1008.93;689.04;999.11;683.99;1011.39;10;0.76;stop
259;1760.74;1107.43;1787.13;1105.9;1786.39;1093.07;1759.99;1094.6;10;0.71;stop
261;3119.15;1438.81;3140.29;1424.21;3105.39;1373.69;3084.25;1388.29;9;0.77;stop
262;2825.03;475.17;2853.97;471.55;2852.23;457.64;2823.29;461.27;10;0.77;stop
263;3554.5;866.75;3585.61;864.36;3584.56;850.75;3553.45;853.14;10;0.76;stop
264;1391.6;1049.05;1422.84;1047.22;1422.02;1033.32;1390.79;1035.16;10;0.77;stop
265;1447.42;1051.25;1480.04;1050.84;1479.83;1034.5;1447.21;1034.91;10;0.77;stop
266;1919.78;1217.15;1932.04;1213.0;1923.22;1186.97;1910.96;1191.13;10;0.78;stop
267;2457.6;1152.66;2488.19;1151.26;2487.53;1136.72;2456.94;1138.12;10;0.75;stop
268;3214.62;1408.55;3225.07;1382.61;3212.88;1377.7;3202.43;1403.64;10;0.8;stop
271;2630.26;992.47;2631.01;965.41;2617.49;965.03;2616.74;992.09;10;0.75;stop
273;764.57;1688.78;764.76;1674.23;735.69;1673.85;735.5;1688.4;10;0.77;stop
276;2578.43;1149.62;2604.42;1148.95;2604.07;1135.26;2578.08;1135.93;10;0.75;stop
277;2977.67;1172.62;2979.66;1150.12;2920.33;1144.88;2918.34;1167.38;9;0.78;stop
278;2429.43;511.13;2459.9;507.74;2458.32;493.49;2427.85;496.88;10;0.75;stop
279;3112.77;1168.52;3115.02;1152.47;3076.6;1147.11;3074.36;1163.15;10;0.83;move
280;475.86;1071.29;507.87;1070.65;507.58;1055.9;475.56;1056.54;10;0.78;stop
282;2512.36;1020.11;2540.06;1019.3;2539.64;1004.89;2511.94;1005.7;10;0.63;stop
283;2639.59;41.64;2668.2;38.42;2666.66;24.74;2638.05;27.95;10;0.76;stop
285;2782.98;1157.4;2783.5;1138.64;2745.69;1137.6;2745.17;1156.36;9;0.79;stop
286;2013.09;1973.36;2021.92;1937.66;2006.16;1933.77;1997.33;1969.46;10;0.77;stop
287;3210.82;1511.86;3220.47;1474.19;3203.55;1469.86;3193.91;1507.52;10;0.64;stop
288;988.73;1183.49;1015.84;1182.12;1015.17;1168.89;988.07;1170.25;10;0.75;stop
289;2614.79;951.86;2629.95;950.28;2626.21;914.51;2611.05;916.09;10;0.74;stop
290;2153.41;1160.05;2184.52;1158.31;2183.66;1142.82;2152.54;1144.57;10;0.75;stop
291;2436.23;1306.44;2466.42;1305.88;2466.15;1291.18;2435.95;1291.75;10;0.74;stop
293;1807.2;677.83;1822.08;676.39;1819.28;647.42;1804.4;648.86;10;0.71;stop
294;306.74;1094.09;334.74;1093.63;334.51;1079.97;306.51;1080.43;10;0.72;stop
295;2428.17;1062.01;2456.57;1061.27;2456.2;1047.37;2427.81;1048.11;10;0.78;stop
296;1326.31;1692.97;1353.47;1692.91;1353.44;1678.66;1326.28;1678.71;10;0.74;stop
298;3693.46;897.46;3727.31;894.12;3725.92;880.04;3692.07;883.38;10;0.76;stop
299;1035.71;637.96;1036.76;624.34;1009.91;622.28;1008.87;635.9;10;0.76;stop
300;582.53;1068.78;612.58;1067.26;611.85;1052.78;581.8;1054.3;10;0.76;stop
301;1786.35;225.36;1786.7;195.0;1772.02;194.83;1771.67;225.19;10;0.71;stop
302;2360.81;515.32;2389.02;512.1;2387.44;498.3;2359.23;501.53;10;0.76;stop
303;2933.58;467.51;2964.16;463.07;2962.17;449.37;2931.59;453.8;10;0.74;stop
304;337.81;1074.97;365.34;1074.02;364.84;1059.72;337.32;1060.67;10;0.71;stop
305;154.02;1187.79;183.82;1187.58;183.71;1172.84;153.92;1173.04;10;0.76;stop
308;1464.53;1173.84;1492.6;1172.6;1491.97;1158.29;1463.9;1159.53;10;0.75;stop
309;3059.96;1185.4;3061.86;1170.81;3030.98;1166.79;3029.08;1181.38;10;0.77;stop
310;1266.34;1653.2;1266.45;1639.91;1238.47;1639.68;1238.36;1652.96;10;0.75;stop
311;3293.42;1361.82;3304.91;1325.26;3287.83;1319.9;3276.34;1356.46;10;0.76;stop
312;2210.01;529.31;2241.2;525.75;2239.55;511.31;2208.36;514.88;10;0.76;stop
313;719.82;1185.02;745.47;1183.76;744.72;1168.48;719.07;1169.74;10;0.76;stop
314;1927.53;1247.25;1941.3;1244.5;1935.72;1216.5;1921.95;1219.25;10;0.76;stop
315;2098.01;1285.1;2129.07;1281.61;2127.49;1267.53;2096.43;1271.02;10;0.76;stop
316;2584.65;620.71;2598.59;619.45;2595.6;586.41;2581.66;587.68;10;0.75;stop
317;1692.4;1110.84;1725.75;1109.01;1724.87;1093.04;1691.52;1094.87;10;0.77;stop
318;3390.31;1001.63;3403.83;974.68;3390.63;968.06;3377.11;995.01;10;0.78;stop
319;766.01;2046.55;781.47;2046.19;780.72;2014.7;765.26;2015.06;10;0.75;stop
320;2502.74;505.42;2530.83;501.68;2529.01;487.95;2500.92;491.69;10;0.77;stop
321;3286.32;550.22;3300.04;549.08;3297.74;521.35;3284.03;522.48;10;0.75;stop
322;1399.13;1116.49;1426.45;1115.14;1425.74;1100.88;1398.43;1102.24;10;0.79;stop
324;2102.25;536.93;2129.2;533.39;2127.37;519.45;2100.43;522.98;10;0.75;stop
325;2139.76;534.79;2168.36;531.74;2166.92;518.21;2138.33;521.26;10;0.77;stop
326;2565.12;407.71;2579.38;406.57;2576.88;375.29;2562.62;376.43;10;0.75;stop
328;3434.59;968.56;3446.87;942.82;3434.47;936.91;3422.2;962.65;10;0.75;stop
329;762.15;2046.58;762.8;2014.99;747.32;2014.67;746.67;2046.26;10;0.76;stop
331;3485.71;415.63;3513.44;412.13;3511.79;399.05;3484.06;402.55;10;0.71;stop
332;2581.34;581.44;2594.74;580.24;2592.16;551.44;2578.76;552.64;10;0.74;stop
333;2588.54;671.17;2603.15;670.5;2601.83;641.71;2587.23;642.37;10;0.73;stop
334;573.58;1070.42;574.0;1056.53;550.48;1055.83;550.07;1069.72;10;0.7;stop
336;1280.17;1693.15;1280.38;1678.91;1250.52;1678.48;1250.31;1692.71;10;0.77;stop
337;1164.42;1893.9;1179.21;1893.76;1178.95;1866.97;1164.17;1867.11;10;0.77;stop
338;1799.25;353.48;1814.02;352.55;1812.0;320.39;1797.23;321.32;10;0.76;stop
339;3691.89;856.93;3724.41;855.53;3723.74;839.95;3691.22;841.34;10;0.75;stop
340;1260.36;1051.73;1286.07;1050.67;1285.52;1037.39;1259.81;1038.46;10;0.75;stop
343;1792.76;1660.6;1821.22;1659.6;1820.74;1645.77;1792.28;1646.78;10;0.75;stop
344;3642.29;524.82;3652.21;496.26;3638.34;491.43;3628.41;519.99;10;0.77;stop
345;1775.98;1123.0;1804.63;1121.29;1803.77;1106.75;1775.12;1108.46;10;0.74;stop
346;1731.63;1698.35;1732.17;1683.25;1704.37;1682.27;1703.84;1697.37;10;0.75;stop
347;784.47;631.92;785.63;618.06;757.55;615.7;756.39;629.57;10;0.75;stop
348;2583.44;48.62;2611.58;45.99;2610.31;32.38;2582.17;35.01;10;0.75;stop
349;1164.03;1930.01;1180.43;1929.75;1179.91;1897.24;1163.51;1897.5;10;0.75;stop
350;1776.84;267.7;1792.07;266.16;1788.76;233.49;1773.52;235.03;10;0.76;stop
351;2572.72;475.24;2586.22;474.67;2585.03;446.14;2571.53;446.7;10;0.74;stop
352;2899.14;469.38;2926.53;466.39;2925.08;453.12;2897.69;456.11;10;0.76;stop
354;2039.84;1604.05;2054.76;1603.82;2054.22;1568.45;2039.3;1568.68;10;0.76;stop
355;2566.21;367.94;2578.76;367.02;2576.91;341.93;2564.36;342.86;10;0.74;stop
357;1344.88;1179.73;1375.24;1177.56;1374.25;1163.65;1343.88;1165.82;10;0.72;stop
358;1672.87;1168.95;1701.5;1167.91;1701.0;1154.17;1672.37;1155.22;10;0.72;stop
359;2607.76;908.58;2623.47;907.47;2620.86;870.61;2605.15;871.72;10;0.71;stop
360;1762.09;61.08;1776.4;60.42;1774.91;27.8;1760.6;28.45;10;0.59;stop
361;1950.66;551.49;1961.44;540.81;1939.22;518.39;1928.44;529.06;10;0.8;move
362;3566.63;611.01;3577.45;584.09;3563.99;578.68;3553.17;605.6;10;0.74;stop
367;3310.87;1043.34;3326.84;1013.07;3313.51;1006.04;3297.54;1036.3;10;0.64;stop
369;1330.5;1052.36;1361.07;1051.16;1360.5;1036.76;1329.93;1037.97;10;0.73;stop
370;1933.72;1975.1;1937.7;1948.55;1925.03;1946.65;1921.05;1973.2;10;0.74;stop
371;666.64;1061.88;693.75;1057.38;691.8;1045.62;664.69;1050.12;10;0.74;stop
373;308.72;1112.98;343.02;1111.49;342.38;1096.71;308.07;1098.2;10;0.4;move
374;1340.21;1652.57;1340.66;1640.07;1315.91;1639.18;1315.46;1651.68;10;0.74;stop
375;2174.11;533.61;2206.01;529.15;2204.01;514.89;2172.12;519.35;10;0.72;stop
376;2133.59;1322.03;2160.63;1319.84;2159.41;1304.84;2132.37;1307.04;10;0.71;stop
377;2451.41;1040.25;2479.2;1040.02;2479.09;1026.38;2451.3;1026.61;10;0.79;stop
378;2478.04;1306.03;2504.97;1304.6;2504.21;1290.47;2477.28;1291.9;10;0.73;stop
379;3317.2;960.04;3333.11;953.28;3318.42;918.71;3302.51;925.47;10;0.7;stop
380;3184.91;1203.39;3186.91;1187.58;3154.47;1183.48;3152.47;1199.29;10;0.69;stop
381;2056.19;1643.88;2056.92;1620.09;2045.56;1619.74;2044.83;1643.53;10;0.74;stop
384;2455.31;63.79;2484.31;61.25;2483.06;47.03;2454.07;49.57;10;0.74;stop
385;1724.42;1128.58;1759.38;1126.76;1758.58;1111.3;1723.61;1113.11;10;0.79;stop
386;1278.45;1652.6;1304.92;1651.83;1304.55;1639.15;1278.08;1639.92;10;0.72;stop
387;1886.45;1698.77;1887.29;1683.54;1856.89;1681.86;1856.05;1697.08;10;0.71;stop
388;436.47;1646.29;436.79;1632.77;409.62;1632.15;409.31;1645.66;10;0.75;stop
389;2099.56;1160.77;2133.44;1159.05;2132.69;1144.36;2098.81;1146.07;10;0.72;stop
390;1178.96;1858.69;1179.5;1828.21;1163.85;1827.94;1163.32;1858.41;10;0.73;stop
391;3737.38;273.0;3746.02;247.1;3732.62;242.63;3723.98;268.53;10;0.75;stop
392;3689.51;440.21;3722.79;434.95;3720.49;420.42;3687.21;425.68;10;0.71;stop
393;3612.72;545.19;3623.35;514.14;3609.78;509.5;3599.15;540.54;10;0.79;move
394;1680.57;1128.45;1708.41;1127.86;1708.11;1113.68;1680.28;1114.26;10;0.81;stop
395;555.08;1185.56;584.17;1185.21;583.98;1169.44;554.89;1169.79;10;0.73;stop
396;520.25;1186.4;550.8;1185.54;550.37;1170.48;519.83;1171.33;10;0.74;stop
397;2537.0;1822.63;2538.76;1792.8;2525.13;1791.99;2523.36;1821.82;10;0.7;stop
399;1595.61;1126.87;1624.4;1126.31;1624.14;1113.0;1595.35;1113.57;10;0.81;stop
400;2006.69;995.31;2021.0;991.98;2014.06;962.19;1999.75;965.52;10;0.74;stop
401;2337.13;72.73;2370.01;69.24;2368.37;53.83;2335.49;57.33;10;0.67;stop
402;87.83;1191.19;136.97;1189.68;136.35;1169.43;87.21;1170.94;9;0.68;stop
403;689.1;1649.26;689.67;1636.89;664.65;1635.74;664.08;1648.11;10;0.71;stop
404;334.48;560.36;337.24;545.23;304.9;539.33;302.14;554.46;10;0.54;stop
405;3374.62;1032.97;3389.99;1003.95;3376.32;996.71;3360.95;1025.74;10;0.71;stop
406;2288.63;521.49;2317.75;519.34;2316.74;505.64;2287.62;507.79;10;0.72;stop
407;186.14;1073.51;213.66;1073.13;213.47;1059.3;185.95;1059.68;10;0.72;stop
408;1390.59;1177.56;1421.43;1176.24;1420.79;1161.31;1389.95;1162.64;10;0.7;stop
409;1682.71;1041.19;1712.14;1039.7;1711.41;1025.43;1681.99;1026.92;10;0.73;stop
410;2991.45;461.38;3020.77;457.59;3019.05;444.25;2989.73;448.03;10;0.71;stop
412;360.35;1684.28;361.27;1670.08;332.46;1668.22;331.54;1682.42;10;0.71;stop
413;3576.33;711.35;3582.76;684.0;3569.3;680.84;3562.87;708.19;10;0.72;stop
414;186.25;1188.37;216.27;1187.72;215.94;1172.25;185.91;1172.91;10;0.73;stop
415;1708.45;1168.64;1739.38;1168.18;1739.16;1153.36;1708.23;1153.82;10;0.75;stop
416;2802.29;1264.11;2829.55;1262.58;2828.81;1249.33;2801.54;1250.86;10;0.74;stop
417;2709.27;1131.44;2709.31;1117.52;2681.36;1117.43;2681.32;1131.36;10;0.77;move
418;3542.91;802.93;3552.08;774.0;3537.09;769.25;3527.92;798.19;10;0.71;stop
419;2059.37;1088.2;2087.96;1087.03;2087.38;1072.93;2058.79;1074.09;10;0.76;stop
420;3347.08;915.95;3379.73;902.3;3373.86;888.27;3341.21;901.92;10;0.74;stop
421;2705.71;1365.45;2720.64;1339.93;2708.54;1332.86;2693.61;1358.38;10;0.63;stop
423;3766.8;197.75;3776.57;170.29;3763.2;165.53;3753.43;192.99;10;0.77;stop
424;1469.42;193.52;1482.32;191.29;1476.96;160.29;1464.05;162.52;10;0.73;stop
425;3518.79;412.07;3548.08;408.17;3546.21;394.18;3516.92;398.08;10;0.68;stop
426;623.7;1237.12;654.65;1236.03;654.11;1221.01;623.17;1222.1;10;0.71;stop
427;1595.57;1694.14;1624.19;1694.12;1624.18;1679.74;1595.56;1679.76;10;0.72;stop
428;627.26;1218.95;655.43;1218.59;655.24;1203.55;627.07;1203.91;10;0.73;stop
429;2032.34;1437.51;2050.54;1436.17;2047.1;1389.61;2028.9;1390.95;9;0.63;stop
430;2816.27;2055.58;2830.68;2048.29;2815.76;2018.8;2801.36;2026.09;10;0.63;stop
433;473.87;1646.26;474.03;1632.52;444.41;1632.18;444.25;1645.91;10;0.73;stop
434;2537.0;1860.22;2538.68;1829.45;2524.0;1828.65;2522.32;1859.42;10;0.61;stop
435;2385.66;68.58;2413.61;65.31;2412.09;52.35;2384.14;55.63;10;0.63;stop
436;2560.55;334.35;2574.9;333.07;2572.45;305.77;2558.1;307.06;10;0.71;stop
438;1793.82;268.33;1808.69;266.5;1805.24;238.48;1790.37;240.31;10;0.69;stop
439;2330.92;1316.8;2331.26;1297.89;2289.08;1297.14;2288.74;1316.05;9;0.69;stop
440;3649.7;1270.12;3653.89;1256.34;3623.43;1247.07;3619.23;1260.85;10;0.75;stop
441;632.82;1649.19;661.05;1648.95;660.93;1634.87;632.7;1635.11;10;0.69;stop
442;1812.17;557.25;1827.43;556.57;1826.13;527.25;1810.87;527.93;10;0.59;stop
443;675.81;1243.35;675.94;1214.84;661.06;1214.78;660.93;1243.28;10;0.71;stop
444;3032.07;1366.51;3042.66;1352.37;3009.93;1327.87;2999.34;1342.01;10;0.69;stop
445;2611.3;495.39;2643.57;492.02;2642.08;477.73;2609.8;481.1;10;0.66;stop
446;124.85;1078.22;150.25;1077.37;149.84;1064.91;124.44;1065.76;10;0.7;stop
447;3230.18;1079.7;3232.84;1060.46;3172.94;1052.18;3170.28;1071.42;9;0.66;stop
448;2492.32;1042.8;2548.84;1041.67;2548.43;1021.58;2491.91;1022.71;10;0.51;stop
449;2066.57;98.03;2099.67;94.58;2098.18;80.28;2065.08;83.73;10;0.7;stop
450;426.94;1079.59;443.81;1070.53;436.03;1056.04;419.16;1065.09;10;0.67;stop
451;2355.09;560.12;2386.58;557.42;2385.29;542.38;2353.8;545.08;10;0.71;stop
453;1962.5;1575.22;1978.31;1574.8;1977.25;1534.28;1961.44;1534.7;10;0.62;stop
454;2572.79;1774.94;2573.86;1744.58;2559.09;1744.06;2558.01;1774.42;10;0.68;stop
455;2035.0;1891.92;2039.41;1852.93;2021.94;1850.96;2017.52;1889.94;10;0.69;stop
456;3756.37;115.99;3766.26;86.22;3753.01;81.82;3743.12;111.6;10;0.75;stop
457;3725.43;192.01;3737.99;158.77;3723.95;153.46;3711.38;186.7;10;0.73;stop
458;2013.29;1604.46;2025.43;1603.97;2024.52;1581.54;2012.38;1582.03;10;0.74;stop
459;393.27;1684.32;393.43;1669.41;365.64;1669.11;365.48;1684.03;10;0.64;stop
460;506.55;1646.65;506.57;1633.7;482.51;1633.66;482.49;1646.61;10;0.69;stop
463;1220.74;1514.59;1223.5;1484.91;1208.7;1483.53;1205.94;1513.22;10;0.7;stop
464;278.77;1189.21;310.34;1187.49;309.51;1172.35;277.95;1174.07;10;0.69;stop
465;1427.5;1654.33;1451.59;1653.94;1451.38;1640.8;1427.28;1641.19;10;0.61;stop
466;1129.36;1183.08;1160.56;1181.92;1160.02;1167.23;1128.81;1168.4;10;0.69;stop
468;2001.14;2008.47;2010.78;1979.74;1997.11;1975.15;1987.47;2003.89;10;0.68;stop
469;2539.51;1723.67;2540.69;1694.63;2527.11;1694.08;2525.93;1723.12;10;0.66;stop
470;2112.66;1068.98;2142.54;1068.03;2142.09;1053.89;2112.21;1054.85;10;0.73;stop
471;1244.24;1692.09;1244.77;1678.3;1218.39;1677.29;1217.86;1691.08;10;0.68;stop
472;2049.85;2160.81;2050.32;2130.16;2036.15;2129.94;2035.68;2160.59;10;0.65;stop
474;2650.83;1020.85;2654.76;1008.34;2630.67;1000.77;2626.74;1013.28;10;0.67;stop
475;2039.28;1514.43;2051.78;1513.69;2050.28;1488.2;2037.78;1488.93;10;0.64;stop
476;1231.02;1652.99;1231.53;1640.94;1206.86;1639.88;1206.34;1651.93;10;0.62;stop
479;1362.33;1692.15;1388.51;1691.73;1388.3;1678.35;1362.11;1678.77;10;0.67;stop
480;2036.67;98.93;2061.84;96.4;2060.58;83.89;2035.41;86.41;10;0.62;stop
481;3346.8;898.16;3357.92;887.86;3335.7;863.87;3324.58;874.17;10;0.65;stop
483;3030.82;458.37;3065.3;455.14;3063.86;439.76;3029.39;442.98;10;0.57;stop
484;1086.14;1049.11;1107.7;1048.93;1107.61;1037.77;1086.05;1037.95;10;0.67;stop
485;3126.99;1059.67;3128.63;1047.11;3105.51;1044.08;3103.87;1056.64;10;0.75;stop
488;2516.71;1061.89;2547.0;1060.95;2546.54;1046.36;2516.25;1047.3;10;0.6;stop
489;655.11;1689.3;656.19;1674.86;625.51;1672.57;624.44;1687.01;10;0.67;stop
490;1759.49;1697.39;1760.06;1683.12;1734.75;1682.11;1734.19;1696.38;10;0.67;stop
492;876.08;632.34;877.06;618.44;847.98;616.41;847.01;630.31;10;0.55;stop
494;425.25;1684.89;425.55;1670.03;398.34;1669.48;398.04;1684.35;10;0.68;stop
495;1949.29;1426.28;1966.76;1423.66;1959.71;1376.66;1942.24;1379.28;9;0.74;stop
497;2409.54;1275.59;2441.04;1272.93;2439.96;1260.16;2408.46;1262.82;10;0.68;stop
498;1761.52;96.15;1773.38;95.92;1772.86;68.1;1760.99;68.33;10;0.62;stop
499;903.89;1184.43;933.53;1183.89;933.23;1167.94;903.6;1168.49;10;0.63;stop
501;1459.7;1694.19;1460.18;1680.66;1432.67;1679.68;1432.19;1693.22;10;0.67;stop
502;727.77;2046.41;728.67;2018.51;719.58;2018.22;718.68;2046.12;10;0.62;stop
504;3403.67;1044.18;3419.8;1011.31;3403.52;1003.32;3387.39;1036.19;9;0.66;stop
505;1423.78;1692.89;1424.49;1680.24;1397.72;1678.74;1397.01;1691.39;10;0.6;stop
506;3119.01;1195.09;3120.15;1179.42;3109.74;1178.66;3108.6;1194.33;10;0.54;stop
507;3347.42;1262.38;3360.03;1225.46;3341.65;1219.18;3329.03;1256.11;10;0.53;stop
508;150.05;1675.13;150.74;1658.1;117.37;1656.74;116.68;1673.78;10;0.64;stop
509;1471.2;227.7;1484.28;226.62;1481.92;198.11;1468.85;199.2;10;0.66;stop
510;180.04;1073.21;180.93;1060.57;153.71;1058.66;152.82;1071.31;10;0.61;stop
512;1461.61;878.0;1462.47;864.3;1431.89;862.38;1431.03;876.07;10;0.64;stop
513;1215.01;1556.51;1218.35;1525.77;1204.86;1524.3;1201.52;1555.04;10;0.67;stop
514;2147.22;1288.55;2195.87;1284.81;2194.34;1264.92;2145.69;1268.66;9;0.69;stop
515;2378.12;1310.14;2409.75;1309.67;2409.51;1293.11;2377.87;1293.58;10;0.65;stop
516;1213.45;1592.49;1213.65;1564.35;1200.8;1564.26;1200.6;1592.4;10;0.62;stop
517;832.94;1479.29;833.28;1464.69;803.94;1463.99;803.59;1478.59;10;0.6;stop
518;3095.14;1449.32;3107.34;1442.07;3090.86;1414.36;3078.66;1421.62;10;0.58;stop
519;2970.14;1955.66;2998.28;1940.34;2990.86;1926.71;2962.72;1942.03;10;0.58;stop
520;1430.63;1174.36;1459.62;1174.09;1459.49;1160.02;1430.51;1160.29;10;0.69;stop
521;3630.56;555.88;3638.93;530.33;3625.69;526.0;3617.32;551.54;10;0.48;stop
522;2876.05;1260.1;2900.89;1259.99;2900.83;1246.77;2875.99;1246.89;10;0.68;stop
523;690.01;1687.8;690.33;1673.75;663.74;1673.14;663.42;1687.18;10;0.63;stop
524;385.13;513.35;388.62;483.17;372.84;481.34;369.35;511.52;10;0.67;stop
525;1595.16;554.6;1595.17;540.04;1570.59;540.03;1570.58;554.58;10;0.59;stop
526;3418.98;1001.23;3432.2;972.61;3419.14;966.58;3405.92;995.2;10;0.68;stop
527;3804.46;1126.54;3820.95;1124.79;3817.42;1091.58;3800.93;1093.33;10;0.62;stop
528;1942.33;1376.38;1957.27;1374.3;1952.42;1339.37;1937.48;1341.45;10;0.59;stop
529;3206.55;95.98;3221.36;94.39;3218.14;64.33;3203.32;65.92;10;0.55;stop
530;1023.77;1186.81;1061.7;1183.9;1060.29;1165.56;1022.36;1168.48;10;0.66;stop
531;3582.46;753.67;3592.16;730.15;3579.1;724.77;3569.4;748.29;10;0.53;stop
533;512.5;1435.03;513.79;1418.43;481.25;1415.9;479.96;1432.51;10;0.62;stop
535;3618.04;2085.47;3650.28;2070.1;3641.96;2052.66;3609.72;2068.03;10;0.5;stop
536;1422.17;875.82;1422.69;862.23;1394.83;861.18;1394.31;874.77;10;0.56;stop
537;743.29;2048.47;745.24;2019.29;731.94;2018.4;729.99;2047.59;10;0.64;stop
538;1627.42;557.65;1627.61;542.98;1597.96;542.6;1597.77;557.27;10;0.6;stop
539;2540.75;47.33;2554.38;46.03;2551.75;18.48;2538.12;19.79;10;0.62;stop
540;2601.44;819.46;2616.41;818.68;2614.81;788.17;2599.84;788.95;10;0.54;stop
541;477.89;1264.19;478.22;1249.91;449.3;1249.24;448.97;1263.53;10;0.57;stop
542;1032.77;1007.07;1047.1;1006.64;1046.23;977.43;1031.9;977.86;10;0.63;stop
543;858.58;1689.81;859.03;1674.84;828.92;1673.94;828.47;1688.91;10;0.64;stop
546;3451.7;934.02;3461.65;909.32;3448.3;903.95;3438.35;928.65;10;0.58;stop
548;882.87;1188.24;883.62;1177.63;862.76;1176.14;862.0;1186.75;10;0.65;stop
549;374.81;1644.92;398.42;1644.45;398.16;1631.65;374.55;1632.12;10;0.59;stop
552;1167.62;1053.09;1191.71;1051.97;1191.13;1039.41;1167.04;1040.53;10;0.76;stop
553;2564.1;1499.79;2577.92;1499.78;2577.9;1470.77;2564.08;1470.78;10;0.55;stop
556;2040.63;1856.07;2045.58;1804.17;2027.37;1802.43;2022.42;1854.33;9;0.68;stop
558;529.21;1648.65;555.83;1647.97;555.48;1634.47;528.86;1635.16;10;0.58;stop
559;2558.04;303.46;2572.35;302.02;2569.33;271.98;2555.03;273.41;10;0.56;stop
560;2109.32;2098.36;2109.84;2081.05;2071.18;2079.89;2070.66;2097.2;10;0.49;stop
561;442.65;1249.19;469.36;1248.61;469.07;1235.18;442.36;1235.76;10;0.55;stop
562;2529.67;1534.48;2543.27;1534.16;2542.58;1504.71;2528.98;1505.03;10;0.59;stop
564;2546.5;122.47;2558.58;121.28;2556.13;96.34;2544.04;97.53;10;0.67;stop
566;1559.57;1783.62;1564.64;1770.94;1537.55;1760.13;1532.49;1772.81;10;0.61;stop
567;2287.88;1280.34;2288.57;1266.83;2257.87;1265.25;2257.18;1278.76;10;0.49;stop
568;2308.01;562.25;2339.71;558.25;2337.87;543.62;2306.16;547.62;10;0.52;stop
569;3654.43;900.5;3684.14;897.02;3682.45;882.63;3652.74;886.11;10;0.65;stop
570;1601.56;1651.41;1601.63;1640.5;1578.82;1640.34;1578.74;1651.25;10;0.51;stop
572;3518.43;983.73;3538.18;940.67;3519.38;932.05;3499.63;975.11;10;0.5;stop
573;861.95;1614.6;875.86;1613.87;874.3;1584.15;860.39;1584.88;10;0.47;stop
575;1060.17;1652.52;1060.49;1639.87;1035.14;1639.23;1034.82;1651.88;10;0.59;stop
576;2511.05;41.54;2511.39;20.55;2498.2;20.34;2497.86;41.32;10;0.37;stop
578;92.23;877.95;94.51;850.29;77.92;848.93;75.65;876.58;10;0.53;stop
580;3606.77;904.22;3640.91;902.41;3640.11;887.34;3605.97;889.16;10;0.7;stop
583;3533.12;837.92;3542.49;804.25;3523.44;798.95;3514.07;832.62;10;0.42;stop
584;1501.97;969.89;1504.29;938.07;1489.41;936.98;1487.08;968.8;10;0.5;stop
586;1064.4733333333334;1185.6100000000001;1095.3733333333334;1184.7166666666667;1094.9033333333334;1168.4566666666665;1064.0;1169.3433333333332;10;0.37666666666666665;stop
588;3325.67;1005.75;3329.0;975.73;3315.58;974.24;3312.25;1004.27;10;0.45;stop
590;1377.06;1655.13;1377.41;1643.12;1347.69;1642.25;1347.34;1654.26;10;0.45;stop
591;825.85;1690.35;826.34;1674.29;796.82;1673.4;796.34;1689.46;10;0.53;stop
592;1824.51;887.5;1840.37;886.16;1837.56;852.88;1821.69;854.22;10;0.56;stop
595;700.16;1687.93;727.76;1687.73;727.65;1673.0;700.05;1673.2;10;0.48;stop
597;1589.39;1694.09;1590.04;1679.92;1562.86;1678.66;1562.21;1692.83;10;0.44;stop
598;851.07;1952.67;880.43;1951.31;879.74;1936.45;850.38;1937.82;10;0.47;stop
602;3120.05;1390.39;3124.73;1378.16;3113.2;1373.74;3108.52;1385.97;10;0.43;stop
603;2552.66;87.82;2577.9;83.55;2575.84;71.37;2550.6;75.63;10;0.46;stop
605;59.29;1189.19;88.36;1188.12;87.78;1172.37;58.71;1173.44;10;0.5;stop
607;2152.66;1158.82;2160.73;1158.75;2160.59;1144.05;2152.52;1144.13;10;0.55;stop
608;1849.43;1697.63;1850.2;1683.5;1820.32;1681.87;1819.55;1696.0;10;0.53;stop
610;727.22;1688.27;727.32;1672.15;719.59;1672.1;719.5;1688.22;10;0.49;stop
611;3708.23;246.43;3723.59;207.08;3707.39;200.76;3692.03;240.11;9;0.52;stop
612;2579.93;1370.89;2580.74;1337.92;2565.45;1337.55;2564.64;1370.51;10;0.42;stop
613;3414.18;1288.01;3455.56;1279.97;3452.07;1261.99;3410.69;1270.03;9;0.36;stop
614;1785.81;114.86;1785.88;96.12;1773.45;96.08;1773.38;114.81;10;0.39;stop
615;3721.04;319.82;3730.08;292.63;3715.21;287.68;3706.17;314.87;10;0.51;stop
617;738.32;1216.9;738.46;1202.12;709.18;1201.85;709.04;1216.63;10;0.58;stop
624;3513.45;171.23;3528.91;167.88;3521.55;133.92;3506.09;137.27;10;0.46;stop
625;614.85;1686.98;615.77;1672.76;590.77;1671.14;589.86;1685.37;10;0.56;stop
626;552.17;1686.56;578.74;1686.04;578.45;1671.57;551.89;1672.09;10;0.49;stop
627;458.14;1685.11;459.15;1672.09;434.82;1670.21;433.81;1683.22;10;0.56;stop
628;1687.84;1658.41;1688.57;1641.59;1679.93;1641.21;1679.2;1658.04;10;0.41;stop
631;187.45;1675.53;187.47;1662.01;162.0;1661.97;161.98;1675.49;10;0.47;stop
632;2556.4757142857143;257.39714285714285;2568.6271428571426;256.4114285714286;2566.404285714286;229.04285714285714;2554.252857142857;230.02857142857144;10;0.3657142857142857;stop
633;576.39;1225.43;577.12;1194.62;561.73;1194.25;561.0;1225.07;10;0.59;stop
634;304.53;1684.3;330.44;1680.28;328.28;1666.33;302.37;1670.34;10;0.49;stop
640;1911.89;237.13;1926.89;236.45;1925.39;203.31;1910.39;203.99;10;0.78;move
646;1962.97;1631.29;1984.75;1630.39;1982.59;1578.33;1960.81;1579.24;9;0.7;stop
653;1498.33;1006.05;1500.74;975.07;1486.29;973.95;1483.89;1004.93;10;0.38;stop
657;3741.39;149.84;3749.72;126.16;3737.98;122.04;3729.66;145.71;10;0.38;stop
658;2285.116;76.994;2316.31;74.19000000000001;2315.0840000000003;60.592000000000006;2283.8900000000003;63.396;10;0.37400000000000005;stop
667;1752.04;1147.23;1782.84;1145.89;1782.19;1130.9;1751.39;1132.23;10;0.8;stop
691;1976.55;1439.13;1992.91;1436.71;1987.95;1403.18;1971.59;1405.6;10;0.81;move
693;1099.12;1653.11;1099.66;1641.14;1068.75;1639.76;1068.22;1651.74;10;0.48;stop
701;329.9;1396.05;330.73;1382.37;305.26;1380.82;304.43;1394.51;10;0.4;stop
703;2760.74;1117.98;2761.13;1103.66;2728.89;1102.77;2728.49;1117.09;10;0.82;move
711;2597.35;1041.52;2597.59;1026.73;2567.15;1026.23;2566.91;1041.02;10;0.74;stop
718;44.48;1632.03;68.94;1630.32;67.97;1616.41;43.5;1618.12;10;0.53;stop
853;1548.38;1130.76;1577.53;1129.33;1576.87;1115.86;1547.72;1117.3;10;0.74;stop
860;2354.36;1119.25;2354.38;1104.92;2326.39;1104.87;2326.37;1119.21;10;0.76;move
874;2978.9;1082.17;2980.57;1067.2;2949.85;1063.77;2948.18;1078.74;10;0.8;move
884;2733.14;1052.81;2733.81;1030.42;2667.61;1028.44;2666.94;1050.83;9;0.84;stop
967;1855.07;864.19;1871.67;862.77;1868.68;827.81;1852.08;829.23;10;0.77;move
1070;3232.79;1369.45;3245.73;1337.3;3231.28;1331.48;3218.33;1363.63;10;0.8;stop
1104;1858.8;774.65;1873.89;774.11;1872.82;744.1;1857.73;744.64;10;0.76;move
1112;2779.54;1066.89;2780.46;1051.34;2744.96;1049.24;2744.04;1064.79;10;0.79;stop
1213;2792.35;1047.42;2793.07;1033.16;2761.4;1031.58;2760.68;1045.84;10;0.8;stop
1221;1968.97;1365.78;1983.82;1363.79;1979.78;1333.65;1964.93;1335.64;10;0.79;move
1222;1842.56;662.47;1858.32;660.87;1855.32;631.28;1839.56;632.88;10;0.8;move
1267;2030.59;2163.87;2032.18;2132.13;2017.16;2131.38;2015.57;2163.12;10;0.64;stop
1299;1926.8;1181.33;1939.25;1177.42;1931.95;1154.17;1919.5;1158.08;10;0.66;move
1331;1877.14;813.98;1891.28;813.02;1889.36;784.65;1875.22;785.6;10;0.77;move
1340;1704.02;1150.12;1739.61;1148.89;1739.09;1133.63;1703.5;1134.86;10;0.78;stop
1360;1912.65;421.54;1926.87;420.38;1924.35;389.58;1910.13;390.74;10;0.77;move
1363;3528.49;1155.12;3532.28;1139.45;3495.26;1130.5;3491.47;1146.18;10;0.81;stop
1365;2075.64;2162.07;2089.04;2160.93;2086.86;2135.43;2073.46;2136.57;10;0.57;stop
1421;1503.86;1131.19;1538.66;1129.95;1538.14;1115.43;1503.34;1116.67;10;0.74;stop
1436;3476.77;1143.12;3479.22;1128.14;3446.66;1122.82;3444.22;1137.8;10;0.82;stop
1461;3446.23;1119.66;3448.23;1104.76;3415.33;1100.34;3413.33;1115.24;10;0.8;move
1465;2545.84;155.68;2560.54;154.92;2559.03;126.13;2544.34;126.9;10;0.63;stop
1495;2215.06;1136.96;2246.86;1135.79;2246.31;1120.91;2214.52;1122.08;10;0.79;move
1496;1827.9;467.89;1845.33;466.33;1841.76;426.48;1824.33;428.04;10;0.81;move
1516;1907.47;936.87;1921.62;935.66;1919.12;906.44;1904.97;907.66;10;0.79;stop
1531;1462.83;1132.32;1495.2;1131.45;1494.8;1116.56;1462.43;1117.43;10;0.75;stop
1557;1947.81;1240.24;1962.84;1236.8;1955.94;1206.64;1940.91;1210.08;10;0.78;move
1573;3538.54;1136.75;3542.01;1122.16;3512.39;1115.12;3508.93;1129.72;10;0.8;stop
1625;3580.82;1038.35;3586.96;1023.57;3554.49;1010.09;3548.35;1024.86;10;0.75;stop
1643;1894.31;985.78;1908.87;983.92;1905.0;953.72;1890.44;955.58;10;0.74;move
1653;3584.44;1251.82;3587.24;1236.58;3560.25;1231.62;3557.45;1246.86;10;0.45;stop
1684;1867.37;688.89;1881.5;688.26;1880.2;658.86;1866.06;659.49;10;0.78;move
1688;1611.22;1150.01;1642.78;1148.97;1642.28;1133.74;1610.72;1134.78;10;0.8;stop
1734;1631.59;1111.95;1667.2;1111.29;1666.91;1095.3;1631.3;1095.96;10;0.8;stop
1738;3622.19;1184.44;3626.13;1167.46;3590.94;1159.31;3587.0;1176.29;10;0.81;stop
1778;3576.32;1173.85;3580.34;1156.48;3541.18;1147.4;3537.16;1164.77;10;0.83;stop
1783;3603.98;1152.97;3607.63;1137.37;3575.39;1129.84;3571.75;1145.45;10;0.81;stop
1787;1530.16;1153.42;1558.95;1151.43;1557.97;1137.08;1529.17;1139.07;10;0.78;stop
1825;1600.9;1108.52;1627.26;1107.45;1626.73;1094.23;1600.36;1095.3;10;0.79;stop
1845;1882.65;896.44;1895.61;895.09;1892.85;868.69;1879.89;870.04;10;0.79;move
1846;3508.78;1092.33;3546.14;1067.77;3535.6;1051.73;3498.24;1076.29;9;0.8;stop
1880;3640.47;1163.88;3643.49;1149.52;3613.9;1143.3;3610.88;1157.67;10;0.81;stop
1887;1999.78;1924.79;2006.86;1895.45;1993.97;1892.34;1986.89;1921.67;10;0.82;stop
1961;1555.05;1113.11;1587.55;1112.14;1587.08;1096.39;1554.57;1097.36;10;0.79;stop
1981;2717.43;35.68;2744.3;33.19;2742.92;18.23;2716.05;20.71;10;0.46;stop
1998;1575.53;1149.96;1602.27;1146.53;1600.35;1131.54;1573.6;1134.97;10;0.69;stop
2015;3823.49;1156.0;3838.02;1154.97;3835.89;1124.93;3821.36;1125.96;10;0.61;stop
2017;2812.25;21.81;2839.17;19.6;2838.06;6.09;2811.14;8.29;10;0.68;stop
2034;1904.98;895.28;1920.3;893.74;1917.11;861.97;1901.79;863.51;10;0.81;stop
2038;2848.55;17.11;2876.34;15.14;2875.35;1.17;2847.56;3.14;10;0.74;stop
2047;201.16;1639.18;202.07;1627.13;176.66;1625.19;175.74;1637.25;10;0.49;stop
2067;2906.57;16.43;2931.12;11.71;2927.96;-4.71;2903.42;0.0;10;0.57;stop
2079;1023.18;1186.15;1062.95;1183.72;1061.82;1165.1;1022.05;1167.53;9;0.68;stop
2081;2767.96;29.63;2802.45;24.53;2800.09;8.57;2765.6;13.68;10;0.65;stop
2082;3839.9;1307.15;3843.39;1292.72;3823.22;1287.85;3819.74;1302.28;10;0.49;stop
2095;1511.95;1112.79;1543.01;1111.46;1542.43;1097.83;1511.36;1099.17;10;0.75;stop
2113;1989.24;1966.23;1999.07;1933.73;1985.57;1929.64;1975.74;1962.15;10;0.8;stop
2129;1106.22;1150.11;1139.04;1148.36;1138.16;1131.77;1105.33;1133.52;10;0.78;stop
2157;3741.66;1186.32;3745.16;1170.25;3707.71;1162.11;3704.22;1178.19;10;0.76;stop
2164;291.988;2150.55;292.77;2119.206;277.36;2118.824;276.578;2150.164;10;0.362;stop
2229;3681.71;1169.22;3685.05;1154.6;3653.29;1147.34;3649.95;1161.96;10;0.79;stop
2236;3657.756666666666;364.4533333333333;3668.05;334.49;3654.743333333334;329.92333333333335;3644.45;359.88666666666666;10;0.36;stop
2253;1474.32;1113.67;1505.2;1112.55;1504.68;1098.08;1473.8;1099.2;10;0.78;stop
2262;988.77;1149.16;1024.66;1148.62;1024.42;1132.34;988.53;1132.88;10;0.8;move
2331;1436.28;1114.79;1466.96;1113.16;1466.22;1099.21;1435.54;1100.84;10;0.79;stop
2334;1973.93;2005.76;1985.6;1973.6;1972.57;1968.87;1960.9;2001.02;10;0.78;stop
2361;3793.9;1193.16;3797.07;1178.14;3764.22;1171.21;3761.05;1186.23;10;0.82;stop
2363;1821.07;347.54;1838.4;346.5;1836.31;311.71;1818.97;312.75;10;0.8;move
2446;1629.11;1128.38;1662.65;1128.34;1662.64;1113.75;1629.1;1113.79;10;0.8;stop
2449;921.15;1146.67;949.58;1145.23;948.88;1131.46;920.46;1132.9;10;0.77;move
2452;1960.52;2040.42;1969.36;2012.44;1956.73;2008.46;1947.89;2036.43;10;0.81;stop
2483;3839.62;1205.77;3841.35;1191.74;3816.0;1188.61;3814.27;1202.64;10;0.7;stop
2491;1504.03;1175.2;1534.64;1172.97;1533.47;1156.93;1502.86;1159.15;10;0.58;stop
2537;1090.07;1165.33;1117.22;1164.48;1116.8;1151.23;1089.66;1152.08;10;0.79;move
2567;1948.05;2076.46;1958.53;2047.58;1946.7;2043.29;1936.22;2072.17;10;0.81;stop
2577;1364.84;1140.14;1401.2;1135.69;1399.28;1119.99;1362.92;1124.43;10;0.83;move
2600;122.85;79.66;155.63;75.98;153.95;60.96;121.16;64.64;10;0.68;stop
2617;1965.07;1518.59;1965.83;1495.66;1954.43;1495.29;1953.67;1518.21;10;0.52;stop
2688;2100.53;1052.85;2130.42;1050.9;2129.47;1036.27;2099.58;1038.22;10;0.75;stop
2703;1937.21;2107.06;1947.87;2079.44;1935.22;2074.56;1924.57;2102.18;10;0.76;stop
2705;2877.7;1300.26;2878.6;1282.8;2833.55;1280.49;2832.65;1297.95;9;0.36;stop
2718;1348.15;1119.35;1380.06;1116.62;1378.85;1102.53;1346.94;1105.26;10;0.81;stop
2756;191.45;1093.81;218.85;1093.04;218.47;1079.32;191.07;1080.09;10;0.76;stop
2772;2321.62;539.87;2358.08;537.15;2356.88;521.0;2320.42;523.73;10;0.62;stop
2780;3498.63;874.05;3509.4;832.44;3488.55;827.05;3477.79;868.65;9;0.74;move
2839;1309.72;1120.09;1339.89;1117.21;1338.53;1102.91;1308.36;1105.79;10;0.8;stop
2843;1923.21;2151.03;1934.63;2117.83;1919.79;2112.72;1908.37;2145.92;10;0.79;stop
2964;1813.55;238.53;1833.83;236.71;1829.2;185.03;1808.92;186.85;9;0.82;stop
2979;87.81;83.8;117.74;80.71;116.21;65.96;86.29;69.06;10;0.45;stop
2990;3291.76;587.46;3304.42;586.08;3301.67;560.97;3289.02;562.36;10;0.46;stop
3040;647.21;1149.83;683.36;1149.28;683.1;1132.04;646.95;1132.6;10;0.78;move
3089;1805.02;152.27;1820.68;151.19;1818.61;121.1;1802.94;122.18;10;0.76;stop
3107;2051.15;1792.74;2051.44;1770.29;2039.54;1770.14;2039.24;1792.58;10;0.57;stop
3134;3663.9;1193.64;3666.8;1177.72;3633.6;1171.67;3630.7;1187.59;10;0.78;stop
3149;2464.35;532.71;2495.96;529.35;2494.27;513.54;2462.67;516.9;10;0.7;stop
3182;2523.0;526.64;2555.39;523.36;2553.75;507.23;2521.36;510.52;10;0.8;stop
3187;1870.3;569.67;1886.96;566.86;1880.64;529.45;1863.98;532.27;10;0.79;move
3188;1526.49;1657.32;1527.11;1647.13;1503.14;1645.68;1502.52;1655.87;10;0.51;stop
3235;896.94;1156.74;897.17;1142.49;867.44;1142.01;867.21;1156.26;10;0.82;move
3259;624.46;1253.93;654.98;1252.49;654.29;1237.94;623.77;1239.39;10;0.5;stop
3280;15.3;1187.57;16.03;1173.95;-0.63;1173.06;-1.36;1186.67;10;0.7;stop
3295;1800.93;89.63;1815.06;88.36;1812.57;60.56;1798.44;61.83;10;0.77;stop
3316;1848.8;394.78;1862.62;394.29;1861.64;366.85;1847.82;367.34;10;0.73;move
3334;2397.64;537.31;2424.08;534.63;2422.61;520.19;2396.17;522.87;10;0.75;stop
3351;233.8281818181818;1709.3172727272727;251.45999999999998;1696.7663636363636;228.01999999999998;1663.807272727273;210.38363636363636;1676.3590909090908;10;0.38090909090909086;stop
3380;759.75;1146.96;786.0;1145.57;785.29;1132.29;759.05;1133.68;10;0.75;move
3383;2413.0;1035.79;2442.42;1035.18;2442.12;1020.71;2412.7;1021.32;10;0.76;stop
3398;32.2;80.27;37.57;70.87;19.16;60.36;13.79;69.76;10;0.45;stop
3415;3773.6;1219.17;3777.55;1205.73;3747.02;1196.77;3743.08;1210.21;10;0.49;stop
3464;1658.95;1149.82;1691.5;1149.41;1691.3;1133.93;1658.75;1134.34;10;0.78;stop
3470;457.03;1094.1;491.37;1093.85;491.25;1077.15;456.91;1077.4;10;0.78;move
3511;2160.79;1049.99;2160.92;1034.71;2152.46;1034.64;2152.33;1049.91;10;0.67;stop
3549;1252.34;1126.82;1284.73;1122.86;1282.84;1107.43;1250.46;1111.39;10;0.76;stop
3559;845.3766666666666;632.4633333333333;846.0088888888888;619.1855555555555;822.4422222222223;618.0622222222222;821.81;631.3311111111111;10;0.35999999999999993;stop
3590;693.53;1184.66;715.37;1183.25;714.6;1171.27;692.76;1172.68;10;0.62;stop
3593;1840.1;280.14;1855.79;278.96;1853.18;244.11;1837.49;245.29;10;0.8;move
3619;1750.37;1170.08;1784.83;1168.94;1784.38;1155.29;1749.92;1156.43;10;0.48;stop
3638;586.98;1146.7;618.56;1144.82;617.71;1130.49;586.12;1132.37;10;0.72;stop
3650;2610.1;1999.01;2642.24;1978.86;2633.15;1964.36;2601.01;1984.51;10;0.45;stop
3689;3127.97;1631.01;3137.56;1595.06;3119.53;1590.24;3109.94;1626.19;10;0.75;stop
3723;1951.08;1426.73;1968.05;1423.52;1959.42;1377.89;1942.45;1381.1;10;0.37;stop
3724;3838.99;1233.07;3841.97;1217.29;3818.51;1212.87;3815.53;1228.64;10;0.53;stop
3729;-0.32;1081.05;21.96;1079.87;21.16;1064.89;-1.11;1066.07;10;0.72;stop
3763;362.124;1023.3460000000001;379.216;1020.782;374.37800000000004;988.5260000000001;357.28;991.0980000000001;10;0.378;stop
3765;1396.89;1654.23;1421.31;1654.08;1421.23;1642.02;1396.82;1642.17;10;0.39;stop
3766;2643.148181818182;1303.7581818181818;2643.169090909091;1293.9027272727274;2626.9990909090907;1293.8627272727272;2626.9790909090907;1303.7181818181818;10;0.36818181818181817;stop
3867;3034.06;1944.63;3046.73;1936.67;3030.44;1910.74;3017.77;1918.71;10;0.46;stop
3880;1652.53;1041.86;1677.01;1040.68;1676.34;1027.02;1651.87;1028.2;10;0.61;stop
3927;584.51;1165.04;616.62;1164.63;616.43;1149.65;584.32;1150.05;10;0.78;move
3967;234.12;62.74;265.18;59.16;263.69;46.24;232.63;49.82;10;0.6;stop
3973;523.74;1164.94;553.82;1164.16;553.44;1149.74;523.37;1150.53;10;0.8;move
3974;443.56;1063.83;469.37;1063.25;469.1;1051.17;443.28;1051.75;10;0.65;stop
3986;3710.92;1280.73;3713.6;1265.38;3682.205;1259.895;3679.52;1275.24;10;0.42000000000000004;stop
3990;1795.66;44.71;1811.03;43.0;1807.9;14.91;1792.53;16.62;10;0.76;stop
3997;3757.58;165.06;3767.65;137.18;3753.67;132.13;3743.6;160.01;10;0.79;move
4002;1692.9;1149.04;1693.42;1134.06;1679.51;1133.58;1678.99;1148.56;10;0.78;stop
4003;3649.43;1239.14;3652.33;1224.44;3619.94;1218.05;3617.04;1232.75;10;0.8;move
4027;1730.82;1106.17;1753.09;1105.08;1752.5;1093.2;1730.24;1094.3;10;0.58;stop
4033;1150.55;1653.52;1150.73;1640.24;1125.7;1639.91;1125.52;1653.2;10;0.41;stop
4068;406.86;1158.84;407.03;1143.07;375.01;1142.72;374.84;1158.5;10;0.75;move
4074;1902.13;848.24;1917.14;846.63;1913.87;816.2;1898.86;817.81;10;0.76;stop
4077;2017.9;566.11;2017.9;551.02;1983.91;551.02;1983.91;566.11;10;0.74;move
4091;1828.78;157.42;1843.4;156.88;1842.29;126.65;1827.66;127.18;10;0.77;stop
4109;3652.0;420.24;3694.85;413.81;3692.37;397.26;3649.52;403.69;10;0.81;stop
4116;3705.76;299.35;3718.4;265.36;3702.36;259.4;3689.72;293.39;10;0.8;move
4121;1941.68;59.73;1953.39;58.39;1950.82;35.9;1939.11;37.23;10;0.47;stop
4179;679.43;1107.94;715.5;1106.06;714.64;1089.56;678.56;1091.44;10;0.71;move
4200;3737.37;851.52;3759.83;849.73;3758.88;837.85;3736.42;839.64;10;0.4;stop
4203;1829.06;118.55;1844.44;117.53;1842.28;85.08;1826.9;86.1;10;0.76;stop
4219;290.08;1169.53;326.87;1169.36;326.8;1153.6;290.0;1153.77;10;0.72;move
4220;2052.54;565.73;2080.21;562.35;2078.46;548.02;2050.79;551.4;10;0.67;move
4242;2602.93;1015.58;2612.36;980.47;2598.69;976.8;2589.27;1011.91;10;0.41;stop
4245;333.66;1151.62;334.46;1137.59;304.3;1135.88;303.51;1149.91;10;0.63;move
4255;19.35;1188.66;56.78;1187.65;56.36;1171.97;18.93;1172.97;10;0.62;stop
4261;1547.61;1173.43;1574.85;1169.99;1573.14;1156.44;1545.9;1159.88;10;0.41;stop
4263;1226.28;1478.73;1230.3;1450.11;1214.97;1447.96;1210.95;1476.57;10;0.38;stop
4292;2032.12;1433.78;2048.39;1432.43;2044.88;1389.97;2028.61;1391.32;10;0.41;stop
4327;208.5;1641.14;240.34;1640.59;240.09;1626.04;208.25;1626.59;10;0.36;stop
4336;2666.23;510.39;2694.8;506.28;2692.9;493.11;2664.33;497.22;10;0.64;move
4341;2536.4;479.74;2552.76;475.74;2550.47;466.38;2534.11;470.38;10;0.41;stop
4346;1822.99;63.96;1837.84;63.0;1835.98;33.92;1821.12;34.87;10;0.76;stop
4353;1496.16;1693.49;1496.86;1680.78;1469.34;1679.26;1468.64;1691.97;10;0.46;stop
4355;151.91;1169.83;187.8;1169.11;187.46;1152.36;151.58;1153.07;10;0.76;move
4363;188.9277777777778;68.71555555555557;218.9322222222222;66.25888888888889;217.79555555555555;52.351111111111116;187.79;54.80777777777777;10;0.3977777777777778;stop
4373;141.96;1654.27;142.35;1638.97;113.27;1638.23;112.88;1653.53;10;0.75;move
4389;159.96;72.4;184.96;67.75;182.69;55.57;157.69;60.22;10;0.36;stop
4392;256.28;1363.81;271.06;1359.75;263.56;1332.44;248.78;1336.5;10;0.57;stop
4411;95.25;1164.4;126.02;1162.55;125.06;1146.54;94.29;1148.38;10;0.7;move
4415;250.59;80.02;283.85;76.75;282.38;61.77;249.11;65.05;10;0.69;move
4423;3720.49;1208.02;3724.93;1189.77;3683.88;1179.79;3679.44;1198.04;10;0.75;stop
4437;13.12;1669.49;42.33;1667.18;41.13;1652.07;11.93;1654.38;10;0.4;stop
4442;1996.08;1825.61;2002.7;1730.99;1979.85;1729.39;1973.24;1824.01;9;0.48;stop
4450;3536.76;175.67;3549.61;171.36;3539.49;141.2;3526.64;145.51;10;0.41;stop
4460;24.17;1160.9;55.62;1159.19;54.87;1145.35;23.42;1147.06;10;0.74;move
4469;975.16;1651.51;993.7;1651.3;993.59;1641.93;975.05;1642.14;10;0.36;stop
4478;2005.19;2161.478;2006.1599999999999;2136.532;1993.06;2136.022;1992.09;2160.9680000000003;10;0.354;stop
4480;2590.14;2073.78;2631.06;2068.66;2628.36;2047.1;2587.44;2052.22;10;0.4;stop
4487;2186.53;551.8;2212.14;547.88;2210.16;534.95;2184.55;538.87;10;0.58;move
4489;3046.67;1341.66;3059.05;1327.89;3024.11;1296.47;3011.73;1310.23;9;0.39;stop
4497;231.27;1232.42;247.87;1229.93;243.58;1201.33;226.98;1203.82;10;0.45;stop
4498;3450.71;840.25;3468.1949999999997;810.65;3453.98;802.25;3436.495;831.85;10;0.355;stop
4499;248.35;1687.71;262.93;1678.45;247.11;1653.54;232.54;1662.8;10;0.38;stop
