vehicle_id;veh_bb_x1;veh_bb_y1;veh_bb_x2;veh_bb_y2;veh_bb_x3;veh_bb_y3;veh_bb_x4;veh_bb_y4;det_class;conf_score;state
1;2028.79;1240.23;2029.5;1208.1;2014.46;1207.77;2013.75;1239.9;10;0.81;stop
3;3145.82;1198.35;3147.9;1182.11;3110.12;1177.27;3108.04;1193.52;10;0.82;stop
7;826.24;1172.5;855.77;1172.26;855.64;1157.18;826.11;1157.43;10;0.82;stop
8;1999.58;1283.93;2015.04;1283.63;2014.42;1250.7;1998.96;1250.99;10;0.78;stop
10;2951.12;1036.93;2952.39;1021.66;2920.44;1019.01;2919.18;1034.28;10;0.81;stop
11;369.03;1091.02;396.47;1090.01;395.97;1076.48;368.53;1077.49;10;0.78;stop
13;284.91;1114.63;285.28;1098.66;250.87;1097.87;250.5;1113.84;10;0.72;move
14;400.97;1094.07;430.19;1093.03;429.66;1078.11;400.44;1079.16;10;0.79;stop
15;2680.99;1151.51;2681.02;1137.92;2654.51;1137.86;2654.48;1151.45;10;0.81;stop
16;2002.22;1356.19;2017.47;1355.68;2016.47;1325.81;2001.22;1326.32;10;0.8;stop
19;1977.47;669.34;1992.19;668.26;1990.03;639.03;1975.31;640.12;10;0.82;stop
21;2824.6;1155.78;2825.18;1141.72;2792.15;1140.35;2791.57;1154.41;10;0.81;stop
22;1960.47;680.26;1974.69;679.4;1972.72;647.24;1958.5;648.1;10;0.8;stop
23;1074.8;640.12;1075.24;626.18;1044.7;625.22;1044.26;639.16;10;0.81;stop
26;1957.94;640.49;1973.96;639.11;1971.03;604.89;1955.01;606.26;10;0.81;stop
27;2725.54;1153.8;2726.06;1137.83;2692.09;1136.7;2691.56;1152.67;10;0.82;stop
28;44.47;1117.04;78.47;1116.32;78.11;1099.21;44.11;1099.93;10;0.76;move
29;119.08;1116.84;148.81;1116.38;148.58;1101.28;118.85;1101.74;10;0.61;move
32;3499.7;1067.38;3504.17;1051.99;3469.67;1041.99;3465.21;1057.38;10;0.8;stop
36;992.5;635.56;993.43;622.59;966.88;620.69;965.95;633.66;10;0.81;stop
37;3428.94;930.46;3446.7;902.83;3433.55;894.38;3415.8;922.01;10;0.81;stop
40;2007.46;896.28;2007.5;865.49;1993.23;865.47;1993.18;896.26;10;0.82;stop
41;448.98;1089.2;478.12;1088.45;477.74;1073.61;448.6;1074.36;10;0.81;stop
44;3500.82;1048.32;3506.46;1032.79;3473.24;1020.74;3467.61;1036.27;10;0.79;stop
46;1783.96;1659.08;1784.01;1645.13;1756.41;1645.04;1756.37;1659.0;10;0.81;stop
47;2018.86;1283.59;2033.67;1283.55;2033.57;1253.28;2018.77;1253.33;10;0.8;stop
49;1145.35;1055.01;1145.63;1040.34;1114.21;1039.74;1113.93;1054.41;10;0.81;stop
53;2832.41;1028.01;2833.27;1012.45;2797.84;1010.49;2796.98;1026.05;10;0.8;stop
54;2011.28;1479.05;2025.57;1478.71;2024.84;1448.2;2010.56;1448.54;10;0.8;stop
56;3356.62;1360.58;3361.9;1346.96;3333.38;1335.91;3328.1;1349.53;10;0.81;stop
57;1790.46;234.33;1805.04;233.17;1802.79;204.98;1788.21;206.14;10;0.8;stop
59;2968.82;1287.22;2973.96;1271.51;2938.18;1259.78;2933.04;1275.49;10;0.78;stop
60;2013.48;1587.7;2027.85;1587.08;2026.58;1557.8;2012.21;1558.42;10;0.79;stop
62;1996.82;1238.02;2010.89;1237.82;2010.43;1204.36;1996.36;1204.55;10;0.81;stop
64;1493.81;1655.09;1493.98;1641.51;1464.94;1641.16;1464.77;1654.74;10;0.79;stop
65;2011.86;1552.19;2025.21;1551.41;2023.71;1525.81;2010.35;1526.59;10;0.8;stop
66;3317.72;1346.19;3326.27;1313.96;3310.4;1309.75;3301.85;1341.98;10;0.81;stop
67;1983.6;741.35;1997.94;739.74;1994.59;709.9;1980.25;711.51;10;0.82;stop
68;3734.04;895.42;3769.42;891.76;3767.84;876.46;3732.46;880.12;10;0.79;stop
72;3475.7;826.72;3493.31;798.41;3480.55;790.47;3462.94;818.78;10;0.8;stop
74;2894.65;1030.21;2895.73;1015.97;2868.35;1013.91;2867.27;1028.15;10;0.81;stop
76;2496.97;1153.03;2529.51;1152.31;2529.16;1136.34;2496.61;1137.07;10;0.79;stop
79;3142.15;447.48;3169.48;443.05;3167.22;429.09;3139.89;433.51;10;0.8;stop
80;3781.23;889.89;3813.84;886.87;3812.52;872.61;3779.91;875.63;10;0.8;stop
84;1810.55;506.83;1825.32;505.29;1822.07;474.17;1807.3;475.71;10;0.79;stop
86;2748.55;482.49;2782.76;477.9;2780.82;463.45;2746.62;468.04;10;0.79;stop
87;888.17;1174.05;888.24;1158.58;858.39;1158.45;858.32;1173.92;10;0.8;stop
90;3410.53;965.92;3426.75;932.89;3411.65;925.48;3395.44;958.51;10;0.79;stop
91;2042.83;1382.35;2042.92;1352.01;2028.17;1351.96;2028.08;1382.3;10;0.79;stop
92;937.9;1059.78;966.39;1059.35;966.16;1044.9;937.68;1045.34;10;0.8;stop
93;367.38;1074.17;398.26;1073.82;398.09;1058.64;367.21;1059.0;10;0.8;stop
96;1860.94;2149.17;1874.43;2121.35;1862.81;2115.71;1849.32;2143.53;10;0.8;stop
97;1979.71;703.15;1993.8;701.91;1991.54;676.1;1977.45;677.34;10;0.8;stop
98;2651.62;492.08;2680.97;488.6;2679.42;475.42;2650.06;478.9;10;0.8;stop
101;1875.9;2115.23;1888.51;2088.68;1877.1;2083.27;1864.49;2109.82;10;0.79;stop
107;1997.32;1787.16;2000.35;1755.81;1985.18;1754.34;1982.15;1785.69;10;0.81;stop
109;2024.32;1515.12;2024.41;1489.81;2011.25;1489.76;2011.15;1515.07;10;0.8;stop
110;2914.27;1304.02;2915.35;1288.31;2882.76;1286.06;2881.68;1301.77;10;0.76;stop
111;1991.52;852.0;2004.61;850.83;2002.23;824.25;1989.14;825.42;10;0.78;stop
112;1983.64;823.09;1998.91;820.41;1993.42;789.04;1978.15;791.71;10;0.8;stop
114;3058.7;1051.06;3060.71;1037.8;3032.8;1033.57;3030.79;1046.83;10;0.82;stop
116;2024.85;1399.04;2026.43;1365.22;2011.65;1364.53;2010.07;1398.34;10;0.81;stop
117;2572.2;1696.72;2575.41;1660.44;2560.8;1659.15;2557.59;1695.43;10;0.78;stop
118;1967.62;1837.34;1972.57;1804.31;1957.41;1802.04;1952.46;1835.07;10;0.78;stop
119;1949.19;253.55;1963.36;252.46;1961.22;224.58;1947.05;225.66;10;0.79;stop
120;2740.5;525.64;2774.27;522.25;2772.75;507.11;2738.98;510.5;10;0.79;stop
124;1994.63;930.04;2008.17;929.52;2007.18;903.71;1993.64;904.23;10;0.79;stop
125;1819.04;1017.12;1840.08;990.13;1828.21;980.88;1807.17;1007.87;10;0.75;stop
126;3025.29;1048.13;3028.11;1032.49;2994.21;1026.37;2991.39;1042.01;10;0.82;stop
127;129.44;1097.95;160.51;1096.95;160.02;1081.74;128.95;1082.74;10;0.75;stop
130;2641.87;1149.79;2641.92;1135.18;2611.5;1135.09;2611.46;1149.69;10;0.79;stop
131;2696.0;1022.93;2697.01;1008.06;2664.22;1005.82;2663.2;1020.69;10;0.79;stop
132;2687.27;488.61;2718.54;484.79;2716.85;471.01;2685.59;474.83;10;0.76;stop
133;2394.11;514.64;2423.31;511.3;2421.64;496.74;2392.44;500.07;10;0.77;stop
135;3585.03;681.57;3597.77;651.14;3583.1;644.99;3570.36;675.42;10;0.79;stop
136;1294.25;1045.51;1318.15;1045.2;1318.0;1033.49;1294.1;1033.8;10;0.79;stop
141;3243.84;1426.83;3247.24;1393.37;3231.47;1391.77;3228.07;1425.23;10;0.81;stop
142;1823.48;684.9;1837.9;683.55;1835.02;652.73;1820.6;654.08;10;0.8;stop
145;2083.29;1033.54;2117.63;1032.27;2117.08;1017.34;2082.74;1018.6;10;0.75;stop
148;1278.52;1182.08;1325.33;1180.64;1324.73;1161.3;1277.92;1162.74;9;0.74;stop
150;2347.48;1153.75;2347.68;1139.42;2317.52;1139.0;2317.32;1153.33;10;0.79;stop
151;953.06;633.08;953.74;620.97;926.63;619.42;925.94;631.53;10;0.77;stop
152;1987.01;779.43;1999.69;778.32;1997.36;751.7;1984.68;752.81;10;0.77;stop
153;903.15;1061.53;934.99;1060.09;934.35;1045.97;902.51;1047.41;10;0.79;stop
156;333.41;1093.77;363.6;1092.84;363.16;1078.42;332.96;1079.35;10;0.74;stop
158;1914.85;2028.38;1923.62;2004.34;1912.4;2000.24;1903.63;2024.29;10;0.77;stop
159;3009.05;1305.3;3016.56;1289.87;2981.2;1272.64;2973.69;1288.06;10;0.75;stop
160;791.93;1184.86;824.51;1184.48;824.32;1168.26;791.74;1168.65;10;0.8;stop
161;764.9;1063.91;793.98;1062.45;793.29;1048.84;764.22;1050.3;10;0.76;stop
163;3046.11;1341.84;3059.59;1327.0;3023.74;1294.41;3010.25;1309.25;10;0.72;stop
166;3177.61;441.58;3204.07;437.48;3202.08;424.67;3175.62;428.77;10;0.79;stop
167;1177.58;1182.46;1207.69;1180.83;1206.85;1165.42;1176.75;1167.05;10;0.77;stop
168;1985.87;1524.0;1986.16;1492.26;1971.5;1492.12;1971.21;1523.87;10;0.78;stop
171;752.09;1185.45;779.41;1184.3;778.83;1170.3;751.5;1171.45;10;0.78;stop
172;2753.75;1023.22;2754.22;1008.44;2721.25;1007.4;2720.78;1022.18;10;0.79;stop
175;1960.23;1874.26;1965.46;1845.05;1952.52;1842.74;1947.29;1871.95;10;0.74;stop
176;3785.14;150.23;3797.65;119.64;3784.23;114.15;3771.72;144.74;10;0.77;stop
177;3421.72;867.44;3441.53;844.68;3430.47;835.06;3410.66;857.82;10;0.78;stop
179;3101.36;1190.84;3103.08;1175.18;3071.14;1171.66;3069.42;1187.32;10;0.8;stop
180;3017.05;1178.23;3019.33;1163.59;2989.51;1158.95;2987.23;1173.6;10;0.78;stop
181;1746.49;1657.57;1746.77;1642.61;1716.26;1642.05;1715.98;1657.01;10;0.8;stop
183;2787.65;477.51;2819.57;474.02;2818.13;460.93;2786.22;464.42;10;0.8;stop
184;863.91;1064.35;894.52;1063.03;893.91;1048.77;863.29;1050.1;10;0.79;stop
185;2195.04;1157.56;2221.81;1156.64;2221.34;1143.06;2194.57;1143.98;10;0.78;stop
187;2010.13;1442.1;2025.37;1441.14;2023.18;1406.4;2007.94;1407.36;10;0.8;stop
188;3751.8;236.35;3762.52;206.05;3748.2;200.99;3737.48;231.29;10;0.77;stop
190;3282.34;516.39;3296.8;516.08;3296.09;483.92;3281.64;484.23;10;0.78;stop
195;945.18;1186.13;977.46;1184.37;976.6;1168.5;944.32;1170.26;10;0.77;stop
196;2355.24;1153.93;2385.5;1153.18;2385.14;1138.82;2354.88;1139.57;10;0.78;stop
197;2394.76;1153.55;2423.42;1153.21;2423.24;1138.07;2394.58;1138.41;10;0.78;stop
198;2539.15;1150.2;2569.23;1149.93;2569.1;1135.8;2539.02;1136.07;10;0.78;stop
200;2960.75;1993.53;2974.08;1982.62;2950.75;1954.1;2937.42;1965.01;10;0.77;stop
203;1827.16;822.69;1844.49;820.79;1839.21;772.56;1821.89;774.46;9;0.79;stop
204;1921.89;55.26;1936.13;54.09;1933.95;27.43;1919.71;28.59;10;0.76;stop
205;3394.19;892.91;3417.86;876.12;3409.25;863.97;3385.57;880.75;10;0.77;stop
210;2278.28;1155.33;2306.05;1154.73;2305.72;1139.67;2277.95;1140.27;10;0.78;stop
211;2577.35;1550.97;2578.34;1517.94;2562.4;1517.46;2561.41;1550.5;10;0.75;stop
212;1771.76;190.76;1786.45;189.4;1783.85;161.36;1769.16;162.72;10;0.78;stop
213;2863.41;471.14;2893.9;468.86;2892.84;454.73;2862.35;457.01;10;0.79;stop
217;1610.69;1656.37;1639.45;1656.34;1639.43;1642.13;1610.68;1642.16;10;0.77;stop
218;1289.41;1692.66;1317.37;1692.34;1317.22;1678.97;1289.25;1679.29;10;0.77;stop
220;1767.29;146.08;1781.47;145.71;1780.73;117.17;1766.54;117.54;10;0.78;stop
221;1712.57;561.61;1713.41;546.0;1681.18;544.27;1680.34;559.87;10;0.79;stop
222;1811.99;711.81;1827.68;709.61;1823.35;678.69;1807.66;680.89;10;0.8;stop
223;513.54;1070.69;544.21;1070.18;543.96;1054.63;513.29;1055.13;10;0.8;stop
228;1794.78;1166.81;1824.83;1164.18;1823.55;1149.56;1793.5;1152.19;10;0.78;stop
230;3184.37;945.94;3222.95;942.56;3221.57;926.71;3182.98;930.09;10;0.76;stop
231;1905.21;1700.25;1933.73;1699.39;1933.29;1684.88;1904.77;1685.73;10;0.74;stop
232;2574.52;1645.07;2575.73;1616.9;2561.86;1616.3;2560.65;1644.47;10;0.77;stop
233;1791.06;470.39;1808.05;468.48;1804.06;432.99;1787.08;434.89;10;0.76;stop
234;2572.17;438.18;2584.86;436.87;2582.21;411.2;2569.51;412.51;10;0.78;stop
235;798.1;1064.27;827.31;1062.82;826.54;1047.36;797.33;1048.8;10;0.75;stop
236;2228.32;1157.47;2261.77;1156.19;2261.18;1140.9;2227.73;1142.19;10;0.77;stop
237;1946.25;218.76;1959.89;217.52;1957.41;190.18;1943.77;191.41;10;0.78;stop
238;1777.65;93.54;1791.24;92.73;1789.49;63.39;1775.9;64.21;10;0.71;stop
239;3207.76;439.3;3238.28;435.45;3236.61;422.26;3206.1;426.11;10;0.79;stop
241;1085.38;1056.33;1085.42;1041.88;1057.75;1041.8;1057.7;1056.24;10;0.77;stop
242;1220.8;1056.56;1252.7;1055.03;1251.95;1039.31;1220.05;1040.85;10;0.78;stop
245;3079.65;1376.52;3093.03;1363.51;3059.57;1329.11;3046.19;1342.12;9;0.78;stop
247;768.47;1648.77;795.87;1648.57;795.77;1635.11;768.37;1635.31;10;0.79;stop
248;1906.82;1661.59;1936.62;1660.72;1936.18;1645.91;1906.38;1646.78;10;0.78;stop
249;1948.43;514.41;1962.29;513.58;1960.57;484.59;1946.71;485.42;10;0.79;stop
250;2465.99;507.5;2493.31;503.84;2491.51;490.37;2464.19;494.04;10;0.79;stop
251;3654.96;492.6;3664.14;461.22;3650.04;457.09;3640.86;488.47;10;0.76;stop
254;2191.63;1319.79;2221.46;1315.05;2219.12;1300.33;2189.29;1305.07;10;0.79;stop
255;1958.97;1491.48;1972.32;1489.62;1968.59;1462.77;1955.24;1464.63;10;0.78;stop
256;2858.69;1157.83;2859.54;1143.57;2831.0;1141.86;2830.15;1156.12;10;0.78;stop
257;3297.72;432.36;3330.68;427.78;3328.53;412.33;3295.57;416.91;10;0.77;stop
258;707.97;1020.69;713.12;1008.62;689.84;998.68;684.69;1010.76;10;0.75;stop
261;3119.42;1438.38;3140.59;1423.71;3105.58;1373.19;3084.41;1387.85;9;0.75;stop
262;2823.88;474.64;2853.2;470.8;2851.37;456.86;2822.05;460.7;10;0.77;stop
263;3554.15;867.08;3586.06;864.47;3584.91;850.42;3553.0;853.03;10;0.76;stop
264;1391.87;1048.33;1423.67;1046.49;1422.88;1032.92;1391.08;1034.76;10;0.77;stop
265;1447.33;1051.03;1480.55;1049.73;1479.92;1033.59;1446.7;1034.89;10;0.77;stop
266;1920.22;1216.2;1933.45;1211.96;1925.03;1185.68;1911.8;1189.92;10;0.76;stop
267;2458.18;1152.22;2488.81;1150.68;2488.07;1136.03;2457.44;1137.57;10;0.75;stop
268;3215.15;1408.2;3224.98;1381.82;3212.35;1377.11;3202.52;1403.49;10;0.79;stop
271;2630.79;992.87;2630.97;964.71;2616.96;964.63;2616.78;992.79;10;0.77;stop
273;764.83;1688.02;764.96;1673.74;736.06;1673.48;735.93;1687.76;10;0.78;stop
276;2578.29;1149.83;2605.63;1149.26;2605.34;1135.05;2577.99;1135.61;10;0.74;stop
278;2428.81;510.67;2460.53;507.13;2458.94;492.83;2427.22;496.37;10;0.78;stop
280;476.07;1071.52;508.81;1070.4;508.3;1055.67;475.57;1056.78;10;0.77;stop
282;2511.28;1021.0;2541.31;1019.8;2540.72;1005.12;2510.69;1006.33;10;0.74;stop
283;2639.59;40.99;2668.13;37.93;2666.66;24.26;2638.12;27.32;10;0.77;stop
285;2783.08;1156.98;2783.6;1138.14;2745.36;1137.08;2744.83;1155.93;9;0.81;stop
286;2012.82;1972.85;2022.16;1937.28;2006.43;1933.15;1997.09;1968.72;10;0.74;stop
287;3211.15;1509.12;3220.18;1474.42;3204.16;1470.25;3195.13;1504.95;10;0.71;stop
288;988.51;1183.21;1016.85;1181.09;1015.87;1168.04;987.53;1170.16;10;0.75;stop
289;2615.26;951.37;2630.52;949.79;2626.87;914.44;2611.6;916.02;10;0.76;stop
290;2153.29;1159.54;2185.32;1157.46;2184.33;1142.21;2152.3;1144.29;10;0.75;stop
291;2436.71;1305.99;2467.17;1305.21;2466.79;1290.51;2436.33;1291.29;10;0.73;stop
293;1807.57;677.35;1822.27;676.01;1819.62;646.78;1804.92;648.11;10;0.77;stop
296;1326.05;1692.53;1353.79;1692.36;1353.7;1677.97;1325.96;1678.14;10;0.75;stop
298;3693.48;896.73;3727.3;893.46;3725.9;878.9;3692.07;882.16;10;0.75;stop
299;1035.8;637.45;1036.88;624.03;1009.83;621.84;1008.74;635.27;10;0.76;stop
300;582.21;1069.14;612.93;1067.58;612.16;1052.42;581.44;1053.98;10;0.77;stop
301;1772.99;224.86;1787.69;224.83;1787.63;194.77;1772.94;194.8;10;0.74;stop
302;2362.45;514.5;2389.59;511.4;2388.05;498.0;2360.91;501.1;10;0.78;stop
303;2935.61;466.52;2964.24;462.54;2962.39;449.23;2933.76;453.21;10;0.75;stop
304;338.59;1074.0;365.83;1073.34;365.47;1058.81;338.23;1059.48;10;0.75;stop
305;154.62;1188.14;184.52;1187.68;184.29;1172.48;154.38;1172.94;10;0.77;stop
308;1464.57;1173.84;1492.91;1171.96;1491.93;1157.16;1463.59;1159.04;10;0.74;stop
309;3058.57;1184.93;3060.56;1170.42;3030.68;1166.32;3028.69;1180.83;10;0.78;stop
310;1239.26;1653.28;1267.88;1653.11;1267.8;1639.59;1239.18;1639.77;10;0.75;stop
311;3293.81;1361.47;3305.36;1324.91;3288.38;1319.54;3276.83;1356.11;10;0.77;stop
312;2210.69;529.25;2241.64;525.71;2240.0;511.38;2209.05;514.92;10;0.73;stop
313;719.59;1184.09;746.35;1182.94;745.72;1168.29;718.96;1169.44;10;0.76;stop
314;1928.59;1249.05;1942.98;1246.16;1936.91;1215.83;1922.52;1218.71;10;0.71;stop
315;2099.18;1285.15;2130.22;1281.51;2128.57;1267.48;2097.53;1271.12;10;0.77;stop
316;2584.59;620.07;2598.61;618.81;2595.66;585.93;2581.64;587.19;10;0.74;stop
318;3390.49;1001.42;3404.6;974.18;3391.38;967.33;3377.28;994.57;10;0.76;stop
319;766.38;2046.66;781.95;2046.22;781.05;2014.59;765.49;2015.03;10;0.73;stop
320;2502.58;504.31;2531.61;501.5;2530.3;487.94;2501.27;490.75;10;0.73;stop
321;3286.4;549.93;3300.2;548.68;3297.66;520.7;3283.86;521.95;10;0.75;stop
324;2102.37;536.03;2129.48;532.69;2127.82;519.22;2100.71;522.56;10;0.77;stop
325;2140.66;533.78;2168.64;530.78;2167.16;516.97;2139.17;519.97;10;0.77;stop
326;2565.67;406.8;2580.05;405.63;2577.46;373.95;2563.08;375.12;10;0.74;stop
328;3434.95;967.7;3446.86;941.74;3434.11;935.89;3422.2;961.85;10;0.76;stop
329;762.24;2046.54;762.87;2015.02;747.33;2014.71;746.7;2046.23;10;0.74;stop
331;3485.42;415.48;3513.83;411.81;3512.08;398.27;3483.67;401.94;10;0.68;stop
332;2582.61;580.04;2595.7;578.86;2593.14;550.58;2580.05;551.77;10;0.72;stop
333;2595.19;669.77;2609.65;654.51;2594.06;639.73;2579.6;654.99;10;0.65;stop
334;573.56;1070.13;573.73;1055.46;549.56;1055.19;549.39;1069.85;10;0.72;stop
336;1280.48;1692.41;1280.57;1678.27;1251.9;1678.09;1251.81;1692.23;10;0.76;stop
337;1164.69;1893.43;1179.44;1893.33;1179.25;1866.32;1164.5;1866.42;10;0.78;stop
338;1799.94;353.0;1814.81;351.9;1812.43;319.75;1797.57;320.85;10;0.74;stop
339;3692.66;855.9;3725.25;855.06;3724.84;839.1;3692.25;839.94;10;0.75;stop
340;1261.03;1051.65;1287.09;1050.52;1286.53;1037.48;1260.47;1038.61;10;0.73;stop
343;1792.78;1660.52;1821.2;1659.52;1820.72;1645.85;1792.3;1646.86;10;0.74;stop
344;3642.47;524.04;3651.97;495.94;3638.16;491.27;3628.66;519.37;10;0.77;stop
346;1731.81;1698.45;1732.53;1683.53;1704.55;1682.17;1703.83;1697.1;10;0.75;stop
347;785.74;631.06;786.78;616.98;758.32;614.88;757.28;628.96;10;0.77;stop
348;2583.77;48.28;2612.4;45.63;2611.11;31.59;2582.47;34.24;10;0.74;stop
349;1164.18;1929.98;1180.32;1929.7;1179.76;1897.27;1163.62;1897.55;10;0.74;stop
350;1777.33;267.27;1792.94;265.76;1789.81;233.36;1774.2;234.86;10;0.74;stop
351;2573.95;474.63;2588.2;473.58;2586.05;444.5;2571.8;445.55;10;0.7;stop
352;2899.44;469.04;2927.22;465.93;2925.71;452.52;2897.94;455.64;10;0.77;stop
354;2040.13;1603.8;2054.93;1603.61;2054.49;1568.7;2039.69;1568.89;10;0.75;stop
355;2567.02;366.62;2579.27;365.6;2577.23;341.01;2564.98;342.02;10;0.71;stop
357;1344.62;1178.89;1377.22;1177.84;1376.76;1163.36;1344.15;1164.41;10;0.73;stop
358;1672.62;1168.21;1701.72;1167.21;1701.25;1153.79;1672.16;1154.79;10;0.74;stop
359;2606.48;907.09;2621.98;906.68;2621.02;869.85;2605.52;870.25;10;0.69;stop
360;1764.06;61.51;1778.73;60.73;1777.06;29.61;1762.4;30.39;10;0.72;stop
362;3566.78;610.89;3577.63;583.27;3563.85;577.86;3553.0;605.48;10;0.73;stop
367;3310.93;1043.51;3327.36;1012.24;3313.45;1004.92;3297.01;1036.2;10;0.7;stop
369;1330.52;1051.03;1360.78;1050.4;1360.48;1035.85;1330.22;1036.48;10;0.73;stop
370;1933.43;1974.63;1937.98;1948.17;1925.32;1946.0;1920.77;1972.45;10;0.76;stop
371;666.81;1061.63;694.51;1057.25;692.56;1044.94;664.87;1049.31;10;0.75;stop
374;1340.42;1652.75;1341.09;1640.38;1315.71;1639.0;1315.04;1651.37;10;0.75;stop
375;2174.71;533.68;2206.99;529.55;2205.1;514.82;2172.83;518.95;10;0.69;stop
376;2133.4;1320.28;2160.57;1318.41;2159.6;1304.35;2132.43;1306.21;10;0.74;stop
377;567.22;1100.99;595.56;1096.71;593.4;1082.45;565.07;1086.72;10;0.81;move
378;2479.17;1305.71;2506.07;1304.36;2505.33;1289.66;2478.43;1291.02;10;0.74;stop
379;3317.17;959.66;3333.08;952.86;3318.45;918.62;3302.54;925.42;10;0.72;stop
380;3188.24;1204.27;3190.57;1187.59;3154.88;1182.6;3152.55;1199.29;10;0.72;stop
381;2045.81;1643.46;2057.03;1642.95;2055.94;1619.04;2044.72;1619.55;10;0.68;stop
384;2455.84;63.37;2485.08;60.41;2483.66;46.31;2454.42;49.28;10;0.71;stop
386;1278.53;1652.09;1305.94;1651.35;1305.6;1638.54;1278.18;1639.28;10;0.73;stop
387;809.98;1668.64;810.27;1653.47;781.89;1652.92;781.6;1668.1;10;0.82;move
388;436.8;1646.29;437.27;1633.1;410.23;1632.14;409.76;1645.34;10;0.73;stop
389;2099.73;1160.24;2134.25;1158.05;2133.27;1142.63;2098.75;1144.82;10;0.73;stop
390;1179.06;1858.62;1179.52;1828.25;1163.76;1828.01;1163.29;1858.38;10;0.73;stop
391;3738.49;271.83;3746.64;246.12;3733.38;241.92;3725.23;267.63;10;0.71;stop
392;3689.51;439.74;3722.63;435.03;3720.49;419.95;3687.37;424.65;10;0.7;stop
395;556.55;1185.59;585.4;1185.46;585.33;1169.41;556.47;1169.54;10;0.75;stop
396;521.32;1186.62;551.77;1185.42;551.18;1170.26;520.73;1171.45;10;0.73;stop
397;2537.73;1823.22;2539.49;1792.2;2525.52;1791.4;2523.76;1822.43;10;0.68;stop
400;2006.5;995.17;2020.82;991.99;2014.25;962.33;1999.93;965.51;10;0.74;stop
401;2338.05;71.9;2370.13;68.59;2368.58;53.53;2336.49;56.85;10;0.73;stop
402;87.24;1191.56;140.95;1190.0;140.34;1169.06;86.63;1170.63;9;0.71;stop
403;689.56;1649.73;690.25;1636.65;664.19;1635.27;663.5;1648.35;10;0.73;stop
404;335.31;560.01;338.12;544.77;305.48;538.74;302.66;553.98;10;0.66;stop
405;3375.61;1032.1;3391.03;1003.04;3377.21;995.71;3361.79;1024.77;10;0.69;stop
406;2289.38;520.98;2318.42;518.38;2317.12;503.89;2288.08;506.49;10;0.71;stop
407;213.8;1072.82;214.15;1059.77;187.45;1059.06;187.1;1072.1;10;0.71;stop
408;1390.99;1177.77;1420.98;1176.62;1420.38;1161.11;1390.4;1162.26;10;0.7;stop
409;1682.48;1040.78;1712.44;1039.14;1711.65;1024.72;1681.69;1026.36;10;0.74;stop
410;2992.63;459.96;3021.39;455.93;3019.55;442.86;2990.8;446.88;10;0.72;stop
412;360.55;1684.03;361.7;1669.87;332.73;1667.53;331.59;1681.69;10;0.68;stop
413;3576.52;711.37;3583.71;683.39;3570.04;679.88;3562.86;707.86;10;0.72;stop
414;186.97;1188.27;217.06;1187.88;216.86;1172.35;186.77;1172.75;10;0.75;stop
415;1710.26;1168.49;1740.09;1167.52;1739.6;1152.39;1709.77;1153.35;10;0.76;stop
416;2803.97;1263.85;2830.77;1262.22;2829.94;1248.65;2803.14;1250.28;10;0.72;stop
418;3543.51;803.13;3552.76;773.92;3537.43;769.06;3528.17;798.27;10;0.73;stop
419;1992.79;1826.82;1996.58;1797.43;1982.96;1795.68;1979.17;1825.07;10;0.82;stop
420;3348.11;915.39;3379.74;901.73;3373.76;887.89;3342.13;901.55;10;0.72;stop
421;2705.72;1365.04;2720.53;1339.74;2708.53;1332.71;2693.72;1358.01;10;0.64;stop
423;3766.88;196.83;3776.77;169.52;3763.12;164.58;3753.23;191.89;10;0.67;stop
424;1469.73;193.79;1482.2;191.81;1477.77;163.96;1465.3;165.94;10;0.62;stop
425;3519.78;412.04;3549.15;407.92;3547.1;393.27;3517.72;397.39;10;0.68;stop
426;625.27;1236.78;655.1;1235.43;654.42;1220.4;624.58;1221.76;10;0.72;stop
427;1624.5;1693.56;1624.59;1679.36;1596.37;1679.19;1596.29;1693.39;10;0.73;stop
428;628.32;1218.83;656.4;1218.2;656.06;1202.74;627.97;1203.36;10;0.75;stop
429;2032.78;1437.61;2050.93;1436.38;2047.78;1390.08;2029.63;1391.31;9;0.65;stop
433;474.87;1646.2;475.05;1632.61;446.22;1632.24;446.05;1645.82;10;0.74;stop
434;2536.9;1860.32;2538.84;1829.48;2524.1;1828.55;2522.16;1859.39;10;0.6;stop
435;2386.69;68.41;2413.65;65.33;2412.19;52.53;2385.22;55.61;10;0.7;stop
436;2560.64;333.8;2574.89;332.48;2572.36;305.2;2558.11;306.52;10;0.66;stop
438;1794.96;267.96;1808.98;266.4;1805.79;237.73;1791.77;239.29;10;0.68;stop
439;2331.68;1316.39;2332.14;1298.1;2288.32;1296.99;2287.86;1315.28;9;0.68;stop
440;3649.82;1269.72;3653.69;1256.1;3623.31;1247.47;3619.44;1261.08;10;0.7;stop
441;631.54;1649.71;661.62;1649.05;661.28;1633.41;631.19;1634.07;10;0.69;stop
442;1812.01;557.05;1827.4;556.62;1826.57;527.45;1811.18;527.88;10;0.62;stop
443;661.82;1244.45;677.15;1244.34;676.93;1214.61;661.6;1214.72;10;0.72;stop
444;3032.25;1366.29;3042.89;1351.71;3009.75;1327.52;2999.11;1342.11;10;0.68;stop
445;2611.19;494.6;2643.77;491.1;2642.18;476.27;2609.6;479.77;10;0.69;stop
446;125.71;1078.04;152.24;1077.12;151.79;1064.15;125.26;1065.07;10;0.63;stop
447;3229.6;1079.3;3232.35;1060.04;3173.53;1051.64;3170.78;1070.9;9;0.69;stop
449;2067.56;97.72;2100.92;94.24;2099.44;80.03;2066.08;83.51;10;0.72;stop
450;422.74;1074.43;448.66;1070.8;446.79;1057.45;420.87;1061.08;10;0.69;stop
451;2355.09;560.09;2386.87;556.86;2385.29;541.29;2353.51;544.51;10;0.68;stop
453;1962.73;1573.93;1980.25;1573.1;1978.34;1532.75;1960.81;1533.58;10;0.55;stop
454;2573.1;1775.06;2573.78;1744.27;2558.78;1743.94;2558.09;1774.73;10;0.68;stop
455;2034.75;1891.85;2039.82;1854.47;2022.75;1852.15;2017.68;1889.53;10;0.73;stop
456;3756.62;115.51;3766.12;85.61;3752.76;81.36;3743.26;111.27;10;0.74;stop
457;3725.34;191.73;3738.27;158.88;3724.04;153.27;3711.11;186.12;10;0.71;stop
458;2017.43;1321.92;2017.47;1299.35;2005.57;1299.33;2005.53;1321.9;10;0.76;stop
459;393.35;1683.86;393.5;1668.92;366.02;1668.64;365.87;1683.58;10;0.62;stop
460;483.28;1646.3;507.74;1646.13;507.65;1633.08;483.19;1633.25;10;0.74;stop
463;1220.89;1514.05;1223.73;1484.94;1209.11;1483.51;1206.27;1512.62;10;0.71;stop
464;279.6;1189.13;312.01;1185.85;310.56;1171.49;278.14;1174.78;10;0.72;stop
465;1428.22;1653.51;1453.18;1652.97;1452.9;1640.49;1427.95;1641.03;10;0.58;stop
466;1129.11;1182.74;1162.62;1181.74;1162.14;1165.69;1128.63;1166.7;10;0.69;stop
468;2000.93;2007.78;2010.7;1979.31;1997.32;1974.72;1987.55;2003.19;10;0.65;stop
469;2540.03;1723.97;2540.98;1695.34;2527.72;1694.9;2526.77;1723.54;10;0.66;stop
470;75.54;1097.13;104.31;1095.85;103.64;1080.69;74.87;1081.97;10;0.72;move
471;1244.81;1691.02;1245.14;1676.74;1217.81;1676.11;1217.48;1690.39;10;0.72;stop
475;2040.17;1514.52;2052.03;1513.79;2050.51;1489.23;2038.65;1489.96;10;0.61;stop
476;1232.83;1652.74;1233.02;1640.53;1207.29;1640.13;1207.1;1652.35;10;0.66;stop
479;1363.1;1692.23;1389.0;1691.54;1388.65;1678.27;1362.75;1678.96;10;0.65;stop
480;2036.77;98.72;2061.75;96.21;2060.48;83.53;2035.5;86.04;10;0.59;stop
481;3347.48;898.38;3358.61;888.45;3336.9;864.12;3325.77;874.05;10;0.57;stop
483;3030.87;458.04;3065.29;454.82;3063.82;439.14;3029.4;442.36;10;0.63;stop
484;1087.04;1048.72;1108.75;1048.41;1108.59;1037.22;1086.88;1037.52;10;0.69;stop
485;3127.05;1059.26;3128.65;1046.44;3105.45;1043.56;3103.85;1056.38;10;0.71;stop
489;655.6;1689.07;656.73;1674.21;625.97;1671.87;624.84;1686.73;10;0.61;stop
490;1760.27;1697.57;1761.03;1683.3;1735.1;1681.93;1734.35;1696.2;10;0.66;stop
492;876.0;632.44;877.03;618.45;848.06;616.31;847.03;630.3;10;0.61;stop
494;425.18;1684.64;425.76;1669.85;398.88;1668.79;398.3;1683.59;10;0.65;stop
495;1949.31;1425.79;1967.15;1423.15;1960.25;1376.58;1942.41;1379.22;9;0.77;stop
497;2410.95;1274.56;2439.71;1272.0;2438.55;1258.94;2409.79;1261.5;10;0.67;stop
499;904.11;1184.46;933.77;1183.55;933.29;1167.91;903.63;1168.82;10;0.6;stop
501;1460.46;1693.93;1460.71;1680.45;1433.04;1679.94;1432.79;1693.42;10;0.67;stop
502;728.04;2046.63;728.94;2018.29;719.54;2018.0;718.65;2046.33;10;0.61;stop
504;3404.32;1043.58;3420.16;1010.92;3403.81;1002.98;3387.96;1035.64;9;0.61;stop
505;1424.29;1692.23;1424.96;1679.62;1399.46;1678.27;1398.79;1690.88;10;0.58;stop
506;3119.26;1194.57;3120.54;1178.96;3109.49;1178.05;3108.21;1193.66;10;0.6;stop
507;3347.67;1262.51;3360.59;1225.41;3342.33;1219.05;3329.41;1256.15;10;0.54;stop
508;151.38;1674.67;152.19;1657.92;118.15;1656.27;117.34;1673.02;10;0.59;stop
509;1471.2;225.72;1484.31;224.57;1481.92;197.28;1468.81;198.43;10;0.64;stop
510;181.59;1072.4;182.12;1060.58;157.79;1059.47;157.25;1071.3;10;0.53;stop
512;1462.53;877.74;1463.52;863.73;1432.1;861.51;1431.11;875.52;10;0.66;stop
513;1215.33;1553.17;1218.25;1525.07;1205.1;1523.71;1202.19;1551.8;10;0.61;stop
515;2377.77;1310.0;2409.87;1309.96;2409.85;1292.69;2377.75;1292.73;10;0.62;stop
516;1214.54;1592.72;1214.8;1561.9;1200.84;1561.78;1200.58;1592.6;10;0.65;stop
517;832.92;1479.54;832.96;1464.77;803.96;1464.68;803.91;1479.45;10;0.62;stop
518;3096.22;1451.0;3109.29;1443.29;3091.75;1413.53;3078.68;1421.24;10;0.61;stop
519;2971.65;1955.52;2999.05;1940.05;2991.6;1926.85;2964.2;1942.33;10;0.61;stop
520;1430.64;1173.86;1459.66;1173.52;1459.49;1159.39;1430.47;1159.73;10;0.68;stop
522;2875.78;1260.4;2903.33;1259.66;2902.97;1246.1;2875.42;1246.84;10;0.68;stop
523;690.28;1687.37;690.51;1673.05;664.41;1672.63;664.18;1686.95;10;0.64;stop
524;385.59;512.98;389.12;482.6;373.32;480.77;369.78;511.15;10;0.63;stop
526;3418.68;1000.82;3431.93;972.29;3418.51;966.05;3405.26;994.59;10;0.58;stop
527;3805.31;1126.42;3821.85;1124.76;3818.44;1090.77;3801.9;1092.43;10;0.55;stop
529;3206.47;95.48;3221.68;93.79;3218.22;62.72;3203.01;64.41;10;0.54;stop
530;1023.82;1187.26;1060.96;1184.7;1059.68;1166.24;1022.54;1168.8;10;0.44;stop
531;3582.76;753.33;3592.3;729.6;3578.8;724.17;3569.26;747.9;10;0.49;stop
533;513.76;1433.72;514.69;1417.18;481.87;1415.34;480.94;1431.88;10;0.62;stop
536;1422.98;875.25;1423.42;861.54;1395.15;860.63;1394.71;874.33;10;0.62;stop
537;743.36;2047.92;745.31;2018.71;732.13;2017.83;730.18;2047.04;10;0.59;stop
539;2541.33;46.12;2554.94;44.81;2552.3;17.44;2538.69;18.76;10;0.62;stop
541;478.47;1263.99;478.66;1249.83;449.65;1249.45;449.47;1263.61;10;0.53;stop
542;1033.1;1006.69;1047.68;1006.09;1046.47;976.69;1031.88;977.29;10;0.62;stop
543;859.02;1690.09;859.68;1674.99;829.42;1673.66;828.76;1688.76;10;0.73;stop
546;3451.03;933.13;3461.36;908.08;3448.97;902.96;3438.64;928.02;10;0.61;stop
548;883.44;1187.6;883.95;1176.83;863.13;1175.84;862.61;1186.61;10;0.69;stop
549;375.07;1644.51;398.67;1643.96;398.36;1631.11;374.77;1631.66;10;0.58;stop
552;1170.09;1053.1;1193.04;1051.93;1192.41;1039.4;1169.46;1040.57;10;0.77;stop
553;2564.74;1499.2;2578.45;1499.17;2578.39;1469.11;2564.68;1469.14;10;0.62;stop
556;2043.88;1850.67;2048.71;1803.1;2028.81;1801.08;2023.98;1848.65;9;0.48;stop
558;529.13;1648.64;557.04;1647.55;556.49;1633.54;528.58;1634.64;10;0.55;stop
559;2558.54;302.94;2572.76;301.62;2569.96;271.38;2555.74;272.69;10;0.51;stop
560;2110.84;2098.29;2111.4;2081.26;2071.91;2079.96;2071.35;2096.99;10;0.46;stop
561;443.45;1249.33;470.49;1248.63;470.15;1235.05;443.1;1235.74;10;0.5;stop
562;2529.81;1534.4;2543.54;1533.89;2542.44;1504.22;2528.71;1504.73;10;0.56;stop
564;2547.36;122.36;2560.14;121.03;2557.51;95.89;2544.74;97.22;10;0.63;stop
566;1559.52;1783.73;1564.69;1771.14;1537.6;1760.02;1532.43;1772.61;10;0.63;stop
567;2289.35;1280.17;2290.07;1266.53;2258.65;1264.86;2257.93;1278.5;10;0.56;stop
568;2309.38;562.24;2339.24;558.8;2337.62;544.76;2307.76;548.2;10;0.62;stop
569;3654.48;900.85;3684.29;897.03;3682.4;882.27;3652.58;886.09;10;0.59;stop
570;1600.42;1651.27;1600.54;1640.71;1578.83;1640.48;1578.71;1651.04;10;0.44;stop
572;3529.92;1072.69;3547.59;1070.07;3540.71;1023.56;3523.03;1026.18;10;0.39;stop
573;862.55;1615.06;876.1;1613.91;873.7;1585.57;860.15;1586.71;10;0.46;stop
575;1060.68;1651.65;1060.75;1639.13;1035.2;1638.98;1035.12;1651.49;10;0.59;stop
578;92.56;877.89;95.13;849.56;78.53;848.05;75.96;876.38;10;0.37;stop
580;3607.7;904.02;3641.92;902.03;3641.05;887.07;3606.83;889.06;10;0.66;stop
583;3533.79;838.02;3543.48;804.02;3523.71;798.38;3514.02;832.39;10;0.5;stop
584;1501.88;970.35;1504.49;937.72;1489.49;936.52;1486.88;969.15;10;0.43;stop
588;3325.42;1005.06;3328.85;976.5;3315.83;974.94;3312.4;1003.5;10;0.45;stop
591;825.63;1689.69;826.17;1673.93;797.47;1672.94;796.92;1688.7;10;0.6;stop
592;1825.17;887.33;1841.37;885.86;1838.29;851.92;1822.1;853.39;9;0.59;stop
595;700.25;1688.06;728.58;1687.89;728.5;1672.88;700.17;1673.04;10;0.54;stop
598;851.54;1952.8;881.29;1950.98;880.4;1936.33;850.64;1938.15;10;0.48;stop
603;2552.93;87.8;2581.02;83.33;2578.94;70.27;2550.85;74.73;10;0.55;stop
607;2152.94;1158.06;2160.49;1157.96;2160.31;1143.69;2152.76;1143.79;10;0.38;stop
611;3708.28;245.86;3723.79;206.38;3707.35;199.92;3691.84;239.4;9;0.52;stop
613;3414.77;1287.53;3456.72;1279.81;3453.35;1261.53;3411.4;1269.25;9;0.47;stop
615;3720.43;319.5;3730.58;292.64;3715.82;287.06;3705.67;313.92;10;0.46;stop
617;737.97;1216.78;738.01;1202.06;709.53;1201.97;709.49;1216.69;10;0.39;stop
624;3514.0;170.83;3529.28;167.44;3521.93;134.32;3506.66;137.71;10;0.43;stop
625;615.22;1686.81;616.16;1673.0;591.34;1671.32;590.41;1685.13;10;0.51;stop
626;553.45;1686.12;579.41;1685.49;579.05;1671.06;553.09;1671.7;10;0.54;stop
627;458.77;1684.62;459.73;1671.6;434.66;1669.75;433.7;1682.77;10;0.45;stop
628;1688.16;1657.82;1689.1;1641.19;1680.1;1640.68;1679.15;1657.31;10;0.39;stop
631;162.56;1675.55;187.72;1675.31;187.6;1661.95;162.43;1662.19;10;0.39;stop
633;578.69;1226.3;579.82;1192.1;562.25;1191.52;561.12;1225.72;10;0.57;stop
634;305.3;1684.06;330.61;1679.99;328.45;1666.56;303.14;1670.64;10;0.43;stop
653;1498.18;1005.86;1500.67;975.3;1486.45;974.14;1483.96;1004.7;10;0.46;stop
711;1879.62;123.39;1895.59;121.68;1891.56;84.17;1875.6;85.88;10;0.63;move
718;46.37;1631.69;72.32;1628.64;70.82;1615.81;44.86;1618.86;10;0.5;stop
853;1967.77;766.05;1981.37;764.63;1978.36;735.82;1964.76;737.24;10;0.81;stop
874;2092.65;1091.48;2121.21;1090.36;2120.66;1076.39;2092.1;1077.52;10;0.8;stop
884;2094.3;1052.92;2156.45;1052.04;2156.14;1030.58;2093.99;1031.46;9;0.61;stop
967;1237.74;1673.16;1269.91;1673.1;1269.88;1656.84;1237.71;1656.9;10;0.76;move
1070;3233.22;1369.37;3246.3;1336.96;3231.78;1331.1;3218.7;1363.51;10;0.81;stop
1104;1982.22;1869.2;1986.64;1840.89;1973.28;1838.8;1968.86;1867.11;10;0.81;stop
1112;677.33;1085.53;712.63;1084.19;712.05;1068.85;676.74;1070.19;10;0.77;move
1222;1325.79;1087.25;1325.98;1071.99;1296.59;1071.63;1296.4;1086.89;10;0.75;move
1331;1971.05;1922.91;1978.85;1894.21;1966.45;1890.84;1958.65;1919.54;10;0.78;stop
1363;2170.79;1070.36;2205.83;1068.6;2205.08;1053.64;2170.04;1055.4;10;0.75;stop
1436;2085.22;1070.91;2112.8;1069.96;2112.34;1056.47;2084.76;1057.42;10;0.76;stop
1461;2221.2;1049.1;2250.8;1048.02;2250.3;1034.4;2220.7;1035.48;10;0.8;stop
1465;2545.46;155.62;2560.27;155.18;2559.42;126.75;2544.61;127.19;10;0.63;stop
1496;1488.1;1073.07;1524.24;1071.58;1523.53;1054.3;1487.38;1055.8;10;0.78;move
1516;2948.98;1137.75;2949.91;1123.34;2917.52;1121.25;2916.59;1135.66;10;0.82;move
1573;2123.08;1069.33;2149.86;1068.95;2149.67;1055.79;2122.89;1056.17;10;0.75;stop
1625;3580.47;1037.8;3586.67;1023.28;3554.84;1009.7;3548.65;1024.22;10;0.73;stop
1643;1889.76;2144.09;1902.71;2115.11;1890.24;2109.53;1877.29;2138.52;10;0.78;move
1653;3584.13;1250.96;3587.15;1235.95;3560.56;1230.6;3557.54;1245.61;10;0.45;stop
1684;2002.22;1738.77;2004.97;1710.67;1991.53;1709.36;1988.78;1737.45;10;0.82;stop
1738;2254.59;1066.72;2284.84;1065.87;2284.41;1050.53;2254.16;1051.38;10;0.8;stop
1778;2211.51;1069.25;2246.98;1068.12;2246.49;1052.5;2211.02;1053.63;10;0.77;stop
1783;2266.83;1045.71;2296.5;1044.24;2295.79;1029.91;2266.12;1031.38;10;0.79;stop
1845;1953.01;1982.54;1960.88;1956.45;1948.49;1952.71;1940.62;1978.8;10;0.75;move
1880;2301.74;1047.16;2328.86;1046.17;2328.38;1032.97;2301.26;1033.96;10;0.81;stop
1887;2026.91;1623.1;2027.41;1594.63;2014.09;1594.4;2013.59;1622.87;10;0.81;stop
1981;2717.42;35.17;2744.5;32.51;2743.05;17.8;2715.97;20.46;10;0.5;stop
2017;2813.45;21.72;2841.79;18.87;2840.42;5.28;2812.09;8.13;10;0.7;stop
2034;2584.06;1126.51;2616.58;1126.2;2616.44;1111.12;2583.92;1111.43;10;0.8;move
2038;2848.87;16.44;2876.8;14.3;2875.73;0.43;2847.81;2.58;10;0.73;stop
2047;202.9;1638.34;203.75;1626.01;177.02;1624.16;176.17;1636.49;10;0.41;stop
2067;2901.98;13.07;2932.14;10.93;2931.15;-2.99;2900.99;-0.85;10;0.57;stop
2081;2767.93;28.29;2802.71;23.63;2800.59;7.8;2765.8;12.47;10;0.5;stop
2113;2017.06;1663.59;2030.91;1663.49;2030.69;1632.66;2016.84;1632.76;10;0.76;stop
2129;1536.63;1113.96;1568.05;1112.34;1567.24;1096.66;1535.82;1098.29;10;0.79;stop
2334;2029.02;1706.97;2030.75;1673.26;2016.48;1672.53;2014.75;1706.24;10;0.79;stop
2363;1656.27;1070.42;1689.51;1067.96;1688.36;1052.45;1655.12;1054.92;10;0.73;move
2452;2027.22;1744.44;2028.79;1717.94;2016.03;1717.19;2014.46;1743.68;10;0.82;stop
2483;2401.32;1037.84;2428.31;1037.06;2427.93;1024.28;2400.94;1025.07;10;0.8;stop
2567;2026.57;1780.55;2029.33;1752.05;2016.68;1750.82;2013.92;1779.33;10;0.81;stop
2600;123.68;79.68;156.13;76.2;154.52;61.18;122.07;64.66;10;0.71;stop
2703;2019.21;1822.11;2024.29;1791.42;2010.54;1789.14;2005.46;1819.83;10;0.77;stop
2718;1742.38;1106.39;1775.22;1103.76;1774.0;1088.49;1741.16;1091.11;10;0.68;stop
2772;1938.04;145.59;1959.51;115.22;1945.46;105.28;1923.99;135.66;10;0.39;stop
2839;1703.1;1108.97;1732.7;1106.46;1731.53;1092.66;1701.93;1095.16;10;0.79;stop
2843;2012.79;1878.67;2018.76;1843.32;2002.52;1840.58;1996.55;1875.93;10;0.84;stop
2964;1972.66;1377.89;1992.22;1374.94;1985.09;1327.73;1965.53;1330.69;9;0.67;move
3040;1743.58;1125.88;1778.79;1123.45;1777.67;1107.25;1742.46;1109.67;10;0.8;stop
3089;1742.17;1060.47;1772.17;1056.39;1770.08;1041.03;1740.08;1045.11;10;0.79;move
3107;2050.28;1791.66;2051.5;1768.43;2040.22;1767.84;2039.0;1791.07;10;0.52;stop
3134;2140.61;1088.13;2169.18;1087.56;2168.89;1072.99;2140.32;1073.56;10;0.74;stop
3187;2138.64;1133.72;2174.16;1132.66;2173.67;1116.28;2138.15;1117.34;10;0.77;move
3295;1882.43;1053.8;1896.02;1050.07;1888.57;1022.95;1874.98;1026.68;10;0.81;move
3316;2068.02;1124.91;2069.35;1110.99;2040.48;1108.21;2039.15;1122.13;10;0.71;move
3511;248.7;1094.92;248.88;1080.49;215.6;1080.08;215.42;1094.51;10;0.77;stop
3593;1987.25;1103.27;1997.66;1090.98;1970.5;1067.98;1960.09;1080.27;10;0.82;move
3619;1754.98;1169.78;1789.63;1167.49;1788.77;1154.47;1754.12;1156.76;10;0.49;stop
3724;2429.28;1062.74;2460.52;1060.86;2459.59;1045.51;2428.36;1047.39;10;0.77;move
3927;1679.23;1128.09;1713.48;1126.1;1712.65;1111.78;1678.39;1113.77;10;0.82;stop
4033;1151.57;1653.48;1151.71;1640.23;1126.56;1639.96;1126.42;1653.21;10;0.41;stop
4074;2337.66;1121.72;2367.34;1120.44;2366.71;1105.78;2337.03;1107.06;10;0.75;move
4091;1995.05;1660.81;2002.09;1629.57;1988.2;1626.44;1981.16;1657.68;10;0.8;stop
4109;1969.4;558.48;1975.44;543.57;1943.25;530.52;1937.21;545.43;10;0.78;stop
4203;1931.06;1043.93;1944.63;1038.08;1932.19;1009.2;1918.62;1015.05;10;0.79;move
4242;950.01;1087.26;955.18;1068.7;929.3;1061.49;924.14;1080.05;10;0.7;move
4346;1954.66;1252.82;1968.62;1250.02;1962.59;1219.93;1948.63;1222.73;10;0.79;move
4423;2316.18;1066.57;2350.97;1064.13;2349.94;1049.55;2315.16;1052.0;10;0.78;stop
4460;1766.5;1147.8;1796.82;1145.41;1795.72;1131.45;1765.4;1133.84;10;0.79;stop
4573;1714.4;1145.84;1744.11;1144.92;1743.68;1131.16;1713.97;1132.08;10;0.81;stop
4599;539.09;1686.89;539.16;1676.05;518.4;1675.92;518.34;1686.77;10;0.44;stop
4625;3741.2;148.85;3749.64;126.4;3738.17;122.08;3729.73;144.54;10;0.41;stop
4632;2567.51;1059.29;2567.7;1043.74;2535.11;1043.34;2534.92;1058.89;10;0.74;move
4701;1929.79;1161.36;1942.63;1158.32;1935.71;1129.14;1922.87;1132.18;10;0.8;move
4779;2437.84;1039.21;2470.85;1037.68;2470.16;1022.91;2437.15;1024.45;10;0.77;stop
4835;1912.72;1090.81;1926.2;1087.24;1919.03;1060.19;1905.55;1063.76;10;0.8;move
4914;1853.21;903.61;1873.26;902.66;1870.73;849.14;1850.67;850.09;9;0.78;move
4955;1907.02;929.64;1921.99;928.7;1920.23;900.73;1905.26;901.68;10;0.77;stop
4961;2481.97;1039.65;2512.8;1039.33;2512.66;1025.85;2481.83;1026.17;10;0.78;stop
5003;2860.18;1070.03;2861.77;1056.5;2830.82;1052.85;2829.23;1066.38;10;0.6;move
5035;2553.83;1040.75;2553.83;1023.63;2519.55;1023.63;2519.55;1040.75;10;0.79;stop
5056;1899.35;884.74;1915.33;883.3;1912.15;847.76;1896.17;849.2;10;0.79;move
5060;2677.12;1062.68;2678.17;1046.55;2646.0;1044.45;2644.95;1060.58;10;0.75;move
5072;1890.39;998.91;1905.54;996.73;1900.86;964.21;1885.71;966.4;10;0.77;move
5154;1601.18;1147.32;1626.83;1146.54;1626.45;1134.18;1600.8;1134.96;10;0.78;stop
5214;1143.76;1138.2;1178.47;1135.16;1177.11;1119.68;1142.41;1122.72;10;0.81;stop
5239;275.97;56.68;304.99;52.18;302.94;38.95;273.92;43.45;10;0.69;stop
5301;1850.94;820.31;1868.18;818.94;1866.06;792.37;1848.82;793.75;10;0.77;move
5312;2976.64;1172.4;2978.76;1148.69;2917.42;1143.22;2915.3;1166.93;9;0.75;stop
5328;1103.15;1142.96;1135.12;1140.0;1133.72;1124.86;1101.75;1127.82;10;0.79;stop
5340;2781.46;1064.98;2781.8;1050.68;2754.24;1050.02;2753.9;1064.32;10;0.76;move
5341;3521.84;1169.46;3525.25;1154.03;3489.73;1146.17;3486.31;1161.6;10;0.8;stop
5360;234.83;63.62;267.04;59.59;265.32;45.83;233.11;49.86;10;0.71;stop
5375;2640.0;1043.52;2640.67;1025.64;2603.25;1024.23;2602.58;1042.11;10;0.79;stop
5382;1848.65;712.98;1863.22;711.93;1861.23;684.27;1846.66;685.32;10;0.81;move
5391;1550.47;1150.46;1582.28;1148.93;1581.53;1133.29;1549.72;1134.82;10;0.76;stop
5451;1786.21;113.29;1786.3;94.9;1773.34;94.83;1773.24;113.22;10;0.56;stop
5465;1661.75;1107.1;1691.61;1105.27;1690.75;1091.15;1660.89;1092.98;10;0.73;stop
5467;2362.22;1066.11;2393.88;1063.77;2392.78;1048.89;2361.12;1051.23;10;0.82;move
5469;3472.85;1142.49;3475.3;1126.95;3441.21;1121.57;3438.76;1137.11;10;0.8;stop
5481;1831.26;527.01;1848.24;525.62;1845.15;487.74;1828.16;489.13;10;0.8;move
5496;1056.85;1142.99;1085.21;1141.44;1084.4;1126.7;1056.04;1128.24;10;0.77;stop
5520;1573.26;1132.23;1605.24;1131.33;1604.86;1117.77;1572.88;1118.67;10;0.76;stop
5559;2685.4;1040.59;2686.38;1025.93;2654.4;1023.79;2653.42;1038.45;10;0.82;stop
5561;1880.24;914.12;1895.39;912.99;1893.19;883.63;1878.05;884.76;10;0.72;move
5580;1861.02;646.04;1876.21;644.57;1873.04;611.71;1857.85;613.18;10;0.77;move
5663;1878.33;846.65;1894.37;845.74;1892.67;816.1;1876.63;817.01;10;0.82;move
5682;3558.67;1178.47;3561.99;1161.4;3528.83;1154.97;3525.51;1172.03;10;0.79;stop
5697;1826.7;439.2;1841.32;437.78;1838.55;409.05;1823.93;410.47;10;0.8;stop
5741;2732.13;1042.2;2732.63;1026.89;2703.5;1025.92;2702.99;1041.24;10;0.8;stop
5767;1019.88;1144.69;1048.87;1143.83;1048.43;1128.93;1019.44;1129.79;10;0.8;stop
5834;1871.09;715.26;1884.95;714.85;1884.16;687.62;1870.3;688.02;10;0.78;move
5896;1496.82;1113.18;1525.98;1110.89;1524.93;1097.45;1495.77;1099.74;10;0.74;stop
5900;3512.77;1150.08;3515.39;1133.47;3480.98;1128.04;3478.36;1144.65;10;0.8;stop
5902;1498.22;1692.86;1498.53;1679.43;1469.53;1678.77;1469.22;1692.19;10;0.57;stop
5929;2870.71;1051.15;2872.01;1035.61;2839.84;1032.92;2838.54;1048.45;10;0.81;move
5966;1820.58;374.67;1837.5;373.42;1835.01;339.71;1818.09;340.96;10;0.83;stop
6057;1678.54;1105.68;1691.12;1105.67;1691.11;1091.45;1678.53;1091.46;10;0.52;stop
6091;1451.45;1113.4;1478.75;1111.99;1478.05;1098.35;1450.75;1099.76;10;0.75;stop
6121;1487.52;1152.17;1522.66;1150.33;1521.86;1134.95;1486.71;1136.79;10;0.74;stop
6130;3736.97;851.67;3760.25;849.81;3759.28;837.71;3736.0;839.56;10;0.42;stop
6158;2877.58;1299.49;2878.53;1282.65;2833.67;1280.14;2832.72;1296.97;9;0.44;stop
6170;1408.3;1114.5;1440.86;1113.03;1440.2;1098.37;1407.64;1099.85;10;0.77;stop
6179;937.96;1144.32;967.17;1142.76;966.39;1128.18;937.18;1129.74;10;0.78;stop
6202;1996.41;1951.08;2006.74;1917.58;1992.84;1913.3;1982.51;1946.79;10;0.83;stop
6218;1571.23;553.43;1594.54;553.39;1594.52;540.07;1571.21;540.11;10;0.6;stop
6258;1627.73;557.21;1628.07;542.62;1597.65;541.92;1597.31;556.51;10;0.61;stop
6313;1377.6;1114.17;1403.93;1113.14;1403.4;1099.83;1377.07;1100.86;10;0.79;stop
6318;1353.08;1154.39;1387.77;1153.6;1387.42;1138.36;1352.73;1139.15;10;0.8;stop
6329;60.082;1188.52;87.258;1187.9099999999999;86.898;1172.1;59.722;1172.72;10;0.374;stop
6333;1817.06;319.44;1833.01;318.18;1830.19;282.43;1814.24;283.69;10;0.82;stop
6339;1942.75;1376.18;1957.2;1374.0;1952.0;1339.57;1937.55;1341.75;9;0.37;stop
6423;1979.65;1997.63;1990.03;1963.41;1975.47;1959.0;1965.1;1993.21;10;0.81;stop
6505;3501.03;1127.25;3503.73;1112.68;3472.1;1106.81;3469.4;1121.38;10;0.8;stop
6518;1653.6;1041.3;1677.12;1040.05;1676.4;1026.45;1652.88;1027.7;10;0.42;stop
6533;1897.32;800.39;1912.63;799.13;1909.68;763.36;1894.37;764.62;10;0.79;move
6537;2650.45;1019.07;2654.37;1006.35;2631.05;999.18;2627.13;1011.9;10;0.63;stop
6570;1337.38;1119.85;1365.59;1118.42;1364.87;1104.27;1336.66;1105.7;10;0.8;stop
6608;3548.67;1157.28;3552.1;1141.2;3518.2;1133.97;3514.78;1150.05;10;0.79;stop
6626;1963.41;2036.59;1975.27;2003.83;1961.34;1998.79;1949.48;2031.54;10;0.82;stop
6627;1147.15;1158.83;1177.47;1155.78;1175.97;1140.86;1145.65;1143.9;10;0.79;move
6640;887.37;1143.86;921.46;1142.99;921.07;1127.7;886.98;1128.58;10;0.79;stop
6648;1589.86;1693.88;1590.33;1679.75;1563.52;1678.87;1563.05;1693.0;10;0.48;stop
6692;3553.53;1137.89;3557.1;1121.49;3522.72;1113.99;3519.15;1130.39;10;0.81;stop
6723;1947.66;2076.38;1958.63;2049.15;1947.09;2044.5;1936.12;2071.73;10;0.79;stop
6752;2574.5;1037.16;2591.71;1015.45;2581.0;1006.97;2563.79;1028.67;10;0.8;stop
6768;921.29;1160.45;921.3;1145.82;889.96;1145.8;889.95;1160.43;10;0.78;move
6791;3602.01;1185.39;3605.2;1169.3;3568.93;1162.11;3565.74;1178.2;10;0.79;stop
6861;1534.43;1132.63;1564.33;1131.57;1563.82;1117.37;1533.92;1118.43;10;0.74;stop
6864;727.28;1688.26;727.36;1672.16;719.59;1672.12;719.5;1688.22;10;0.46;stop
6886;1634.66;1133.72;1667.34;1130.92;1666.09;1116.28;1633.41;1119.08;10;0.76;stop
6898;1941.9;59.52;1953.81;57.94;1950.6;33.85;1938.69;35.44;10;0.41;stop
6913;3596.99;1148.87;3601.25;1132.42;3563.64;1122.69;3559.38;1139.14;10;0.76;stop
6952;1811.81;271.05;1827.27;269.96;1825.08;239.13;1809.62;240.23;10;0.81;stop
6960;1932.62;2115.91;1945.77;2086.01;1932.88;2080.34;1919.73;2110.24;10;0.8;stop
6969;3645.06;1182.83;3649.13;1167.83;3616.82;1159.05;3612.74;1174.05;10;0.79;stop
7050;3811.52;96.24;3827.57;52.85;3808.47;45.79;3792.43;89.18;9;0.67;stop
7066;1909.35;431.52;1922.52;430.37;1920.15;403.23;1906.98;404.38;10;0.75;move
7070;3645.45;1163.64;3649.03;1148.38;3616.42;1140.74;3612.85;1156.0;10;0.78;stop
7182;306.15;1094.7;306.93;1080.09;275.57;1078.43;274.79;1093.04;10;0.79;stop
7217;3687.27;1171.39;3691.25;1154.69;3655.23;1146.11;3651.25;1162.81;10;0.8;stop
7247;1917.93;2149.68;1929.76;2121.67;1917.1;2116.32;1905.27;2144.33;10;0.79;stop
7263;1281.09;1124.43;1312.03;1120.8;1310.35;1106.45;1279.41;1110.08;10;0.75;stop
7272;2170.31;1048.09;2201.35;1046.22;2200.5;1032.04;2169.46;1033.9;10;0.79;stop
7280;3740.09;1208.41;3743.41;1190.55;3703.66;1183.15;3700.34;1201.01;10;0.73;stop
7284;3657.79;365.01;3668.22;334.27;3654.71;329.68;3644.28;360.42;10;0.39;stop
7329;1700.54;1149.23;1701.24;1135.63;1679.54;1134.52;1678.84;1148.12;10;0.78;stop
7354;3728.46;1181.87;3732.25;1165.44;3696.54;1157.19;3692.75;1173.62;10;0.73;stop
7385;977.56;1142.21;1008.4;1141.52;1008.07;1126.54;977.22;1127.23;10;0.79;stop
7389;3683.42;1195.24;3687.15;1180.41;3657.2;1172.88;3653.47;1187.72;10;0.76;stop
7390;3618.33;2085.16;3649.48;2070.5;3641.67;2053.9;3610.52;2068.56;10;0.4;stop
7391;1854.43;544.8;1873.89;543.0;1869.32;493.57;1849.86;495.37;9;0.78;move
7464;1239.96;1128.81;1270.33;1124.4;1268.23;1109.94;1237.86;1114.35;10;0.74;stop
7479;3780.25;1216.37;3783.62;1200.95;3751.63;1193.94;3748.25;1209.37;10;0.8;stop
7492;3774.83;1192.4;3778.69;1175.78;3742.04;1167.28;3738.19;1183.91;10;0.79;stop
7507;845.58;631.78;846.13;618.89;823.17;617.9;822.62;630.8;10;0.42;stop
7514;1584.85;1116.74;1640.75;1116.14;1640.52;1095.01;1584.63;1095.61;9;0.68;stop
7534;2602.31;998.83;2607.85;971.43;2594.81;968.8;2589.27;996.19;10;0.73;stop
7538;1932.91;25.38;1946.11;24.29;1944.03;-0.92;1930.83;0.18;10;0.39;stop
7562;237.13190476190476;1708.5952380952383;254.1914285714286;1695.3095238095239;228.9047619047619;1662.8338095238096;211.8452380952381;1676.1195238095238;10;0.36;stop
7610;3120.05;1390.45;3124.92;1378.41;3113.2;1373.67;3108.33;1385.71;10;0.44;stop
7618;3811.58;1199.5;3814.75;1184.48;3784.05;1178.0;3780.88;1193.02;10;0.79;stop
7639;160.2;72.315;185.68;67.96000000000001;183.51;55.305;158.035;59.66;10;0.38;stop
7647;2815.95;2054.74;2830.26;2047.28;2815.38;2018.7;2801.06;2026.15;10;0.65;stop
7659;89.77;83.69;118.79;80.69;117.3;66.31;88.28;69.31;10;0.49;stop
7670;188.522;68.998;219.566;65.786;218.162;52.224;187.126;55.434000000000005;10;0.354;stop
7673;729.34;1160.24;766.47;1159.08;765.97;1143.2;728.84;1144.35;10;0.77;move
7689;1808.44;193.16;1823.32;192.55;1821.93;158.41;1807.05;159.01;10;0.77;stop
7701;3127.94;1630.95;3137.46;1595.05;3119.56;1590.3;3110.04;1626.2;10;0.75;stop
7728;814.63;1156.96;842.82;1155.46;842.08;1141.42;813.88;1142.91;10;0.78;stop
7742;451.21;31.53;483.46;28.45;482.08;13.94;449.82;17.02;10;0.54;stop
7744;1841.35;388.04;1857.06;386.88;1854.74;355.59;1839.04;356.75;10;0.8;move
7746;2032.4225;1429.8949999999998;2047.88;1429.36;2046.54625;1390.90625;2031.0887500000001;1391.44125;10;0.35124999999999995;stop
7754;375.77;40.14;399.12;25.6;392.04;14.23;368.69;28.78;10;0.37;stop
7763;3292.38;586.33;3304.9;584.85;3302.0;560.23;3289.47;561.71;10;0.53;stop
7768;200.92;1114.94;229.83;1113.57;229.16;1099.44;200.25;1100.8;10;0.75;move
7781;444.4;1064.72;469.6;1061.77;468.25;1050.28;443.06;1053.23;10;0.53;stop
7806;631.5;1257.36;654.45;1251.85;650.06;1233.57;627.11;1239.09;10;0.43;stop
7813;2497.26;529.33;2529.61;525.69;2527.74;509.05;2495.39;512.68;10;0.54;move
7830;487.49;26.74;517.03;23.65;515.64;10.29;486.09;13.38;10;0.39;stop
7858;368.75;1114.05;368.89;1096.89;331.57;1096.58;331.42;1113.73;10;0.63;move
7878;2347.6;1041.35;2380.19;1039.2;2379.27;1025.27;2346.68;1027.43;10;0.75;stop
7981;505.65;1089.72;531.23;1089.7;531.22;1075.91;505.64;1075.93;10;0.8;stop
7990;1491.78;1133.7;1523.03;1131.64;1522.1;1117.42;1490.84;1119.49;10;0.75;stop
8008;1806.21;144.81;1820.55;143.98;1818.54;109.44;1804.2;110.27;10;0.78;stop
8022;3823.27;1156.68;3839.92;1155.54;3837.98;1127.07;3821.33;1128.21;10;0.55;stop
8027;472.07;1111.97;472.17;1095.12;437.78;1094.91;437.67;1111.75;10;0.78;move
8044;3823.95;1225.52;3826.96;1210.8;3796.05;1204.48;3793.04;1219.2;10;0.77;stop
8071;3666.66;1238.45;3670.35;1223.2;3636.47;1214.99;3632.77;1230.24;10;0.79;move
8072;2003.25;563.21;2028.32;561.13;2027.25;548.29;2002.18;550.37;10;0.8;stop
8085;1024.51;1186.3;1063.72;1183.4;1062.36;1164.95;1023.15;1167.85;9;0.67;stop
8115;1402.83;1141.83;1439.67;1140.15;1438.92;1123.92;1402.08;1125.6;10;0.63;stop
8177;2510.99;41.81;2511.58;20.43;2498.26;20.06;2497.67;41.45;10;0.39;stop
8181;2146.81;1285.91;2196.25;1283.47;2195.31;1264.47;2145.87;1266.91;9;0.69;stop
8188;1840.47;308.27;1855.28;307.15;1852.81;274.48;1838.0;275.6;10;0.77;stop
8192;1099.27;1652.42;1099.84;1640.81;1069.16;1639.33;1068.6;1650.94;10;0.56;stop
8196;1797.18;99.86;1820.48;97.52;1810.88;1.95;1787.58;4.29;9;0.79;stop
8205;1963.11;1630.83;1985.08;1629.5;1981.89;1576.55;1959.92;1577.87;9;0.62;stop
8210;1857.18;455.77;1871.38;453.9;1867.61;425.11;1853.4;426.97;10;0.68;move
8218;655.48;1102.49;684.06;1100.9;683.27;1086.57;654.69;1088.16;10;0.67;move
8297;781.81;1102.53;782.01;1087.12;751.29;1086.72;751.08;1102.13;10;0.75;move
8305;2286.91;76.45;2318.57;73.68;2317.34;59.67;2285.68;62.45;10;0.46;stop
8317;2596.07;952.86;2610.4;951.72;2607.8;919.14;2593.48;920.28;10;0.73;stop
8337;1835.02;259.68;1852.28;258.2;1849.36;224.07;1832.1;225.55;10;0.8;stop
8342;2049.52;2154.22;2049.99;2128.9;2036.48;2128.65;2036.01;2153.98;10;0.51;stop
8352;2410.36;2147.91;2424.34;2141.79;2411.01;2111.34;2397.03;2117.46;10;0.52;stop
8355;1761.654;95.37;1773.66;95.092;1772.996;66.63;1760.998;66.908;10;0.382;stop
8361;1502.87;1176.15;1535.39;1172.05;1533.51;1157.1;1500.98;1161.2;10;0.41;stop
8366;1226.14;1478.83;1230.75;1450.3;1215.68;1447.86;1211.06;1476.39;10;0.39;stop
8390;3839.9946666666665;1306.5926666666667;3843.4646666666667;1292.3926666666666;3823.384666666667;1287.4686666666666;3819.906;1301.676;10;0.4073333333333333;stop
8412;3840.38;1203.19;3842.06;1187.57;3832.12;1186.5;3830.44;1202.11;10;0.59;stop
8418;2536.39;479.53;2552.64;475.69;2550.49;466.59;2534.24;470.43;10;0.37;stop
8420;2610.48;1998.57;2642.14;1978.37;2632.77;1963.68;2601.11;1983.88;10;0.43;stop
8441;3643.33;396.92;3654.32;374.64;3642.92;369.02;3631.93;391.3;10;0.38;stop
8452;1525.32;1656.47;1525.93;1646.95;1502.06;1645.4;1501.44;1654.93;10;0.55;stop
8470;1828.61;193.62;1845.52;192.69;1843.57;157.38;1826.66;158.31;10;0.78;move
8495;2639.68;491.76;2646.25;491.73;2646.18;477.61;2639.61;477.64;10;0.36;stop
8498;295.24;70.18;327.9;60.17;323.51;45.84;290.85;55.85;10;0.59;move
8500;3827.48;40.77;3837.22;14.93;3824.39;10.09;3814.65;35.93;10;0.75;stop
8507;2610.0;815.3;2621.15;795.93;2605.13;786.7;2593.97;806.07;10;0.39;stop
8513;3819.34;383.05;3842.42;379.13;3840.03;365.07;3816.95;369.0;10;0.44;stop
8519;2098.67;557.71;2132.76;554.52;2131.33;539.17;2097.24;542.36;10;0.45;stop
8534;2565.4466666666667;1370.23;2581.326666666667;1370.1;2581.0533333333333;1336.52;2565.173333333333;1336.65;10;0.35333333333333333;stop
8536;670.98;1668.89;671.1;1654.76;646.21;1654.55;646.09;1668.68;10;0.67;move
8538;2549.16;2137.32;2563.13;2089.83;2542.22;2083.68;2528.25;2131.17;9;0.39;stop
8545;317.9;1159.79;355.1;1159.06;354.76;1141.78;317.56;1142.5;10;0.74;move
8546;27.230000000000004;1188.208;57.056;1187.1060000000002;56.47800000000001;1171.48;26.652;1172.5819999999999;10;0.392;stop
8553;1547.615;1172.5472727272727;1575.4227272727273;1170.2413636363638;1574.258181818182;1156.2027272727273;1546.454090909091;1158.5086363636365;10;0.4009090909090909;stop
8559;1887.58;674.01;1902.63;672.61;1899.92;643.37;1884.87;644.76;10;0.75;move
8561;1397.5;1653.27;1421.91;1652.96;1421.75;1640.73;1397.34;1641.04;10;0.38;stop
8564;277.95;2150.22;293.96;2150.21;293.92;2117.28;277.91;2117.29;10;0.39;stop
8565;3620.55;527.22;3631.27;494.69;3616.95;489.97;3606.23;522.5;10;0.76;move
8571;255.6;1678.28;272.8;1676.06;268.93;1646.1;251.73;1648.32;10;0.65;stop
8581;2030.61;2158.94;2031.45;2132.26;2017.14;2131.81;2016.3;2158.49;10;0.37;stop
8589;2048.56;564.78;2074.95;561.95;2073.44;547.84;2047.05;550.68;10;0.69;stop
8591;1825.49;86.92;1842.49;85.15;1839.39;55.39;1822.38;57.17;10;0.71;move
8593;1481.19;603.17;1505.89;589.54;1498.94;576.95;1474.24;590.59;10;0.43;stop
8595;2557.7733333333335;254.6366666666667;2569.4400000000005;253.67333333333335;2567.356666666667;228.36666666666667;2555.6866666666665;229.32333333333335;10;0.36;stop
8598;3046.9;1339.36;3058.72;1326.15;3024.35;1295.39;3012.53;1308.6;9;0.4;stop
8605;1964.96;1518.22;1966.41;1495.28;1954.54;1494.53;1953.09;1517.47;10;0.49;stop
8610;1377.04;1654.95;1377.07;1643.63;1351.09;1643.55;1351.05;1654.87;10;0.41;stop
8613;1681.13;122.44;1692.08;121.32;1689.93;100.31;1678.98;101.43;10;0.39;stop
8618;823.78;350.79999999999995;844.588;349.87800000000004;844.03;337.326;823.226;338.242;10;0.382;stop
8634;2625.480666666667;1303.4253333333334;2642.5286666666666;1303.278;2642.4446666666668;1293.1499999999999;2625.396;1293.2973333333334;10;0.36066666666666664;stop
8637;1966.63;1574.8128571428572;1990.707142857143;1564.4742857142855;1981.1785714285713;1540.7942857142857;1957.1100000000001;1551.1328571428573;10;0.48857142857142855;stop
8646;729.9;647.68;734.57;635.71;708.22;625.45;703.56;637.42;10;0.69;move
8648;168.62;1166.33;168.67;1150.33;135.13;1150.23;135.08;1166.23;10;0.78;move
8661;3537.1733333333336;175.78666666666666;3550.205333333333;171.39133333333334;3540.014;141.18;3526.9846666666663;145.57533333333333;10;0.3526666666666667;stop
8688;1303.3733333333332;1192.0833333333335;1318.0133333333333;1162.1233333333334;1287.88;1147.54;1273.2400000000002;1177.5;9;0.5866666666666667;stop
8691;2645.51;1148.78;2645.66;1134.09;2639.72;1134.03;2639.58;1148.72;10;0.36;stop
8708;1824.41;887.59;1841.2;886.02;1837.93;851.1;1821.15;852.67;10;0.36;stop
8714;1937.26;144.97;1958.77;115.32;1945.02;105.34;1923.51;135.0;9;0.52;stop
8715;1679.35;1068.38;1689.47;1068.35;1689.43;1051.13;1679.31;1051.15;10;0.75;stop
