vehicle_id;veh_bb_x1;veh_bb_y1;veh_bb_x2;veh_bb_y2;veh_bb_x3;veh_bb_y3;veh_bb_x4;veh_bb_y4;det_class;conf_score;state
3;3145.87;1198.23;3147.89;1182.11;3110.06;1177.39;3108.05;1193.51;10;0.82;stop
7;855.31;1172.87;855.81;1157.81;825.62;1156.81;825.13;1171.88;10;0.82;stop
10;2951.18;1036.47;2952.35;1020.93;2920.39;1018.53;2919.22;1034.07;10;0.82;stop
15;2680.73;1151.65;2680.75;1137.75;2652.52;1137.72;2652.5;1151.63;10;0.81;stop
19;1977.37;668.97;1991.7;667.89;1989.57;639.41;1975.24;640.48;10;0.82;stop
21;2823.23;1155.29;2823.8;1141.0;2791.27;1139.71;2790.7;1154.0;10;0.81;stop
22;1960.5;680.52;1975.12;679.55;1972.97;646.98;1958.35;647.95;10;0.79;stop
23;1074.61;640.03;1075.03;625.95;1044.33;625.04;1043.91;639.11;10;0.81;stop
26;1957.86;640.65;1974.01;639.15;1970.82;604.73;1954.68;606.22;10;0.81;stop
27;2724.89;1153.8;2725.41;1137.81;2691.61;1136.7;2691.09;1152.69;10;0.81;stop
32;3499.9;1066.94;3504.14;1052.05;3470.41;1042.44;3466.17;1057.33;10;0.75;stop
36;992.7;635.6;993.49;622.24;966.67;620.65;965.88;634.01;10;0.81;stop
37;3428.98;930.41;3446.51;902.63;3433.52;894.44;3415.99;922.21;10;0.82;stop
40;1993.21;896.41;2007.6;896.09;2006.92;864.78;1992.52;865.09;10;0.8;stop
46;1755.73;1659.18;1784.38;1658.98;1784.27;1643.82;1755.62;1644.02;10;0.8;stop
49;1145.24;1054.95;1145.35;1040.04;1113.76;1039.8;1113.65;1054.71;10;0.8;stop
53;2831.86;1028.33;2833.31;1013.58;2798.39;1010.17;2796.94;1024.92;10;0.79;stop
56;3356.06;1360.87;3361.3;1347.13;3333.01;1336.32;3327.76;1350.06;10;0.81;stop
57;1790.4;234.09;1804.85;233.1;1802.85;204.09;1788.4;205.09;10;0.79;stop
59;2969.04;1287.17;2974.11;1271.65;2937.96;1259.83;2932.89;1275.35;10;0.79;stop
64;1493.89;1655.31;1494.07;1641.32;1464.86;1640.94;1464.68;1654.93;10;0.78;stop
66;3255.73;1397.07;3265.8;1363.36;3248.64;1358.24;3238.58;1391.95;10;0.81;stop
67;1983.34;740.14;1997.7;738.48;1994.28;708.86;1979.93;710.52;10;0.81;stop
68;3734.19;895.44;3769.32;891.67;3767.68;876.43;3732.55;880.21;10;0.8;stop
72;3475.8;826.6;3493.14;798.39;3480.45;790.59;3463.11;818.79;10;0.8;stop
74;2894.56;1029.4;2895.61;1015.66;2868.44;1013.6;2867.39;1027.34;10;0.8;stop
76;2496.72;1153.15;2529.84;1152.25;2529.41;1136.22;2496.28;1137.13;10;0.77;stop
79;3142.2;446.86;3169.39;442.48;3167.18;428.77;3139.99;433.15;10;0.79;stop
80;3781.26;889.9;3813.81;886.89;3812.49;872.6;3779.94;875.61;10;0.8;stop
86;2748.31;482.46;2782.71;478.02;2780.83;463.48;2746.43;467.92;10;0.79;stop
87;860.16;1173.52;888.05;1173.06;887.81;1158.6;859.92;1159.06;10;0.72;stop
90;3410.28;965.4;3426.51;933.42;3411.9;926.01;3395.68;957.99;10;0.79;stop
91;2042.02;1381.63;2042.87;1352.54;2028.42;1352.12;2027.57;1381.21;10;0.8;stop
92;937.59;1059.78;965.66;1059.54;965.53;1044.91;937.47;1045.15;10;0.8;stop
93;366.5;1073.69;398.14;1073.46;398.03;1058.18;366.39;1058.41;10;0.79;stop
96;1860.78;2149.2;1874.74;2121.63;1862.97;2115.68;1849.01;2143.24;10;0.78;stop
97;1979.96;703.25;1993.7;701.98;1991.29;676.0;1977.55;677.27;10;0.8;stop
98;2651.38;492.12;2681.1;488.73;2679.57;475.38;2649.85;478.77;10;0.8;stop
101;1876.16;2115.67;1888.41;2089.34;1876.84;2083.96;1864.59;2110.28;10;0.79;stop
110;2914.21;1304.37;2915.33;1287.45;2881.88;1285.24;2880.77;1302.16;10;0.79;stop
111;1991.53;851.7;2004.47;850.63;2002.22;823.42;1989.28;824.49;10;0.79;stop
112;1984.01;821.81;1998.5;819.48;1993.62;789.19;1979.13;791.52;10;0.8;stop
114;3057.98;1049.79;3059.68;1037.27;3033.52;1033.71;3031.82;1046.23;10;0.77;stop
117;2572.4;1696.68;2575.38;1660.41;2560.6;1659.2;2557.62;1695.46;10;0.78;stop
118;1968.12;1837.72;1972.97;1803.96;1956.91;1801.66;1952.06;1835.41;10;0.76;stop
119;1949.19;252.51;1963.28;251.15;1960.65;223.93;1946.57;225.29;10;0.79;stop
120;2740.62;525.58;2774.14;522.22;2772.62;507.17;2739.11;510.53;10;0.79;stop
124;1996.5;931.19;2009.98;930.46;2008.5;903.13;1995.02;903.86;10;0.77;stop
125;470.0;1094.49;504.13;1094.33;504.06;1077.7;469.93;1077.86;10;0.78;move
126;3024.04;1047.89;3026.77;1032.59;2993.21;1026.61;2990.48;1041.91;10;0.79;stop
130;2642.13;1149.86;2642.35;1135.5;2611.24;1135.02;2611.02;1149.38;10;0.78;stop
131;2696.69;1023.0;2697.3;1008.01;2664.63;1006.69;2664.03;1021.67;10;0.8;stop
132;2687.33;488.39;2718.36;484.82;2716.79;471.23;2685.76;474.81;10;0.77;stop
133;2393.74;514.51;2422.51;511.28;2420.89;496.87;2392.12;500.1;10;0.77;stop
135;3584.99;681.59;3598.03;651.41;3583.13;644.97;3570.09;675.15;10;0.8;stop
136;1294.46;1045.4;1317.87;1045.24;1317.79;1033.6;1294.38;1033.76;10;0.79;stop
141;3354.43;1320.61;3359.31;1306.22;3329.01;1295.95;3324.13;1310.34;10;0.82;stop
142;1824.32;684.44;1837.32;683.16;1834.37;653.18;1821.37;654.46;10;0.78;stop
145;2040.59;1037.44;2043.03;1022.3;2009.04;1016.81;2006.59;1031.95;10;0.81;move
148;1277.08;1182.08;1325.57;1180.68;1325.05;1162.42;1276.55;1163.82;9;0.78;stop
150;2347.29;1154.19;2347.41;1139.95;2316.58;1139.69;2316.46;1153.93;10;0.78;stop
151;953.09;633.19;953.8;620.88;926.6;619.31;925.89;631.62;10;0.78;stop
152;1986.71;779.22;1999.34;778.18;1997.1;750.78;1984.47;751.82;10;0.78;stop
153;903.59;1061.38;934.47;1060.14;933.91;1046.12;903.03;1047.36;10;0.79;stop
158;1913.49;2028.32;1922.73;2004.7;1911.51;2000.31;1902.27;2023.93;10;0.76;stop
159;3009.28;1304.93;3016.65;1289.59;2980.97;1272.45;2973.6;1287.78;10;0.75;stop
160;792.45;1184.84;823.15;1184.3;822.86;1168.28;792.17;1168.82;10;0.78;stop
161;764.89;1064.12;793.32;1062.49;792.53;1048.63;764.1;1050.26;10;0.74;stop
163;3047.04;1341.71;3059.26;1328.25;3024.21;1296.42;3011.99;1309.88;9;0.53;stop
166;3177.89;440.91;3204.48;437.29;3202.73;424.4;3176.14;428.02;10;0.8;stop
167;1177.03;1182.44;1201.42;1180.98;1200.47;1165.06;1176.08;1166.52;10;0.77;stop
171;751.92;1185.5;779.37;1184.34;778.78;1170.25;751.33;1171.41;10;0.77;stop
172;2754.12;1022.98;2754.77;1008.22;2720.88;1006.71;2720.23;1021.47;10;0.8;stop
175;1960.28;1874.7;1965.56;1845.82;1952.47;1843.43;1947.19;1872.3;10;0.73;stop
176;3785.23;150.2;3797.71;119.16;3784.14;113.71;3771.67;144.75;10;0.8;stop
177;3420.2;868.96;3441.2;845.22;3430.11;835.41;3409.11;859.16;10;0.79;stop
179;3102.11;1190.81;3103.87;1175.2;3072.64;1171.69;3070.88;1187.3;10;0.8;stop
180;3017.68;1178.4;3020.09;1163.68;2990.29;1158.79;2987.87;1173.51;10;0.79;stop
181;1746.01;1658.05;1746.31;1642.17;1715.24;1641.57;1714.94;1657.45;10;0.77;stop
183;2786.86;477.51;2819.38;474.05;2817.98;460.93;2785.47;464.39;10;0.8;stop
184;863.12;1064.03;894.35;1062.76;893.76;1048.16;862.52;1049.43;10;0.78;stop
188;3752.01;235.84;3762.32;205.43;3747.99;200.57;3737.68;230.98;10;0.8;stop
190;3282.57;516.19;3296.85;515.75;3295.86;484.12;3281.59;484.57;10;0.78;stop
195;944.87;1186.09;977.39;1184.57;976.63;1168.53;944.11;1170.05;10;0.74;stop
196;2354.45;1154.57;2384.17;1153.54;2383.68;1139.31;2353.95;1140.33;10;0.78;stop
197;2393.65;1153.84;2423.56;1153.18;2423.22;1137.78;2393.31;1138.45;10;0.76;stop
198;2568.32;1150.07;2568.41;1136.11;2538.8;1135.93;2538.72;1149.89;10;0.77;stop
200;2960.74;1993.7;2974.22;1982.7;2950.76;1953.93;2937.28;1964.93;10;0.76;stop
203;93.1;1100.7;136.75;1100.6;136.71;1081.8;93.05;1081.9;9;0.44;stop
204;1922.12;55.6;1935.99;54.58;1934.01;27.65;1920.13;28.67;10;0.79;stop
210;2277.92;1155.55;2305.55;1154.46;2304.96;1139.45;2277.33;1140.54;10;0.76;stop
211;2577.44;1551.46;2578.79;1517.63;2562.31;1516.98;2560.96;1550.8;10;0.77;stop
212;1771.85;189.74;1786.02;188.23;1783.15;161.26;1768.98;162.77;10;0.79;stop
213;2861.48;472.37;2894.05;468.87;2892.52;454.63;2859.95;458.13;10;0.79;stop
217;1610.51;1656.77;1639.72;1656.55;1639.62;1641.73;1610.4;1641.95;10;0.76;stop
218;1289.6;1692.83;1317.28;1692.29;1317.02;1678.79;1289.34;1679.33;10;0.74;stop
220;1768.33;146.26;1781.73;145.57;1780.25;116.99;1766.85;117.68;10;0.76;stop
221;1711.89;561.41;1712.64;546.02;1681.04;544.47;1680.28;559.86;10;0.78;stop
222;1811.85;711.7;1827.15;709.52;1822.79;678.8;1807.49;680.98;10;0.79;stop
223;513.47;1070.97;544.59;1069.84;544.03;1054.34;512.91;1055.47;10;0.77;stop
228;1794.93;1166.31;1824.63;1163.16;1823.12;1148.94;1793.42;1152.09;10;0.77;stop
230;3183.94;945.89;3222.44;942.52;3221.06;926.76;3182.56;930.13;10;0.77;stop
231;1904.98;1700.7;1934.07;1699.62;1933.52;1684.43;1904.43;1685.5;10;0.71;stop
232;2574.08;1645.36;2575.48;1616.72;2561.17;1616.02;2559.77;1644.65;10;0.76;stop
233;1791.11;469.19;1807.29;467.45;1803.6;433.06;1787.41;434.8;10;0.76;stop
234;2572.09;438.63;2584.75;437.41;2582.28;411.87;2569.63;413.09;10;0.78;stop
235;798.2;1063.46;827.01;1062.43;826.49;1047.79;797.68;1048.82;10;0.75;stop
236;2227.67;1157.56;2261.22;1156.46;2260.71;1140.81;2227.15;1141.92;10;0.77;stop
237;1946.31;219.29;1959.79;217.96;1957.06;190.21;1943.58;191.54;10;0.78;stop
238;1776.65;91.94;1791.13;91.14;1789.65;64.43;1775.17;65.23;10;0.77;stop
239;3207.66;439.5;3238.2;436.01;3236.71;423.0;3206.18;426.49;10;0.77;stop
241;1056.66;1056.46;1084.64;1056.36;1084.59;1041.67;1056.61;1041.76;10;0.76;stop
242;1220.52;1056.36;1252.68;1054.31;1251.66;1038.39;1219.51;1040.44;10;0.76;stop
245;3079.35;1376.15;3092.5;1363.28;3059.4;1329.47;3046.25;1342.35;9;0.8;stop
247;795.69;1649.43;795.9;1635.99;768.41;1635.57;768.2;1649.01;10;0.76;stop
248;1936.9;1661.14;1936.91;1645.25;1906.1;1645.23;1906.09;1661.12;10;0.77;stop
250;2466.05;507.42;2493.18;503.95;2491.45;490.45;2464.32;493.93;10;0.79;stop
251;3655.46;492.19;3664.2;460.62;3649.54;456.56;3640.8;488.13;10;0.77;stop
254;2191.32;1319.09;2222.04;1314.88;2219.99;1299.91;2189.27;1304.12;10;0.78;stop
255;1959.22;1491.43;1972.54;1489.47;1968.62;1462.82;1955.3;1464.78;10;0.78;stop
256;2857.98;1158.26;2858.98;1144.39;2831.0;1142.37;2830.0;1156.24;10;0.77;stop
257;3297.9;432.44;3330.64;427.53;3328.35;412.25;3295.61;417.16;10;0.75;stop
258;707.74;1020.87;712.91;1008.21;689.13;998.51;683.97;1011.16;10;0.74;stop
261;3119.24;1438.25;3140.16;1423.79;3105.29;1373.32;3084.37;1387.77;9;0.76;stop
262;2823.95;474.63;2853.13;470.81;2851.3;456.87;2822.12;460.69;10;0.77;stop
263;3554.54;867.05;3586.51;864.69;3585.46;850.45;3553.49;852.81;10;0.76;stop
264;1391.57;1048.55;1423.97;1046.74;1423.18;1032.7;1390.78;1034.51;10;0.77;stop
265;1447.13;1051.07;1480.68;1049.93;1480.12;1033.55;1446.57;1034.7;10;0.77;stop
266;1920.51;1216.1;1933.8;1211.65;1924.74;1184.65;1911.45;1189.1;10;0.76;stop
267;2458.03;1152.23;2488.91;1150.78;2488.22;1136.02;2457.34;1137.47;10;0.75;stop
268;2911.44;1052.19;2913.02;1037.78;2884.65;1034.68;2883.08;1049.09;10;0.82;stop
271;2630.28;992.01;2630.34;964.4;2616.35;964.36;2616.28;991.98;10;0.76;stop
273;764.53;1688.25;764.8;1673.78;735.97;1673.25;735.71;1687.72;10;0.78;stop
276;3516.12;1218.32;3518.57;1203.7;3487.95;1198.56;3485.49;1213.18;10;0.76;move
278;2428.11;510.78;2460.2;507.02;2458.52;492.72;2426.43;496.48;10;0.78;stop
280;475.9;1071.71;508.88;1070.85;508.48;1055.48;475.5;1056.34;10;0.77;stop
282;2511.16;1020.58;2540.97;1018.03;2539.71;1003.3;2509.9;1005.85;10;0.72;stop
283;2639.5;41.17;2668.33;37.88;2666.75;24.08;2637.92;27.37;10;0.76;stop
285;2782.8;1157.0;2783.28;1138.02;2745.41;1137.06;2744.93;1156.04;9;0.78;stop
286;2013.08;1974.55;2022.02;1937.54;2006.17;1933.7;1997.23;1970.71;10;0.75;stop
287;3211.31;1510.53;3219.7;1473.56;3203.07;1469.78;3194.68;1506.75;10;0.67;stop
288;988.88;1182.87;1017.18;1181.89;1016.71;1168.38;988.41;1169.36;10;0.72;stop
289;2615.78;951.23;2630.7;949.39;2626.34;914.02;2611.43;915.86;10;0.76;stop
290;2153.75;1159.37;2184.68;1157.74;2183.87;1142.38;2152.94;1144.01;10;0.76;stop
291;2436.34;1306.05;2466.29;1305.53;2466.03;1291.01;2436.09;1291.54;10;0.71;stop
293;1807.62;677.54;1822.01;676.16;1819.29;647.71;1804.9;649.09;10;0.77;stop
296;1325.86;1692.8;1353.98;1692.64;1353.89;1677.7;1325.77;1677.86;10;0.73;stop
298;3693.6;896.6;3727.16;893.36;3725.78;879.03;3692.21;882.27;10;0.76;stop
299;1035.87;637.36;1036.86;623.66;1009.76;621.7;1008.77;635.41;10;0.75;stop
300;580.96;1069.38;613.55;1067.18;612.48;1051.25;579.88;1053.45;10;0.75;stop
301;1773.72;224.24;1788.67;223.16;1786.67;195.39;1771.72;196.46;10;0.71;stop
302;2362.34;514.47;2389.61;511.54;2388.16;498.03;2360.89;500.96;10;0.77;stop
303;2935.47;466.33;2964.27;462.49;2962.53;449.42;2933.73;453.26;10;0.76;stop
305;154.66;1187.72;185.01;1187.13;184.71;1171.97;154.37;1172.56;10;0.75;stop
308;1464.32;1173.54;1493.19;1171.47;1492.18;1157.46;1463.31;1159.53;10;0.75;stop
309;3059.13;1184.9;3061.0;1170.27;3030.4;1166.35;3028.53;1180.98;10;0.78;stop
310;1266.8;1653.29;1267.11;1639.07;1238.57;1638.46;1238.26;1652.68;10;0.74;stop
311;3294.48;1362.26;3306.0;1325.41;3287.71;1319.69;3276.19;1356.55;10;0.81;stop
312;2210.15;528.49;2241.45;525.26;2239.97;511.01;2208.68;514.24;10;0.75;stop
313;717.09;1184.48;747.67;1183.7;747.28;1168.64;716.71;1169.43;10;0.72;stop
314;1927.74;1246.88;1941.53;1243.94;1935.51;1215.74;1921.72;1218.69;10;0.69;stop
315;2097.69;1285.13;2129.41;1281.5;2127.81;1267.5;2096.09;1271.12;10;0.77;stop
316;2584.62;619.17;2598.39;618.0;2595.62;585.7;2581.86;586.88;10;0.73;stop
318;3390.68;1001.28;3404.32;974.04;3391.19;967.47;3377.56;994.71;10;0.77;stop
319;766.13;2046.36;781.75;2046.07;781.16;2014.89;765.55;2015.18;10;0.74;stop
320;2502.6;504.18;2531.56;501.39;2530.27;488.07;2501.32;490.86;10;0.76;stop
321;3286.51;549.75;3300.11;548.5;3297.55;520.87;3283.96;522.13;10;0.75;stop
324;2102.64;535.93;2129.19;532.66;2127.55;519.32;2101.0;522.59;10;0.74;stop
325;2140.56;533.89;2169.34;530.74;2167.82;516.86;2139.04;520.01;10;0.77;stop
326;2564.99;406.96;2579.38;405.89;2577.01;373.79;2562.62;374.86;10;0.73;stop
328;3434.26;967.89;3446.98;942.21;3434.8;936.18;3422.08;961.85;10;0.76;stop
329;762.06;2046.64;762.93;2015.04;747.37;2014.61;746.5;2046.21;10;0.74;stop
331;3485.77;414.98;3514.37;411.4;3512.67;397.83;3484.07;401.41;10;0.66;stop
332;2582.17;580.53;2595.34;579.16;2592.45;551.22;2579.29;552.59;10;0.73;stop
333;2589.8;669.87;2604.22;668.56;2601.7;640.76;2587.28;642.07;10;0.68;stop
334;573.36;1070.23;573.73;1055.69;549.77;1055.08;549.4;1069.62;10;0.67;stop
336;1280.15;1692.14;1280.45;1677.85;1250.54;1677.23;1250.24;1691.52;10;0.74;stop
337;1164.27;1893.33;1179.26;1893.24;1179.11;1866.42;1164.11;1866.51;10;0.75;stop
338;1799.55;352.2;1814.19;351.04;1811.7;319.43;1797.06;320.58;10;0.75;stop
339;3692.04;855.7;3724.13;854.57;3723.59;839.3;3691.5;840.43;10;0.75;stop
340;1279.4;1056.83;1285.14;1040.3;1265.35;1033.42;1259.61;1049.95;10;0.69;stop
343;1793.34;1660.07;1822.28;1658.75;1821.61;1644.05;1792.67;1645.37;10;0.74;stop
344;3642.16;524.55;3652.38;495.69;3638.47;490.76;3628.24;519.62;10;0.74;stop
346;1731.5;1698.45;1732.19;1683.48;1703.87;1682.18;1703.18;1697.14;10;0.72;stop
347;785.5;631.09;786.45;616.75;757.62;614.85;756.68;629.19;10;0.76;stop
348;2583.69;48.34;2611.59;45.23;2610.06;31.54;2582.16;34.64;10;0.74;stop
349;1164.47;1929.87;1180.67;1929.54;1180.03;1897.38;1163.83;1897.71;10;0.71;stop
350;1776.7;267.44;1791.99;265.86;1788.61;233.18;1773.32;234.76;10;0.73;stop
351;2572.58;474.48;2586.2;473.98;2585.17;445.77;2571.55;446.27;10;0.72;stop
352;2899.24;468.94;2927.28;466.09;2925.92;452.63;2897.88;455.47;10;0.77;stop
354;2040.18;1604.19;2055.16;1603.89;2054.45;1568.31;2039.47;1568.61;10;0.74;stop
355;2566.29;366.73;2578.8;365.74;2576.84;340.9;2564.33;341.88;10;0.7;stop
357;1344.46;1179.5;1376.32;1178.33;1375.79;1163.87;1343.93;1165.05;10;0.73;stop
358;1701.89;1166.45;1701.91;1153.33;1679.13;1153.3;1679.11;1166.42;10;0.74;stop
359;2607.63;907.55;2623.37;906.51;2620.99;870.52;2605.26;871.55;10;0.74;stop
362;3567.06;610.86;3578.26;583.53;3564.5;577.89;3553.31;605.22;10;0.73;stop
367;3310.93;1043.31;3327.43;1012.66;3313.44;1005.13;3296.94;1035.77;10;0.68;stop
369;1330.39;1051.12;1360.84;1050.65;1360.61;1035.76;1330.16;1036.22;10;0.73;stop
370;1934.06;1975.33;1937.89;1948.3;1924.69;1946.42;1920.86;1973.45;10;0.72;stop
371;666.89;1061.75;694.52;1057.22;692.49;1044.81;664.85;1049.35;10;0.74;stop
374;1340.44;1652.94;1341.14;1640.22;1315.69;1638.81;1314.99;1651.53;10;0.72;stop
375;2174.49;533.37;2206.88;528.71;2204.76;514.0;2172.37;518.67;10;0.7;stop
376;2133.33;1320.76;2160.43;1319.33;2159.67;1304.99;2132.57;1306.42;10;0.75;stop
378;2477.85;1306.28;2505.32;1304.5;2504.4;1290.22;2476.93;1292.0;10;0.7;stop
379;3317.14;959.73;3332.99;952.96;3318.49;919.02;3302.63;925.79;10;0.74;stop
380;3190.17;1204.41;3192.63;1187.99;3155.77;1182.47;3153.31;1198.88;10;0.72;stop
381;2056.5;1643.35;2057.03;1619.41;2045.25;1619.15;2044.72;1643.09;10;0.61;stop
384;2455.81;63.03;2485.07;60.15;2483.69;46.1;2454.43;48.98;10;0.7;stop
386;1278.31;1652.79;1305.05;1652.04;1304.69;1638.96;1277.95;1639.71;10;0.68;stop
388;437.21;1645.88;437.64;1632.48;410.29;1631.62;409.86;1645.02;10;0.71;stop
389;2099.83;1160.21;2134.15;1158.02;2133.17;1142.66;2098.85;1144.85;10;0.73;stop
390;1178.94;1858.64;1179.52;1829.43;1163.88;1829.11;1163.29;1858.32;10;0.72;stop
391;3738.49;271.86;3746.69;246.12;3733.39;241.89;3725.19;267.63;10;0.73;stop
392;3689.49;439.81;3722.61;435.3;3720.51;419.88;3687.39;424.38;10;0.64;stop
395;555.15;1185.82;585.42;1182.9;583.91;1167.31;553.64;1170.23;10;0.7;stop
396;521.4;1186.0;551.88;1184.33;551.1;1169.94;520.62;1171.6;10;0.72;stop
397;2537.06;1822.44;2539.05;1791.97;2525.07;1791.06;2523.08;1821.53;10;0.7;stop
400;2007.9;995.22;2021.68;991.99;2014.72;962.28;2000.95;965.51;10;0.7;stop
401;2337.96;71.98;2370.27;68.54;2368.66;53.46;2336.36;56.89;10;0.67;stop
402;87.26;1191.25;139.67;1189.26;138.91;1169.38;86.51;1171.37;9;0.65;stop
403;689.63;1649.06;690.04;1635.83;663.18;1635.0;662.78;1648.23;10;0.66;stop
404;336.07;559.62;338.7;543.84;304.71;538.19;302.08;553.97;10;0.71;stop
405;3375.46;1032.44;3391.38;1002.94;3377.35;995.37;3361.44;1024.87;10;0.7;stop
406;2289.28;521.32;2317.75;518.07;2316.09;503.55;2287.62;506.81;10;0.72;stop
408;1390.66;1177.78;1421.44;1176.31;1420.71;1161.09;1389.93;1162.57;10;0.71;stop
409;1682.45;1040.77;1712.46;1039.15;1711.68;1024.73;1681.66;1026.35;10;0.73;stop
410;2993.13;459.9;3021.06;456.9;3019.62;443.47;2991.69;446.47;10;0.64;stop
412;361.05;1684.31;361.66;1669.38;332.23;1668.19;331.62;1683.12;10;0.69;stop
413;3576.51;711.39;3583.84;683.48;3570.05;679.86;3562.72;707.77;10;0.73;stop
414;186.58;1187.8;217.02;1187.33;216.78;1171.89;186.34;1172.36;10;0.67;stop
415;1708.61;1168.73;1738.87;1167.72;1738.39;1153.27;1708.13;1154.28;10;0.76;stop
416;2802.1;1263.97;2829.91;1262.64;2829.27;1249.28;2801.46;1250.61;10;0.71;stop
418;3543.33;802.07;3552.36;772.79;3537.61;768.24;3528.58;797.52;10;0.74;stop
420;3347.57;915.81;3380.24;902.04;3374.3;887.94;3341.63;901.71;10;0.66;stop
421;2705.67;1365.56;2721.36;1339.21;2708.63;1331.63;2692.94;1357.98;10;0.7;stop
423;3766.71;196.66;3776.68;169.7;3763.29;164.75;3753.32;191.7;10;0.76;stop
424;1468.74;192.58;1481.53;190.5;1476.51;159.55;1463.72;161.62;10;0.64;stop
425;3520.01;411.51;3549.9;407.12;3547.8;392.86;3517.92;397.26;10;0.67;stop
426;624.43;1236.79;654.93;1235.56;654.32;1220.4;623.82;1221.63;10;0.71;stop
427;1623.57;1693.74;1623.77;1679.41;1595.05;1679.01;1594.85;1693.34;10;0.68;stop
428;627.22;1218.6;655.47;1218.24;655.28;1202.96;627.03;1203.32;10;0.69;stop
433;475.47;1646.14;475.47;1632.29;446.56;1632.29;446.56;1646.14;10;0.68;stop
434;2537.03;1860.65;2538.93;1827.97;2523.97;1827.1;2522.07;1859.78;10;0.54;stop
436;2560.64;333.22;2574.96;331.85;2572.36;304.66;2558.04;306.02;10;0.64;stop
438;1793.99;268.59;1809.38;266.83;1805.92;236.53;1790.52;238.29;10;0.73;stop
439;2330.59;1316.86;2330.89;1297.73;2288.28;1297.08;2287.99;1316.2;9;0.68;stop
440;3649.27;1270.2;3653.41;1256.42;3621.98;1246.99;3617.84;1260.77;10;0.76;stop
441;631.73;1649.6;661.25;1649.29;661.08;1633.53;631.57;1633.83;10;0.6;stop
442;1811.49;556.69;1825.76;556.42;1825.26;528.94;1810.99;529.2;10;0.65;stop
443;661.98;1244.33;677.24;1244.08;676.77;1214.73;661.51;1214.98;10;0.67;stop
444;3031.82;1366.48;3042.74;1352.18;3010.18;1327.33;2999.26;1341.64;10;0.68;stop
445;2611.25;494.53;2643.69;491.08;2642.12;476.34;2609.68;479.79;10;0.68;stop
446;125.65;1077.74;149.29;1077.27;149.03;1064.45;125.4;1064.92;10;0.5;stop
447;3340.27;1050.07;3360.75;1000.84;3341.29;992.74;3320.81;1041.97;9;0.76;stop
449;2066.88;97.77;2100.63;94.38;2099.19;79.98;2065.43;83.37;10;0.67;stop
450;420.91;1075.08;448.4;1071.86;446.75;1057.73;419.25;1060.95;10;0.7;stop
451;2355.02;559.38;2386.81;556.41;2385.35;540.87;2353.57;543.84;10;0.68;stop
453;1961.78;1574.84;1978.61;1574.66;1978.15;1532.41;1961.33;1532.59;10;0.66;stop
454;2573.22;1775.26;2574.08;1744.16;2558.65;1743.74;2557.79;1774.84;10;0.66;stop
455;2035.65;1892.55;2040.49;1852.52;2022.41;1850.33;2017.57;1890.36;10;0.57;stop
456;3756.47;114.8;3765.97;85.91;3752.9;81.61;3743.41;110.5;10;0.76;stop
457;3725.5;191.88;3738.42;158.24;3723.88;152.65;3710.96;186.29;10;0.75;stop
459;393.19;1683.77;393.4;1669.11;366.18;1668.73;365.98;1683.39;10;0.61;stop
460;483.04;1646.34;507.09;1646.1;506.96;1633.03;482.91;1633.28;10;0.66;stop
463;1221.0;1514.28;1224.06;1484.2;1209.56;1482.72;1206.5;1512.8;10;0.62;stop
465;1428.05;1653.54;1453.28;1653.13;1453.08;1640.46;1427.84;1640.87;10;0.49;stop
466;1128.27;1184.46;1161.95;1182.79;1161.11;1165.85;1127.43;1167.52;10;0.63;stop
468;2001.73;2007.27;2010.37;1979.55;1996.52;1975.23;1987.88;2002.95;10;0.57;stop
469;2539.47;1724.15;2540.66;1695.28;2527.16;1694.72;2525.96;1723.59;10;0.62;stop
471;1244.43;1691.18;1245.01;1677.08;1217.63;1675.94;1217.05;1690.05;10;0.66;stop
476;1232.5;1652.75;1232.74;1640.62;1207.06;1640.12;1206.83;1652.26;10;0.62;stop
479;1362.57;1692.36;1388.49;1691.53;1388.05;1678.14;1362.14;1678.97;10;0.62;stop
480;2036.47;98.88;2062.14;96.15;2060.78;83.37;2035.11;86.1;10;0.5;stop
481;3346.83;897.48;3358.08;887.25;3336.6;863.62;3325.35;873.85;10;0.63;stop
483;3031.73;457.55;3064.18;454.96;3062.96;439.64;3030.51;442.23;10;0.69;stop
484;1085.94;1049.45;1107.97;1049.13;1107.81;1037.43;1085.78;1037.74;10;0.65;stop
485;3120.66;1056.39;3121.94;1044.33;3108.09;1042.86;3106.81;1054.92;10;0.63;stop
489;654.31;1689.55;655.84;1674.48;625.38;1671.39;623.85;1686.46;10;0.49;stop
490;1760.59;1697.41;1761.23;1683.29;1734.78;1682.09;1734.14;1696.21;10;0.64;stop
492;875.61;632.32;876.46;618.16;847.51;616.43;846.66;630.59;10;0.6;stop
494;424.65;1684.59;425.25;1669.91;398.94;1668.84;398.35;1683.52;10;0.6;stop
495;1948.76;1425.29;1965.81;1422.68;1958.83;1377.09;1941.79;1379.69;9;0.73;stop
497;2409.3;1274.84;2439.09;1272.09;2437.95;1259.78;2408.16;1262.53;10;0.66;stop
501;1460.58;1694.18;1461.03;1680.62;1432.92;1679.7;1432.47;1693.25;10;0.56;stop
502;727.8;2046.13;728.59;2017.63;719.24;2017.37;718.46;2045.87;10;0.61;stop
504;3404.04;1043.61;3419.5;1010.61;3403.14;1002.95;3387.69;1035.95;9;0.54;stop
505;1423.94;1692.58;1424.59;1680.36;1399.81;1679.05;1399.16;1691.26;10;0.45;stop
506;3119.36;1194.6;3120.53;1178.86;3109.39;1178.03;3108.22;1193.77;10;0.6;stop
507;3346.91;1262.93;3360.12;1226.0;3342.15;1219.57;3328.94;1256.5;10;0.54;stop
508;151.15;1674.76;152.05;1658.0;118.15;1656.18;117.24;1672.94;10;0.55;stop
509;1471.23;225.91;1484.6;224.62;1481.89;196.52;1468.52;197.81;10;0.59;stop
512;1461.6;877.55;1462.44;863.53;1431.9;861.7;1431.06;875.72;10;0.66;stop
515;2378.1;1309.98;2409.6;1309.85;2409.53;1293.27;2378.03;1293.4;10;0.46;stop
516;1213.82;1592.9;1214.35;1564.1;1200.99;1563.85;1200.46;1592.65;10;0.52;stop
517;832.9;1479.06;833.18;1464.29;803.97;1463.75;803.7;1478.52;10;0.55;stop
518;3096.46;1449.55;3108.85;1441.95;3091.79;1414.14;3079.4;1421.74;10;0.56;stop
519;2970.12;1955.91;2998.48;1940.08;2990.88;1926.46;2962.52;1942.3;10;0.59;stop
520;1429.85;1174.31;1459.24;1174.14;1459.15;1160.06;1429.76;1160.23;10;0.72;stop
522;2875.71;1259.67;2900.78;1259.52;2900.69;1246.27;2875.63;1246.42;10;0.61;stop
523;689.74;1687.33;689.99;1673.13;664.01;1672.67;663.76;1686.87;10;0.39;stop
524;385.54;513.12;389.15;482.54;372.9;480.63;369.29;511.21;10;0.7;stop
526;3418.62;1000.37;3431.97;971.85;3418.57;965.57;3405.21;994.09;10;0.71;stop
527;3804.72;1126.45;3820.77;1124.7;3817.16;1091.67;3801.11;1093.43;10;0.61;stop
529;3207.15;95.13;3222.05;93.39;3218.47;62.83;3203.57;64.58;10;0.56;stop
531;3582.62;753.0;3592.43;729.1;3578.94;723.56;3569.13;747.46;10;0.48;stop
533;512.76;1432.89;513.69;1416.63;480.99;1414.77;480.06;1431.03;10;0.53;stop
536;1422.23;875.28;1422.67;861.49;1394.77;860.59;1394.33;874.38;10;0.63;stop
537;743.13;2048.04;745.32;2018.7;732.1;2017.71;729.91;2047.05;10;0.58;stop
539;2540.53;46.31;2554.07;45.27;2551.97;17.82;2538.43;18.86;10;0.63;stop
541;477.92;1263.82;478.21;1249.28;448.33;1248.68;448.04;1263.22;10;0.46;stop
542;1033.05;1006.74;1047.73;1006.14;1046.51;976.63;1031.83;977.24;10;0.51;stop
543;859.23;1690.21;859.93;1674.92;829.39;1673.54;828.7;1688.83;10;0.58;stop
546;3450.8;934.61;3461.65;909.04;3448.26;903.36;3437.41;928.93;10;0.63;stop
548;883.58;1187.56;884.03;1176.75;862.98;1175.88;862.53;1186.68;10;0.53;stop
549;374.97;1644.65;398.78;1644.08;398.47;1630.98;374.66;1631.55;10;0.55;stop
552;1168.68;1052.66;1192.45;1051.73;1191.95;1038.9;1168.18;1039.84;10;0.76;stop
553;2577.76;1500.13;2578.21;1472.34;2564.24;1472.12;2563.79;1499.91;10;0.54;stop
556;2041.71;1852.64;2047.03;1803.35;2028.54;1801.36;2023.22;1850.65;9;0.55;stop
558;528.51;1648.53;556.61;1647.67;556.18;1633.66;528.08;1634.52;10;0.42;stop
559;2558.08;302.44;2571.87;301.2;2569.3;272.44;2555.5;273.67;10;0.36;stop
561;442.76;1249.31;469.7;1248.77;469.42;1235.06;442.49;1235.6;10;0.43;stop
562;2529.4;1533.73;2543.29;1533.52;2542.85;1503.77;2528.96;1503.98;10;0.53;stop
564;2546.36;122.28;2558.79;121.05;2556.26;95.41;2543.84;96.63;10;0.62;stop
566;1559.55;1783.91;1564.84;1771.03;1537.57;1759.84;1532.28;1772.72;10;0.55;stop
567;2287.96;1280.05;2288.68;1266.32;2257.79;1264.7;2257.07;1278.43;10;0.47;stop
568;2309.01;561.17;2338.26;558.15;2336.87;544.7;2307.62;547.73;10;0.65;stop
569;3654.52;900.71;3684.1;897.21;3682.35;882.42;3652.78;885.91;10;0.57;stop
570;1601.07;1650.78;1601.17;1640.05;1579.3;1639.85;1579.21;1650.58;10;0.46;stop
573;861.94;1613.92;876.21;1613.02;874.31;1582.96;860.04;1583.86;10;0.42;stop
575;1059.99;1652.41;1060.21;1639.77;1034.76;1639.34;1034.54;1651.98;10;0.52;stop
578;92.68;878.24;95.27;849.69;78.41;848.16;75.82;876.71;10;0.39;stop
580;3618.6;910.38;3641.28;900.0;3632.03;879.78;3609.34;890.16;10;0.55;stop
583;3533.15;837.17;3542.86;803.11;3524.35;797.83;3514.64;831.89;10;0.36;stop
591;826.17;1689.04;826.31;1672.71;796.78;1672.46;796.64;1688.79;10;0.54;stop
592;1823.94;887.0;1839.49;886.11;1837.56;852.25;1822.01;853.14;10;0.5;stop
598;851.28;1953.18;882.0;1951.69;881.22;1935.57;850.5;1937.06;10;0.41;stop
603;2552.77;87.01;2577.8;82.78;2575.73;70.49;2550.7;74.72;10;0.47;stop
611;3708.32;246.12;3723.97;206.19;3707.3;199.66;3691.65;239.59;9;0.6;stop
613;3414.1;1287.53;3456.48;1279.55;3453.09;1261.53;3410.71;1269.51;9;0.44;stop
615;3720.26;320.61;3730.74;292.94;3715.99;287.35;3705.51;315.03;10;0.5;stop
624;3514.06;170.47;3529.33;166.94;3521.88;134.69;3506.61;138.21;10;0.44;stop
625;615.37;1686.85;616.13;1672.59;591.19;1671.27;590.43;1685.53;10;0.36;stop
626;553.41;1686.16;579.39;1685.64;579.09;1671.03;553.11;1671.54;10;0.45;stop
627;459.21;1684.75;460.25;1671.61;435.16;1669.63;434.12;1682.76;10;0.4;stop
653;1498.85;1005.96;1501.18;975.11;1486.9;974.04;1484.57;1004.89;10;0.48;stop
853;1968.02;765.12;1981.36;763.84;1978.66;735.63;1965.33;736.91;10;0.8;stop
1070;3232.68;1369.39;3245.59;1337.26;3231.39;1331.55;3218.47;1363.68;10;0.8;stop
1465;2546.18;155.11;2560.86;154.56;2559.82;126.7;2545.14;127.25;10;0.63;stop
1981;2717.86;34.38;2744.41;31.4;2742.84;17.42;2716.29;20.4;10;0.51;stop
2017;2813.52;21.99;2841.81;18.98;2840.35;5.29;2812.07;8.3;10;0.71;stop
2038;2848.68;16.48;2876.57;14.25;2875.46;0.4;2847.57;2.62;10;0.74;stop
2567;2699.56;1287.51;2700.21;1274.35;2673.07;1272.99;2672.41;1286.15;10;0.8;stop
2703;2010.33;1211.15;2010.85;1183.1;1996.92;1182.85;1996.4;1210.9;10;0.83;stop
2843;2032.14;1222.11;2033.32;1189.33;2017.49;1188.76;2016.31;1221.54;10;0.82;stop
3040;1952.41;340.48;1968.45;338.8;1964.84;304.15;1948.8;305.82;10;0.79;stop
5239;274.66;55.67;306.88;52.91;305.65;38.55;273.43;41.31;10;0.73;stop
5312;2977.59;1172.5;2979.74;1148.6;2918.82;1143.12;2916.67;1167.02;9;0.81;stop
5360;235.46;62.46;266.68;58.98;265.16;45.36;233.95;48.83;10;0.64;stop
5451;1785.5;114.0;1786.16;95.73;1773.06;95.25;1772.4;113.52;10;0.55;stop
5559;2140.42;1047.88;2171.5;1046.26;2170.77;1032.24;2139.68;1033.87;10;0.79;stop
5663;1890.24;2083.6;1903.07;2054.56;1889.38;2048.52;1876.56;2077.56;10;0.83;stop
5741;2223.9;1043.74;2253.3;1042.5;2252.66;1027.39;2223.26;1028.63;10;0.73;stop
5902;1498.63;1692.44;1498.89;1678.63;1469.12;1678.06;1468.86;1691.87;10;0.51;stop
5929;2294.21;1040.55;2294.23;1026.12;2263.91;1026.07;2263.89;1040.51;10;0.76;stop
6202;1995.69;1255.7;2011.26;1254.82;2009.31;1220.42;1993.74;1221.31;10;0.8;stop
6218;1594.48;554.28;1594.49;540.36;1570.15;540.34;1570.13;554.26;10;0.55;stop
6258;1626.02;556.83;1626.4;541.94;1595.98;541.17;1595.6;556.06;10;0.54;stop
6333;35.6;1098.68;68.34;1097.7;67.87;1081.95;35.13;1082.92;10;0.7;stop
6339;1942.68;1375.96;1959.03;1373.14;1953.1;1338.67;1936.75;1341.48;10;0.59;stop
6423;2016.08;1263.15;2031.88;1262.88;2031.29;1228.73;2015.49;1229.0;10;0.79;stop
6505;2307.25;1046.72;2334.39;1046.16;2334.12;1033.4;2306.99;1033.96;10;0.82;stop
6518;1653.79;1040.84;1676.69;1040.0;1676.21;1026.91;1653.31;1027.75;10;0.55;stop
6537;2651.6;1018.07;2654.79;1005.25;2629.9;999.05;2626.71;1011.88;10;0.65;stop
6608;2038.19;1070.03;2070.84;1068.95;2070.31;1052.84;2037.66;1053.92;10;0.77;move
6626;1997.2;1299.25;2013.0;1298.93;2012.3;1263.5;1996.5;1263.82;10;0.79;stop
6648;1589.51;1693.68;1590.17;1679.19;1562.74;1677.95;1562.08;1692.43;10;0.43;stop
6692;2391.33;1041.91;2422.96;1040.17;2422.17;1025.84;2390.54;1027.58;10;0.75;stop
6723;2019.88;1304.21;2033.29;1304.14;2033.12;1275.41;2019.71;1275.49;10;0.79;stop
6791;3247.21;1331.61;3258.19;1299.11;3244.04;1294.33;3233.06;1326.83;10;0.78;stop
6864;727.23;1687.32;727.33;1671.98;719.61;1671.93;719.5;1687.27;10;0.44;stop
6913;2440.27;1046.59;2476.24;1045.17;2475.6;1029.03;2439.63;1030.45;10;0.77;stop
6960;2016.83;1334.24;2016.92;1302.81;2002.42;1302.76;2002.33;1334.19;10;0.82;stop
6969;2123.76;1070.65;2123.77;1056.75;2094.99;1056.72;2094.98;1070.63;10;0.8;move
7050;3811.15;95.37;3826.98;52.68;3808.85;45.96;3793.02;88.64;9;0.6;stop
7070;2570.18;1041.78;2570.27;1026.15;2540.32;1025.97;2540.23;1041.6;10;0.79;stop
7217;2606.63;1040.5;2606.95;1024.52;2574.75;1023.88;2574.43;1039.85;10;0.82;stop
7247;2032.24;1339.17;2035.05;1309.14;2022.45;1307.96;2019.63;1337.99;10;0.82;stop
7263;1968.04;831.65;1981.5;830.66;1979.21;799.6;1965.75;800.59;10;0.79;stop
7280;2203.6;1070.21;2236.39;1067.98;2235.28;1051.54;2202.48;1053.77;10;0.73;stop
7354;2655.88;1040.71;2656.4;1024.76;2623.37;1023.67;2622.85;1039.62;10;0.82;stop
7389;2150.07;1070.31;2177.6;1068.73;2176.87;1055.94;2149.34;1057.52;10;0.75;stop
7390;3617.14;2086.26;3649.57;2070.68;3640.98;2052.8;3608.55;2068.38;10;0.63;stop
7464;1901.03;396.84;1916.35;395.2;1912.72;361.41;1897.4;363.05;10;0.76;move
7479;2255.29;1065.69;2282.98;1064.86;2282.58;1051.56;2254.89;1052.39;10;0.79;stop
7492;2698.13;1043.73;2698.52;1027.04;2665.07;1026.27;2664.69;1042.96;10;0.82;stop
7534;2182.86;1049.31;2208.71;1048.3;2208.2;1035.31;2182.35;1036.32;10;0.79;stop
7610;3120.27;1390.14;3124.75;1377.64;3112.98;1373.42;3108.5;1385.92;10;0.36;stop
7618;2732.88;1041.42;2732.92;1026.79;2705.44;1026.7;2705.4;1041.34;10;0.79;stop
7763;3291.68;587.04;3304.47;585.67;3301.76;560.46;3288.97;561.83;10;0.48;stop
8008;397.05;1665.22;397.24;1650.16;366.54;1649.78;366.35;1664.84;10;0.63;move
8022;3823.87;1158.07;3837.91;1156.99;3835.5;1125.68;3821.47;1126.76;10;0.6;stop
8044;2298.2;1064.75;2326.78;1063.73;2326.3;1050.25;2297.72;1051.27;10;0.79;stop
8317;2493.87;1042.68;2525.64;1039.99;2524.38;1025.07;2492.61;1027.76;10;0.76;stop
8832;3166.52;1131.73;3168.42;1117.32;3140.04;1113.58;3138.14;1127.99;10;0.76;stop
8973;1883.64;83.04;1897.51;81.8;1894.92;53.37;1881.04;54.6;10;0.49;move
9074;577.13;1225.53;577.84;1193.57;561.93;1193.22;561.22;1225.18;10;0.5;stop
9199;55.61;1119.4;86.3;1118.45;85.84;1103.42;55.15;1104.36;10;0.64;move
9203;1941.89;824.82;1955.55;824.62;1955.11;796.3;1941.45;796.51;10;0.78;move
9285;2488.32;1114.56;2514.8;1113.38;2514.18;1099.44;2487.7;1100.62;10;0.75;move
9311;3705.58;1256.1;3708.33;1242.02;3676.29;1235.78;3673.55;1249.85;10;0.67;move
9317;734.26;1651.77;734.42;1635.4;701.99;1635.1;701.83;1651.48;10;0.79;stop
9428;1966.02;883.71;1979.26;881.66;1975.04;854.42;1961.8;856.47;10;0.81;stop
9512;2018.97;1376.86;2019.48;1349.25;2006.28;1349.01;2005.77;1376.62;10;0.82;stop
9542;1773.98;1125.41;1809.3;1123.26;1808.35;1107.71;1773.03;1109.87;10;0.76;stop
9591;256.94;1113.6;287.68;1111.79;286.81;1097.02;256.07;1098.83;10;0.51;move
9671;339.27;1113.2;370.79;1112.41;370.41;1097.43;338.9;1098.22;10;0.73;move
9777;123.13;79.44;155.85;75.7;154.13;60.71;121.42;64.45;10;0.66;stop
9820;2775.11;1045.4;2775.55;1030.24;2742.07;1029.29;2741.64;1044.45;10;0.81;stop
9857;1958.58;942.76;1973.33;941.11;1969.92;910.68;1955.17;912.33;10;0.78;move
9878;1964.83;1519.5;1966.22;1496.19;1954.67;1495.5;1953.28;1518.81;10;0.65;stop
9893;395.47;1098.68;428.76;1096.41;427.65;1080.07;394.36;1082.34;10;0.79;move
9926;2815.88;1045.2;2817.93;1030.9;2788.5;1026.67;2786.44;1040.97;10;0.82;stop
9994;3432.02;1184.85;3434.39;1170.41;3404.23;1165.46;3401.86;1179.9;10;0.76;move
10002;1942.37;59.44;1953.7;57.74;1950.13;33.94;1938.8;35.64;10;0.47;stop
10074;1831.17;1113.25;1862.43;1104.17;1858.17;1089.5;1826.91;1098.58;10;0.81;stop
10093;2434.74;1065.66;2466.35;1063.51;2465.38;1049.34;2433.78;1051.49;10;0.75;stop
10103;2390.52;1067.9;2425.63;1064.65;2424.11;1048.23;2389.0;1051.48;10;0.77;stop
10138;1938.69;667.98;1954.45;666.65;1951.47;631.39;1935.7;632.73;10;0.82;move
10158;1845.75;940.45;1861.91;939.67;1860.19;903.99;1844.03;904.77;10;0.75;stop
10165;2716.85;1065.46;2717.19;1047.44;2679.99;1046.73;2679.65;1064.74;10;0.82;stop
10193;2483.83;1063.31;2518.47;1061.19;2517.54;1046.07;2482.91;1048.18;10;0.69;stop
10251;1846.67;887.38;1861.83;886.86;1860.68;853.55;1845.52;854.08;10;0.77;stop
10266;2754.6;1063.7;2755.1;1047.6;2723.57;1046.61;2723.06;1062.71;10;0.79;stop
10344;2605.04;1062.95;2605.28;1046.96;2570.71;1046.43;2570.47;1062.42;10;0.72;stop
10347;2876.89;1049.18;2878.14;1030.47;2832.01;1027.39;2830.76;1046.09;10;0.73;stop
10442;451.64;1070.0;468.63;1061.94;461.48;1046.87;444.49;1054.93;10;0.36;stop
10476;2654.2;1061.55;2654.49;1047.24;2627.3;1046.7;2627.01;1061.01;10;0.62;move
10498;3830.45;1285.74;3833.35;1270.43;3800.8;1264.26;3797.9;1279.57;10;0.74;move
10531;2006.34;1419.06;2022.29;1418.47;2021.16;1387.82;2005.21;1388.4;10;0.79;stop
10574;1847.43;841.31;1862.45;840.75;1861.32;810.19;1846.3;810.75;10;0.79;stop
10620;1919.2;698.16;1935.46;696.88;1932.71;661.97;1916.45;663.25;10;0.8;move
10630;3228.99;1518.6;3236.26;1483.85;3220.07;1480.46;3212.8;1515.21;10;0.77;stop
10658;2799.2;1065.4;2799.76;1049.92;2764.86;1048.66;2764.3;1064.15;10;0.77;stop
10668;2975.53;1060.46;2977.37;1042.95;2935.87;1038.6;2934.04;1056.12;10;0.78;stop
10713;1931.12;881.16;1946.38;880.3;1944.69;850.22;1929.44;851.07;10;0.79;move
10722;1778.84;60.71;1794.99;59.21;1791.91;25.92;1775.76;27.41;10;0.77;stop
10731;2902.61;1135.24;2903.44;1119.99;2869.39;1118.14;2868.56;1133.38;10;0.81;move
10743;2012.55;1479.35;2027.21;1479.23;2026.95;1447.9;2012.29;1448.02;10;0.8;stop
10747;2859.47;1068.71;2860.57;1054.2;2830.21;1051.91;2829.12;1066.43;10;0.53;stop
10774;2002.73;1698.77;2004.0;1665.57;1988.77;1664.98;1987.5;1698.18;10;0.8;move
10780;2152.75;1158.2;2160.64;1158.12;2160.5;1143.55;2152.61;1143.63;10;0.41;stop
10833;2670.44;1114.17;2700.08;1113.82;2699.92;1099.27;2670.27;1099.61;10;0.79;move
10841;1762.25;1105.46;1791.31;1103.83;1790.5;1089.42;1761.44;1091.05;10;0.72;stop
10856;2006.68;1516.72;2021.02;1516.63;2020.82;1488.15;2006.48;1488.25;10;0.8;stop
10874;2905.85;1074.44;2908.11;1057.26;2873.84;1052.74;2871.57;1069.92;10;0.82;stop
10876;3209.54;1574.71;3226.11;1548.31;3212.34;1539.66;3195.77;1566.07;10;0.76;stop
10920;1721.82;1106.39;1753.74;1105.44;1753.31;1090.74;1721.38;1091.68;10;0.75;stop
10937;2408.45;1119.3;2408.46;1105.97;2380.3;1105.95;2380.29;1119.28;10;0.8;move
10956;1908.62;1681.08;1909.17;1662.67;1863.13;1661.29;1862.58;1679.71;9;0.79;move
10970;3016.13;1066.16;3018.48;1050.41;2985.37;1045.47;2983.02;1061.22;10;0.83;stop
10975;2953.67;1079.37;2955.15;1064.88;2925.86;1061.88;2924.38;1076.37;10;0.79;stop
11035;2312.89;1132.1;2348.96;1131.59;2348.73;1115.65;2312.67;1116.16;10;0.77;move
11038;1680.74;1107.18;1713.04;1105.42;1712.26;1091.07;1679.96;1092.83;10;0.72;stop
11058;1958.1;1240.34;1972.96;1235.79;1963.65;1205.41;1948.79;1209.96;10;0.76;move
11064;3002.83;1085.55;3005.06;1068.88;2969.51;1064.14;2967.29;1080.81;10;0.82;stop
11116;1646.57;1108.13;1675.37;1106.17;1674.43;1092.37;1645.63;1094.33;10;0.76;stop
11143;2815.48;2055.5;2830.38;2048.39;2816.32;2018.88;2801.41;2025.98;10;0.69;stop
11153;2011.79;1587.62;2025.83;1587.44;2025.46;1557.88;2011.42;1558.06;10;0.8;move
11176;3065.36;1071.2;3067.28;1054.58;3030.73;1050.36;3028.81;1066.98;10;0.83;stop
11183;1908.32;948.73;1922.89;947.84;1921.18;919.89;1906.61;920.78;10;0.71;stop
11205;1664.02;1127.12;1692.62;1125.4;1691.86;1112.76;1663.26;1114.48;10;0.77;move
11220;1841.63;797.83;1855.15;797.29;1854.0;768.73;1840.48;769.27;10;0.71;stop
11300;1518.05;1150.94;1550.24;1150.02;1549.82;1135.06;1517.63;1135.98;10;0.75;move
11312;3108.09;1077.9;3110.07;1061.79;3077.07;1057.72;3075.08;1073.83;10;0.83;stop
11331;1598.02;1109.38;1631.66;1107.09;1630.73;1093.37;1597.09;1095.66;10;0.8;stop
11362;3052.32;1092.8;3053.99;1077.53;3021.18;1073.95;3019.51;1089.22;10;0.82;stop
11396;2026.09;1773.68;2028.36;1738.49;2012.29;1737.45;2010.02;1772.64;10;0.82;move
11497;1903.09;892.77;1917.49;891.38;1914.79;863.35;1900.39;864.74;10;0.8;stop
11568;2018.64;1833.13;2022.42;1799.0;2006.61;1797.24;2002.83;1831.38;10;0.82;move
11611;1449.53;1143.02;1476.79;1140.25;1475.47;1127.23;1448.21;1130.0;10;0.75;move
11700;3112.63;1098.17;3114.49;1081.78;3079.09;1077.77;3077.23;1094.16;10;0.82;stop
11739;1932.82;281.5;1948.87;280.34;1946.08;241.63;1930.04;242.78;10;0.71;stop
11779;3130.36;1129.33;3132.75;1112.97;3095.58;1107.54;3093.19;1123.91;10;0.83;stop
11835;1895.53;742.79;1909.22;741.67;1906.97;714.08;1893.28;715.2;10;0.76;stop
11869;2600.52;1013.85;2607.16;986.09;2594.36;983.03;2587.72;1010.79;10;0.75;stop
11930;1764.43;61.55;1777.52;60.2;1774.82;34.07;1761.73;35.43;10;0.59;stop
11984;3154.41;1106.68;3156.48;1090.39;3123.09;1086.14;3121.02;1102.43;10;0.82;stop
11998;2768.09;28.59;2803.09;23.79;2800.89;7.74;2765.89;12.54;10;0.52;stop
12034;2112.18;1051.45;2112.76;1034.37;2077.32;1033.18;2076.74;1050.25;10;0.81;stop
12046;1890.89;701.23;1904.99;700.07;1902.61;671.27;1888.51;672.43;10;0.78;stop
12070;3740.9;148.64;3749.89;125.29;3738.47;120.89;3729.49;144.24;10;0.38;stop
12109;1717.34;1125.24;1747.79;1123.82;1747.15;1110.13;1716.7;1111.56;10;0.79;stop
12113;1885.78;657.59;1900.25;655.85;1896.94;628.29;1882.47;630.03;10;0.8;stop
12214;3163.84;1083.76;3165.98;1066.9;3128.66;1062.18;3126.52;1079.04;10;0.83;stop
12247;1882.62;914.48;1897.54;913.41;1895.13;879.89;1880.21;880.96;10;0.79;stop
12266;1559.31;1110.43;1589.2;1108.84;1588.44;1094.57;1558.55;1096.16;10;0.77;stop
12315;3459.32;1156.45;3462.48;1141.3;3431.3;1134.8;3428.15;1149.95;10;0.82;stop
12343;88.29;83.29;117.9;80.39;116.38;64.94;86.77;67.86;10;0.41;stop
12351;1881.19;607.92;1896.48;605.84;1892.06;573.33;1876.77;575.41;10;0.82;stop
12364;213.96;1072.7;214.04;1059.34;187.29;1059.18;187.21;1072.53;10;0.6;stop
12375;1908.41;510.58;1926.11;509.74;1924.09;467.04;1906.39;467.88;9;0.79;move
12386;1933.11;23.05;1944.64;22.53;1943.64;0.3;1932.11;0.82;10;0.46;stop
12397;3657.95;364.11;3667.8;333.97;3654.55;329.64;3644.7;359.78;10;0.4;stop
12487;1104.56;1143.06;1136.68;1141.85;1136.06;1125.68;1103.95;1126.9;10;0.77;move
12507;304.83;1684.49;330.71;1680.36;328.45;1666.14;302.57;1670.27;10;0.37;stop
12508;1610.81;1128.47;1646.09;1125.86;1644.94;1110.28;1609.66;1112.89;10;0.81;move
12616;540.64;1686.99;540.71;1675.96;518.74;1675.82;518.67;1686.85;10;0.45;stop
12623;33.12;80.2;38.56;70.52;18.91;59.48;13.47;69.17;10;0.48;stop
12683;2344.16;1067.97;2382.56;1065.85;2381.59;1048.16;2343.19;1050.28;10;0.78;stop
12692;1874.48;567.82;1890.45;565.15;1885.17;533.56;1869.21;536.23;10;0.77;stop
12756;2083.86;1094.14;2117.89;1093.64;2117.64;1077.11;2083.61;1077.61;10;0.78;stop
12767;1860.32;804.91;1876.05;803.22;1872.43;769.53;1856.7;771.21;10;0.74;stop
12776;2564.17;1059.78;2564.33;1045.42;2533.95;1045.09;2533.8;1059.45;10;0.59;stop
12851;2602.02;819.02;2616.39;818.0;2614.23;787.48;2599.86;788.5;10;0.44;stop
12870;1878.94;832.08;1894.91;830.63;1892.06;799.17;1876.09;800.62;10;0.8;stop
12896;1751.45;1169.24;1780.2;1168.59;1779.92;1156.13;1751.17;1156.78;10;0.62;stop
12897;1899.67;854.76;1913.92;853.71;1911.83;825.43;1897.58;826.48;10;0.81;stop
12922;3585.91;1251.84;3589.13;1236.74;3560.65;1230.66;3557.43;1245.76;10;0.5;stop
13006;1355.68;1153.1;1386.98;1150.88;1385.94;1136.27;1354.65;1138.49;10;0.77;move
13018;1895.1;784.12;1910.12;782.57;1907.02;752.63;1892.01;754.18;10;0.81;stop
13056;1876.35;793.61;1891.79;792.29;1888.93;758.89;1873.49;760.21;10;0.8;stop
13146;827.98;1145.19;828.11;1129.48;792.96;1129.19;792.82;1144.89;10;0.75;move
13156;992.12;1163.76;1052.16;1162.35;1051.63;1139.68;991.59;1141.09;9;0.77;move
13176;2594.71;975.41;2608.42;975.23;2608.04;944.97;2594.33;945.14;10;0.79;stop
13178;2639.74;492.35;2646.24;492.33;2646.2;477.96;2639.69;477.98;10;0.36;stop
13210;624.43;1253.82;655.14;1252.14;654.32;1237.12;623.61;1238.79;10;0.55;stop
13258;1980.27;563.04;1985.15;548.43;1954.88;538.34;1950.01;552.94;10;0.75;stop
13264;180.65;1072.22;181.11;1059.71;154.27;1058.72;153.81;1071.23;10;0.45;stop
13278;1872.29;751.85;1887.91;750.48;1885.21;719.65;1869.59;721.02;10;0.81;stop
13303;846.4;1147.6;876.42;1146.42;875.84;1131.65;845.82;1132.83;10;0.77;move
13319;2002.93;1903.6;2009.28;1874.67;1996.64;1871.9;1990.28;1900.83;10;0.76;move
13357;2050.91;1792.01;2051.19;1768.76;2039.59;1768.62;2039.31;1791.86;10;0.36;stop
13417;687.59;1146.15;721.86;1145.33;721.47;1129.17;687.21;1129.98;10;0.78;move
13480;1501.35;969.96;1503.95;938.14;1488.9;936.92;1486.3;968.73;10;0.43;stop
13492;721.43;1166.94;755.12;1164.88;754.19;1149.63;720.5;1151.69;10;0.78;move
13556;3643.28;396.67;3654.65;373.67;3642.97;367.9;3631.6;390.89;10;0.37;stop
13561;1979.95;1972.02;1991.44;1939.99;1977.8;1935.1;1966.31;1967.13;10;0.77;move
13568;649.09;1167.84;678.04;1164.77;676.54;1150.59;647.58;1153.67;10;0.79;move
13576;1841.24;753.91;1855.95;753.71;1855.51;721.53;1840.8;721.73;10;0.78;stop
13586;1874.49;711.64;1888.85;710.18;1886.01;682.24;1871.65;683.69;10;0.79;stop
13624;1963.15;1631.92;1985.51;1630.64;1982.41;1576.58;1960.06;1577.86;9;0.74;stop
13627;594.23;1148.85;625.75;1148.26;625.46;1133.03;593.94;1133.62;10;0.75;move
13700;2777.31;1118.48;2802.38;1118.37;2802.32;1105.64;2777.25;1105.76;10;0.79;move
13712;1854.03;715.35;1854.72;682.2;1840.09;681.9;1839.41;715.05;10;0.81;stop
13720;202.04;1638.38;203.11;1626.41;177.53;1624.12;176.46;1636.09;10;0.42;stop
13732;1918.9;348.09;1934.09;346.83;1931.32;313.41;1916.13;314.67;10;0.79;move
13767;236.58;1708.47;253.84;1694.96;228.65;1662.78;211.39;1676.29;10;0.39;stop
13779;3840.31;1306.38;3842.67;1290.68;3822.82;1287.68;3820.45;1303.39;10;0.55;stop
13856;1867.12;673.21;1882.9;672.09;1880.44;637.41;1864.67;638.53;10;0.8;stop
13862;1839.75;676.57;1855.8;675.39;1853.25;640.8;1837.2;641.99;10;0.82;stop
13909;198.23;1100.0;293.22;1096.98;292.55;1075.94;197.56;1078.96;9;0.74;stop
13924;347.83;1176.43;348.31;1156.48;291.54;1155.13;291.07;1175.08;9;0.66;stop
13927;3193.4;1110.01;3195.37;1094.41;3162.85;1090.3;3160.88;1105.9;10;0.79;stop
13937;3133.74;1609.07;3159.65;1582.99;3147.51;1570.93;3121.6;1597.01;9;0.38;stop
13946;45.96;1631.88;70.51;1630.12;69.47;1615.62;44.92;1617.38;10;0.38;stop
13951;3248.5;1095.66;3250.84;1078.11;3210.88;1072.77;3208.54;1090.33;10;0.79;stop
13983;1861.17;627.96;1875.6;626.2;1872.05;597.16;1857.62;598.93;10;0.79;stop
13988;700.32;1687.8;727.83;1687.7;727.78;1673.14;700.27;1673.23;10;0.36;stop
14019;1838.71;629.05;1853.39;627.92;1851.2;599.45;1836.52;600.58;10;0.79;stop
14020;552.32;1165.75;585.51;1162.55;583.93;1146.12;550.74;1149.32;10;0.74;move
14051;3737.05;851.26;3760.21;849.35;3759.2;837.17;3736.04;839.09;10;0.46;stop
14095;1857.58;587.56;1872.87;585.69;1869.17;555.44;1853.88;557.31;10;0.82;stop
14105;2650.89;1019.73;2652.35;1004.64;2639.52;1003.39;2638.05;1018.49;10;0.44;stop
14142;1526.51;1656.82;1527.14;1646.53;1503.12;1645.06;1502.49;1655.34;10;0.45;stop
14152;3302.43;1094.82;3303.48;1078.62;3269.44;1076.43;3268.4;1092.63;10;0.78;stop
14156;163.4;1093.63;196.11;1092.65;195.66;1077.62;162.95;1078.6;10;0.73;stop
14164;1832.15;554.76;1847.93;553.88;1846.22;522.99;1830.45;523.87;10;0.78;stop
14180;1838.62;593.59;1853.77;591.91;1850.16;559.53;1835.02;561.22;10;0.78;stop
14183;2031.78;1438.08;2049.81;1436.99;2047.1;1391.86;2029.06;1392.95;9;0.49;stop
14186;374.34;1148.61;406.16;1148.55;406.13;1132.33;374.31;1132.39;10;0.76;move
14205;903.54;1157.55;934.18;1157.12;933.96;1142.13;903.32;1142.57;10;0.79;move
14213;3258.74;1117.98;3260.77;1102.47;3228.76;1098.27;3226.73;1113.78;10;0.76;stop
14243;467.98;1165.97;501.53;1165.68;501.39;1149.66;467.85;1149.94;10;0.76;move
14271;1824.39;419.23;1838.74;418.51;1837.39;391.89;1823.04;392.62;10;0.72;stop
14290;1852.97;547.78;1868.82;546.65;1866.28;510.85;1850.43;511.97;10;0.78;stop
14299;3496.17;865.02;3505.26;830.76;3488.2;826.23;3479.11;860.49;10;0.82;move
14316;2903.65;11.97;2930.71;10.4;2929.95;-2.83;2902.88;-1.26;10;0.55;stop
14349;1968.81;1005.81;1974.68;960.81;1956.5;958.44;1950.63;1003.44;9;0.77;move
14363;1822.42;358.68;1836.77;357.53;1834.3;326.45;1819.94;327.59;10;0.8;stop
14390;3720.78;394.88;3752.9;391.11;3751.1;375.75;3718.98;379.51;10;0.71;stop
14393;2109.78;2098.49;2110.35;2081.06;2070.72;2079.76;2070.15;2097.19;10;0.42;stop
14401;271.74;1155.12;304.27;1153.42;303.42;1137.07;270.88;1138.77;10;0.67;move
14411;3523.48;1170.9;3527.0;1155.78;3495.58;1148.47;3492.06;1163.6;10;0.77;stop
14432;1849.36;510.62;1851.4;482.66;1837.27;481.63;1835.23;509.59;10;0.81;stop
14461;229.94;1148.41;259.51;1147.32;258.97;1132.53;229.4;1133.62;10;0.66;move
14488;1843.32;381.54;1858.4;381.26;1857.83;350.83;1842.75;351.12;10;0.77;stop
14509;3338.91;1104.49;3340.59;1089.87;3310.78;1086.45;3309.1;1101.07;10;0.8;stop
14531;1817.68;310.85;1832.83;309.72;1830.6;279.78;1815.45;280.91;10;0.77;stop
14570;2988.05;482.01;3021.2;478.48;3019.45;462.05;2986.3;465.58;10;0.64;move
14601;3298.35;1129.26;3300.25;1113.79;3265.09;1109.49;3263.19;1124.96;10;0.82;stop
14637;160.11;72.28;185.21;67.74;182.97;55.38;157.88;59.91;10;0.42;stop
14646;1816.24;264.86;1831.15;263.59;1828.67;234.64;1813.76;235.91;10;0.8;stop
14657;3366.23;1127.73;3367.33;1113.34;3336.89;1111.02;3335.8;1125.41;10;0.81;move
14659;187.7;68.74;219.38;64.93;217.76;51.49;186.09;55.3;10;0.39;stop
14677;3045.98;1342.18;3059.68;1327.15;3023.39;1294.07;3009.7;1309.1;10;0.62;stop
14701;1515.4;1110.57;1543.86;1109.74;1543.48;1096.68;1515.01;1097.51;10;0.79;stop
14710;2580.37;1370.64;2580.61;1337.66;2565.0;1337.54;2564.77;1370.53;10;0.35;stop
14718;2536.48;478.84;2553.44;475.27;2551.52;466.16;2534.56;469.73;10;0.39;stop
14727;3163.41;466.31;3199.89;463.11;3198.46;446.81;3161.98;450.01;10;0.8;move
14730;2146.85;1286.28;2196.78;1283.77;2195.83;1264.93;2145.91;1267.45;9;0.66;stop
14735;3033.15;1944.37;3046.2;1935.79;3029.66;1910.63;3016.61;1919.21;10;0.47;stop
14737;188.42;1168.99;222.59;1167.17;221.74;1151.32;187.57;1153.14;10;0.75;stop
14741;3424.28;1112.46;3426.64;1098.27;3397.9;1093.48;3395.54;1107.67;10;0.8;move
14743;1970.32;2022.13;1981.22;1995.59;1969.43;1990.75;1958.53;2017.28;10;0.74;move
14746;1063.6;1185.43;1096.84;1184.6;1096.4;1166.76;1063.16;1167.59;10;0.48;stop
14750;845.75;632.18;846.56;619.01;822.06;617.5;821.25;630.68;10;0.43;stop
14757;1813.8;216.28;1829.24;214.39;1825.48;183.66;1810.04;185.55;10;0.8;stop
14779;3687.82;419.41;3725.83;415.26;3724.05;399.02;3686.05;403.18;10;0.68;stop
14780;1024.17;1186.75;1064.3;1183.55;1062.7;1163.56;1022.58;1166.76;9;0.79;stop
14800;515.32;1147.33;547.02;1147.03;546.87;1131.73;515.17;1132.04;10;0.64;move
14831;3546.77;1156.59;3550.44;1141.62;3514.48;1132.79;3510.81;1147.75;10;0.76;move
14845;3533.5;1133.68;3536.32;1117.81;3501.5;1111.63;3498.68;1127.5;10;0.78;move
14862;92.88;1150.57;129.64;1149.84;129.31;1133.18;92.55;1133.91;10;0.63;stop
14875;1226.87;1478.49;1230.34;1449.55;1214.41;1447.64;1210.94;1476.58;10;0.36;stop
14879;1886.61;948.24;1901.41;946.81;1898.64;918.13;1883.84;919.56;10;0.54;stop
14890;98.38;1168.71;131.46;1167.41;130.84;1151.6;97.76;1152.9;10;0.65;stop
14891;3196.16;1084.79;3197.58;1071.08;3174.15;1068.65;3172.73;1082.35;10;0.6;stop
14896;1807.31;178.95;1822.34;178.01;1820.16;143.36;1805.12;144.31;10;0.79;stop
14900;3614.27;1174.52;3617.96;1157.6;3581.04;1149.55;3577.35;1166.46;10;0.8;move
14911;737.36;1651.26;737.67;1636.37;719.29;1635.99;718.98;1650.88;10;0.61;stop
14915;2746.74;1358.08;2769.82;1357.86;2769.39;1312.86;2746.31;1313.08;9;0.45;stop
14918;239.28;78.79;271.43;76.22;270.25;61.37;238.1;63.94;10;0.75;move
14940;1944.86;2083.53;1956.68;2053.65;1943.89;2048.59;1932.07;2078.47;10;0.74;move
14949;3648.78;1160.04;3652.65;1143.21;3616.85;1134.96;3612.97;1151.79;10;0.79;move
14961;2610.71;1999.4;2644.51;1978.8;2634.79;1962.85;2600.99;1983.45;10;0.38;stop
14963;278.34;1188.49;309.68;1188.06;309.48;1173.07;278.13;1173.51;10;0.63;stop
14983;1151.4;1653.38;1151.54;1640.29;1126.72;1640.03;1126.58;1653.11;10;0.38;stop
14989;1502.65;1174.43;1533.35;1173.03;1532.6;1156.57;1501.9;1157.97;10;0.43;stop
14990;3698.77;1193.46;3702.05;1178.44;3671.85;1171.86;3668.58;1186.87;10;0.8;move
15000;338.71;1074.32;365.24;1073.65;364.89;1059.43;338.35;1060.1;10;0.72;stop
15003;3755.18;393.66;3787.7;390.38;3786.08;374.16;3753.54;377.43;10;0.38;stop
15005;44.25;1152.35;75.2;1151.2;74.63;1136.09;43.69;1137.24;10;0.7;stop
15012;2033.54;1428.18;2048.78;1426.98;2045.71;1388.26;2030.47;1389.46;10;0.36;stop
15020;905.5;1184.55;933.93;1183.43;933.32;1167.82;904.88;1168.95;10;0.58;stop
15021;362.92;1023.35;380.52;1020.54;375.12;986.65;357.52;989.46;10;0.35;stop
15031;2039.29;1514.25;2052.33;1513.5;2050.83;1487.25;2037.79;1488.0;10;0.4;stop
15038;3749.84;1188.05;3753.4;1170.53;3712.66;1162.27;3709.1;1179.78;10;0.75;move
15055;2091.44;1608.5;2099.18;1591.22;2091.31;1574.12;2083.56;1591.41;10;0.4;stop
15061;2878.69;1299.65;2879.46;1283.29;2836.07;1281.29;2835.31;1297.64;10;0.36;stop
15069;3562.11;2111.47;3595.92;2095.11;3588.2;2079.16;3554.39;2095.51;10;0.58;stop
15070;2033.8;1892.25;2039.75;1851.98;2022.95;1849.5;2017.0;1889.77;9;0.51;stop
15076;1264.18;1126.37;1296.77;1122.96;1295.19;1107.88;1262.61;1111.29;10;0.74;move
15079;1920.15;2155.3;1936.61;2110.49;1918.82;2103.95;1902.36;2148.76;9;0.64;stop
15081;25.24;1170.85;61.99;1169.18;61.31;1154.15;24.55;1155.82;10;0.62;move
15082;1799.59;62.43;1814.24;61.17;1811.66;30.95;1797.01;32.2;10;0.8;move
15086;2643.15;1303.83;2643.28;1293.89;2625.97;1293.68;2625.85;1303.62;10;0.46;stop
15089;3247.25;1426.68;3255.25;1401.08;3239.94;1396.29;3231.93;1421.88;10;0.35;move
15094;3325.75;1004.26;3328.72;973.32;3314.82;971.99;3311.85;1002.93;10;0.38;stop
15095;1880.94;861.02;1894.06;859.99;1892.31;837.73;1879.19;838.76;10;0.37;stop
15099;3832.02;1227.77;3835.54;1212.5;3799.23;1204.11;3795.71;1219.38;10;0.76;move
15104;162.44;1151.3;186.47;1148.74;185.14;1136.2;161.11;1138.76;10;0.45;stop
15107;283.23;2150.01;294.3;2139.76;288.96;2117.49;277.89;2127.74;10;0.36;stop
15109;1919.64;2153.25;1934.89;2110.61;1918.86;2104.88;1903.61;2147.52;10;0.54;stop
15110;3134.04;1610.1;3160.36;1584.17;3148.15;1571.78;3121.83;1597.7;10;0.39;stop
15113;2347.0;1043.57;2382.78;1042.19;2382.13;1025.3;2346.35;1026.68;9;0.52;stop
15114;2159.73;1070.16;2159.96;1057.0;2149.77;1056.84;2149.54;1070.0;10;0.41;stop
15115;1687.76;1657.3;1688.56;1640.49;1679.9;1640.08;1679.1;1656.88;10;0.37;stop
