vehicle_id; veh_bb_x1; veh_bb_y1; veh_bb_x2; veh_bb_y2; veh_bb_x3; veh_bb_y3; veh_bb_x4; veh_bb_y4; det_class; conf_score; state
    48;    1907.02;     849.15;    1907.79;     822.97;    1895.10;     822.60;    1894.34;     848.78;       10;    0.84;   stop
  3255;    1961.75;    1389.55;    1963.86;    1360.87;    1951.47;    1359.95;    1949.35;    1388.63;       10;    0.84;   stop
    10;    1762.82;    2045.55;    1777.09;    2018.70;    1765.09;    2012.32;    1750.81;    2039.17;       10;    0.84;   stop
    12;    1989.89;     447.45;    1990.68;     420.29;    1978.17;     419.92;    1977.38;     447.09;       10;    0.83;   stop
   300;    2825.57;    1175.05;    2828.48;    1163.20;    2803.56;    1157.08;    2800.65;    1168.93;       10;    0.83;   stop
   153;    3078.65;    1403.14;    3091.16;    1374.57;    3078.10;    1368.86;    3065.59;    1397.43;       10;    0.83;   stop
    76;    1837.35;     315.25;    1837.77;     287.94;    1825.00;     287.75;    1824.58;     315.06;       10;    0.83;   stop
  3358;    1891.22;     397.98;    1891.74;     374.04;    1879.40;     373.77;    1878.89;     397.71;       10;    0.83;   stop
  1295;    1886.38;     931.21;    1887.30;     903.56;    1873.37;     903.10;    1872.45;     930.75;       10;    0.83;   stop
    89;     978.61;    1008.18;     978.87;     994.82;     952.73;     994.32;     952.48;    1007.68;       10;    0.83;   stop
  3298;    1127.29;    1107.42;    1127.77;    1094.00;    1102.46;    1093.08;    1101.98;    1106.50;       10;    0.83;   move
  3546;    2976.98;    1643.57;    2988.69;    1616.27;    2975.21;    1610.49;    2963.50;    1637.79;       10;    0.83;   move
     5;     814.30;    1555.65;     815.47;    1542.03;     791.64;    1539.98;     790.47;    1553.59;       10;    0.83;   stop
   155;    1867.53;     922.69;    1868.56;     894.11;    1855.10;     893.62;    1854.07;     922.20;       10;    0.83;   stop
    35;    1394.14;    1029.16;    1394.63;    1017.04;    1371.11;    1016.09;    1370.62;    1028.21;       10;    0.83;   stop
    81;    1981.54;    1380.63;    1984.20;    1353.20;    1971.71;    1351.99;    1969.05;    1379.42;       10;    0.83;   stop
    36;    2999.28;    1422.35;    3011.62;    1396.92;    2999.97;    1391.27;    2987.63;    1416.70;       10;    0.83;   stop
  1987;    2857.78;    1162.87;    2860.98;    1149.40;    2831.67;    1142.44;    2828.48;    1155.91;       10;    0.83;   move
    43;    1237.59;    1019.39;    1238.35;    1007.08;    1214.35;    1005.61;    1213.59;    1017.92;       10;    0.83;   stop
  2045;    1934.91;    1156.80;    1935.95;    1142.67;    1905.84;    1140.45;    1904.80;    1154.58;       10;    0.83;   move
   181;    3323.15;    1341.56;    3326.92;    1327.95;    3296.54;    1319.54;    3292.77;    1333.15;       10;    0.83;   move
  1627;    2744.96;    1141.13;    2747.39;    1126.88;    2714.29;    1121.25;    2711.86;    1135.49;       10;    0.83;   stop
  2575;    1696.58;    1125.40;    1697.66;    1112.30;    1669.42;    1109.98;    1668.34;    1123.07;       10;    0.83;   move
   641;    1905.85;     923.73;    1906.59;     891.24;    1891.50;     890.89;    1890.75;     923.39;       10;    0.83;   stop
    61;    2875.19;    1148.21;    2878.05;    1136.13;    2851.81;    1129.91;    2848.95;    1142.00;       10;    0.83;   stop
   422;    2792.14;    1167.75;    2794.70;    1154.88;    2768.87;    1149.75;    2766.31;    1162.62;       10;    0.83;   stop
  1821;    3097.13;    1235.63;    3100.55;    1222.31;    3072.09;    1215.00;    3068.67;    1228.31;       10;    0.83;   move
    53;    1910.60;    1590.65;    1913.14;    1543.50;    1894.15;    1542.48;    1891.61;    1589.63;        9;    0.83;   stop
    31;    1826.76;     343.62;    1839.20;     343.27;    1838.49;     317.88;    1826.05;     318.23;       10;    0.82;   stop
    97;    1669.84;    1045.18;    1671.02;    1032.77;    1646.66;    1030.45;    1645.48;    1042.85;       10;    0.82;   stop
  1248;    2610.81;    1121.13;    2612.02;    1108.93;    2586.31;    1106.37;    2585.10;    1118.57;       10;    0.82;   stop
   202;    1978.97;    1421.64;    1980.65;    1395.01;    1968.28;    1394.23;    1966.60;    1420.86;       10;    0.82;   stop
  2590;    3214.66;    1237.03;    3217.90;    1223.33;    3184.72;    1215.47;    3181.47;    1229.17;       10;    0.82;   move
    50;    1836.04;     254.56;    1837.00;     230.22;    1825.18;     229.75;    1824.22;     254.10;       10;    0.82;   stop
  3493;     989.28;    1098.41;     990.36;    1084.51;     960.72;    1082.21;     959.64;    1096.11;       10;    0.82;   move
  4035;    1620.27;    1100.64;    1620.79;    1088.60;    1594.98;    1087.49;    1594.46;    1099.53;       10;    0.82;   stop
   164;    2142.80;    1107.41;    2143.66;    1094.82;    2118.32;    1093.09;    2117.46;    1105.68;       10;    0.82;   stop
  3450;    3156.36;    1152.73;    3163.73;    1128.24;    3151.14;    1124.45;    3143.77;    1148.94;       10;    0.82;   stop
    73;    2712.92;    1927.01;    2742.67;    1914.54;    2736.20;    1899.11;    2706.46;    1911.59;       10;    0.82;   stop
    34;     724.64;     992.92;     725.07;     981.45;     700.36;     980.52;     699.93;     991.99;       10;    0.82;   stop
  3435;    1063.99;    1104.80;    1064.97;    1090.23;    1032.26;    1088.01;    1031.28;    1102.59;       10;    0.82;   move
  1188;    2572.22;    1118.06;    2573.29;    1104.79;    2547.28;    1102.69;    2546.21;    1115.96;       10;    0.82;   stop
  1916;    3182.92;    1251.27;    3185.80;    1236.92;    3152.71;    1230.29;    3149.83;    1244.64;       10;    0.82;   move
    72;    2744.79;    1914.57;    2770.31;    1902.65;    2763.96;    1889.05;    2738.44;    1900.97;       10;    0.82;   stop
  1982;    1867.69;     747.73;    1869.74;     720.26;    1856.53;     719.27;    1854.48;     746.74;       10;    0.82;   stop
  2446;     671.80;    1009.39;     672.37;     996.19;     644.45;     994.99;     643.88;    1008.19;       10;    0.82;   move
    42;    1011.70;    1008.01;    1012.11;     995.36;     985.17;     994.49;     984.76;    1007.14;       10;    0.82;   stop
    95;    2839.59;    1202.89;    2841.50;    1190.99;    2814.29;    1186.61;    2812.37;    1198.51;       10;    0.82;   move
    21;    3026.61;    1454.68;    3038.31;    1429.43;    3025.42;    1423.45;    3013.72;    1448.70;       10;    0.82;   stop
   121;    1992.50;      88.72;    1993.30;      64.12;    1981.00;      63.72;    1980.20;      88.32;       10;    0.82;   stop
  2179;    1885.57;     596.27;    1888.14;     564.75;    1874.18;     563.61;    1871.61;     595.13;       10;    0.82;   stop
  1058;    1959.61;     794.91;    1973.21;     794.81;    1973.02;     767.72;    1959.41;     767.82;       10;    0.82;   stop
    90;    1706.57;    1048.22;    1707.45;    1034.94;    1678.56;    1033.03;    1677.68;    1046.31;       10;    0.82;   stop
  3008;    1745.48;    1108.80;    1746.39;    1094.70;    1717.27;    1092.82;    1716.36;    1106.92;       10;    0.82;   stop
   172;    2210.16;    1092.13;    2210.90;    1079.50;    2185.41;    1077.99;    2184.66;    1090.63;       10;    0.82;   stop
  1237;    1780.36;    1109.79;    1780.93;    1097.52;    1755.28;    1096.33;    1754.71;    1108.61;       10;    0.82;   stop
   572;    2578.54;    1135.37;    2580.21;    1122.68;    2553.34;    1119.13;    2551.66;    1131.82;       10;    0.82;   stop
  3044;    1960.30;    1346.51;    1961.55;    1320.35;    1948.70;    1319.74;    1947.45;    1345.90;       10;    0.82;   stop
    57;    1849.78;     621.77;    1850.80;     595.99;    1837.97;     595.48;    1836.95;     621.26;       10;    0.82;   stop
   156;    1824.06;     282.72;    1836.19;     282.63;    1836.03;     259.53;    1823.90;     259.62;       10;    0.82;   stop
   391;    3037.36;    1498.44;    3048.45;    1470.90;    3036.14;    1465.94;    3025.05;    1493.48;       10;    0.82;   stop
  2546;    1869.13;     669.77;    1869.81;     641.19;    1855.75;     640.86;    1855.07;     669.43;       10;    0.82;   stop
   122;    1990.91;     338.16;    1992.02;     311.48;    1979.40;     310.96;    1978.29;     337.64;       10;    0.82;   stop
    13;     455.13;    1526.27;     456.74;    1512.42;     430.34;    1509.35;     428.73;    1523.20;       10;    0.82;   stop
   890;    2528.43;    1113.74;    2529.70;    1100.69;    2502.20;    1098.01;    2500.92;    1111.06;       10;    0.82;   stop
   104;    2704.90;    1117.21;    2706.46;    1103.38;    2677.85;    1100.16;    2676.29;    1114.00;       10;    0.82;   stop
    51;    2935.68;    1162.56;    2938.62;    1150.63;    2915.07;    1144.81;    2912.13;    1156.74;       10;    0.82;   stop
    63;    2804.43;    1252.16;    2807.23;    1240.07;    2781.43;    1234.09;    2778.63;    1246.18;       10;    0.82;   stop
    47;    2908.15;    1679.63;    2919.36;    1650.84;    2906.60;    1645.87;    2895.39;    1674.66;       10;    0.82;   stop
    59;     311.54;    1068.14;     312.48;    1055.15;     288.46;    1053.42;     287.52;    1066.41;       10;    0.82;   stop
   134;     910.63;    1003.70;     911.40;     991.43;     885.44;     989.80;     884.66;    1002.07;       10;    0.82;   stop
  2912;    1635.37;    1139.04;    1635.98;    1125.85;    1605.76;    1124.46;    1605.15;    1137.65;       10;    0.82;   move
  3412;    1956.30;    1426.30;    1958.09;    1397.12;    1945.20;    1396.33;    1943.41;    1425.51;       10;    0.82;   stop
    88;    1968.02;     374.75;    1981.65;     374.67;    1981.48;     346.37;    1967.85;     346.45;       10;    0.81;   stop
   171;    1356.90;    1144.65;    1357.92;    1128.37;    1313.85;    1125.60;    1312.83;    1141.88;        9;    0.81;   stop
    38;    2229.57;    1110.16;    2230.30;    1097.49;    2203.68;    1095.96;    2202.95;    1108.63;       10;    0.81;   stop
    65;    2438.63;    1563.97;    2440.35;    1539.59;    2428.87;    1538.78;    2427.15;    1563.16;       10;    0.81;   stop
   106;    1960.30;    1601.38;    1963.42;    1572.44;    1951.23;    1571.12;    1948.12;    1600.06;       10;    0.81;   stop
   193;    1850.92;     701.44;    1851.19;     670.05;    1836.83;     669.93;    1836.56;     701.32;       10;    0.81;   stop
   144;     694.19;     991.65;     694.75;     979.19;     668.93;     978.04;     668.38;     990.50;       10;    0.81;   stop
  2621;    1732.08;    1142.54;    1732.63;    1129.88;    1708.17;    1128.83;    1707.62;    1141.49;       10;    0.81;   move
    16;    2507.40;    1129.35;    2508.72;    1115.45;    2480.47;    1112.77;    2479.16;    1126.68;       10;    0.81;   stop
   120;    2618.03;    1138.29;    2619.39;    1126.06;    2591.47;    1122.96;    2590.11;    1135.19;       10;    0.81;   stop
    41;    2964.17;    1289.65;    2966.91;    1275.85;    2935.98;    1269.72;    2933.25;    1283.53;       10;    0.81;   stop
    19;    3007.75;    1489.50;    3021.24;    1466.39;    3010.07;    1459.87;    2996.58;    1482.98;       10;    0.81;   stop
    66;    1961.17;    1709.21;    1963.83;    1681.63;    1951.20;    1680.42;    1948.55;    1707.99;       10;    0.81;   stop
  1460;    3066.60;    1440.33;    3077.80;    1414.69;    3064.18;    1408.74;    3052.98;    1434.37;       10;    0.81;   stop
   169;    1846.47;     451.65;    1848.95;     422.38;    1836.78;     421.35;    1834.30;     450.62;       10;    0.81;   stop
   103;    1838.28;     552.27;    1839.09;     523.63;    1824.72;     523.23;    1823.91;     551.87;       10;    0.81;   stop
     9;     718.92;    1549.03;     720.42;    1536.26;     696.71;    1533.47;     695.20;    1546.24;       10;    0.81;   stop
   197;     879.40;    1000.62;     879.97;     988.40;     855.35;     987.25;     854.78;     999.47;       10;    0.81;   stop
    96;     866.32;    1107.97;     866.70;    1095.59;     840.31;    1094.78;     839.93;    1107.16;       10;    0.81;   stop
   182;    1843.75;     870.75;    1844.49;     845.22;    1832.38;     844.87;    1831.63;     870.40;       10;    0.81;   stop
  1774;    2806.72;    1149.63;    2808.99;    1137.74;    2784.16;    1132.99;    2781.89;    1144.89;       10;    0.81;   stop
   128;    2685.00;    1229.23;    2686.58;    1216.90;    2657.25;    1213.15;    2655.67;    1225.47;       10;    0.81;   stop
   101;    2634.90;    1324.84;    2635.72;    1312.83;    2609.48;    1311.04;    2608.66;    1323.04;       10;    0.81;   stop
   266;    2431.32;    1973.11;    2439.39;    1961.25;    2415.93;    1945.27;    2407.86;    1957.12;       10;    0.81;   stop
  3597;    1854.05;     408.49;    1868.10;     408.21;    1867.45;     375.63;    1853.40;     375.91;       10;    0.81;   stop
  2162;    1955.36;     620.70;    1956.10;     595.79;    1943.89;     595.42;    1943.15;     620.34;       10;    0.81;   move
    94;    1041.04;    1010.40;    1041.66;     999.00;    1018.28;     997.73;    1017.66;    1009.12;       10;    0.81;   stop
  2752;    1353.60;    1102.60;    1354.23;    1090.34;    1326.15;    1088.90;    1325.52;    1101.16;       10;    0.81;   move
    62;    2372.84;    1102.83;    2373.16;    1089.42;    2341.66;    1088.67;    2341.34;    1102.08;       10;    0.81;   stop
    70;    2509.55;    1210.17;    2510.31;    1197.73;    2485.07;    1196.20;    2484.32;    1208.64;       10;    0.81;   stop
   131;    3018.92;    1378.07;    3031.04;    1351.17;    3018.58;    1345.56;    3006.46;    1372.45;       10;    0.81;   stop
     3;    3100.50;    1393.85;    3112.95;    1363.65;    3099.00;    1357.90;    3086.55;    1388.10;       10;    0.81;   stop
    82;    1780.56;    2011.57;    1792.96;    1989.28;    1782.22;    1983.30;    1769.82;    2005.59;       10;    0.81;   stop
   213;    2682.41;    1938.13;    2710.82;    1927.21;    2705.05;    1912.19;    2676.64;    1923.10;       10;    0.81;   stop
  3738;    1865.90;     367.20;    1866.50;     337.31;    1853.35;     337.05;    1852.75;     366.94;       10;    0.81;   stop
  1564;    1868.03;     782.40;    1869.09;     754.86;    1855.72;     754.35;    1854.66;     781.89;       10;    0.81;   stop
  2913;    1870.40;     621.45;    1871.81;     590.82;    1857.76;     590.18;    1856.35;     620.80;       10;    0.81;   stop
   186;    1904.49;     959.37;    1904.90;     933.08;    1892.01;     932.88;    1891.60;     959.17;       10;    0.81;   stop
    54;    2746.40;    1363.89;    2747.95;    1350.68;    2719.60;    1347.36;    2718.05;    1360.57;       10;    0.81;   stop
    87;    2985.89;    1453.51;    2998.22;    1427.64;    2986.36;    1421.99;    2974.03;    1447.86;       10;    0.81;   stop
   226;    1837.96;      92.80;    1838.36;      67.14;    1826.16;      66.95;    1825.77;      92.61;       10;    0.81;   stop
   327;    1934.47;     631.30;    1935.10;     600.85;    1921.65;     600.57;    1921.02;     631.03;       10;    0.81;   move
   250;    1836.31;     731.81;    1836.72;     705.03;    1822.94;     704.81;    1822.53;     731.60;       10;    0.81;   stop
   804;    1933.57;     740.54;    1934.16;     713.22;    1921.99;     712.96;    1921.41;     740.28;       10;    0.81;   move
    93;    1870.11;     854.65;    1871.14;     828.83;    1859.18;     828.35;    1858.14;     854.17;       10;    0.81;   stop
   145;     901.76;    1111.05;     902.07;    1097.35;     876.68;    1096.76;     876.36;    1110.46;       10;    0.81;   stop
   147;    1205.63;    1019.68;    1206.49;    1006.14;    1176.00;    1004.19;    1175.14;    1017.74;       10;    0.81;   stop
  3213;    1376.81;    1123.50;    1377.18;    1111.53;    1352.44;    1110.75;    1352.07;    1122.72;       10;    0.81;   move
   418;    2091.42;    1103.76;    2092.58;    1091.52;    2064.51;    1088.87;    2063.35;    1101.10;       10;    0.81;   move
   236;    2411.34;    1202.31;    2412.00;    1189.73;    2385.29;    1188.31;    2384.62;    1200.90;       10;    0.81;   stop
   296;    1973.19;     462.12;    1973.58;     436.95;    1961.12;     436.76;    1960.73;     461.93;       10;    0.81;   stop
     6;     849.76;    1524.91;     850.97;    1511.17;     824.62;    1508.84;     823.40;    1522.58;       10;    0.81;   stop
   361;    2183.16;    1107.75;    2183.63;    1095.90;    2160.65;    1095.00;    2160.19;    1106.85;       10;    0.81;   stop
   115;    2604.16;    1218.58;    2605.19;    1205.89;    2576.09;    1203.55;    2575.06;    1216.23;       10;    0.81;   stop
    14;    2714.99;    1233.88;    2716.85;    1221.31;    2692.39;    1217.69;    2690.53;    1230.25;       10;    0.81;   stop
    74;    2146.22;    2081.99;    2153.85;    2068.05;    2127.28;    2053.51;    2119.65;    2067.45;       10;    0.81;   stop
    11;    3289.99;    1293.40;    3295.24;    1278.10;    3261.26;    1266.44;    3256.01;    1281.74;       10;    0.81;   stop
  3838;     856.07;    1090.52;     856.79;    1075.73;     824.87;    1074.16;     824.14;    1088.96;       10;    0.81;   move
   125;    2566.63;    1101.07;    2567.64;    1087.11;    2536.00;    1084.80;    2534.98;    1098.76;       10;    0.81;   stop
   902;    2263.92;    1170.45;    2264.76;    1157.88;    2237.40;    1156.05;    2236.56;    1168.62;       10;    0.81;   move
     4;    2589.91;    1185.95;    2590.86;    1172.09;    2557.72;    1169.80;    2556.76;    1183.66;       10;    0.81;   move
  1077;    2876.91;    1187.75;    2879.75;    1174.22;    2850.09;    1168.00;    2847.25;    1181.53;       10;    0.81;   stop
   230;    2343.84;    1199.37;    2344.53;    1185.99;    2315.53;    1184.50;    2314.84;    1197.88;       10;    0.81;   stop
   209;    1895.00;    1405.58;    1910.35;    1404.24;    1906.84;    1364.17;    1891.49;    1365.51;        9;    0.81;   stop
    80;    1167.66;    2092.59;    1182.55;    2091.08;    1179.84;    2064.29;    1164.95;    2065.80;       10;    0.81;   stop
   194;    1977.98;      81.75;    1978.92;      58.20;    1967.59;      57.75;    1966.65;      81.30;       10;    0.80;   stop
  3767;     899.50;    1079.73;     900.23;    1064.07;     865.82;    1062.46;     865.08;    1078.12;       10;    0.80;   move
   277;    1300.48;    1025.90;    1328.74;    1025.71;    1328.65;    1011.47;    1300.38;    1011.67;       10;    0.80;   stop
   187;    1423.77;    1030.41;    1424.09;    1017.71;    1398.85;    1017.09;    1398.54;    1029.79;       10;    0.80;   stop
   222;    2128.47;    1088.45;    2129.08;    1073.93;    2099.28;    1072.67;    2098.67;    1087.20;       10;    0.80;   stop
   114;    1871.79;    1185.04;    1878.18;    1169.38;    1837.33;    1152.71;    1830.94;    1168.37;        9;    0.80;   stop
  1943;    1965.08;    1274.30;    1965.84;    1224.60;    1947.67;    1224.32;    1946.91;    1274.03;        9;    0.80;   stop
    24;    2408.52;    1861.95;    2411.18;    1833.88;    2397.11;    1832.55;    2394.45;    1860.62;       10;    0.80;   stop
   493;    1896.07;    1870.16;    1908.02;    1838.54;    1894.25;    1833.34;    1882.30;    1864.96;       10;    0.80;   move
    58;    3706.77;    1455.16;    3711.09;    1440.31;    3678.85;    1430.93;    3674.53;    1445.79;       10;    0.80;   move
  3416;    1854.88;     525.19;    1867.77;     525.17;    1867.74;     500.81;    1854.86;     500.83;       10;    0.80;   stop
  4312;    1870.52;     105.14;    1870.73;      72.13;    1856.51;      72.04;    1856.30;     105.06;       10;    0.80;   move
   251;    1834.69;     762.76;    1835.66;     737.36;    1822.59;     736.86;    1821.62;     762.26;       10;    0.80;   stop
    64;     788.21;    1554.82;     789.49;    1541.32;     764.29;    1538.93;     763.01;    1552.43;       10;    0.80;   stop
  2536;    1844.91;    1147.76;    1845.66;    1135.14;    1821.93;    1133.74;    1821.19;    1146.36;       10;    0.80;   move
    15;     614.47;    1295.22;     616.96;    1280.34;     587.40;    1275.40;     584.91;    1290.28;       10;    0.80;   stop
   176;    1862.31;    1647.27;    1863.41;    1633.14;    1835.56;    1630.98;    1834.47;    1645.11;       10;    0.80;   stop
   139;    2443.18;    1533.52;    2445.13;    1508.36;    2432.20;    1507.35;    2430.24;    1532.52;       10;    0.80;   stop
    40;    2411.81;    1829.50;    2414.88;    1800.13;    2400.57;    1798.63;    2397.49;    1828.00;       10;    0.80;   stop
   502;    1938.77;     419.06;    1940.09;     390.43;    1926.73;     389.82;    1925.41;     418.44;       10;    0.80;   move
   132;    1837.29;     591.14;    1849.51;     591.06;    1849.33;     565.36;    1837.12;     565.44;       10;    0.80;   stop
   318;     771.58;    1019.41;     771.91;    1007.35;     748.79;    1006.72;     748.46;    1018.77;       10;    0.80;   move
   265;    1974.88;    1570.71;    1977.71;    1539.97;    1964.87;    1538.79;    1962.04;    1569.53;       10;    0.80;   stop
    27;    2407.14;    1103.70;    2407.67;    1089.97;    2380.48;    1088.92;    2379.95;    1102.66;       10;    0.80;   stop
   291;    2565.60;    1213.94;    2566.80;    1201.50;    2542.65;    1199.18;    2541.45;    1211.62;       10;    0.80;   stop
   200;    3000.77;    1543.69;    3009.73;    1520.69;    2998.48;    1516.31;    2989.52;    1539.31;       10;    0.80;   stop
   162;    3231.30;    1019.77;    3250.50;    1000.36;    3241.20;     991.16;    3222.00;    1010.58;       10;    0.80;   stop
   173;    3232.41;    1076.51;    3250.81;    1053.68;    3240.09;    1045.05;    3221.69;    1067.88;       10;    0.80;   stop
   119;    1794.06;    1986.66;    1808.33;    1960.41;    1796.94;    1954.21;    1782.67;    1980.47;       10;    0.80;   stop
    30;    1837.19;     179.89;    1838.88;     154.47;    1826.94;     153.68;    1825.24;     179.09;       10;    0.80;   stop
   246;    1986.18;     739.76;    1986.98;     710.73;    1973.82;     710.37;    1973.02;     739.39;       10;    0.80;   stop
   154;    1991.23;     126.10;    1991.75;      96.89;    1978.52;      96.65;    1978.00;     125.86;       10;    0.80;   stop
    77;     425.76;     976.92;     426.15;     964.45;     402.05;     963.71;     401.66;     976.18;       10;    0.80;   stop
    68;     346.08;    1481.95;     348.26;    1468.23;     319.54;    1463.68;     317.37;    1477.39;       10;    0.80;   stop
  3390;    1663.79;    1105.60;    1664.52;    1090.74;    1634.71;    1089.28;    1633.98;    1104.13;       10;    0.80;   stop
   253;    2308.40;    1081.54;    2309.13;    1068.82;    2281.23;    1067.21;    2280.49;    1079.93;       10;    0.80;   stop
   199;    2470.14;    1089.11;    2470.37;    1076.99;    2445.73;    1076.52;    2445.50;    1088.64;       10;    0.80;   stop
    91;    2769.88;    1127.70;    2772.40;    1113.91;    2744.50;    1108.80;    2741.97;    1122.59;       10;    0.80;   stop
   178;    1936.38;    1822.44;    1944.52;    1791.14;    1931.28;    1787.69;    1923.13;    1818.99;       10;    0.80;   stop
    33;    2759.68;    1859.78;    2789.44;    1844.11;    2782.12;    1830.22;    2752.36;    1845.89;       10;    0.80;   move
   168;    1489.14;      30.00;    1489.90;      17.23;    1461.73;      15.56;    1460.98;      28.34;       10;    0.80;   stop
   233;    1979.04;     532.18;    1980.88;     501.37;    1967.46;     500.57;    1965.62;     531.38;       10;    0.80;   stop
    84;    2244.16;    1094.22;    2245.05;    1082.17;    2221.15;    1080.41;    2220.27;    1092.45;       10;    0.80;   stop
  1510;    2691.71;    1133.12;    2694.08;    1118.56;    2662.91;    1113.50;    2660.55;    1128.06;       10;    0.80;   stop
   256;    1887.09;    1251.30;    1900.79;    1250.18;    1898.44;    1221.45;    1884.75;    1222.57;       10;    0.80;   stop
  2011;    1960.95;    1308.00;    1962.38;    1284.74;    1950.30;    1284.00;    1948.87;    1307.26;       10;    0.80;   stop
    45;    1177.90;    1739.16;    1179.86;    1712.82;    1165.85;    1711.78;    1163.89;    1738.12;       10;    0.80;   stop
   203;    2427.92;    1386.98;    2431.04;    1357.36;    2415.96;    1355.77;    2412.83;    1385.39;       10;    0.80;   stop
   204;    2651.24;    1949.90;    2676.31;    1941.32;    2671.94;    1928.54;    2646.87;    1937.12;       10;    0.80;   stop
  2425;    1867.40;     707.98;    1868.88;     678.66;    1856.35;     678.02;    1854.87;     707.34;       10;    0.80;   stop
   235;    1975.41;     837.41;    1987.08;     837.38;    1987.02;     814.09;    1975.36;     814.12;       10;    0.80;   stop
   205;      28.33;     961.68;      55.89;     959.32;      54.76;     946.13;      27.20;     948.49;       10;    0.80;   stop
   110;     575.16;    1015.90;     576.39;    1002.17;     548.90;     999.72;     547.67;    1013.45;       10;    0.80;   move
    83;    1887.54;     881.56;    1889.90;     852.51;    1877.46;     851.50;    1875.10;     880.55;       10;    0.80;   stop
   149;    1742.41;    2082.56;    1760.59;    2051.76;    1747.34;    2043.94;    1729.16;    2074.74;        9;    0.80;   stop
   295;    1831.45;     835.81;    1840.16;     811.75;    1829.30;     807.81;    1820.59;     831.88;       10;    0.80;   stop
   129;    2474.52;    1315.83;    2475.70;    1304.72;    2450.35;    1302.04;    2449.18;    1313.16;       10;    0.80;   stop
   124;     753.03;    1551.53;     753.76;    1537.97;     728.22;    1536.60;     727.49;    1550.16;       10;    0.80;   stop
    92;    1168.23;    2125.01;    1183.61;    2123.66;    1181.15;    2095.62;    1165.77;    2096.96;       10;    0.80;   stop
  3695;    3384.95;    1307.86;    3389.20;    1294.18;    3361.30;    1285.50;    3357.05;    1299.18;       10;    0.80;   move
  3989;    3436.49;    1308.25;    3441.39;    1293.44;    3406.32;    1281.83;    3401.42;    1296.64;       10;    0.80;   move
  2677;    1888.46;     556.98;    1890.22;     526.08;    1875.98;     525.27;    1874.22;     556.17;       10;    0.79;   stop
   310;    1967.89;     875.32;    1981.73;     874.20;    1979.36;     844.80;    1965.52;     845.92;       10;    0.79;   stop
    25;    2176.18;    1089.15;    2176.35;    1075.73;    2147.95;    1075.35;    2147.77;    1088.77;       10;    0.79;   stop
   177;    2557.15;    1316.73;    2557.22;    1304.69;    2530.85;    1304.52;    2530.78;    1316.56;       10;    0.79;   stop
   188;    2972.29;    1232.83;    2975.36;    1220.54;    2949.43;    1214.05;    2946.35;    1226.33;       10;    0.79;   move
   223;    1901.99;    1469.26;    1916.01;    1469.20;    1915.89;    1442.24;    1901.86;    1442.30;       10;    0.79;   stop
   133;    1984.78;     767.08;    1985.08;     743.95;    1972.97;     743.79;    1972.67;     766.92;       10;    0.79;   stop
   220;     750.72;    1131.93;     751.60;    1117.11;     720.22;    1115.26;     719.34;    1130.07;       10;    0.79;   stop
   198;    1354.12;    1035.65;    1354.74;    1023.28;    1329.01;    1021.97;    1328.38;    1034.35;       10;    0.79;   stop
   165;    2266.61;    1112.01;    2267.02;    1099.49;    2240.33;    1098.61;    2239.92;    1111.13;       10;    0.79;   stop
  1421;    2650.30;    1125.90;    2652.31;    1112.55;    2624.45;    1108.35;    2622.44;    1121.70;       10;    0.79;   stop
   118;    1819.37;    1956.95;    1831.46;    1934.33;    1821.13;    1928.80;    1809.04;    1951.42;       10;    0.79;   stop
   138;    2104.09;    2100.58;    2111.78;    2087.25;    2085.41;    2072.04;    2077.72;    2085.38;       10;    0.79;   stop
   215;    1870.98;     816.45;    1871.25;     791.32;    1858.02;     791.17;    1857.75;     816.31;       10;    0.79;   stop
   185;     845.35;    1558.67;     846.21;    1545.74;     821.34;    1544.08;     820.48;    1557.01;       10;    0.79;   stop
  3131;    2369.23;     648.57;    2369.46;     635.52;    2343.02;     635.05;    2342.79;     648.11;       10;    0.79;   move
   100;    2299.45;    1114.72;    2300.02;    1102.75;    2274.42;    1101.53;    2273.85;    1113.50;       10;    0.79;   stop
    29;    2546.09;    1132.48;    2547.38;    1117.94;    2517.16;    1115.27;    2515.87;    1129.81;       10;    0.79;   stop
   174;    2971.81;    1171.99;    2974.89;    1159.04;    2946.44;    1152.26;    2943.36;    1165.21;       10;    0.79;   stop
   170;    2408.16;    1186.39;    2409.16;    1172.54;    2380.59;    1170.48;    2379.59;    1184.33;       10;    0.79;   move
   273;    2299.46;    1196.32;    2300.25;    1183.68;    2272.16;    1181.93;    2271.38;    1194.57;       10;    0.79;   stop
   224;    2416.22;    1509.47;    2417.97;    1483.90;    2405.15;    1483.03;    2403.40;    1508.60;       10;    0.79;   stop
   130;    1712.01;    1599.44;    1712.95;    1584.99;    1685.33;    1583.18;    1684.38;    1597.64;       10;    0.79;   stop
   140;    1910.98;    1893.91;    1921.44;    1866.07;    1908.87;    1861.34;    1898.40;    1889.18;       10;    0.79;   stop
   242;    1982.56;     410.66;    1990.51;     384.97;    1978.75;     381.34;    1970.81;     407.03;       10;    0.79;   stop
   217;     629.52;     988.81;     630.37;     975.18;     601.42;     973.38;     600.57;     987.01;       10;    0.79;   stop
  2955;    1531.75;    1132.59;    1532.09;    1119.23;    1504.62;    1118.54;    1504.29;    1131.89;       10;    0.79;   move
   228;    1836.27;     959.60;    1837.17;     934.22;    1824.66;     933.77;    1823.77;     959.16;       10;    0.79;   stop
   195;    2495.80;    1186.18;    2496.90;    1173.08;    2468.45;    1170.69;    2467.35;    1183.80;       10;    0.79;   move
   267;    2746.26;    1161.42;    2748.60;    1147.14;    2717.25;    1142.02;    2714.92;    1156.30;       10;    0.79;   stop
  3315;    3084.05;    1444.33;    3096.72;    1416.84;    3084.70;    1411.30;    3072.03;    1438.78;       10;    0.79;   move
    79;    1177.12;    1768.64;    1178.26;    1743.86;    1164.75;    1743.24;    1163.61;    1768.01;       10;    0.79;   stop
   232;    2660.65;    1354.91;    2661.54;    1341.69;    2636.60;    1340.03;    2635.71;    1353.24;       10;    0.79;   stop
   261;    2404.73;    1897.21;    2408.07;    1867.48;    2394.14;    1865.91;    2390.80;    1895.64;       10;    0.79;   stop
    86;    2380.73;    2116.59;    2384.96;    2086.12;    2370.90;    2084.16;    2366.66;    2114.63;       10;    0.79;   stop
    17;    2045.44;    1081.38;    2047.64;    1068.39;    2021.62;    1064.00;    2019.43;    1076.99;       10;    0.79;   move
   111;    3115.21;    1278.32;    3117.62;    1264.84;    3088.79;    1259.68;    3086.38;    1273.16;       10;    0.79;   move
   137;     578.74;    1537.31;     580.11;    1522.33;     548.13;    1519.41;     546.76;    1534.39;       10;    0.79;   stop
   108;    3137.74;    1448.07;    3143.30;    1435.90;    3118.20;    1424.43;    3112.64;    1436.60;       10;    0.79;   stop
    60;     598.67;    1503.63;     599.84;    1491.30;     574.14;    1488.87;     572.97;    1501.20;       10;    0.79;   stop
   289;    2754.09;    1943.12;    2780.81;    1931.77;    2774.91;    1917.88;    2748.19;    1929.23;       10;    0.79;   stop
  3143;    1889.35;     434.27;    1889.97;     404.13;    1876.78;     403.86;    1876.15;     434.00;       10;    0.79;   stop
   116;     653.37;    1543.01;     654.54;    1530.43;     631.00;    1528.24;     629.83;    1540.82;       10;    0.79;   stop
  3931;     762.48;    1067.20;     763.24;    1053.92;     735.11;    1052.30;     734.34;    1065.58;       10;    0.79;   move
   163;    3344.91;    1024.83;    3348.40;    1010.83;    3316.97;    1002.98;    3313.47;    1016.98;       10;    0.79;   stop
   283;    2448.11;    1963.52;    2455.50;    1951.74;    2431.76;    1936.85;    2424.38;    1948.64;       10;    0.79;   stop
   107;    3571.75;    1442.30;    3576.37;    1428.18;    3546.68;    1418.48;    3542.07;    1432.60;       10;    0.79;   stop
  2264;    1905.40;     883.27;    1906.33;     857.57;    1893.63;     857.11;    1892.70;     882.81;       10;    0.79;   stop
   339;    1922.83;    1077.16;    1949.53;    1076.93;    1949.42;    1063.72;    1922.72;    1063.94;       10;    0.79;   move
   303;    2585.83;     630.77;    2613.86;     630.11;    2613.54;     616.57;    2585.51;     617.23;       10;    0.79;   stop
   166;    2491.02;    1109.74;    2492.26;    1097.80;    2467.60;    1095.26;    2466.37;    1107.20;       10;    0.79;   stop
   117;    1586.14;    1620.77;    1587.16;    1607.84;    1560.49;    1605.73;    1559.47;    1618.66;       10;    0.79;   stop
   112;    2016.41;    1099.31;    2017.24;    1085.92;    1991.02;    1084.31;    1990.20;    1097.70;       10;    0.78;   move
    46;    2708.01;    1155.12;    2710.30;    1141.55;    2680.37;    1136.50;    2678.08;    1150.07;       10;    0.78;   stop
   305;    3204.10;    1039.86;    3225.55;    1023.39;    3217.77;    1013.26;    3196.32;    1029.73;       10;    0.78;   stop
  4143;    3537.27;    1345.92;    3541.43;    1332.02;    3511.79;    1323.15;    3507.63;    1337.05;       10;    0.78;   move
   278;    1938.78;     328.34;    1938.99;     304.01;    1926.72;     303.91;    1926.51;     328.24;       10;    0.78;   move
   275;    1987.48;     478.52;    1988.05;     450.99;    1975.52;     450.73;    1974.95;     478.26;       10;    0.78;   stop
  3209;    1709.76;    1107.45;    1710.48;    1093.56;    1678.74;    1091.93;    1678.02;    1105.81;       10;    0.78;   stop
   271;     749.45;    1146.65;     750.35;    1133.41;     722.05;    1131.47;     721.15;    1144.72;       10;    0.78;   stop
  2137;    1981.62;    1238.12;    1982.14;    1213.53;    1969.38;    1213.26;    1968.86;    1237.84;       10;    0.78;   stop
  2088;    2961.02;    1186.02;    2963.62;    1173.45;    2934.73;    1167.48;    2932.13;    1180.05;       10;    0.78;   move
   280;    3212.76;    1108.16;    3230.83;    1079.24;    3218.49;    1071.53;    3200.42;    1100.45;       10;    0.78;   stop
  3977;    3147.10;    1115.98;    3160.47;    1115.95;    3160.40;    1086.20;    3147.03;    1086.23;       10;    0.78;   stop
   306;    2913.68;    1276.88;    2915.92;    1264.55;    2890.85;    1260.00;    2888.61;    1272.33;       10;    0.78;   stop
   299;    1709.74;    2124.96;    1724.38;    2100.57;    1713.08;    2093.79;    1698.45;    2118.18;       10;    0.78;   stop
    69;    3208.97;    1309.01;    3212.23;    1295.81;    3186.65;    1289.51;    3183.40;    1302.71;       10;    0.78;   move
  3454;    1901.72;     612.65;    1901.76;     583.24;    1887.28;     583.22;    1887.24;     612.63;       10;    0.78;   stop
  1443;    1894.32;     700.83;    1907.24;     700.30;    1906.12;     672.80;    1893.20;     673.32;       10;    0.78;   stop
   286;     771.10;    1153.97;     786.48;    1153.75;     786.09;    1126.03;     770.71;    1126.25;       10;    0.78;   stop
   370;    2229.49;    1191.37;    2230.41;    1179.71;    2207.13;    1177.88;    2206.22;    1189.54;       10;    0.78;   stop
   334;    2844.21;    1261.19;    2846.74;    1248.40;    2819.79;    1243.06;    2817.26;    1255.85;       10;    0.78;   stop
   211;    1165.25;    2059.02;    1180.72;    2057.93;    1178.50;    2026.60;    1163.03;    2027.70;       10;    0.78;   stop
   350;    2404.15;    1338.66;    2404.85;    1323.97;    2374.47;    1322.53;    2373.78;    1337.21;       10;    0.78;   stop
   150;    2425.75;    1688.94;    2430.18;    1656.51;    2415.88;    1654.56;    2411.45;    1686.99;       10;    0.78;   stop
   249;    1826.08;     122.66;    1838.54;     122.41;    1838.04;      98.40;    1825.58;      98.66;       10;    0.78;   stop
  3822;    1994.62;     643.75;    1995.93;     631.37;    1969.88;     628.63;    1968.57;     641.00;       10;    0.78;   stop
  1942;    1873.47;     805.45;    1887.37;     805.30;    1887.03;     772.93;    1873.13;     773.07;       10;    0.78;   stop
   143;    1887.83;     963.97;    1888.90;     935.51;    1876.04;     935.03;    1874.97;     963.49;       10;    0.78;   stop
   151;    2419.33;    1764.80;    2422.99;    1734.54;    2408.80;    1732.82;    2405.14;    1763.08;       10;    0.78;   stop
   386;    1844.81;    1887.76;    1854.00;    1860.81;    1840.59;    1856.24;    1831.41;    1883.19;       10;    0.78;   stop
   442;    1946.65;     219.16;    1958.15;     219.15;    1958.13;     194.84;    1946.63;     194.85;       10;    0.78;   move
    32;    1894.24;     741.44;    1907.75;     741.16;    1907.04;     707.56;    1893.53;     707.84;       10;    0.78;   stop
    28;    2124.07;    2090.63;    2131.99;    2077.85;    2107.81;    2062.87;    2099.89;    2075.65;       10;    0.78;   stop
   192;    3606.32;    1456.63;    3611.67;    1441.93;    3578.68;    1429.93;    3573.33;    1444.63;       10;    0.78;   stop
  4043;    1939.86;     114.61;    1940.94;      89.00;    1927.89;      88.45;    1926.81;     114.06;       10;    0.78;   move
   379;    1979.67;     161.67;    1992.23;     161.37;    1991.58;     133.64;    1979.02;     133.94;       10;    0.78;   stop
    52;    2441.40;    1104.00;    2442.00;    1090.95;    2415.98;    1089.75;    2415.38;    1102.80;       10;    0.78;   stop
   105;    1173.53;    1799.29;    1175.76;    1772.66;    1161.41;    1771.46;    1159.18;    1798.09;       10;    0.78;   stop
  3190;    1893.29;     666.97;    1906.38;     665.93;    1904.33;     640.28;    1891.24;     641.32;       10;    0.78;   stop
   348;    1400.52;    1145.24;    1400.76;    1132.28;    1373.73;    1131.76;    1373.49;    1144.72;       10;    0.78;   stop
  1775;    2008.90;    1159.23;    2009.79;    1144.44;    1978.10;    1142.52;    1977.21;    1157.31;       10;    0.78;   move
   437;    1883.31;    1217.43;    1895.74;    1215.62;    1892.19;    1191.20;    1879.76;    1193.00;       10;    0.78;   stop
    85;    2227.61;    2051.37;    2234.08;    2037.74;    2206.20;    2024.50;    2199.73;    2038.13;       10;    0.78;   stop
   344;    1840.12;      34.69;    1841.71;       5.98;    1828.50;       5.25;    1826.92;      33.96;       10;    0.77;   stop
  3613;     954.13;    1024.23;     954.36;    1012.47;     931.94;    1012.02;     931.70;    1023.78;       10;    0.77;   move
  3813;    3354.65;    1275.06;    3359.20;    1261.07;    3326.91;    1250.56;    3322.36;    1264.56;       10;    0.77;   move
   292;    2360.24;    1335.22;    2360.88;    1322.23;    2334.01;    1320.91;    2333.38;    1333.90;       10;    0.77;   stop
   510;    2470.44;    1126.00;    2471.84;    1111.74;    2436.44;    1108.25;    2435.03;    1122.51;        9;    0.77;   stop
   231;     361.17;    1643.64;     362.13;    1613.75;     346.17;    1613.23;     345.21;    1643.13;       10;    0.77;   stop
   293;    2741.66;    1975.32;    2754.97;    1967.42;    2737.84;    1938.55;    2724.53;    1946.45;       10;    0.77;   stop
   219;     860.11;    1033.10;     860.81;    1019.29;     830.91;    1017.77;     830.21;    1031.59;       10;    0.77;   move
  1474;    2380.62;    1119.48;    2381.05;    1106.68;    2354.13;    1105.77;    2353.70;    1118.57;       10;    0.77;   stop
   360;    2446.15;    1204.30;    2446.95;    1192.57;    2421.35;    1190.82;    2420.55;    1202.55;       10;    0.77;   stop
   372;    2211.08;    2124.67;    2239.90;    2114.75;    2235.11;    2100.83;    2206.29;    2110.75;       10;    0.77;   stop
   290;    1453.28;      27.32;    1454.21;      15.12;    1428.97;      13.18;    1428.04;      25.38;       10;    0.77;   stop
   227;    1826.36;     374.51;    1839.58;     374.15;    1838.89;     348.86;    1825.67;     349.22;       10;    0.77;   stop
   346;    1968.67;     176.21;    1980.97;     174.87;    1978.01;     147.79;    1965.71;     149.13;       10;    0.77;   stop
   123;    1907.22;     819.17;    1908.06;     788.82;    1894.90;     788.46;    1894.06;     818.80;       10;    0.77;   stop
   393;    1602.88;    1154.42;    1603.70;    1142.18;    1579.74;    1140.58;    1578.92;    1152.82;       10;    0.77;   stop
   258;    1266.59;    1560.16;    1267.02;    1548.05;    1239.91;    1547.09;    1239.48;    1559.20;       10;    0.77;   stop
    26;    2327.16;    1098.13;    2327.79;    1085.63;    2302.97;    1084.37;    2302.33;    1096.87;       10;    0.77;   stop
  1603;    2170.96;    1166.61;    2171.79;    1154.88;    2147.54;    1153.14;    2146.71;    1164.87;       10;    0.77;   move
   353;    1979.01;    1490.86;    1980.16;    1466.20;    1968.24;    1465.64;    1967.09;    1490.30;       10;    0.77;   stop
   262;    2200.45;    2060.10;    2209.38;    2048.77;    2188.92;    2032.65;    2179.99;    2043.98;       10;    0.77;   stop
  2210;    2621.78;    1358.41;    2623.29;    1345.78;    2597.85;    1342.72;    2596.33;    1355.35;       10;    0.77;   stop
   152;    2178.27;    2140.24;    2206.75;    2126.87;    2200.42;    2113.38;    2171.94;    2126.76;       10;    0.77;   stop
   243;    3574.64;    1414.27;    3579.05;    1399.95;    3547.54;    1390.26;    3543.14;    1404.58;       10;    0.77;   move
   323;    3151.99;    1425.10;    3154.33;    1411.13;    3124.57;    1406.15;    3122.23;    1420.12;       10;    0.77;   stop
   341;    1473.30;    1577.31;    1474.46;    1565.17;    1447.20;    1562.57;    1446.04;    1574.71;       10;    0.77;   stop
   400;    2354.05;    1307.87;    2354.63;    1294.28;    2327.83;    1293.13;    2327.25;    1306.72;       10;    0.77;   stop
  3322;    1871.08;     566.86;    1871.45;     538.07;    1858.30;     537.89;    1857.92;     566.68;       10;    0.77;   stop
  4037;     577.23;    1060.66;     578.37;    1047.33;     550.58;    1044.96;     549.44;    1058.29;       10;    0.77;   move
   308;    2327.33;    1332.43;    2327.64;    1318.69;    2300.55;    1318.07;    2300.23;    1331.81;       10;    0.77;   stop
   196;     752.55;    1516.66;     754.03;    1504.93;     731.52;    1502.09;     730.03;    1513.82;       10;    0.76;   stop
   270;     277.12;    1066.17;     278.28;    1052.08;     250.22;    1049.77;     249.06;    1063.86;       10;    0.76;   stop
   184;     363.44;    2044.87;     363.92;    2011.94;     347.18;    2011.70;     346.70;    2044.62;       10;    0.76;   stop
   191;    1778.34;    2158.23;    1793.86;    2129.92;    1782.19;    2123.52;    1766.67;    2151.83;       10;    0.76;   stop
   411;    1838.76;      64.94;    1839.59;      42.38;    1827.61;      41.94;    1826.78;      64.49;       10;    0.76;   stop
   297;     643.50;    1091.64;     643.68;    1079.04;     618.37;    1078.67;     618.19;    1091.27;       10;    0.76;   stop
   434;    1207.37;    1133.83;    1208.18;    1119.94;    1182.13;    1118.42;    1181.32;    1132.31;       10;    0.76;   stop
   328;    2527.26;     738.73;    2528.25;     710.13;    2515.74;     709.70;    2514.75;     738.30;       10;    0.76;   stop
   369;    2095.30;    1326.84;    2126.40;    1324.62;    2125.33;    1309.59;    2094.22;    1311.82;       10;    0.76;   stop
   212;    2287.30;    2094.15;    2293.17;    2080.66;    2267.45;    2069.47;    2261.58;    2082.96;       10;    0.76;   stop
   380;    1745.27;     620.52;    1747.30;     606.72;    1717.59;     602.36;    1715.57;     616.16;       10;    0.76;   stop
  1753;    1889.37;     844.79;    1890.14;     818.33;    1877.60;     817.96;    1876.83;     844.42;       10;    0.76;   stop
   237;    3445.84;    1066.14;    3446.23;    1053.40;    3420.41;    1052.61;    3420.02;    1065.35;       10;    0.76;   stop
   429;    3167.71;    1054.19;    3195.39;    1045.41;    3191.35;    1032.69;    3163.68;    1041.46;       10;    0.76;   stop
   146;     608.83;    1314.11;     611.76;    1297.98;     580.86;    1292.38;     577.93;    1308.50;       10;    0.76;   stop
   239;     361.01;    1712.57;     362.71;    1684.94;     347.27;    1683.99;     345.57;    1711.62;       10;    0.76;   stop
  3154;    1199.81;    1094.63;    1200.14;    1081.86;    1171.12;    1081.12;    1170.80;    1093.89;       10;    0.76;   move
   333;     769.78;    1155.08;     770.71;    1128.01;     757.48;    1127.55;     756.54;    1154.62;       10;    0.76;   stop
   349;    2451.83;     630.68;    2451.98;     618.37;    2428.04;     618.07;    2427.89;     630.38;       10;    0.76;   stop
  3527;    3284.17;    1255.05;    3289.06;    1240.44;    3255.83;    1229.32;    3250.94;    1243.93;       10;    0.76;   move
   238;    3501.07;    1066.88;    3531.18;    1066.74;    3531.12;    1052.81;    3501.00;    1052.95;       10;    0.76;   stop
   531;    1471.58;    1147.13;    1471.93;    1135.08;    1447.79;    1134.37;    1447.44;    1146.42;       10;    0.76;   stop
   340;    2527.89;     702.87;    2528.11;     678.74;    2516.23;     678.63;    2516.01;     702.76;       10;    0.76;   stop
   320;    3499.20;    1029.70;    3499.47;    1017.45;    3472.99;    1016.87;    3472.72;    1029.11;       10;    0.76;   stop
   284;     502.23;     980.35;     502.94;     967.34;     476.52;     965.90;     475.81;     978.91;       10;    0.76;   stop
   136;     200.14;    1458.13;     201.74;    1445.75;     176.50;    1442.50;     174.91;    1454.88;       10;    0.76;   stop
  3773;     362.51;    1519.24;     379.75;    1519.11;     379.52;    1488.26;     362.28;    1488.39;       10;    0.76;   move
   264;    1139.27;     639.37;    1141.04;     626.57;    1116.35;     623.16;    1114.58;     635.96;       10;    0.76;   stop
   459;    1412.73;    1146.03;    1435.91;    1145.77;    1435.77;    1133.22;    1412.59;    1133.48;       10;    0.76;   stop
   754;    2338.86;    1117.60;    2339.42;    1105.34;    2316.01;    1104.28;    2315.46;    1116.54;       10;    0.76;   stop
   240;    2414.22;    1795.43;    2417.38;    1768.93;    2404.91;    1767.45;    2401.74;    1793.94;       10;    0.76;   stop
   269;     364.06;     969.13;     365.11;     956.69;     340.47;     954.62;     339.42;     967.06;       10;    0.75;   stop
   322;    2538.35;    1924.31;    2547.70;    1913.04;    2526.02;    1895.07;    2516.68;    1906.33;       10;    0.75;   stop
   324;    2123.45;     233.78;    2123.48;     221.92;    2097.55;     221.84;    2097.52;     233.71;       10;    0.75;   stop
   404;    1359.18;    1023.73;    1360.50;    1011.85;    1336.32;    1009.15;    1335.00;    1021.03;       10;    0.75;   stop
   392;    1496.36;    1035.07;    1497.43;    1022.41;    1472.51;    1020.31;    1471.44;    1032.96;       10;    0.75;   stop
   189;    3386.39;     870.44;    3399.83;     843.63;    3386.11;     836.75;    3372.67;     863.55;       10;    0.75;   stop
   287;    3540.55;    1067.59;    3570.51;    1067.32;    3570.38;    1053.97;    3540.43;    1054.25;       10;    0.75;   stop
   313;     727.52;    1514.20;     728.53;    1502.92;     704.98;    1500.80;     703.97;    1512.08;       10;    0.75;   stop
  1112;    1942.30;     869.31;    1942.77;     830.78;    1925.45;     830.57;    1924.98;     869.10;        9;    0.75;   move
   403;    1177.93;    1131.09;    1178.59;    1118.02;    1151.94;    1116.66;    1151.28;    1129.73;       10;    0.75;   stop
  2782;    1570.32;    1096.02;    1570.47;    1083.43;    1542.55;    1083.11;    1542.41;    1095.69;       10;    0.75;   move
   415;    2772.10;    1246.30;    2775.25;    1230.97;    2742.27;    1224.20;    2739.13;    1239.53;        9;    0.75;   stop
   367;    2063.02;    1327.06;    2091.93;    1323.95;    2090.48;    1310.51;    2061.57;    1313.61;       10;    0.75;   stop
   225;    2847.71;    1861.36;    2875.38;    1838.44;    2863.54;    1824.14;    2835.87;    1847.06;        9;    0.75;   stop
   474;    2565.92;    1912.34;    2572.33;    1900.64;    2549.08;    1887.91;    2542.67;    1899.61;       10;    0.75;   stop
   216;     150.88;     964.67;     177.04;     964.61;     177.01;     950.64;     150.85;     950.70;       10;    0.75;   stop
   488;    1503.97;    1149.01;    1504.27;    1135.32;    1478.41;    1134.74;    1478.10;    1148.43;       10;    0.75;   stop
   425;    2650.98;    1227.35;    2652.62;    1211.80;    2619.27;    1208.28;    2617.63;    1223.83;        9;    0.75;   stop
   248;    1879.28;    1781.30;    1885.52;    1753.21;    1871.38;    1750.07;    1865.14;    1778.16;       10;    0.75;   stop
   398;    2258.01;    1192.30;    2258.32;    1180.92;    2236.55;    1180.32;    2236.24;    1191.70;       10;    0.75;   stop
   399;    2788.51;    1378.47;    2793.25;    1364.20;    2762.99;    1354.16;    2758.25;    1368.42;       10;    0.75;   stop
   377;    1680.85;    1632.21;    1682.77;    1619.31;    1658.15;    1615.66;    1656.23;    1628.56;       10;    0.75;   stop
   126;    3023.29;    1595.82;    3038.06;    1566.68;    3023.59;    1559.34;    3008.81;    1588.47;       10;    0.75;   stop
  3879;     833.38;    1070.08;     833.69;    1057.96;     807.43;    1057.29;     807.13;    1069.42;       10;    0.75;   move
   355;    2528.06;     783.87;    2529.39;     759.16;    2517.19;     758.50;    2515.86;     783.22;       10;    0.75;   stop
    99;    2291.09;    1095.42;    2291.84;    1084.16;    2268.16;    1082.58;    2267.41;    1093.84;       10;    0.75;   stop
   337;    3435.45;    1401.69;    3440.01;    1387.68;    3407.36;    1377.06;    3402.80;    1391.07;       10;    0.74;   stop
   374;     749.82;     950.60;     754.39;     922.88;     741.96;     920.84;     737.40;     948.55;       10;    0.74;   stop
   332;     818.73;     933.56;     819.00;     921.64;     791.43;     921.00;     791.15;     932.93;       10;    0.74;   stop
   438;    2621.43;     629.60;    2649.48;     628.18;    2648.82;     615.21;    2620.77;     616.63;       10;    0.74;   stop
   336;    2739.14;    1843.72;    2746.15;    1832.28;    2721.57;    1817.22;    2714.56;    1828.66;       10;    0.74;   stop
   365;    2708.52;    1357.19;    2709.75;    1342.60;    2678.73;    1340.00;    2677.50;    1354.59;       10;    0.74;   stop
   408;    2527.87;     605.62;    2528.45;     580.70;    2516.25;     580.42;    2515.68;     605.33;       10;    0.74;   stop
   319;    3377.08;    1028.87;    3377.84;    1016.37;    3353.23;    1014.88;    3352.47;    1027.38;       10;    0.74;   stop
   596;    1944.60;     505.85;    1957.42;     505.58;    1956.90;     480.78;    1944.08;     481.05;       10;    0.74;   move
   466;     851.78;     968.47;     853.74;     940.45;     840.50;     939.53;     838.54;     967.55;       10;    0.74;   stop
   432;    2358.04;     628.60;    2382.47;     628.31;    2382.33;     616.78;    2357.90;     617.07;       10;    0.74;   stop
   390;    2352.25;    2006.38;    2381.77;    1996.77;    2376.87;    1981.74;    2347.36;    1991.36;       10;    0.74;   stop
   285;    1084.87;    1123.65;    1085.38;    1110.45;    1060.13;    1109.48;    1059.62;    1122.68;       10;    0.74;   stop
   470;    1982.36;     980.36;    1982.78;     951.47;    1968.64;     951.26;    1968.22;     980.16;       10;    0.74;   stop
   550;     794.48;     991.91;     795.05;     980.20;     772.30;     979.09;     771.72;     990.80;       10;    0.74;   stop
   427;    2178.69;    2069.42;    2190.13;    2059.52;    2172.44;    2039.08;    2160.99;    2048.98;       10;    0.74;   stop
  4269;    3707.23;    1412.16;    3712.27;    1396.58;    3674.64;    1384.40;    3669.60;    1399.98;        9;    0.74;   move
   109;    1908.50;     782.03;    1908.62;     755.91;    1896.25;     755.85;    1896.13;     781.97;       10;    0.73;   stop
   342;    1927.64;    2064.99;    1929.12;    2036.34;    1915.36;    2035.63;    1913.88;    2064.28;       10;    0.73;   stop
   312;    1417.68;      27.01;    1418.31;      13.19;    1388.07;      11.80;    1387.44;      25.62;       10;    0.73;   stop
   441;    2160.67;     627.78;    2189.56;     627.27;    2189.33;     614.22;    2160.44;     614.73;       10;    0.73;   stop
   417;    2549.73;     631.71;    2579.63;     629.92;    2578.77;     615.64;    2548.87;     617.43;       10;    0.73;   stop
   210;     777.59;    1875.02;     778.62;    1848.33;     764.59;    1847.79;     763.57;    1874.49;       10;    0.73;   stop
   321;    2391.14;    1757.29;    2395.02;    1726.38;    2380.74;    1724.59;    2376.85;    1755.49;       10;    0.73;   stop
   326;     512.15;    1004.15;     512.78;     991.15;     487.23;     989.91;     486.60;    1002.92;       10;    0.73;   move
   473;    3257.84;     994.91;    3275.11;     973.23;    3265.29;     965.40;    3248.01;     987.08;       10;    0.73;   stop
   259;    1279.81;    1596.53;    1281.48;    1583.82;    1255.94;    1580.47;    1254.27;    1593.18;       10;    0.73;   stop
   426;    1304.24;    1562.20;    1304.80;    1550.70;    1281.01;    1549.55;    1280.45;    1561.05;       10;    0.73;   stop
   507;    2522.26;    1934.42;    2531.08;    1921.44;    2503.86;    1902.95;    2495.04;    1915.93;       10;    0.73;   stop
   241;    2334.07;    2016.24;    2341.27;    2003.55;    2315.18;    1988.76;    2307.98;    2001.45;       10;    0.73;   stop
   525;       0.10;     962.64;      22.42;     961.64;      21.81;     947.99;      -0.51;     948.98;       10;    0.73;   stop
  2204;    2395.41;    1120.36;    2422.62;    1120.30;    2422.59;    1106.02;    2395.38;    1106.08;       10;    0.73;   stop
   396;    2411.64;    1542.77;    2412.63;    1517.12;    2400.73;    1516.67;    2399.75;    1542.31;       10;    0.73;   stop
   207;     542.92;    1533.70;     544.22;    1521.21;     521.15;    1518.80;     519.84;    1531.29;       10;    0.73;   stop
   214;    1857.97;     957.37;    1861.63;     929.80;    1849.09;     928.13;    1845.43;     955.70;       10;    0.73;   stop
   457;    2418.93;     630.92;    2419.31;     617.78;    2391.19;     616.98;    2390.82;     630.13;       10;    0.72;   stop
   430;     687.90;    1545.77;     688.76;    1532.35;     662.10;    1530.63;     661.24;    1544.05;       10;    0.72;   stop
   314;     794.67;    1875.14;     794.76;    1845.84;     779.39;    1845.80;     779.30;    1875.09;       10;    0.72;   stop
   330;    2166.34;    2077.69;    2177.10;    2067.43;    2156.10;    2045.43;    2145.34;    2055.70;       10;    0.72;   stop
   364;    2064.37;    2116.30;    2072.46;    2104.78;    2049.95;    2088.95;    2041.85;    2100.47;       10;    0.72;   stop
   481;    2953.80;    1740.95;    2964.37;    1717.01;    2950.58;    1710.93;    2940.01;    1734.86;       10;    0.72;   stop
   653;     278.99;     947.37;     285.00;     918.90;     270.85;     915.92;     264.85;     944.38;       10;    0.72;   stop
  1795;    2158.56;    1089.35;    2159.27;    1074.57;    2147.94;    1074.02;    2147.23;    1088.81;       10;    0.72;   stop
   234;    2529.40;     575.79;    2529.74;     553.33;    2518.10;     553.15;    2517.76;     575.61;       10;    0.72;   stop
   307;     761.85;    1873.53;     762.56;    1846.10;     748.22;    1845.72;     747.50;    1873.15;       10;    0.72;   stop
   453;    2127.53;     629.14;    2154.17;     628.46;    2153.84;     615.67;    2127.20;     616.36;       10;    0.72;   stop
   388;    3342.09;    1156.15;    3359.55;    1134.25;    3348.85;    1125.72;    3331.39;    1147.63;       10;    0.72;   stop
   421;     362.81;    1758.53;     362.81;    1726.16;     347.34;    1726.16;     347.34;    1758.53;       10;    0.72;   stop
  3539;    1866.76;     459.50;    1867.08;     429.40;    1852.96;     429.25;    1852.64;     459.35;       10;    0.72;   stop
   378;    2422.91;    1722.73;    2425.99;    1695.34;    2413.09;    1693.89;    2410.01;    1721.28;       10;    0.72;   stop
   475;    2094.14;     628.61;    2120.33;     628.19;    2120.11;     614.51;    2093.92;     614.94;       10;    0.72;   stop
   435;    1336.94;    1565.13;    1338.35;    1553.97;    1315.81;    1551.12;    1314.40;    1562.28;       10;    0.72;   stop
   489;    3178.44;    1160.36;    3194.22;    1136.91;    3182.50;    1129.01;    3166.71;    1152.47;       10;    0.72;   stop
   407;     330.67;    1071.61;     359.70;    1070.86;     359.33;    1056.51;     330.30;    1057.26;       10;    0.71;   stop
   477;    1309.45;    1597.31;    1310.27;    1585.85;    1287.05;    1584.19;    1286.23;    1595.65;       10;    0.71;   stop
   544;    2329.18;     629.17;    2354.03;     628.72;    2353.82;     617.05;    2328.97;     617.50;       10;    0.71;   stop
   513;    2520.80;    1070.82;    2533.84;    1069.01;    2530.07;    1041.93;    2517.04;    1043.74;       10;    0.71;   stop
   351;    1750.54;    1603.02;    1752.19;    1591.10;    1725.97;    1587.48;    1724.32;    1599.40;       10;    0.71;   stop
  2022;    3059.22;    1522.06;    3069.03;    1498.03;    3056.56;    1492.94;    3046.75;    1516.97;       10;    0.71;   stop
   553;    2514.90;    1994.16;    2546.77;    1983.40;    2541.60;    1968.09;    2509.73;    1978.85;       10;    0.71;   stop
   423;    2092.79;     233.55;    2092.94;     221.84;    2067.46;     221.51;    2067.31;     233.22;       10;    0.71;   stop
   626;      88.55;    1057.44;      88.58;    1043.56;      60.75;    1043.50;      60.72;    1057.38;       10;    0.71;   stop
   352;    3494.44;    1065.75;    3494.77;    1052.78;    3466.49;    1052.06;    3466.17;    1065.03;       10;    0.71;   stop
   500;    3628.13;    1337.96;    3639.40;    1312.57;    3626.25;    1306.73;    3614.97;    1332.11;       10;    0.71;   stop
   449;     748.57;    1161.88;     749.37;    1147.78;     722.37;    1146.25;     721.57;    1160.34;       10;    0.71;   stop
   468;    2672.65;     628.14;    2696.73;     627.87;    2696.60;     617.23;    2672.52;     617.51;       10;    0.71;   stop
   568;    1957.79;    1738.19;    1960.65;    1714.70;    1949.24;    1713.31;    1946.38;    1736.80;       10;    0.71;   stop
   454;     307.73;     969.00;     307.94;     957.05;     283.83;     956.63;     283.62;     968.57;       10;    0.71;   stop
   536;    1892.68;    1362.63;    1906.41;    1361.65;    1904.10;    1329.49;    1890.37;    1330.48;        9;    0.71;   stop
   382;    3462.51;    1028.01;    3462.62;    1016.88;    3442.18;    1016.68;    3442.06;    1027.81;       10;    0.71;   stop
   452;    3177.25;    1431.95;    3190.04;    1403.69;    3176.19;    1397.42;    3163.40;    1425.69;        9;    0.70;   stop
   376;     795.74;    1870.00;     809.31;    1869.98;     809.26;    1845.31;     795.69;    1845.34;       10;    0.70;   stop
   472;    1862.88;    1613.32;    1864.41;    1599.23;    1837.43;    1596.31;    1835.90;    1610.39;       10;    0.70;   stop
   157;    1940.22;     231.71;    1940.54;     203.82;    1927.53;     203.67;    1927.21;     231.56;       10;    0.70;   move
   516;    3194.21;    1136.90;    3208.26;    1113.45;    3196.73;    1106.54;    3182.67;    1129.98;       10;    0.70;   stop
   462;    2379.60;    1859.98;    2382.82;    1832.82;    2368.65;    1831.14;    2365.43;    1858.30;       10;    0.70;   stop
   409;     631.61;    1507.21;     633.19;    1494.08;     606.82;    1490.91;     605.25;    1504.04;       10;    0.70;   stop
   467;    1110.60;     968.55;    1112.40;     940.31;    1098.90;     939.45;    1097.10;     967.69;       10;    0.70;   stop
   436;    1784.15;    1606.93;    1785.97;    1594.34;    1758.25;    1590.32;    1756.42;    1602.91;       10;    0.70;   stop
   335;    2428.23;    1651.31;    2431.93;    1625.41;    2419.02;    1623.57;    2415.32;    1649.46;       10;    0.70;   stop
   428;    2892.56;    1708.68;    2903.16;    1688.59;    2892.94;    1683.20;    2882.34;    1703.28;       10;    0.70;   stop
  4420;     261.95;     991.49;     262.87;     972.47;     206.80;     969.76;     205.88;     988.78;        9;    0.70;   stop
   201;     363.92;    1937.60;     365.40;    1908.81;     349.98;    1908.02;     348.50;    1936.81;       10;    0.70;   stop
   401;    1092.32;     632.74;    1094.01;     619.02;    1062.06;     615.07;    1060.36;     628.80;       10;    0.69;   stop
   498;    2409.91;    2048.59;    2436.77;    2038.55;    2431.71;    2025.03;    2404.86;    2035.08;       10;    0.69;   stop
   471;    2651.28;    1225.68;    2652.40;    1210.91;    2639.56;    1209.94;    2638.44;    1224.72;       10;    0.69;   stop
   524;    1832.49;     210.71;    1833.88;     183.76;    1820.01;     183.04;    1818.62;     209.99;       10;    0.69;   stop
   394;    1376.74;    1603.21;    1378.36;    1590.80;    1351.38;    1587.29;    1349.76;    1599.70;       10;    0.69;   stop
   559;    1451.45;    1032.83;    1452.26;    1020.68;    1429.67;    1019.17;    1428.86;    1031.32;       10;    0.69;   stop
   363;    1404.62;    2040.50;    1409.33;    2011.77;    1395.51;    2009.50;    1390.79;    2038.23;       10;    0.68;   stop
   495;    2459.90;    1954.37;    2468.65;    1943.62;    2448.10;    1926.88;    2439.35;    1937.63;       10;    0.68;   stop
   458;     838.55;    1106.33;     839.14;    1092.46;     808.64;    1091.17;     808.05;    1105.04;       10;    0.68;   stop
   448;    2689.73;     666.44;    2689.82;     654.48;    2664.89;     654.31;    2664.81;     666.27;       10;    0.68;   stop
   420;     362.58;    1605.58;     362.87;    1580.22;     348.05;    1580.05;     347.75;    1605.40;       10;    0.68;   stop
   464;     226.49;    1063.93;     226.93;    1049.09;     199.14;    1048.25;     198.70;    1063.10;       10;    0.68;   stop
   476;     877.85;    1561.92;     879.18;    1547.35;     852.77;    1544.95;     851.45;    1559.53;       10;    0.68;   stop
   503;     958.27;    1119.87;     960.09;    1108.73;     939.60;    1105.38;     937.78;    1116.52;       10;    0.68;   stop
   445;    1665.12;    1593.82;    1666.51;    1581.37;    1642.38;    1578.68;    1640.99;    1591.13;       10;    0.68;   stop
   175;     363.46;    1965.19;     364.82;    1940.25;     350.91;    1939.50;     349.55;    1964.43;       10;    0.68;   stop
   558;    1345.47;    1601.16;    1346.14;    1588.43;    1320.78;    1587.09;    1320.11;    1599.82;       10;    0.68;   stop
   499;    2250.66;    2109.91;    2274.06;    2096.18;    2266.97;    2084.09;    2243.56;    2097.82;       10;    0.68;   stop
   244;     483.80;    1528.82;     484.89;    1514.29;     460.26;    1512.43;     459.17;    1526.96;       10;    0.68;   stop
   549;    2297.77;    1329.71;    2298.25;    1317.27;    2272.73;    1316.29;    2272.25;    1328.73;       10;    0.68;   stop
   260;    2998.05;    1651.46;    3008.51;    1625.75;    2995.39;    1620.41;    2984.93;    1646.12;       10;    0.68;   stop
   527;    3049.09;     626.45;    3071.92;     625.93;    3071.66;     614.14;    3048.83;     614.66;       10;    0.67;   stop
   535;    1910.38;    1537.96;    1912.17;    1501.97;    1897.37;    1501.23;    1895.58;    1537.22;       10;    0.67;   stop
   514;    2866.50;     224.48;    2894.51;     223.92;    2894.25;     210.90;    2866.24;     211.46;       10;    0.67;   stop
   565;    3702.17;    1485.27;    3706.88;    1473.46;    3683.45;    1464.11;    3678.74;    1475.92;       10;    0.67;   stop
   412;    2834.10;     225.74;    2859.47;     225.06;    2859.15;     213.01;    2833.78;     213.69;       10;    0.67;   stop
   570;     500.58;     944.20;     516.30;     943.86;     515.67;     913.93;     499.95;     914.26;       10;    0.67;   stop
  2857;    1890.85;     500.51;    1891.11;     470.49;    1875.65;     470.36;    1875.39;     500.38;       10;    0.66;   stop
   526;    1523.24;    1001.25;    1527.47;     971.81;    1513.13;     969.75;    1508.90;     999.19;       10;    0.66;   stop
   440;    2406.06;     233.67;    2406.24;     221.77;    2380.44;     221.39;    2380.26;     233.29;       10;    0.66;   stop
   548;    2384.99;    1799.53;    2388.43;    1769.43;    2374.51;    1767.85;    2371.07;    1797.94;       10;    0.66;   stop
   490;    1244.42;    1591.81;    1245.75;    1580.99;    1224.95;    1578.44;    1223.63;    1589.26;       10;    0.66;   stop
   395;    1709.30;    1634.31;    1711.21;    1620.63;    1684.82;    1616.94;    1682.91;    1630.62;       10;    0.66;   stop
   451;    3407.94;    1029.60;    3435.15;    1029.01;    3434.87;    1016.02;    3407.66;    1016.61;       10;    0.65;   stop
   402;    3337.14;     977.66;    3347.19;     954.07;    3335.04;     948.90;    3325.00;     972.49;       10;    0.65;   stop
   416;    1133.69;    1582.93;    1134.02;    1568.18;    1105.06;    1567.54;    1104.73;    1582.29;       10;    0.65;   stop
   206;     514.88;    1531.55;     516.23;    1517.92;     490.12;    1515.33;     488.77;    1528.96;       10;    0.65;   stop
   683;    1840.00;     898.34;    1840.55;     877.22;    1828.62;     876.91;    1828.07;     898.03;       10;    0.65;   stop
   590;     827.77;    1151.68;     829.97;    1138.78;     801.61;    1133.95;     799.41;    1146.84;       10;    0.65;   stop
   389;     233.07;    1465.62;     235.64;    1453.57;     210.14;    1448.13;     207.57;    1460.18;       10;    0.65;   stop
   385;     735.53;     576.29;     738.93;     562.99;     710.09;     555.63;     706.69;     568.92;       10;    0.65;   stop
   465;     807.62;    1103.87;     808.00;    1091.77;     783.70;    1091.01;     783.32;    1103.10;       10;    0.65;   stop
   630;    3124.08;    1164.27;    3138.55;    1140.46;    3127.17;    1133.54;    3112.70;    1157.36;       10;    0.65;   stop
   487;    1437.76;    1611.16;    1439.71;    1599.03;    1415.24;    1595.09;    1413.29;    1607.22;       10;    0.65;   stop
   419;    3408.33;    1065.78;    3408.62;    1053.56;    3383.86;    1052.97;    3383.57;    1065.19;       10;    0.64;   stop
   484;    3497.18;     664.81;    3524.10;     664.17;    3523.76;     649.80;    3496.84;     650.44;       10;    0.64;   stop
   505;    3377.07;     805.09;    3388.13;     780.06;    3375.74;     774.59;    3364.69;     799.62;       10;    0.64;   stop
  4352;    3785.23;    1432.26;    3790.00;    1419.30;    3765.39;    1410.24;    3760.62;    1423.20;       10;    0.64;   move
   585;     361.95;    2083.40;     365.43;    2050.89;     348.68;    2049.10;     345.20;    2081.61;       10;    0.64;   stop
   530;    2197.20;     628.45;    2223.82;     628.16;    2223.67;     614.68;    2197.06;     614.96;       10;    0.64;   stop
  3201;    1482.24;    1109.91;    1482.63;    1099.17;    1463.01;    1098.47;    1462.62;    1109.20;       10;    0.64;   move
   563;     825.68;    1135.46;     827.14;    1122.99;     803.04;    1120.16;     801.58;    1132.64;       10;    0.64;   stop
   523;     503.15;    2029.22;     530.27;    2028.69;     529.97;    2013.28;     502.85;    2013.81;       10;    0.64;   stop
   512;     465.66;    1079.65;     466.00;    1065.07;     438.09;    1064.41;     437.75;    1078.99;       10;    0.64;   stop
   517;    1406.37;    1605.26;    1408.61;    1594.48;    1385.88;    1589.74;    1383.64;    1600.52;       10;    0.64;   stop
   384;    1366.08;      26.68;    1366.23;      12.45;    1336.17;      12.13;    1336.02;      26.36;       10;    0.64;   stop
   486;    3544.34;    1272.98;    3559.40;    1272.83;    3559.09;    1243.27;    3544.04;    1243.42;       10;    0.64;   stop
   480;    2380.62;    1829.74;    2383.86;    1803.34;    2371.00;    1801.76;    2367.77;    1828.16;       10;    0.63;   stop
   316;     593.76;    1122.09;     594.76;    1107.36;     565.92;    1105.41;     564.93;    1120.14;       10;    0.63;   stop
   571;    2500.79;    1941.63;    2509.22;    1930.48;    2487.08;    1913.74;    2478.65;    1924.89;       10;    0.63;   stop
   522;    1165.24;    2026.12;    1178.81;    2024.96;    1176.64;    1999.51;    1163.06;    2000.66;       10;    0.63;   stop
   345;    2528.82;     171.38;    2529.37;     144.99;    2517.56;     144.74;    2517.01;     171.14;       10;    0.63;   stop
   331;    2528.49;     549.14;    2529.00;     525.47;    2517.88;     525.23;    2517.38;     548.90;       10;    0.63;   stop
   529;    3376.54;     896.12;    3385.56;     871.08;    3372.53;     866.38;    3363.50;     891.42;       10;    0.63;   stop
   543;    1909.45;    2062.77;    1911.88;    2033.41;    1897.55;    2032.23;    1895.12;    2061.59;       10;    0.63;   stop
   494;    1823.46;    1645.22;    1825.35;    1629.89;    1796.13;    1626.28;    1794.24;    1641.61;       10;    0.63;   stop
   460;    3781.82;    1390.46;    3796.36;    1387.13;    3789.43;    1356.89;    3774.89;    1360.21;       10;    0.63;   stop
   642;     565.93;     979.67;     593.48;     978.11;     592.82;     966.58;     565.27;     968.14;       10;    0.62;   stop
   508;    2900.25;     224.33;    2926.08;     223.60;    2925.75;     211.61;    2899.92;     212.33;       10;    0.62;   stop
   534;    1892.06;    1327.81;    1904.00;    1326.54;    1901.44;    1302.44;    1889.50;    1303.71;       10;    0.62;   stop
   368;     877.39;    1522.63;     879.00;    1511.35;     856.23;    1508.12;     854.63;    1519.40;       10;    0.62;   stop
   455;    1787.13;    1640.49;    1789.19;    1626.39;    1759.20;    1622.01;    1757.14;    1636.11;       10;    0.62;   stop
   358;    2529.73;     139.21;    2530.87;     113.89;    2518.90;     113.35;    2517.75;     138.67;       10;    0.62;   stop
  2661;    1555.59;    1114.39;    1556.00;    1099.44;    1521.28;    1098.48;    1520.87;    1113.43;       10;    0.62;   move
   603;    2086.91;    2110.07;    2094.19;    2097.47;    2068.84;    2082.81;    2061.56;    2095.41;       10;    0.62;   stop
   608;    1995.37;     192.26;    1995.59;     172.93;    1984.88;     172.80;    1984.66;     192.14;       10;    0.62;   stop
   702;    1979.34;     708.55;    1989.70;     708.53;    1989.66;     687.58;    1979.30;     687.60;       10;    0.61;   stop
   375;    3458.08;     714.29;    3470.15;     686.67;    3455.98;     680.47;    3443.91;     708.10;       10;    0.61;   stop
   597;    2061.50;     628.68;    2088.82;     628.66;    2088.81;     615.57;    2061.49;     615.59;       10;    0.61;   stop
   485;    3417.57;     807.20;    3426.31;     785.50;    3414.93;     780.92;    3406.19;     802.62;       10;    0.61;   stop
  4373;    2651.23;    1125.28;    2653.06;    1112.61;    2639.59;    1110.66;    2637.76;    1123.33;       10;    0.61;   stop
   511;     745.20;    1872.16;     746.09;    1846.43;     732.67;    1845.96;     731.78;    1871.70;       10;    0.60;   stop
   736;    1973.85;    1606.79;    1977.01;    1582.99;    1965.53;    1581.46;    1962.37;    1605.26;       10;    0.60;   stop
   405;    2707.67;     627.93;    2732.51;     627.52;    2732.30;     614.73;    2707.45;     615.14;       10;    0.59;   stop
   552;     991.40;     620.93;     992.99;     608.68;     967.23;     605.32;     965.63;     617.57;       10;    0.59;   stop
   588;    1527.73;     967.75;    1531.94;     941.22;    1518.77;     939.13;    1514.56;     965.66;       10;    0.59;   stop
   619;    3133.39;    1092.11;    3148.95;    1086.89;    3138.48;    1055.70;    3122.93;    1060.92;       10;    0.59;   stop
   506;     347.36;    1573.56;     361.77;    1572.95;     360.46;    1541.75;     346.04;    1542.36;       10;    0.59;   stop
   666;    1466.14;    1610.47;    1467.66;    1598.84;    1444.23;    1595.78;    1442.72;    1607.41;       10;    0.59;   stop
   561;    3558.58;     623.11;    3558.60;     609.28;    3527.05;     609.23;    3527.03;     623.06;       10;    0.58;   stop
   584;    3163.25;    1037.05;    3173.59;    1029.31;    3157.37;    1007.64;    3147.03;    1015.38;       10;    0.58;   stop
  3183;     401.08;    1083.10;     414.43;    1061.17;     403.30;    1054.40;     389.95;    1076.33;       10;    0.58;   stop
   521;    3533.32;    1029.72;    3533.69;    1018.60;    3509.18;    1017.78;    3508.81;    1028.90;       10;    0.58;   stop
   496;    2984.63;    1576.21;    2994.04;    1554.36;    2982.56;    1549.42;    2973.15;    1571.27;       10;    0.58;   stop
   190;      49.19;    1718.57;      67.98;    1697.57;      56.57;    1687.36;      37.78;    1708.37;       10;    0.57;   stop
  4421;    3707.29;    1412.81;    3712.43;    1396.94;    3674.58;    1384.69;    3669.44;    1400.56;       10;    0.57;   stop
   647;    1577.63;    1152.37;    1577.78;    1140.70;    1553.25;    1140.38;    1553.09;    1152.05;       10;    0.57;   stop
  4401;    1038.06;    1121.93;    1038.65;    1108.00;    1007.75;    1106.70;    1007.17;    1120.62;        9;    0.57;   stop
  3301;    1549.22;    1149.98;    1549.58;    1135.57;    1523.16;    1134.90;    1522.79;    1149.31;       10;    0.57;   stop
   343;    2375.77;    2146.28;    2380.19;    2117.25;    2366.86;    2115.22;    2362.44;    2144.25;       10;    0.57;   stop
   650;    1556.59;    1618.55;    1557.67;    1605.53;    1532.66;    1603.45;    1531.58;    1616.47;       10;    0.57;   stop
   556;    1249.77;    1138.71;    1250.81;    1122.60;    1215.10;    1120.29;    1214.06;    1136.40;        9;    0.56;   stop
   594;    3236.26;    1109.24;    3248.17;    1087.80;    3237.17;    1081.70;    3225.27;    1103.14;       10;    0.56;   stop
  1371;    3038.01;    1221.93;    3040.89;    1209.12;    3015.43;    1203.38;    3012.54;    1216.19;       10;    0.56;   move
   634;    1146.29;      29.03;    1146.41;      17.91;    1122.84;      17.65;    1122.72;      28.78;       10;    0.56;   stop
   482;    2516.21;     324.43;    2528.06;     324.36;    2527.91;     298.82;    2516.07;     298.89;       10;    0.56;   stop
   497;    2738.53;     628.12;    2763.63;     627.94;    2763.54;     615.94;    2738.44;     616.12;       10;    0.56;   stop
   744;    2967.92;    1487.26;    2982.28;    1458.13;    2970.58;    1452.36;    2956.22;    1481.50;       10;    0.56;   stop
   684;    2394.31;    1712.56;    2396.03;    1688.01;    2384.31;    1687.19;    2382.60;    1711.74;       10;    0.55;   stop
   551;    1990.89;    2153.54;    1998.67;    2140.80;    1974.36;    2125.96;    1966.58;    2138.70;       10;    0.55;   stop
   573;     897.87;      42.10;     898.15;      27.68;     868.66;      27.09;     868.38;      41.51;       10;    0.55;   stop
   631;    2478.90;    1950.75;    2488.37;    1940.12;    2466.22;    1920.38;    2456.75;    1931.01;       10;    0.55;   stop
  4382;    1546.71;     183.57;    1546.94;     156.29;    1533.54;     156.18;    1533.31;     183.46;       10;    0.54;   move
   567;     618.03;    1542.93;     619.74;    1532.03;     596.03;    1528.32;     594.33;    1539.22;       10;    0.54;   stop
   371;    1925.88;    1864.51;    1936.56;    1822.97;    1920.12;    1818.74;    1909.44;    1860.28;       10;    0.54;   stop
   492;     140.94;    1450.63;     141.97;    1436.97;     115.70;    1434.99;     114.67;    1448.65;       10;    0.53;   stop
   519;     963.92;     619.13;     965.68;     607.25;     941.08;     603.60;     939.32;     615.48;       10;    0.53;   stop
  4308;    1250.01;    1138.65;    1251.07;    1122.73;    1215.43;    1120.35;    1214.37;    1136.27;       10;    0.53;   stop
  4220;    3777.22;    1532.99;    3794.68;    1503.86;    3780.91;    1495.61;    3763.45;    1524.73;       10;    0.53;   stop
   446;    2466.42;     234.79;    2466.50;     221.56;    2440.45;     221.40;    2440.37;     234.63;       10;    0.53;   stop
   518;    3320.01;     626.41;    3345.11;     625.55;    3344.67;     612.96;    3319.58;     613.83;       10;    0.53;   stop
  3357;    1362.50;    1055.49;    1362.97;    1041.37;    1333.00;    1040.38;    1332.53;    1054.50;        9;    0.52;   move
   661;    3614.62;     625.01;    3641.99;     624.30;    3641.63;     610.62;    3614.26;     611.32;       10;    0.52;   stop
   667;    1495.84;    1615.45;    1497.28;    1602.65;    1471.91;    1599.80;    1470.47;    1612.60;       10;    0.52;   stop
   654;    2381.59;    2058.69;    2405.61;    2048.09;    2400.41;    2036.31;    2376.39;    2046.91;       10;    0.52;   stop
  3485;    3265.40;    1266.12;    3268.59;    1252.70;    3238.03;    1245.44;    3234.85;    1258.87;       10;    0.52;   move
   605;    2240.79;    1335.89;    2242.79;    1319.51;    2202.58;    1314.61;    2200.59;    1330.99;        9;    0.52;   stop
   623;    2343.23;    2001.25;    2349.19;    1988.94;    2324.02;    1976.75;    2318.06;    1989.06;       10;    0.52;   stop
  3528;    1770.73;    1166.16;    1771.01;    1155.37;    1744.89;    1154.71;    1744.62;    1165.50;       10;    0.51;   stop
   354;     302.67;    1508.11;     303.95;    1494.39;     277.17;    1491.89;     275.89;    1505.61;       10;    0.51;   stop
   637;    2648.55;     627.32;    2648.72;     616.19;    2639.33;     616.04;    2639.16;     627.17;       10;    0.51;   stop
   560;    1669.30;     610.93;    1669.87;     597.30;    1643.83;     596.20;    1643.25;     609.83;       10;    0.50;   stop
   621;     660.46;    2001.09;     661.16;    1989.36;     637.98;    1987.97;     637.28;    1999.70;       10;    0.50;   stop
   554;     403.24;    1521.95;     426.53;    1521.81;     426.45;    1508.05;     403.16;    1508.19;       10;    0.50;   stop
   648;    3563.79;     626.20;    3598.55;     624.35;    3597.77;     609.66;    3563.01;     611.51;       10;    0.50;   stop
   311;    1324.97;      26.83;    1325.00;      12.05;    1296.28;      11.99;    1296.25;      26.76;       10;    0.50;   stop
  4236;    1829.60;     870.04;    1829.65;     848.98;    1819.90;     848.96;    1819.85;     870.02;       10;    0.50;   stop
   546;    3201.47;    1165.52;    3216.72;    1141.30;    3205.41;    1134.17;    3190.15;    1158.39;       10;    0.49;   stop
   545;    2768.80;     629.27;    2794.91;     629.05;    2794.79;     615.50;    2768.69;     615.72;       10;    0.49;   stop
   501;    2528.83;     454.20;    2529.10;     429.06;    2516.42;     428.93;    2516.15;     454.06;       10;    0.49;   stop
   433;     274.32;    1505.19;     276.20;    1491.27;     246.93;    1487.31;     245.05;    1501.23;       10;    0.49;   stop
  4367;    1004.54;    1116.57;    1005.07;    1105.07;     985.86;    1104.18;     985.33;    1115.68;       10;    0.49;   stop
  3284;    2744.71;    1214.82;    2747.28;    1198.40;    2698.65;    1190.80;    2696.08;    1207.23;       10;    0.49;   move
  4319;     317.16;    2005.19;     344.96;    2002.70;     343.77;    1989.50;     315.98;    1991.99;       10;    0.48;   stop
  3902;    1842.37;     226.12;    1842.87;     207.88;    1831.88;     207.57;    1831.38;     225.81;       10;    0.48;   stop
   583;     690.75;     593.05;     694.69;     579.85;     667.69;     571.79;     663.75;     584.99;       10;    0.48;   stop
   616;    1099.51;    1581.21;    1101.16;    1569.62;    1079.62;    1566.54;    1077.96;    1578.13;       10;    0.48;   stop
  3168;    3048.58;    1462.45;    3057.97;    1441.39;    3046.57;    1436.30;    3037.18;    1457.36;       10;    0.48;   stop
   646;    1170.27;    1010.54;    1170.85;    1000.99;    1151.73;     999.84;    1151.15;    1009.38;       10;    0.47;   stop
  3889;    1433.07;    1573.31;    1433.86;    1562.65;    1410.93;    1560.94;    1410.14;    1571.60;       10;    0.47;   stop
   617;    1953.53;    2065.51;    1966.03;    2063.08;    1961.47;    2039.62;    1948.97;    2042.04;       10;    0.47;   stop
  3403;    1927.22;    1864.41;    1937.68;    1823.54;    1919.35;    1818.84;    1908.88;    1859.71;        9;    0.47;   stop
  3582;     952.87;    1079.20;     953.71;    1068.92;     934.04;    1067.30;     933.19;    1077.58;       10;    0.46;   move
   577;    2528.18;     295.43;    2529.44;     268.20;    2517.07;     267.63;    2515.81;     294.86;       10;    0.46;   stop
   581;    2834.82;     629.72;    2860.73;     628.81;    2860.26;     615.28;    2834.34;     616.19;       10;    0.46;   stop
   591;    3580.53;    1272.78;    3581.24;    1244.75;    3567.90;    1244.41;    3567.19;    1272.44;       10;    0.46;   stop
   540;    3429.44;     213.94;    3460.31;     213.80;    3460.25;     199.97;    3429.37;     200.11;       10;    0.46;   stop
  3628;     551.45;     982.00;     576.12;     980.37;     575.43;     969.88;     550.75;     971.51;       10;    0.45;   stop
   618;    3793.12;     293.52;    3795.77;     267.09;    3781.88;     265.70;    3779.23;     292.13;       10;    0.45;   stop
  3448;    3146.58;     719.87;    3147.50;     690.56;    3133.74;     690.13;    3132.81;     719.44;       10;    0.45;   stop
  3654;     258.89;     993.34;     260.10;     973.06;     142.83;     966.04;     141.62;     986.32;        9;    0.45;   move
  2903;    3838.90;    1527.84;    3842.02;    1514.83;    3820.48;    1509.66;    3817.36;    1522.67;       10;    0.44;   stop
   685;    3074.10;     626.94;    3100.63;     626.22;    3100.28;     613.37;    3073.75;     614.10;       10;    0.44;   stop
   703;    1827.79;    2068.97;    1840.80;    2039.67;    1827.81;    2033.90;    1814.79;    2063.20;       10;    0.44;   stop
  3062;    3675.20;    1351.72;    3683.84;    1325.83;    3671.05;    1321.56;    3662.41;    1347.45;       10;    0.44;   stop
   569;    3278.12;     216.06;    3303.55;     215.21;    3303.13;     202.53;    3277.70;     203.38;       10;    0.44;   stop
   644;    3138.54;    1130.88;    3141.24;    1104.47;    3128.65;    1103.18;    3125.95;    1129.59;       10;    0.44;   stop
   539;    2528.20;     485.95;    2528.73;     458.15;    2517.05;     457.92;    2516.52;     485.73;       10;    0.43;   stop
   600;    3567.56;     491.48;    3580.69;     461.47;    3566.82;     455.40;    3553.68;     485.40;       10;    0.43;   stop
   589;    3794.00;     262.20;    3795.03;     230.98;    3779.13;     230.46;    3778.10;     261.67;       10;    0.43;   stop
   609;     451.06;    1265.58;     452.13;    1252.86;     425.97;    1250.67;     424.90;    1263.39;       10;    0.43;   stop
   582;    2670.68;    1144.68;    2672.71;    1130.58;    2640.61;    1125.94;    2638.58;    1140.05;       10;    0.43;   stop
  3596;    2047.13;    2122.69;    2054.42;    2112.04;    2034.37;    2098.31;    2027.08;    2108.96;       10;    0.42;   stop
  2186;    3163.04;     626.44;    3184.48;     625.28;    3183.84;     613.40;    3162.39;     614.56;       10;    0.42;   stop
   663;    1491.23;      63.27;    1491.33;      51.14;    1465.27;      50.92;    1465.17;      63.05;       10;    0.42;   stop
   564;     376.23;    1213.01;     376.59;    1185.33;     360.18;    1185.11;     359.82;    1212.80;       10;    0.42;   stop
   624;    3310.12;     215.45;    3335.86;     215.36;    3335.82;     202.68;    3310.08;     202.76;       10;    0.42;   stop
   691;    1944.91;    2067.43;    1946.00;    2041.63;    1932.59;    2041.07;    1931.50;    2066.87;       10;    0.41;   stop
  4402;    1893.00;    1362.19;    1907.61;    1360.98;    1905.00;    1329.38;    1890.39;    1330.58;       10;    0.41;   stop
   537;    2527.33;     203.92;    2529.00;     180.50;    2517.92;     179.70;    2516.25;     203.13;       10;    0.40;   stop
  4066;    3597.90;     424.76;    3610.56;     398.66;    3598.35;     392.74;    3585.69;     418.84;       10;    0.39;   stop
   593;    3551.61;     521.64;    3560.97;     498.50;    3549.02;     493.67;    3539.66;     516.81;       10;    0.39;   stop
   735;    2634.74;    2076.07;    2647.93;    2070.79;    2636.64;    2042.56;    2623.45;    2047.83;       10;    0.39;   stop
  4387;    2365.53;     233.54;    2365.65;     218.94;    2335.47;     218.71;    2335.35;     233.31;       10;    0.39;   stop
   638;    2797.49;    1814.78;    2803.30;    1802.16;    2778.76;    1790.85;    2772.95;    1803.47;       10;    0.38;   stop
   410;    1288.07;      23.86;    1288.33;       9.94;    1254.99;       9.33;    1254.73;      23.25;       10;    0.38;   stop
  3662;     622.46;    1130.42;     635.11;    1128.88;     631.91;    1102.70;     619.26;    1104.25;       10;    0.38;   stop
   483;    1039.07;    1122.05;    1040.00;    1107.46;    1008.43;    1105.45;    1007.50;    1120.04;       10;    0.37;   stop
   727;     583.55;    1145.93;     584.30;    1132.71;     558.32;    1131.25;     557.58;    1144.48;       10;    0.37;   stop
   689;    2576.96;    1402.29;    2583.41;    1372.39;    2568.41;    1369.15;    2561.96;    1399.05;       10;    0.37;   stop
   643;    3791.83;     328.35;    3792.78;     297.43;    3777.54;     296.96;    3776.59;     327.88;       10;    0.37;   stop
  4272;    2905.62;    1811.99;    2927.01;    1783.39;    2913.63;    1773.38;    2892.24;    1801.99;       10;    0.37;   stop
   613;     808.05;      42.44;     808.76;      29.28;     782.56;      27.87;     781.85;      41.03;       10;    0.37;   stop
  4258;    1167.37;    1552.85;    1168.36;    1540.63;    1142.63;    1538.55;    1141.64;    1550.78;       10;    0.37;   stop
  4424;    1505.89;    1581.68;    1507.12;    1570.09;    1479.86;    1567.20;    1478.63;    1578.78;       10;    0.36;   stop
  4324;    2260.86;     629.67;    2287.36;     629.24;    2287.14;     615.70;    2260.64;     616.14;       10;    0.36;   stop
   562;    3444.07;     742.67;    3455.00;     717.59;    3441.87;     711.86;    3430.93;     736.94;       10;    0.36;   stop
  4419;    1625.12;    1593.08;    1627.09;    1580.39;    1599.13;    1576.05;    1597.16;    1588.73;       10;    0.36;   stop
   677;     906.14;    1798.91;     906.67;    1785.37;     876.99;    1784.21;     876.46;    1797.75;       10;    0.36;   stop
  4075;     315.28;    1474.88;     317.43;    1463.86;     295.03;    1459.49;     292.88;    1470.52;       10;    0.35;   stop