vehicle_id; veh_bb_x1; veh_bb_y1; veh_bb_x2; veh_bb_y2; veh_bb_x3; veh_bb_y3; veh_bb_x4; veh_bb_y4; det_class; conf_score; state
  1421;    2110.33;    1082.65;    2111.85;    1069.31;    2083.67;    1066.10;    2082.15;    1079.44;       10;    0.84;   stop
  3255;    1962.58;    1378.78;    1967.21;    1349.04;    1954.67;    1347.09;    1950.04;    1376.83;       10;    0.84;   stop
  5867;    1954.73;    1499.32;    1956.19;    1473.59;    1944.52;    1472.93;    1943.06;    1498.66;       10;    0.84;   stop
    48;    2753.68;    1203.91;    2755.78;    1191.40;    2727.88;    1186.72;    2725.78;    1199.22;       10;    0.84;   move
    12;    1990.45;     445.92;    1990.96;     419.45;    1978.17;     419.21;    1977.67;     445.67;       10;    0.83;   stop
    10;    1762.70;    2045.25;    1776.97;    2019.03;    1765.21;    2012.63;    1750.94;    2038.84;       10;    0.83;   stop
   186;    2972.33;    1247.44;    2974.75;    1234.97;    2948.17;    1229.81;    2945.75;    1242.28;       10;    0.83;   stop
    29;      92.52;     977.94;      92.58;     963.76;      63.93;     963.63;      63.86;     977.81;       10;    0.83;   move
  3493;    1736.68;    1144.22;    1737.56;    1130.04;    1709.19;    1128.28;    1708.31;    1142.46;       10;    0.83;   stop
  3412;    1956.37;    1414.99;    1958.15;    1387.09;    1945.13;    1386.26;    1943.35;    1414.16;       10;    0.83;   stop
   493;    1956.79;    1468.88;    1958.76;    1436.74;    1944.71;    1435.87;    1942.74;    1468.01;       10;    0.83;   stop
  1821;    2172.93;    1108.25;    2173.93;    1095.58;    2146.14;    1093.38;    2145.13;    1106.05;       10;    0.83;   stop
  6688;    1969.25;     828.08;    1971.11;     804.07;    1959.44;     803.17;    1957.58;     827.18;       10;    0.83;   stop
   300;    2163.13;    1127.98;    2163.93;    1115.81;    2138.49;    1114.15;    2137.70;    1126.32;       10;    0.83;   stop
  6805;    3669.57;    1379.83;    3673.87;    1366.33;    3646.68;    1357.67;    3642.38;    1371.17;       10;    0.83;   stop
  5517;    1885.11;     802.00;    1885.17;     776.41;    1872.39;     776.38;    1872.33;     801.97;       10;    0.83;   move
  1248;    2075.32;    1080.33;    2076.55;    1067.49;    2051.18;    1065.05;    2049.95;    1077.89;       10;    0.83;   stop
    36;    2998.29;    1422.88;    3010.36;    1397.38;    2998.71;    1391.87;    2986.64;    1417.37;       10;    0.83;   stop
    14;    2715.01;    1233.82;    2716.84;    1221.43;    2691.90;    1217.75;    2690.07;    1230.14;       10;    0.83;   stop
  6226;    3562.21;    1345.40;    3566.73;    1330.49;    3531.85;    1319.91;    3527.33;    1334.83;       10;    0.83;   stop
    76;    1837.75;     314.40;    1838.17;     287.12;    1825.16;     286.92;    1824.74;     314.20;       10;    0.83;   stop
    35;    1393.55;    1029.41;    1394.12;    1016.92;    1370.58;    1015.84;    1370.00;    1028.33;       10;    0.83;   stop
  2264;    2876.58;    1227.61;    2879.24;    1215.73;    2854.92;    1210.26;    2852.26;    1222.15;       10;    0.83;   stop
  5046;    3317.10;    1272.35;    3322.03;    1257.58;    3289.46;    1246.71;    3284.53;    1261.48;       10;    0.83;   stop
    72;    2744.72;    1914.42;    2770.23;    1902.84;    2764.03;    1889.20;    2738.52;    1900.79;       10;    0.83;   stop
    73;    2712.90;    1927.73;    2742.79;    1915.19;    2736.23;    1899.52;    2706.33;    1912.06;       10;    0.83;   stop
    31;    1827.32;     343.11;    1839.81;     342.74;    1839.05;     317.26;    1826.56;     317.64;       10;    0.82;   stop
  5961;    3534.36;    1357.53;    3538.96;    1343.84;    3509.08;    1333.79;    3504.48;    1347.48;       10;    0.82;   stop
    21;    3024.92;    1455.59;    3037.99;    1429.98;    3025.24;    1423.47;    3012.17;    1449.09;       10;    0.82;   stop
  6991;    1875.01;      71.76;    1876.94;      41.03;    1863.37;      40.17;    1861.43;      70.91;       10;    0.82;   stop
    97;    1669.83;    1045.36;    1671.16;    1032.86;    1646.67;    1030.26;    1645.34;    1042.76;       10;    0.82;   stop
    90;    1705.66;    1048.36;    1706.74;    1035.23;    1678.34;    1032.89;    1677.26;    1046.02;       10;    0.82;   stop
    81;    1980.08;    1381.64;    1983.53;    1353.66;    1970.92;    1352.11;    1967.47;    1380.09;       10;    0.82;   stop
    51;    2935.35;    1162.55;    2938.22;    1150.48;    2913.72;    1144.64;    2910.84;    1156.71;       10;    0.82;   stop
    11;    3288.99;    1292.41;    3293.90;    1277.68;    3260.39;    1266.50;    3255.47;    1281.23;       10;    0.82;   stop
  3738;    1867.37;     844.02;    1869.17;     813.94;    1855.26;     813.11;    1853.45;     843.18;       10;    0.82;   move
    34;     724.08;     993.18;     724.56;     981.28;     699.04;     980.26;     698.57;     992.16;       10;    0.82;   stop
    13;     454.75;    1526.05;     456.30;    1512.58;     430.25;    1509.57;     428.70;    1523.04;       10;    0.82;   stop
  4035;    1636.74;    1101.96;    1637.42;    1089.91;    1611.14;    1088.41;    1610.45;    1100.47;       10;    0.82;   stop
  4037;    1644.48;    1135.79;    1645.16;    1122.31;    1618.02;    1120.96;    1617.34;    1134.44;       10;    0.82;   stop
   267;    2100.39;    1105.15;    2101.74;    1091.51;    2072.43;    1088.60;    2071.07;    1102.24;       10;    0.82;   stop
   641;    2928.81;    1241.12;    2931.78;    1226.09;    2897.19;    1219.26;    2894.22;    1234.29;       10;    0.82;   stop
  6526;    3628.61;    1389.98;    3633.14;    1375.12;    3599.52;    1364.86;    3594.98;    1379.72;       10;    0.82;   stop
  6217;    1893.80;     184.54;    1894.06;     156.47;    1879.45;     156.33;    1879.19;     184.41;       10;    0.82;   stop
  1058;    1959.31;     794.26;    1972.85;     794.21;    1972.75;     767.24;    1959.22;     767.29;       10;    0.82;   stop
     6;     848.36;    1525.82;     849.69;    1512.32;     824.14;    1509.80;     822.81;    1523.30;       10;    0.82;   stop
  5074;    1483.07;    1092.76;    1483.18;    1079.84;    1456.55;    1079.62;    1456.44;    1092.53;       10;    0.82;   stop
    42;    1010.60;    1008.38;    1011.18;     995.32;     984.40;     994.12;     983.82;    1007.18;       10;    0.82;   stop
    43;    1237.40;    1019.45;    1238.09;    1006.88;    1213.98;    1005.55;    1213.28;    1018.12;       10;    0.82;   stop
    70;    2508.85;    1210.10;    2509.63;    1197.88;    2484.65;    1196.27;    2483.87;    1208.49;       10;    0.82;   stop
   115;    2603.64;    1218.81;    2604.79;    1205.93;    2575.48;    1203.31;    2574.33;    1216.20;       10;    0.82;   stop
  1753;    2729.98;    1216.89;    2731.91;    1204.72;    2706.77;    1200.73;    2704.84;    1212.90;       10;    0.82;   move
   128;    2684.34;    1229.42;    2686.05;    1216.97;    2656.79;    1212.95;    2655.08;    1225.40;       10;    0.82;   stop
  5191;    3316.50;    1296.18;    3324.22;    1285.66;    3302.25;    1269.52;    3294.53;    1280.05;       10;    0.82;   stop
  6606;    1888.33;      90.51;    1889.03;      64.51;    1876.67;      64.17;    1875.97;      90.18;       10;    0.82;   stop
  6310;    1947.65;    1576.31;    1951.72;    1543.90;    1938.10;    1542.19;    1934.03;    1574.60;       10;    0.82;   stop
   169;    1846.17;     451.41;    1849.03;     422.79;    1837.08;     421.59;    1834.22;     450.21;       10;    0.82;   stop
   122;    1990.78;     338.17;    1991.97;     311.51;    1979.53;     310.96;    1978.34;     337.61;       10;    0.82;   stop
   134;     910.03;    1003.95;     910.97;     991.51;     885.19;     989.55;     884.24;    1001.99;       10;    0.82;   stop
  1077;    2138.30;    1106.49;    2139.29;    1093.96;    2111.57;    1091.76;    2110.58;    1104.29;       10;    0.82;   stop
    19;    3008.01;    1489.42;    3020.42;    1466.34;    3009.24;    1460.33;    2996.83;    1483.41;       10;    0.82;   stop
    83;    2804.51;    1214.97;    2806.60;    1201.05;    2774.79;    1196.28;    2772.70;    1210.20;       10;    0.82;   move
    63;    2804.16;    1252.35;    2806.91;    1239.76;    2780.06;    1233.90;    2777.31;    1246.49;       10;    0.82;   stop
    88;    1967.96;     374.38;    1981.75;     374.28;    1981.54;     345.62;    1967.75;     345.72;       10;    0.82;   stop
  6739;     173.77;    1044.34;     174.56;    1024.89;     101.15;    1021.91;     100.36;    1041.36;        9;    0.82;   stop
  3390;    1670.88;    1105.32;    1671.72;    1091.32;    1642.24;    1089.55;    1641.40;    1103.56;       10;    0.82;   stop
  3183;    1634.24;    1118.16;    1634.61;    1105.60;    1609.14;    1104.84;    1608.76;    1117.40;       10;    0.82;   stop
   182;    1843.35;     869.94;    1844.20;     844.40;    1831.93;     843.99;    1831.08;     869.54;       10;    0.82;   stop
  1916;    2212.95;    1110.94;    2213.93;    1097.41;    2183.18;    1095.18;    2182.20;    1108.72;       10;    0.82;   stop
  4950;    3132.56;    1239.60;    3134.88;    1226.54;    3105.57;    1221.33;    3103.25;    1234.40;       10;    0.82;   move
  5761;    1955.15;     164.71;    1955.22;     133.45;    1940.64;     133.42;    1940.56;     164.67;       10;    0.82;   move
  1982;    1195.28;    1044.74;    1196.15;    1031.73;    1166.65;    1029.76;    1165.78;    1042.77;       10;    0.82;   move
  2546;    1459.19;    1055.63;    1459.54;    1042.12;    1430.94;    1041.37;    1430.58;    1054.88;       10;    0.82;   move
  2782;    1595.49;    1098.14;    1596.01;    1084.38;    1565.76;    1083.24;    1565.24;    1097.00;       10;    0.82;   stop
   145;     900.83;    1111.02;     901.17;    1098.02;     875.55;    1097.35;     875.21;    1110.36;       10;    0.82;   stop
  4655;    1597.26;    1116.23;    1597.57;    1102.89;    1570.74;    1102.27;    1570.43;    1115.61;       10;    0.82;   stop
   171;    1355.75;    1144.09;    1356.78;    1127.84;    1312.75;    1125.03;    1311.72;    1141.29;        9;    0.82;   stop
  3143;    2129.05;    1171.84;    2129.39;    1158.78;    2100.95;    1158.03;    2100.61;    1171.10;       10;    0.82;   move
  2590;    2363.38;    1102.19;    2364.10;    1088.73;    2333.12;    1087.06;    2332.40;    1100.52;       10;    0.82;   stop
    91;    2769.39;    1128.56;    2772.14;    1114.66;    2743.86;    1109.06;    2741.11;    1122.96;       10;    0.82;   stop
    61;    2874.19;    1148.92;    2877.05;    1136.37;    2850.56;    1130.33;    2847.70;    1142.88;       10;    0.82;   stop
   114;    1871.65;    1185.78;    1878.03;    1170.02;    1836.26;    1153.09;    1829.87;    1168.85;        9;    0.82;   stop
   202;    1978.13;    1421.36;    1979.90;    1394.21;    1967.43;    1393.39;    1965.66;    1420.54;       10;    0.82;   stop
  5678;    3152.88;    1219.13;    3155.21;    1205.70;    3125.56;    1200.56;    3123.23;    1213.98;       10;    0.82;   move
  4521;    3273.48;    1268.47;    3276.91;    1255.38;    3251.52;    1248.71;    3248.09;    1261.81;       10;    0.82;   stop
    66;    1960.78;    1709.09;    1963.77;    1681.90;    1951.31;    1680.53;    1948.32;    1707.72;       10;    0.82;   stop
  6069;    1489.22;      29.37;    1490.01;      16.85;    1461.66;      15.07;    1460.87;      27.59;       10;    0.81;   stop
   103;    1837.50;     552.74;    1839.70;     523.82;    1825.69;     522.76;    1823.49;     551.68;       10;    0.81;   stop
  3358;    1906.48;     875.09;    1907.08;     849.84;    1893.96;     849.53;    1893.35;     874.78;       10;    0.81;   stop
  5138;    1447.11;    1091.13;    1447.27;    1078.21;    1419.39;    1077.87;    1419.23;    1090.79;       10;    0.81;   stop
   391;    2746.94;    1148.93;    2749.58;    1136.17;    2721.31;    1130.32;    2718.67;    1143.08;       10;    0.81;   move
    41;    2964.08;    1289.55;    2966.78;    1276.05;    2935.61;    1269.82;    2932.91;    1283.33;       10;    0.81;   stop
    47;    2907.54;    1680.18;    2918.37;    1651.98;    2905.42;    1647.01;    2894.59;    1675.21;       10;    0.81;   stop
     5;     814.30;    1556.54;     815.28;    1542.63;     791.64;    1540.96;     790.66;    1554.87;       10;    0.81;   stop
  6595;     822.91;    1084.14;     823.61;    1070.67;     793.86;    1069.11;     793.15;    1082.58;       10;    0.81;   move
  6453;    1409.62;    1090.98;    1409.94;    1078.63;    1386.00;    1078.02;    1385.69;    1090.37;       10;    0.81;   stop
    96;     864.93;    1108.30;     865.43;    1095.48;     839.17;    1094.45;     838.67;    1107.27;       10;    0.81;   stop
  3435;    1781.16;    1149.92;    1781.69;    1134.94;    1750.21;    1133.83;    1749.68;    1148.81;       10;    0.81;   stop
   104;    2705.58;    1117.24;    2706.88;    1102.81;    2677.17;    1100.14;    2675.87;    1114.56;       10;    0.81;   stop
   230;    2343.01;    1199.39;    2343.69;    1185.93;    2315.24;    1184.48;    2314.56;    1197.95;       10;    0.81;   stop
   108;    3136.81;    1448.13;    3142.41;    1435.99;    3117.25;    1424.37;    3111.65;    1436.51;       10;    0.81;   stop
  6643;    1854.76;     222.71;    1869.46;     222.51;    1868.99;     188.48;    1854.29;     188.68;       10;    0.81;   stop
   132;    1837.48;     590.86;    1849.37;     590.75;    1849.14;     565.64;    1837.25;     565.75;       10;    0.81;   stop
  4949;    1560.42;    1114.95;    1560.91;    1101.15;    1533.33;    1100.17;    1532.84;    1113.98;       10;    0.81;   stop
   143;    2982.56;    1267.73;    2985.10;    1255.14;    2956.97;    1249.46;    2954.43;    1262.04;       10;    0.81;   stop
   266;    2431.22;    1973.00;    2439.26;    1961.16;    2416.03;    1945.38;    2407.99;    1957.21;       10;    0.81;   stop
    82;    1780.43;    2010.83;    1792.94;    1988.87;    1782.49;    1982.92;    1769.98;    2004.88;       10;    0.81;   stop
   200;    3001.72;    1544.08;    3010.70;    1520.10;    2998.28;    1515.45;    2989.30;    1539.43;       10;    0.81;   stop
    57;    1849.51;     621.69;    1850.91;     596.26;    1838.24;     595.56;    1836.84;     620.99;       10;    0.81;   stop
    50;    1836.24;     253.90;    1837.27;     229.80;    1825.26;     229.29;    1824.23;     253.38;       10;    0.81;   stop
   251;    1834.29;     763.15;    1835.08;     738.01;    1821.86;     737.60;    1821.07;     762.74;       10;    0.81;   stop
  6517;     914.75;    1081.78;     915.76;    1065.73;     881.87;    1063.59;     880.86;    1079.65;       10;    0.81;   move
   131;    3019.11;    1377.94;    3030.79;    1351.08;    3018.39;    1345.69;    3006.71;    1372.54;       10;    0.81;   stop
  6424;    3599.94;    1355.78;    3604.29;    1343.09;    3574.74;    1332.97;    3570.40;    1345.66;       10;    0.81;   stop
  6023;    1894.09;     234.13;    1895.25;     203.46;    1881.41;     202.94;    1880.25;     233.61;       10;    0.81;   stop
  6923;    1857.79;     106.57;    1872.20;     106.51;    1872.05;      73.99;    1857.64;      74.05;       10;    0.81;   stop
  5913;    1891.41;     292.28;    1892.21;     265.57;    1878.37;     265.16;    1877.57;     291.87;       10;    0.81;   stop
   133;    1984.73;     767.41;    1985.20;     743.70;    1973.02;     743.46;    1972.55;     767.17;       10;    0.81;   stop
    94;    1039.30;    1010.31;    1039.82;     998.84;    1017.20;     997.81;    1016.68;    1009.29;       10;    0.81;   stop
   198;    1353.53;    1036.08;    1354.46;    1023.46;    1328.47;    1021.54;    1327.54;    1034.16;       10;    0.81;   stop
  2913;    1602.94;    1071.86;    1603.30;    1057.44;    1571.81;    1056.64;    1571.45;    1071.06;       10;    0.81;   move
  2661;    1770.90;    1128.34;    1771.62;    1113.11;    1737.97;    1111.54;    1737.26;    1126.76;       10;    0.81;   stop
  3597;    1861.05;     933.23;    1863.29;     902.66;    1849.38;     901.64;    1847.15;     932.22;       10;    0.81;   move
  2429;    2325.24;    1098.76;    2325.75;    1085.90;    2299.26;    1084.87;    2298.75;    1097.72;       10;    0.81;   stop
  1371;    2198.70;    1129.18;    2199.03;    1116.94;    2176.05;    1116.32;    2175.72;    1128.56;       10;    0.81;   stop
   223;    1914.54;    1468.18;    1914.68;    1443.39;    1901.92;    1443.32;    1901.79;    1468.11;       10;    0.81;   stop
   174;    2971.48;    1171.84;    2974.27;    1158.55;    2944.14;    1152.22;    2941.35;    1165.51;       10;    0.81;   stop
    74;    2146.33;    2081.75;    2153.71;    2067.63;    2127.17;    2053.75;    2119.79;    2067.87;       10;    0.81;   stop
  6632;    3634.93;    1368.05;    3638.95;    1354.75;    3610.07;    1346.01;    3606.05;    1359.32;       10;    0.81;   stop
   226;    1838.03;      93.07;    1838.55;      66.92;    1826.09;      66.68;    1825.57;      92.83;       10;    0.81;   stop
  1510;    2147.13;    1093.03;    2148.17;    1079.32;    2118.87;    1077.09;    2117.83;    1090.80;       10;    0.81;   stop
  1237;    1779.35;    1110.36;    1780.14;    1097.36;    1753.90;    1095.77;    1753.11;    1108.77;       10;    0.81;   stop
  3989;    2250.91;    1114.01;    2251.87;    1099.96;    2219.46;    1097.74;    2218.50;    1111.79;       10;    0.81;   stop
   101;    2634.56;    1324.91;    2635.41;    1312.76;    2609.81;    1310.97;    2608.96;    1323.12;       10;    0.81;   stop
    85;    2226.33;    2051.85;    2233.01;    2038.74;    2206.36;    2025.15;    2199.68;    2038.26;       10;    0.81;   stop
   216;     176.22;     963.85;     176.40;     950.88;     150.50;     950.52;     150.32;     963.50;       10;    0.81;   stop
  3008;    1745.49;    1108.53;    1746.22;    1094.68;    1716.14;    1093.09;    1715.40;    1106.94;       10;    0.81;   stop
  5499;    1608.22;    1136.69;    1608.52;    1122.90;    1581.15;    1122.31;    1580.86;    1136.10;       10;    0.81;   stop
  1627;    2187.71;    1094.27;    2188.75;    1080.48;    2157.23;    1078.10;    2156.19;    1091.90;       10;    0.81;   stop
    65;    2438.58;    1563.92;    2440.42;    1539.70;    2428.92;    1538.83;    2427.08;    1563.05;       10;    0.81;   stop
  4312;    1854.51;     583.50;    1868.55;     583.30;    1868.11;     551.63;    1854.08;     551.82;       10;    0.81;   move
    24;    2407.80;    1861.26;    2410.68;    1833.57;    2396.70;    1832.11;    2393.82;    1859.81;       10;    0.81;   stop
    89;     977.52;    1007.65;     977.76;     994.22;     951.01;     993.73;     950.77;    1007.16;       10;    0.80;   stop
   163;    3344.66;    1025.34;    3348.09;    1011.07;    3316.28;    1003.41;    3312.84;    1017.68;       10;    0.80;   stop
   178;    1936.40;    1822.61;    1944.56;    1790.95;    1931.26;    1787.52;    1923.09;    1819.18;       10;    0.80;   stop
  5126;    3359.79;    1296.57;    3363.92;    1283.36;    3334.90;    1274.29;    3330.77;    1287.50;       10;    0.80;   stop
   213;    2682.88;    1938.25;    2710.39;    1927.74;    2704.76;    1913.00;    2677.25;    1923.51;       10;    0.80;   stop
  6723;    1858.54;     182.36;    1872.60;     182.28;    1872.43;     150.64;    1858.37;     150.72;       10;    0.80;   stop
    77;     425.28;     976.80;     425.78;     963.85;     400.66;     962.89;     400.16;     975.84;       10;    0.80;   stop
  6553;    1903.78;     912.30;    1906.08;     882.61;    1891.97;     881.51;    1889.67;     911.20;       10;    0.80;   stop
   197;     878.89;    1000.28;     879.41;     987.51;     854.46;     986.47;     853.93;     999.24;       10;    0.80;   stop
    86;    2380.70;    2116.10;    2384.72;    2086.52;    2370.92;    2084.65;    2366.91;    2114.23;       10;    0.80;   stop
   107;    3570.93;    1442.11;    3575.51;    1428.21;    3546.57;    1418.67;    3541.99;    1432.57;       10;    0.80;   stop
    87;    2985.31;    1453.71;    2997.77;    1427.05;    2986.10;    1421.60;    2973.64;    1448.26;       10;    0.80;   stop
   193;    1850.67;     702.39;    1850.81;     670.18;    1835.96;     670.11;    1835.81;     702.32;       10;    0.80;   stop
  5434;    1890.29;     809.23;    1903.49;     809.08;    1903.21;     782.65;    1890.01;     782.79;       10;    0.80;   move
   250;    1835.86;     731.46;    1836.30;     704.27;    1822.26;     704.04;    1821.82;     731.23;       10;    0.80;   stop
   277;    1328.34;    1025.37;    1328.35;    1010.90;    1299.66;    1010.88;    1299.65;    1025.35;       10;    0.80;   stop
    54;    2745.93;    1364.08;    2747.59;    1350.75;    2718.95;    1347.17;    2717.28;    1360.50;       10;    0.80;   stop
  3546;    3309.58;     993.53;    3320.87;     966.91;    3307.30;     961.16;    3296.01;     987.78;       10;    0.80;   move
  3450;    2651.48;    1905.65;    2677.73;    1896.59;    2672.77;    1882.22;    2646.52;    1891.29;       10;    0.80;   move
   121;    1992.53;      88.36;    1993.54;      63.46;    1980.97;      62.95;    1979.96;      87.85;       10;    0.80;   stop
  5390;    1857.24;     501.58;    1872.38;     501.28;    1871.76;     469.30;    1856.62;     469.59;       10;    0.80;   move
   246;    1986.66;     739.11;    1987.38;     711.35;    1974.65;     711.01;    1973.93;     738.78;       10;    0.80;   stop
    64;     788.82;    1555.70;     790.45;    1542.10;     764.62;    1538.99;     762.99;    1552.59;       10;    0.80;   stop
    93;    1883.95;    1843.65;    1890.98;    1819.33;    1879.36;    1815.97;    1872.33;    1840.29;       10;    0.80;   move
   372;    2211.03;    2124.90;    2239.63;    2114.68;    2234.60;    2100.60;    2205.99;    2110.82;       10;    0.80;   stop
   204;    2651.13;    1950.14;    2676.50;    1941.46;    2671.99;    1928.30;    2646.63;    1936.97;       10;    0.80;   stop
   147;    1205.33;    1019.54;    1206.06;    1005.99;    1175.17;    1004.33;    1174.44;    1017.88;       10;    0.80;   stop
  7148;    1737.62;    1074.23;    1762.66;    1068.45;    1759.91;    1056.52;    1734.87;    1062.30;       10;    0.80;   move
   125;    2563.77;    1101.12;    2564.82;    1087.03;    2534.35;    1084.76;    2533.30;    1098.85;       10;    0.80;   stop
   256;    1886.37;    1251.73;    1900.08;    1250.61;    1897.75;    1222.14;    1884.04;    1223.26;       10;    0.80;   stop
    80;    1167.47;    2092.69;    1182.46;    2091.35;    1180.02;    2064.18;    1165.04;    2065.53;       10;    0.80;   stop
   176;    1862.08;    1647.66;    1863.22;    1634.01;    1835.79;    1631.72;    1834.65;    1645.36;       10;    0.80;   stop
  7000;    3720.09;    1396.72;    3724.92;    1382.54;    3691.78;    1371.25;    3686.95;    1385.43;       10;    0.80;   move
    52;    1978.25;     218.85;    1978.91;     196.62;    1967.32;     196.28;    1966.65;     218.50;       10;    0.80;   stop
   296;    1973.57;     462.14;    1973.77;     436.83;    1961.02;     436.73;    1960.83;     462.04;       10;    0.80;   stop
   295;    1831.58;     836.85;    1840.22;     810.64;    1828.51;     806.78;    1819.88;     832.99;       10;    0.80;   stop
   187;    1422.95;    1031.45;    1423.52;    1018.30;    1397.42;    1017.18;    1396.86;    1030.32;       10;    0.80;   stop
    46;    2082.83;    1124.22;    2083.82;    1109.78;    2054.92;    1107.78;    2053.93;    1122.22;       10;    0.80;   stop
   306;    2912.83;    1277.40;    2915.05;    1264.89;    2889.83;    1260.41;    2887.60;    1272.92;       10;    0.80;   stop
   205;      25.60;     961.54;      54.21;     958.98;      53.03;     945.80;      24.42;     948.37;       10;    0.80;   stop
  4955;     191.61;    1059.46;     192.09;    1046.18;     165.58;    1045.23;     165.10;    1058.50;       10;    0.80;   stop
   286;     770.16;    1154.01;     785.21;    1153.98;     785.15;    1125.99;     770.11;    1126.02;       10;    0.80;   stop
  3767;    1520.20;    1094.70;    1520.43;    1080.44;    1488.05;    1079.92;    1487.82;    1094.18;       10;    0.80;   stop
  5275;    1913.55;    1277.61;    1927.00;    1276.51;    1924.86;    1250.27;    1911.40;    1251.36;       10;    0.80;   move
   173;    3232.05;    1076.78;    3250.40;    1053.27;    3239.51;    1044.78;    3221.17;    1068.29;       10;    0.80;   stop
   130;    1711.48;    1599.46;    1712.52;    1585.15;    1685.26;    1583.16;    1684.22;    1597.47;       10;    0.80;   stop
   166;       6.14;     977.29;      30.26;     975.97;      29.57;     963.34;       5.45;     964.65;       10;    0.80;   move
    59;     310.59;    1067.52;     311.37;    1054.55;     287.54;    1053.10;     286.75;    1066.08;       10;    0.80;   stop
   291;    2564.91;    1213.84;    2566.07;    1201.52;    2542.21;    1199.28;    2541.06;    1211.60;       10;    0.80;   stop
   106;    1960.07;    1600.94;    1962.78;    1572.73;    1950.62;    1571.56;    1947.91;    1599.77;       10;    0.80;   stop
    40;    2411.69;    1829.31;    2414.79;    1800.33;    2400.69;    1798.82;    2397.58;    1827.80;       10;    0.80;   stop
   212;    2286.73;    2094.52;    2292.46;    2081.39;    2266.90;    2070.23;    2261.16;    2083.36;       10;    0.80;   stop
  5868;    3519.46;    1333.50;    3524.55;    1319.37;    3493.97;    1308.38;    3488.89;    1322.50;       10;    0.80;   stop
  5745;    1891.48;     393.73;    1891.58;     362.32;    1876.33;     362.27;    1876.23;     393.68;       10;    0.79;   move
   242;    1982.97;     410.09;    1990.22;     384.10;    1978.35;     380.79;    1971.09;     406.77;       10;    0.79;   stop
   144;     693.17;     991.39;     693.62;     978.27;     667.14;     977.36;     666.69;     990.48;       10;    0.79;   stop
     9;     718.78;    1549.16;     720.29;    1536.18;     695.91;    1533.34;     694.40;    1546.32;       10;    0.79;   stop
   253;    2308.52;    1081.51;    2309.06;    1068.39;    2281.10;    1067.24;    2280.56;    1080.36;       10;    0.79;   stop
  5452;    1695.81;    1141.65;    1697.00;    1126.59;    1679.70;    1125.22;    1678.51;    1140.28;       10;    0.79;   stop
   123;    2605.90;    1185.50;    2607.21;    1173.14;    2579.98;    1170.25;    2578.66;    1182.61;       10;    0.79;   move
   236;    2411.00;    1202.75;    2411.51;    1190.10;    2384.50;    1189.00;    2383.99;    1201.65;       10;    0.79;   stop
   280;    3211.94;    1108.77;    3229.91;    1079.52;    3217.43;    1071.85;    3199.46;    1101.11;       10;    0.79;   stop
   152;    2178.24;    2141.17;    2207.06;    2127.37;    2200.45;    2113.58;    2171.63;    2127.38;       10;    0.79;   stop
   273;    2299.03;    1196.59;    2299.91;    1183.58;    2271.47;    1181.66;    2270.59;    1194.67;       10;    0.79;   stop
   129;    2473.81;    1315.92;    2474.98;    1304.51;    2449.94;    1301.95;    2448.77;    1313.36;       10;    0.79;   stop
   177;    2556.96;    1316.88;    2557.20;    1304.89;    2531.04;    1304.37;    2530.80;    1316.36;       10;    0.79;   stop
   140;    1910.96;    1894.12;    1921.59;    1865.93;    1908.88;    1861.13;    1898.25;    1889.32;       10;    0.79;   stop
   119;    1794.34;    1986.68;    1809.49;    1959.49;    1797.97;    1953.07;    1782.82;    1980.26;       10;    0.79;   stop
  5993;    1869.59;     396.53;    1869.61;     367.35;    1855.48;     367.34;    1855.45;     396.52;       10;    0.79;   move
    68;     345.77;    1482.05;     348.04;    1468.29;     319.39;    1463.57;     317.12;    1477.33;       10;    0.79;   stop
  3044;    1959.45;    1333.49;    1960.18;    1308.36;    1948.15;    1308.01;    1947.41;    1333.14;       10;    0.79;   stop
   124;     752.78;    1551.86;     753.59;    1538.27;     727.53;    1536.73;     726.73;    1550.32;       10;    0.79;   stop
   139;    2441.99;    1533.69;    2444.19;    1508.32;    2431.14;    1507.18;    2428.93;    1532.56;       10;    0.79;   stop
  6925;    3713.65;    1417.43;    3718.58;    1402.62;    3683.22;    1390.86;    3678.29;    1405.66;       10;    0.79;   stop
   227;    1826.26;     374.72;    1839.54;     374.44;    1838.99;     348.66;    1825.71;     348.94;       10;    0.79;   stop
   194;    1977.86;      82.19;    1978.89;      57.81;    1967.14;      57.31;    1966.11;      81.69;       10;    0.79;   stop
   156;    1824.12;     282.13;    1836.11;     282.06;    1835.98;     258.43;    1823.98;     258.50;       10;    0.79;   stop
   275;    1987.67;     479.27;    1988.25;     450.24;    1975.33;     449.98;    1974.75;     479.01;       10;    0.79;   stop
   890;     140.91;     977.32;     140.93;     963.36;     111.28;     963.31;     111.26;     977.27;       10;    0.79;   move
   217;     629.06;     988.40;     629.93;     974.67;     600.94;     972.85;     600.07;     986.58;       10;    0.79;   stop
  1564;    1070.94;    1041.40;    1071.74;    1028.31;    1045.94;    1026.73;    1045.13;    1039.81;       10;    0.79;   move
  5917;    1949.79;    1529.88;    1952.08;    1506.43;    1941.21;    1505.37;    1938.92;    1528.82;       10;    0.79;   stop
   149;    1742.96;    2083.32;    1761.29;    2052.17;    1747.91;    2044.30;    1729.59;    2075.45;        9;    0.79;   stop
   350;    2404.09;    1338.71;    2404.80;    1323.94;    2374.53;    1322.48;    2373.82;    1337.24;       10;    0.79;   stop
    28;    2123.77;    2090.54;    2131.62;    2077.83;    2107.54;    2062.96;    2099.69;    2075.67;       10;    0.79;   stop
  6456;    2849.58;    1820.25;    2872.67;    1798.27;    2863.07;    1788.19;    2839.99;    1810.17;       10;    0.79;   move
  5343;    3380.31;    1287.60;    3384.49;    1274.21;    3355.63;    1265.21;    3351.45;    1278.60;       10;    0.79;   stop
  6681;    1168.97;    2126.95;    1185.13;    2125.40;    1182.28;    2095.55;    1166.12;    2097.10;       10;    0.79;   stop
   118;    1819.33;    1956.84;    1831.31;    1934.30;    1821.17;    1928.91;    1809.19;    1951.45;       10;    0.79;   stop
   225;    2847.45;    1861.46;    2875.59;    1838.45;    2863.80;    1824.04;    2835.66;    1847.05;        9;    0.79;   stop
   233;    1978.36;     531.53;    1980.24;     500.90;    1967.20;     500.10;    1965.32;     530.73;       10;    0.79;   stop
   525;       0.15;     962.20;      22.01;     960.51;      20.93;     946.55;      -0.93;     948.24;       10;    0.79;   stop
  3454;    1889.47;     958.39;    1904.64;     958.09;    1904.03;     927.11;    1888.86;     927.41;       10;    0.79;   stop
   348;    1400.12;    1145.17;    1400.25;    1132.10;    1373.01;    1131.83;    1372.88;    1144.90;       10;    0.79;   stop
   185;     845.03;    1558.81;     846.09;    1545.98;     821.37;    1543.94;     820.32;    1556.77;       10;    0.79;   stop
   203;    2427.55;    1387.48;    2430.41;    1357.27;    2415.20;    1355.83;    2412.34;    1386.04;       10;    0.79;   stop
   261;    2404.05;    1898.31;    2407.67;    1867.59;    2393.70;    1865.94;    2390.08;    1896.66;       10;    0.79;   stop
   289;    2753.23;    1943.35;    2780.15;    1932.65;    2774.64;    1918.78;    2747.72;    1929.48;       10;    0.79;   stop
  5523;    3442.32;    1324.98;    3446.05;    1312.42;    3419.24;    1304.47;    3415.51;    1317.03;       10;    0.79;   stop
   310;    1966.98;     875.38;    1981.01;     874.50;    1979.15;     844.75;    1965.11;     845.62;       10;    0.79;   stop
  3209;    1708.05;    1107.55;    1708.80;    1093.44;    1678.20;    1091.82;    1677.45;    1105.93;       10;    0.79;   stop
   162;    3230.60;    1019.85;    3249.54;    1000.31;    3240.02;     991.08;    3221.08;    1010.63;       10;    0.79;   stop
    79;    1175.59;    1768.62;    1177.09;    1744.46;    1163.85;    1743.63;    1162.34;    1767.79;       10;    0.79;   stop
   138;    2104.21;    2099.67;    2111.57;    2086.32;    2085.29;    2071.83;    2077.93;    2085.18;       10;    0.79;   stop
   299;    1709.77;    2124.81;    1724.32;    2100.78;    1713.02;    2093.94;    1698.47;    2117.97;       10;    0.79;   stop
  6119;    1870.36;     275.50;    1870.91;     243.94;    1856.39;     243.68;    1855.84;     275.25;       10;    0.79;   stop
   422;    2131.68;    1124.94;    2132.53;    1112.10;    2107.32;    1110.44;    2106.47;    1123.27;       10;    0.79;   stop
   224;    2416.03;    1509.62;    2418.01;    1483.86;    2405.34;    1482.88;    2403.36;    1508.64;       10;    0.79;   stop
   231;     361.56;    1643.85;     362.36;    1613.45;     345.78;    1613.02;     344.99;    1643.42;       10;    0.79;   stop
   531;    1471.35;    1147.03;    1471.71;    1135.17;    1448.02;    1134.47;    1447.67;    1146.33;       10;    0.78;   stop
   189;    3386.82;     870.00;    3399.37;     843.72;    3385.68;     837.18;    3373.13;     863.46;       10;    0.78;   stop
   386;    1844.67;    1888.09;    1854.66;    1859.56;    1841.01;    1854.78;    1831.03;    1883.32;       10;    0.78;   stop
  6074;    1452.40;      26.16;    1453.08;      14.64;    1428.72;      13.22;    1428.05;      24.74;       10;    0.78;   stop
   297;     642.75;    1091.23;     643.00;    1078.66;     617.25;    1078.15;     617.00;    1090.71;       10;    0.78;   stop
   265;    1973.78;    1570.70;    1976.48;    1539.92;    1963.72;    1538.80;    1961.02;    1569.58;       10;    0.78;   stop
  4823;    2447.00;    1126.36;    2448.00;    1113.40;    2420.50;    1111.27;    2419.50;    1124.22;       10;    0.78;   stop
   293;    2741.67;    1976.00;    2755.09;    1968.01;    2737.83;    1939.00;    2724.41;    1946.99;       10;    0.78;   stop
   192;    3605.12;    1456.75;    3610.46;    1442.26;    3578.00;    1430.28;    3572.66;    1444.77;       10;    0.78;   stop
  2179;    1931.45;    1572.91;    1932.89;    1541.20;    1917.93;    1540.52;    1916.49;    1572.24;       10;    0.78;   move
   120;     258.94;     983.34;     259.15;     970.86;     232.31;     970.41;     232.10;     982.89;       10;    0.78;   move
  3154;    1555.30;    1096.34;    1555.56;    1083.37;    1526.07;    1082.78;    1525.81;    1095.75;       10;    0.78;   stop
  1987;    2253.40;    1096.43;    2254.30;    1083.55;    2225.98;    1081.57;    2225.08;    1094.45;       10;    0.78;   stop
   370;    2228.81;    1191.64;    2229.80;    1179.55;    2206.13;    1177.61;    2205.14;    1189.70;       10;    0.78;   stop
   155;    1777.30;    2067.68;    1791.57;    2043.67;    1781.08;    2037.44;    1766.81;    2061.45;       10;    0.78;   move
   249;    1825.88;     122.84;    1838.75;     122.58;    1838.24;      98.22;    1825.38;      98.49;       10;    0.78;   stop
   464;     225.18;    1063.16;     226.00;    1048.77;     197.63;    1047.15;     196.81;    1061.55;       10;    0.78;   stop
   271;     749.64;    1145.54;     750.59;    1131.79;     721.30;    1129.77;     720.35;    1143.52;       10;    0.78;   stop
    60;     598.94;    1503.61;     600.07;    1491.30;     573.88;    1488.89;     572.74;    1501.20;       10;    0.78;   stop
  7170;     895.07;    1548.07;     896.52;    1533.47;     868.37;    1530.67;     866.92;    1545.28;       10;    0.78;   move
   400;    2353.02;    1307.51;    2353.58;    1294.60;    2327.73;    1293.49;    2327.17;    1306.40;       10;    0.78;   stop
   237;    3445.35;    1067.18;    3445.89;    1054.55;    3419.96;    1053.44;    3419.42;    1066.07;       10;    0.78;   stop
   150;    2425.57;    1688.38;    2429.21;    1655.57;    2414.93;    1653.99;    2411.29;    1686.80;       10;    0.78;   stop
   151;    2419.28;    1765.29;    2422.91;    1735.15;    2408.84;    1733.46;    2405.22;    1763.60;       10;    0.78;   stop
   323;    3150.16;    1424.86;    3152.45;    1411.24;    3123.59;    1406.39;    3121.30;    1420.01;       10;    0.78;   stop
  6881;    1991.54;     642.83;    1994.62;     629.38;    1965.83;     622.80;    1962.76;     636.25;       10;    0.78;   stop
   235;    1986.51;     836.95;    1986.86;     813.61;    1974.81;     813.42;    1974.45;     836.77;       10;    0.78;   stop
   215;     964.02;    1036.34;     965.06;    1023.39;     940.98;    1021.47;     939.94;    1034.42;       10;    0.78;   move
   228;    1836.01;     961.10;    1836.67;     934.85;    1823.81;     934.52;    1823.14;     960.78;       10;    0.78;   stop
   292;    2358.97;    1335.33;    2359.63;    1323.39;    2333.03;    1321.92;    2332.37;    1333.86;       10;    0.78;   stop
   334;    2842.65;    1261.67;    2845.82;    1248.79;    2819.85;    1242.40;    2816.68;    1255.27;       10;    0.78;   stop
  2677;    1931.91;    1504.74;    1932.89;    1474.19;    1917.84;    1473.70;    1916.86;    1504.25;       10;    0.78;   move
   248;    1879.10;    1782.00;    1885.32;    1753.65;    1871.00;    1750.50;    1864.77;    1778.85;       10;    0.78;   stop
   346;    1967.56;     174.52;    1980.34;     173.92;    1979.12;     147.80;    1966.35;     148.39;       10;    0.78;   stop
   220;     750.48;    1131.92;     751.65;    1116.76;     720.46;    1114.33;     719.28;    1129.49;       10;    0.78;   stop
    15;     614.00;    1294.86;     616.30;    1280.44;     586.93;    1275.76;     584.64;    1290.19;       10;    0.78;   stop
   303;    2585.48;     631.17;    2614.27;     630.40;    2613.89;     616.45;    2585.11;     617.22;       10;    0.78;   stop
   415;    2771.27;    1246.36;    2774.51;    1231.00;    2741.98;    1224.14;    2738.74;    1239.50;        9;    0.78;   stop
   209;    1894.22;    1405.51;    1909.55;    1404.12;    1905.94;    1364.24;    1890.60;    1365.63;        9;    0.78;   stop
   238;    3500.18;    1066.89;    3531.08;    1066.86;    3531.07;    1052.80;    3500.17;    1052.82;       10;    0.78;   stop
  5731;    3500.13;    1347.32;    3505.01;    1332.06;    3472.06;    1321.51;    3467.17;    1336.77;       10;    0.78;   stop
    30;    1836.85;     179.63;    1838.47;     154.16;    1826.15;     153.37;    1824.53;     178.84;       10;    0.77;   stop
  6814;    1870.48;     148.02;    1870.90;     120.49;    1857.96;     120.29;    1857.54;     147.82;       10;    0.77;   stop
  5600;    1887.67;     729.92;    1888.14;     703.55;    1875.64;     703.33;    1875.18;     729.70;       10;    0.77;   move
   374;     749.59;     950.86;     754.50;     922.85;     741.52;     920.58;     736.62;     948.59;       10;    0.77;   stop
  2137;    1968.20;    1167.93;    1980.72;    1167.85;    1980.55;    1142.82;    1968.03;    1142.90;       10;    0.77;   move
  2210;    2603.80;    1354.09;    2627.87;    1346.15;    2623.70;    1333.53;    2599.63;    1341.48;       10;    0.77;   stop
   211;    1165.05;    2059.11;    1180.69;    2058.12;    1178.70;    2026.52;    1163.06;    2027.50;       10;    0.77;   stop
  1942;    1917.46;    1644.50;    1923.09;    1612.47;    1909.79;    1610.13;    1904.16;    1642.16;       10;    0.77;   move
   105;    1173.81;    1798.30;    1175.85;    1772.44;    1161.69;    1771.32;    1159.65;    1797.18;       10;    0.77;   stop
   283;    2447.77;    1963.99;    2455.23;    1952.38;    2432.10;    1937.51;    2424.64;    1949.12;       10;    0.77;   stop
   262;    2200.86;    2060.87;    2209.79;    2048.98;    2188.52;    2033.01;    2179.59;    2044.90;       10;    0.77;   stop
  6086;    1416.66;      26.56;    1417.40;      13.34;    1387.97;      11.69;    1387.23;      24.91;       10;    0.77;   stop
   324;    2098.55;     233.87;    2124.71;     233.84;    2124.70;     221.76;    2098.54;     221.78;       10;    0.77;   stop
   392;    1496.63;    1035.31;    1497.72;    1022.18;    1472.25;    1020.06;    1471.16;    1033.20;       10;    0.77;   stop
   199;    2470.35;    1089.50;    2470.62;    1076.65;    2445.52;    1076.13;    2445.26;    1088.98;       10;    0.77;   stop
   117;    1586.17;    1620.83;    1587.18;    1607.73;    1560.45;    1605.67;    1559.45;    1618.77;       10;    0.77;   stop
   214;     542.73;     998.95;     543.31;     985.91;     518.52;     984.80;     517.94;     997.84;       10;    0.77;   move
   369;    2095.74;    1326.56;    2125.24;    1324.65;    2124.32;    1310.44;    2094.82;    1312.35;       10;    0.77;   stop
  6750;    3663.55;    1402.42;    3668.03;    1388.29;    3637.70;    1378.68;    3633.22;    1392.81;       10;    0.77;   stop
   360;    2446.12;    1205.46;    2447.21;    1193.05;    2421.38;    1190.79;    2420.29;    1203.20;       10;    0.77;   stop
   137;     578.65;    1537.31;     580.05;    1522.40;     548.23;    1519.41;     546.83;    1534.32;       10;    0.77;   stop
   379;    1979.65;     160.95;    1992.32;     160.62;    1991.60;     132.68;    1978.93;     133.01;       10;    0.77;   stop
   284;     501.25;     980.18;     501.76;     967.09;     475.63;     966.07;     475.12;     979.16;       10;    0.77;   stop
  6061;    3583.55;    1376.36;    3588.76;    1361.10;    3554.58;    1349.42;    3549.36;    1364.68;       10;    0.77;   stop
   380;    1745.49;     620.62;    1747.47;     606.52;    1717.17;     602.26;    1715.18;     616.36;       10;    0.77;   stop
  1443;    2242.84;    1160.59;    2243.53;    1147.09;    2215.72;    1145.66;    2215.03;    1159.16;       10;    0.77;   move
   398;    2257.88;    1192.58;    2258.29;    1180.85;    2235.56;    1180.04;    2235.15;    1191.78;       10;    0.77;   stop
  2011;    1961.50;    1269.25;    1961.73;    1244.11;    1949.18;    1244.00;    1948.95;    1269.14;       10;    0.77;   move
   343;    2376.04;    2145.25;    2379.53;    2116.71;    2366.59;    2115.12;    2363.09;    2143.67;       10;    0.77;   stop
  1774;    2222.95;    1094.23;    2223.81;    1082.12;    2199.62;    1080.39;    2198.75;    1092.51;       10;    0.76;   stop
   353;    1978.37;    1490.67;    1979.21;    1466.22;    1967.76;    1465.83;    1966.91;    1490.28;       10;    0.76;   stop
  7078;    3375.26;     845.71;    3388.48;     817.87;    3375.67;     811.79;    3362.45;     839.63;       10;    0.76;   move
    45;    1177.63;    1739.53;    1179.33;    1712.87;    1165.19;    1711.97;    1163.49;    1738.63;       10;    0.76;   stop
   513;    2520.90;    1070.76;    2533.88;    1068.88;    2529.98;    1041.99;    2517.00;    1043.87;       10;    0.76;   stop
   287;    3540.05;    1067.26;    3569.04;    1067.21;    3569.01;    1054.30;    3540.02;    1054.36;       10;    0.76;   stop
   240;    2414.30;    1796.01;    2417.45;    1769.49;    2404.82;    1767.99;    2401.67;    1794.51;       10;    0.76;   stop
   136;     199.70;    1458.20;     201.47;    1445.99;     176.94;    1442.43;     175.17;    1454.64;       10;    0.76;   stop
   333;     768.52;    1154.69;     769.78;    1128.57;     756.56;    1127.93;     755.30;    1154.06;       10;    0.76;   stop
   239;     361.01;    1712.77;     363.13;    1684.96;     347.74;    1683.79;     345.62;    1711.60;       10;    0.76;   stop
  2752;    1703.39;    1122.24;    1704.27;    1109.45;    1676.11;    1107.51;    1675.23;    1120.30;       10;    0.76;   stop
   258;    1266.27;    1560.22;    1266.76;    1548.13;    1239.66;    1547.03;    1239.17;    1559.12;       10;    0.76;   stop
   320;    3498.83;    1030.24;    3499.02;    1017.69;    3471.48;    1017.26;    3471.29;    1029.81;       10;    0.76;   stop
   330;    2165.78;    2077.67;    2176.65;    2067.58;    2156.09;    2045.45;    2145.23;    2055.54;       10;    0.76;   stop
  5284;    3407.01;    1314.55;    3411.40;    1300.81;    3381.43;    1291.24;    3377.04;    1304.97;       10;    0.76;   stop
  5890;    1850.78;     270.73;    1851.21;     242.47;    1838.57;     242.27;    1838.13;     270.53;       10;    0.76;   stop
   341;    1473.46;    1577.55;    1474.74;    1565.20;    1447.04;    1562.33;    1445.76;    1574.67;       10;    0.76;   stop
   404;    1358.51;    1023.79;    1359.90;    1011.90;    1335.86;    1009.09;    1334.47;    1020.97;       10;    0.76;   stop
   427;    2178.40;    2070.01;    2189.92;    2059.96;    2172.16;    2039.62;    2160.65;    2049.67;       10;    0.76;   stop
  6330;    1893.51;     145.54;    1893.68;     103.14;    1877.49;     103.08;    1877.32;     145.48;        9;    0.75;   stop
   116;     653.60;    1542.77;     654.41;    1529.97;     630.77;    1528.48;     629.96;    1541.28;       10;    0.75;   stop
  3190;    2120.96;    1150.34;    2121.82;    1137.25;    2097.79;    1135.66;    2096.93;    1148.75;       10;    0.75;   move
   285;    1084.06;    1123.70;    1084.55;    1110.34;    1059.06;    1109.42;    1058.58;    1122.79;       10;    0.75;   stop
   437;    1882.94;    1217.59;    1895.78;    1215.93;    1892.56;    1191.04;    1879.72;    1192.69;       10;    0.75;   stop
   184;     363.87;    2045.03;     364.76;    2011.99;     347.69;    2011.53;     346.80;    2044.57;       10;    0.75;   stop
   264;    1139.03;     639.42;    1140.88;     626.62;    1116.59;     623.11;    1114.74;     635.91;       10;    0.75;   stop
   308;    2326.87;    1332.60;    2327.35;    1318.87;    2299.88;    1317.90;    2299.40;    1331.63;       10;    0.75;   stop
   305;    3203.22;    1040.76;    3224.95;    1023.70;    3216.78;    1013.30;    3195.05;    1030.36;       10;    0.75;   stop
   270;     276.89;    1064.81;     277.60;    1050.65;     249.51;    1049.25;     248.80;    1063.41;       10;    0.75;   stop
   526;    1522.83;    1002.06;    1526.98;     972.08;    1512.42;     970.06;    1508.27;    1000.05;       10;    0.75;   stop
   459;    1412.21;    1145.92;    1435.19;    1145.87;    1435.16;    1133.33;    1412.19;    1133.38;       10;    0.75;   stop
   332;     817.52;     933.56;     818.00;     922.10;     791.80;     921.00;     791.31;     932.46;       10;    0.75;   stop
  4737;    2488.37;    1111.54;    2489.19;    1095.39;    2451.13;    1093.46;    2450.31;    1109.61;        9;    0.75;   stop
    32;    2380.18;    1177.29;    2380.89;    1163.21;    2348.94;    1161.59;    2348.23;    1175.67;       10;    0.75;   move
   411;    1839.02;      64.57;    1839.66;      41.52;    1827.36;      41.18;    1826.72;      64.23;       10;    0.75;   stop
   196;     752.64;    1517.52;     754.10;    1505.98;     731.42;    1503.11;     729.96;    1514.65;       10;    0.75;   stop
   322;    2538.65;    1924.89;    2547.85;    1913.54;    2525.73;    1895.61;    2516.52;    1906.96;       10;    0.75;   stop
   191;    1779.26;    2156.15;    1793.26;    2129.41;    1781.69;    2123.35;    1767.69;    2150.09;       10;    0.74;   stop
  6163;     141.45;     992.55;     169.34;     992.03;     169.10;     979.01;     141.21;     979.53;       10;    0.74;   move
   190;      50.13;    1718.57;      68.79;    1697.82;      57.16;    1687.36;      38.50;    1708.11;       10;    0.74;   stop
   570;     499.96;     944.22;     515.68;     944.05;     515.35;     913.91;     499.64;     914.07;       10;    0.74;   stop
   429;    3165.65;    1053.76;    3194.04;    1046.41;    3190.60;    1033.11;    3162.21;    1040.46;       10;    0.74;   stop
   146;     609.08;    1313.86;     611.81;    1297.78;     581.55;    1292.63;     578.81;    1308.70;       10;    0.74;   stop
   441;    2160.27;     627.88;    2189.41;     627.34;    2189.17;     614.12;    2160.03;     614.66;       10;    0.74;   stop
   328;    2526.87;     738.41;    2527.73;     709.84;    2515.00;     709.46;    2514.15;     738.03;       10;    0.74;   stop
   375;    3457.28;     714.27;    3469.35;     686.93;    3455.85;     680.97;    3443.78;     708.31;       10;    0.74;   stop
   488;    1504.08;    1148.99;    1504.41;    1135.40;    1478.30;    1134.76;    1477.96;    1148.35;       10;    0.74;   stop
   399;    2787.70;    1377.91;    2792.52;    1363.78;    2762.68;    1353.59;    2757.85;    1367.72;       10;    0.74;   stop
   438;    2621.44;     629.51;    2649.49;     628.06;    2648.81;     615.02;    2620.76;     616.47;       10;    0.74;   stop
   390;    2352.13;    2006.04;    2381.59;    1996.92;    2376.99;    1982.08;    2347.54;    1991.20;       10;    0.74;   stop
   337;    3434.88;    1401.79;    3439.68;    1387.39;    3407.00;    1376.49;    3402.19;    1390.89;       10;    0.74;   stop
   425;    2649.60;    1227.46;    2651.37;    1211.92;    2618.40;    1208.16;    2616.63;    1223.70;        9;    0.74;   stop
   365;    2707.44;    1356.64;    2708.47;    1343.55;    2677.56;    1341.11;    2676.53;    1354.20;       10;    0.74;   stop
  4352;    2441.15;    1106.42;    2441.72;    1094.08;    2417.35;    1092.96;    2416.78;    1105.29;       10;    0.74;   stop
   126;    3025.39;    1593.69;    3035.90;    1565.48;    3023.36;    1560.81;    3012.85;    1589.02;       10;    0.74;   stop
   466;     851.33;     968.16;     853.16;     940.73;     839.83;     939.84;     838.00;     967.27;       10;    0.73;   stop
  2088;    2287.86;    1097.51;    2288.51;    1085.25;    2262.39;    1083.87;    2261.74;    1096.13;       10;    0.73;   stop
   568;    1957.68;    1737.63;    1960.81;    1714.28;    1949.35;    1712.75;    1946.22;    1736.09;       10;    0.73;   stop
   474;    2564.68;    1912.56;    2571.10;    1901.43;    2549.19;    1888.81;    2542.78;    1899.95;       10;    0.73;   stop
   423;    2092.81;     233.42;    2092.83;     221.68;    2067.44;     221.64;    2067.42;     233.38;       10;    0.73;   stop
  3695;    2254.47;    1130.75;    2279.09;    1130.37;    2278.91;    1118.13;    2254.28;    1118.51;       10;    0.73;   move
  5453;    3435.88;    1306.67;    3441.30;    1290.21;    3398.49;    1276.14;    3393.08;    1292.60;        9;    0.73;   stop
   367;    2062.15;    1327.16;    2092.11;    1324.68;    2090.97;    1310.97;    2061.02;    1313.44;       10;    0.73;   stop
   207;     543.39;    1533.75;     544.79;    1521.38;     521.61;    1518.75;     520.21;    1531.12;       10;    0.73;   stop
   505;    3377.02;     804.78;    3388.19;     779.43;    3375.79;     773.97;    3364.62;     799.32;       10;    0.73;   stop
   319;    3376.72;    1029.54;    3377.69;    1017.01;    3353.59;    1015.14;    3352.62;    1027.67;       10;    0.73;   stop
   489;    3177.94;    1160.66;    3193.95;    1136.65;    3182.06;    1128.72;    3166.05;    1152.72;       10;    0.73;   stop
   402;    3337.33;     976.61;    3346.56;     953.73;    3334.86;     949.01;    3325.63;     971.89;       10;    0.73;   stop
   259;    1280.13;    1596.25;    1281.54;    1583.67;    1255.62;    1580.75;    1254.21;    1593.33;       10;    0.73;   stop
   321;    2391.15;    1757.43;    2395.00;    1726.20;    2380.73;    1724.44;    2376.88;    1755.67;       10;    0.73;   stop
  6099;    1325.15;      26.85;    1325.19;      11.49;    1296.10;      11.40;    1296.06;      26.76;       10;    0.73;   stop
   407;     329.82;    1071.23;     358.83;    1070.15;     358.31;    1055.96;     329.29;    1057.04;       10;    0.73;   stop
   314;     778.94;    1875.64;     794.21;    1875.62;     794.18;    1846.24;     778.92;    1846.25;       10;    0.73;   stop
  7159;    3790.86;    1425.14;    3796.81;    1411.49;    3767.27;    1398.61;    3761.32;    1412.26;       10;    0.73;   move
   336;    2738.73;    1844.02;    2745.61;    1832.90;    2721.27;    1817.85;    2714.39;    1828.98;       10;    0.73;   stop
  6095;    1365.98;      26.42;    1366.15;      12.20;    1336.27;      11.83;    1336.10;      26.05;       10;    0.73;   stop
   453;    2128.35;     629.17;    2154.45;     628.59;    2154.15;     615.08;    2128.05;     615.66;       10;    0.73;   stop
   449;     748.51;    1161.56;     749.39;    1147.30;     722.43;    1145.63;     721.55;    1159.88;       10;    0.73;   stop
   349;    2451.21;     630.61;    2451.30;     618.32;    2427.54;     618.14;    2427.45;     630.43;       10;    0.73;   stop
   232;    2659.79;    1354.91;    2660.75;    1342.47;    2636.33;    1340.59;    2635.38;    1353.03;       10;    0.73;   stop
   465;     806.55;    1103.48;     807.05;    1091.22;     783.50;    1090.27;     783.00;    1102.53;       10;    0.73;   stop
   550;     793.51;     991.28;     793.98;     979.56;     769.74;     978.60;     769.28;     990.31;       10;    0.72;   stop
   426;    1304.50;    1562.03;    1304.97;    1550.70;    1280.75;    1549.72;    1280.28;    1561.05;       10;    0.72;   stop
   471;    2650.75;    1226.46;    2651.81;    1210.94;    2639.41;    1210.10;    2638.35;    1225.62;       10;    0.72;   stop
   260;    2997.23;    1651.70;    3008.02;    1626.35;    2995.27;    1620.93;    2984.48;    1646.27;       10;    0.72;   stop
  4066;    3598.00;     424.33;    3610.62;     398.22;    3598.25;     392.23;    3585.63;     418.35;       10;    0.72;   stop
   340;    2527.34;     702.77;    2527.75;     678.37;    2515.66;     678.17;    2515.25;     702.56;       10;    0.72;   stop
   388;    3340.88;    1156.55;    3359.15;    1134.36;    3348.18;    1125.33;    3329.91;    1147.51;       10;    0.72;   stop
   269;     363.55;     969.11;     364.46;     956.42;     339.57;     954.64;     338.67;     967.33;       10;    0.72;   stop
  4269;    2405.81;    1105.93;    2406.50;    1090.35;    2375.07;    1088.95;    2374.37;    1104.53;       10;    0.72;   stop
   434;    1206.67;    1134.30;    1207.81;    1120.14;    1180.58;    1117.95;    1179.44;    1132.11;       10;    0.72;   stop
   420;     362.44;    1605.85;     362.89;    1580.04;     347.72;    1579.78;     347.26;    1605.58;       10;    0.72;   stop
   342;    1927.95;    2065.15;    1929.12;    2036.03;    1915.05;    2035.47;    1913.88;    2064.59;       10;    0.72;   stop
   432;    2358.22;     628.77;    2382.23;     628.63;    2382.16;     616.89;    2358.15;     617.03;       10;    0.72;   stop
   476;     877.40;    1562.21;     879.03;    1547.65;     852.29;    1544.66;     850.66;    1559.23;       10;    0.72;   stop
   484;    3497.37;     664.65;    3524.01;     663.84;    3523.57;     649.49;    3496.92;     650.30;       10;    0.72;   stop
   352;    3493.04;    1066.26;    3493.21;    1052.85;    3465.09;    1052.49;    3464.91;    1065.90;       10;    0.72;   stop
   535;    1909.46;    1538.20;    1911.60;    1502.97;    1897.54;    1502.11;    1895.40;    1537.35;       10;    0.71;   stop
   378;    2423.17;    1722.73;    2425.93;    1695.20;    2412.83;    1693.89;    2410.07;    1721.42;       10;    0.71;   stop
   498;    2410.60;    2048.30;    2437.01;    2038.72;    2432.15;    2025.32;    2405.74;    2034.90;       10;    0.71;   stop
   490;    1245.10;    1592.88;    1246.26;    1581.88;    1224.84;    1579.62;    1223.68;    1590.62;       10;    0.71;   stop
   417;    2550.11;     630.83;    2579.07;     629.40;    2578.39;     615.67;    2549.43;     617.10;       10;    0.71;   stop
  3416;    1826.39;    1048.99;    1839.20;    1028.08;    1829.48;    1022.13;    1816.68;    1043.05;       10;    0.71;   move
   382;    3460.91;    1027.41;    3460.92;    1016.36;    3440.03;    1016.34;    3440.02;    1027.39;       10;    0.71;   stop
   473;    3256.51;     995.50;    3274.54;     973.94;    3264.74;     965.75;    3246.71;     987.31;       10;    0.71;   stop
   210;     777.18;    1875.25;     778.34;    1848.18;     764.07;    1847.56;     762.91;    1874.64;       10;    0.71;   stop
  6077;      18.69;    1433.35;      19.90;    1420.38;      -0.09;    1418.52;      -1.29;    1431.49;       10;    0.71;   stop
   428;    2890.62;    1710.82;    2903.53;    1689.39;    2892.82;    1682.93;    2879.90;    1704.36;       10;    0.71;   stop
  4065;    3753.31;     205.45;    3782.72;     204.63;    3782.31;     190.17;    3752.91;     191.00;       10;    0.71;   stop
   467;    1110.26;     968.63;    1111.71;     941.21;    1098.12;     940.49;    1096.66;     967.91;       10;    0.71;   stop
   403;    1177.50;    1131.32;    1178.27;    1118.02;    1150.68;    1116.43;    1149.92;    1129.73;       10;    0.71;   stop
   351;    1750.02;    1603.09;    1751.64;    1590.89;    1725.43;    1587.41;    1723.81;    1599.61;       10;    0.71;   stop
   358;    2529.84;     139.73;    2531.15;     113.45;    2518.79;     112.83;    2517.48;     139.11;       10;    0.71;   stop
   313;     726.54;    1515.19;     727.53;    1503.63;     705.03;    1501.69;     704.03;    1513.25;       10;    0.71;   stop
   355;    2527.46;     783.79;    2529.06;     758.81;    2516.66;     758.02;    2515.07;     783.00;       10;    0.71;   stop
   377;    1681.02;    1632.04;    1682.78;    1619.24;    1657.98;    1615.83;    1656.22;    1628.63;       10;    0.71;   stop
   462;    2379.69;    1861.11;    2382.87;    1833.94;    2368.56;    1832.27;    2365.38;    1859.43;       10;    0.71;   stop
   559;    1451.36;    1033.66;    1451.94;    1020.53;    1427.51;    1019.46;    1426.94;    1032.60;       10;    0.71;   stop
   376;     795.58;    1870.69;     809.50;    1870.64;     809.42;    1845.56;     795.50;    1845.61;       10;    0.71;   stop
   201;     364.12;    1937.61;     365.58;    1908.79;     350.25;    1908.01;     348.79;    1936.83;       10;    0.70;   stop
   481;    2953.99;    1741.38;    2964.51;    1717.24;    2950.76;    1711.25;    2940.24;    1735.39;       10;    0.70;   stop
  6101;    1288.10;      24.27;    1288.72;       9.97;    1257.77;       8.64;    1257.16;      22.94;       10;    0.70;   stop
   345;    2529.11;     171.76;    2529.68;     144.62;    2517.26;     144.37;    2516.70;     171.50;       10;    0.70;   stop
   477;    1309.33;    1597.49;    1310.28;    1585.89;    1287.17;    1584.01;    1286.22;    1595.61;       10;    0.70;   stop
   516;    3193.94;    1136.48;    3207.60;    1113.96;    3196.06;    1106.96;    3182.40;    1129.48;       10;    0.70;   stop
  6959;     150.88;    1021.44;     151.56;    1008.68;     125.68;    1007.31;     125.01;    1020.07;       10;    0.70;   move
   553;    2514.83;    1994.51;    2546.66;    1984.00;    2541.67;    1968.87;    2509.84;    1979.38;       10;    0.70;   stop
   401;    1092.31;     632.73;    1093.93;     618.79;    1062.07;     615.08;    1060.44;     629.02;       10;    0.70;   stop
   507;    2522.47;    1934.75;    2531.03;    1921.70;    2503.66;    1903.75;    2495.10;    1916.80;       10;    0.70;   stop
   458;     837.61;    1106.76;     838.42;    1092.43;     808.64;    1090.74;     807.83;    1105.07;       10;    0.70;   stop
   563;     825.34;    1134.85;     826.89;    1122.93;     803.09;    1119.84;     801.55;    1131.76;       10;    0.69;   stop
   408;    2528.02;     606.01;    2528.36;     581.03;    2516.11;     580.86;    2515.76;     605.84;       10;    0.69;   stop
   457;    2419.08;     630.96;    2419.47;     617.80;    2391.04;     616.95;    2390.65;     630.11;       10;    0.69;   stop
   396;    2410.97;    1542.59;    2412.10;    1517.37;    2400.28;    1516.85;    2399.15;    1542.06;       10;    0.69;   stop
   436;    1786.93;    1607.18;    1788.74;    1592.79;    1758.28;    1588.94;    1756.46;    1603.33;       10;    0.69;   stop
   393;    1602.67;    1154.29;    1603.60;    1141.37;    1578.83;    1139.58;    1577.90;    1152.50;       10;    0.69;   stop
   475;    2092.93;     628.53;    2119.17;     628.34;    2119.07;     614.59;    2092.83;     614.79;       10;    0.69;   stop
  3977;    2542.53;    1135.10;    2544.76;    1120.32;    2516.22;    1116.02;    2513.99;    1130.80;       10;    0.69;   move
   307;     761.65;    1872.86;     762.36;    1845.64;     748.32;    1845.27;     747.61;    1872.49;       10;    0.69;   stop
   468;    2671.93;     627.47;    2696.39;     627.02;    2696.20;     616.21;    2671.73;     616.66;       10;    0.69;   stop
   448;    2689.73;     666.65;    2689.90;     654.45;    2664.89;     654.10;    2664.72;     666.30;       10;    0.69;   stop
  5833;    3614.32;     392.28;    3626.37;     365.19;    3613.81;     359.60;    3601.75;     386.68;       10;    0.69;   stop
  2425;    1332.79;    1056.23;    1333.52;    1043.37;    1307.58;    1041.89;    1306.85;    1054.76;       10;    0.69;   move
   529;    3377.04;     895.96;    3386.02;     870.73;    3372.96;     866.08;    3363.98;     891.30;       10;    0.69;   stop
    53;    1910.78;    1589.52;    1913.53;    1543.65;    1893.97;    1542.48;    1891.22;    1588.35;        9;    0.69;   stop
   472;    1862.31;    1612.86;    1863.74;    1599.71;    1836.69;    1596.77;    1835.26;    1609.92;       10;    0.68;   stop
  4649;    2314.91;    1128.05;    2342.01;    1123.85;    2339.97;    1110.70;    2312.87;    1114.90;       10;    0.68;   move
   389;     232.61;    1466.26;     234.97;    1454.22;     210.12;    1449.36;     207.77;    1461.40;       10;    0.68;   stop
   451;    3406.93;    1030.12;    3434.26;    1029.59;    3434.00;    1016.44;    3406.68;    1016.97;       10;    0.68;   stop
   364;    2064.32;    2115.90;    2072.39;    2104.53;    2049.43;    2088.23;    2041.36;    2099.60;       10;    0.68;   stop
   454;     308.14;     969.32;     308.42;     956.87;     282.95;     956.31;     282.67;     968.75;       10;    0.68;   stop
   419;    3408.38;    1066.04;    3408.70;    1053.34;    3383.81;    1052.71;    3383.49;    1065.41;       10;    0.68;   stop
   175;     364.13;    1965.07;     365.23;    1940.22;     351.65;    1939.62;     350.55;    1964.47;       10;    0.68;   stop
   394;    1377.69;    1603.15;    1379.15;    1590.57;    1351.56;    1587.35;    1350.10;    1599.93;       10;    0.68;   stop
  2022;    3059.00;    1521.97;    3068.27;    1497.79;    3055.84;    1493.03;    3046.57;    1517.21;       10;    0.67;   stop
   234;    2528.85;     576.47;    2529.10;     553.15;    2517.53;     553.03;    2517.28;     576.35;       10;    0.67;   stop
   385;     734.79;     576.41;     738.22;     562.97;     709.90;     555.74;     706.46;     569.18;       10;    0.67;   stop
  4367;    1004.93;    1117.24;    1005.11;    1104.95;     983.79;    1104.64;     983.61;    1116.93;       10;    0.67;   stop
  3582;    1663.67;    1120.00;    1664.74;    1108.15;    1644.95;    1106.37;    1643.89;    1118.22;       10;    0.67;   stop
   597;    2088.55;     629.02;    2088.57;     615.55;    2060.64;     615.51;    2060.62;     628.98;       10;    0.67;   stop
  1943;    1946.49;    1189.14;    1963.72;    1188.19;    1961.10;    1140.73;    1943.87;    1141.68;        9;    0.67;   move
   412;    2833.98;     225.43;    2859.53;     224.89;    2859.27;     212.76;    2833.72;     213.30;       10;    0.67;   stop
   530;    2197.27;     628.65;    2224.32;     628.37;    2224.17;     614.47;    2197.12;     614.75;       10;    0.67;   stop
   512;     464.73;    1079.14;     465.00;    1064.50;     437.14;    1063.98;     436.87;    1078.63;       10;    0.67;   stop
   496;    2984.62;    1576.14;    2994.20;    1554.40;    2983.04;    1549.48;    2973.45;    1571.22;       10;    0.67;   stop
   335;    2428.23;    1651.26;    2431.83;    1625.39;    2419.02;    1623.61;    2415.42;    1649.48;       10;    0.67;   stop
   524;    1832.37;     210.03;    1833.84;     182.79;    1819.85;     182.03;    1818.38;     209.28;       10;    0.67;   stop
   206;     515.54;    1531.43;     516.80;    1517.90;     490.40;    1515.44;     489.14;    1528.98;       10;    0.67;   stop
  5829;    3583.18;     456.59;    3593.28;     433.75;    3581.20;     428.41;    3571.09;     451.25;       10;    0.66;   stop
   316;     593.38;    1121.58;     594.42;    1107.05;     565.37;    1104.98;     564.33;    1119.51;       10;    0.66;   stop
  6883;     285.75;    1034.37;     287.03;    1020.41;     258.94;    1017.82;     257.65;    1031.78;       10;    0.66;   move
   544;    2328.52;     628.78;    2353.43;     628.63;    2353.36;     616.87;    2328.45;     617.02;       10;    0.66;   stop
   499;    2251.17;    2109.75;    2273.66;    2096.31;    2266.45;    2084.25;    2243.97;    2097.69;       10;    0.66;   stop
   435;    1337.63;    1564.96;    1338.86;    1553.92;    1315.12;    1551.29;    1313.89;    1562.33;       10;    0.66;   stop
  4977;    2434.42;    1086.99;    2434.99;    1075.26;    2411.71;    1074.14;    2411.14;    1085.86;       10;    0.66;   stop
  5661;    3475.17;    1316.84;    3479.75;    1303.42;    3451.08;    1293.63;    3446.50;    1307.05;       10;    0.66;   stop
   440;    2406.31;     233.59;    2406.48;     221.27;    2380.19;     220.91;    2380.02;     233.23;       10;    0.66;   stop
   653;     278.31;     947.09;     284.47;     918.85;     270.13;     915.72;     263.97;     943.96;       10;    0.66;   stop
   549;    2296.98;    1329.77;    2297.51;    1317.30;    2272.40;    1316.23;    2271.86;    1328.70;       10;    0.66;   stop
   430;     687.26;    1545.36;     688.21;    1532.55;     661.80;    1530.58;     660.85;    1543.39;       10;    0.66;   stop
   495;    2459.77;    1954.42;    2468.62;    1943.77;    2448.23;    1926.83;    2439.38;    1937.48;       10;    0.66;   stop
   485;    3416.89;     806.87;    3425.14;     785.12;    3413.74;     780.79;    3405.48;     802.54;       10;    0.66;   stop
   590;     828.16;    1151.51;     830.08;    1138.77;     801.68;    1134.49;     799.76;    1147.23;       10;    0.65;   stop
  5237;    2046.99;    2122.48;    2054.18;    2110.88;    2032.45;    2097.40;    2025.25;    2109.00;       10;    0.65;   stop
   409;     631.10;    1506.87;     632.48;    1494.07;     606.40;    1491.26;     605.02;    1504.05;       10;    0.65;   stop
   244;     483.88;    1528.87;     484.96;    1514.24;     459.71;    1512.38;     458.64;    1527.01;       10;    0.65;   stop
   405;    2707.41;     627.76;    2732.33;     627.50;    2732.20;     614.66;    2707.28;     614.92;       10;    0.65;   stop
   363;    1404.65;    2040.63;    1409.47;    2011.69;    1395.47;    2009.37;    1390.66;    2038.31;       10;    0.65;   stop
   518;    3320.46;     626.52;    3345.60;     625.66;    3345.16;     612.85;    3320.03;     613.71;       10;    0.65;   stop
   486;    3543.36;    1272.45;    3557.85;    1272.16;    3557.26;    1242.87;    3542.78;    1243.16;       10;    0.65;   stop
   552;     991.40;     621.58;     993.05;     609.15;     967.78;     605.80;     966.14;     618.22;       10;    0.64;   stop
   683;    1840.86;     899.57;    1841.27;     878.17;    1828.89;     877.93;    1828.48;     899.33;       10;    0.64;   stop
  6361;     567.44;     979.25;     593.86;     977.72;     593.19;     966.06;     566.76;     967.59;       10;    0.64;   stop
   354;     302.54;    1507.85;     303.85;    1494.74;     277.77;    1492.15;     276.47;    1505.26;       10;    0.64;   stop
   534;    1896.06;    1328.64;    1908.81;    1319.19;    1897.44;    1303.86;    1884.69;    1313.31;       10;    0.64;   stop
   445;    1664.92;    1593.91;    1666.39;    1581.40;    1642.58;    1578.59;    1641.11;    1591.10;       10;    0.64;   stop
   540;    3429.95;     213.49;    3460.88;     213.01;    3460.68;     199.48;    3429.74;     199.95;       10;    0.63;   stop
   536;    1892.17;    1363.56;    1906.07;    1362.46;    1903.49;    1329.69;    1889.58;    1330.79;        9;    0.63;   stop
   497;    2737.88;     627.73;    2764.21;     627.54;    2764.12;     615.40;    2737.79;     615.59;       10;    0.63;   stop
  6880;    3543.46;     492.88;    3556.86;     466.62;    3544.98;     460.55;    3531.58;     486.82;       10;    0.63;   move
  4667;    2397.11;    1086.15;    2397.90;    1073.23;    2371.39;    1071.60;    2370.60;    1084.52;       10;    0.63;   stop
   558;    1345.92;    1601.19;    1346.59;    1588.39;    1321.46;    1587.06;    1320.78;    1599.86;       10;    0.63;   stop
   630;    3123.63;    1163.78;    3137.46;    1139.87;    3125.75;    1133.09;    3111.91;    1157.01;       10;    0.63;   stop
   588;    1528.02;     967.51;    1531.98;     941.41;    1518.48;     939.36;    1514.52;     965.47;       10;    0.63;   stop
   545;    2769.85;     628.50;    2795.30;     628.20;    2795.15;     615.75;    2769.70;     616.05;       10;    0.63;   stop
   506;     346.85;    1573.73;     361.12;    1573.24;     360.03;    1541.58;     345.75;    1542.08;       10;    0.63;   stop
   569;    3278.76;     216.31;    3303.87;     215.44;    3303.43;     202.75;    3278.32;     203.62;       10;    0.62;   stop
   702;    1989.67;     708.74;    1989.92;     689.21;    1979.33;     689.07;    1979.08;     708.60;       10;    0.62;   stop
  7166;    2510.27;     610.88;    2510.79;     587.51;    2498.98;     587.24;    2498.46;     610.62;       10;    0.62;   move
   483;    1037.65;    1121.46;    1038.35;    1107.60;    1007.60;    1106.04;    1006.90;    1119.90;        9;    0.62;   stop
   619;    3131.94;    1094.34;    3148.12;    1089.59;    3138.06;    1055.35;    3121.88;    1060.10;       10;    0.62;   stop
   368;     878.22;    1523.94;     879.97;    1511.37;     855.22;    1507.94;     853.47;    1520.50;       10;    0.62;   stop
  6134;    3661.19;     296.12;    3672.68;     270.31;    3660.68;     264.97;    3649.19;     290.79;       10;    0.62;   stop
   421;     362.49;    1757.92;     362.69;    1725.93;     347.19;    1725.83;     347.00;    1757.82;       10;    0.62;   stop
   624;    3335.40;     214.88;    3335.48;     202.46;    3310.53;     202.30;    3310.46;     214.73;       10;    0.62;   stop
   527;    3049.41;     626.30;    3073.50;     625.14;    3072.94;     613.31;    3048.84;     614.47;       10;    0.62;   stop
   480;    2381.23;    1829.91;    2384.57;    1803.22;    2371.52;    1801.59;    2368.18;    1828.28;       10;    0.62;   stop
   548;    2384.70;    1799.40;    2388.11;    1769.50;    2374.80;    1767.98;    2371.39;    1797.88;       10;    0.61;   stop
   551;    1990.08;    2153.43;    1998.31;    2140.90;    1974.05;    2124.95;    1965.81;    2137.48;       10;    0.61;   stop
   644;    3137.20;    1132.22;    3141.56;    1105.78;    3129.05;    1103.71;    3124.69;    1130.16;       10;    0.61;   stop
   452;    3257.79;    1326.93;    3258.58;    1311.61;    3223.15;    1309.79;    3222.36;    1325.11;        9;    0.61;   move
   600;    3568.34;     490.22;    3581.01;     460.84;    3566.97;     454.78;    3554.30;     484.16;       10;    0.60;   stop
   554;     403.11;    1522.17;     426.26;    1521.92;     426.11;    1507.83;     402.95;    1508.08;       10;    0.60;   stop
  5560;    2528.08;     917.15;    2528.80;     888.82;    2514.92;     888.47;    2514.20;     916.80;       10;    0.60;   stop
  3539;    1872.03;    1052.55;    1885.42;    1050.08;    1880.03;    1020.83;    1866.64;    1023.30;       10;    0.60;   move
  6124;    3629.13;     359.41;    3641.64;     332.79;    3629.00;     326.84;    3616.48;     353.46;       10;    0.60;   stop
   561;    3558.16;     623.43;    3558.28;     609.41;    3526.52;     609.15;    3526.41;     623.16;       10;    0.60;   stop
   523;     503.33;    2029.42;     531.04;    2028.87;     530.73;    2013.08;     503.02;    2013.63;       10;    0.60;   stop
   631;    2479.20;    1951.03;    2488.29;    1940.47;    2465.92;    1921.22;    2456.83;    1931.78;       10;    0.60;   stop
   503;     957.27;    1119.71;     958.96;    1108.57;     938.92;    1105.54;     937.23;    1116.68;       10;    0.60;   stop
   521;    3533.10;    1029.83;    3533.53;    1018.63;    3508.47;    1017.67;    3508.04;    1028.87;       10;    0.60;   stop
   654;    2382.21;    2059.22;    2406.11;    2048.59;    2400.91;    2036.90;    2377.01;    2047.53;       10;    0.60;   stop
   543;    1909.67;    2062.76;    1911.76;    2033.26;    1897.33;    2032.24;    1895.24;    2061.74;       10;    0.60;   stop
  6747;    1926.07;    1863.83;    1936.63;    1823.75;    1920.22;    1819.42;    1909.65;    1859.50;       10;    0.60;   stop
  7107;    3789.16;     202.86;    3818.32;     201.48;    3817.71;     188.55;    3788.55;     189.93;       10;    0.60;   stop
   581;    2835.04;     629.38;    2861.06;     628.15;    2860.46;     615.44;    2834.44;     616.66;       10;    0.60;   stop
   560;    1669.06;     610.07;    1670.07;     596.89;    1642.94;     594.80;    1641.93;     607.99;       10;    0.59;   stop
   522;    1165.15;    2026.73;    1179.12;    2025.47;    1176.72;    1998.89;    1162.75;    2000.15;       10;    0.59;   stop
  6784;     362.95;    2081.69;     365.28;    2050.13;     349.08;    2048.94;     346.75;    2080.49;       10;    0.59;   stop
   571;    2500.95;    1941.93;    2509.13;    1930.59;    2486.92;    1914.57;    2478.74;    1925.91;       10;    0.59;   stop
  6097;     898.38;      42.11;     898.78;      27.92;     869.28;      27.08;     868.88;      41.27;       10;    0.59;   stop
   608;    1984.65;     191.43;    1995.98;     191.33;    1995.79;     170.82;    1984.46;     170.92;       10;    0.59;   stop
   666;    1466.91;    1610.54;    1468.43;    1598.80;    1444.59;    1595.71;    1443.07;    1607.45;       10;    0.59;   stop
   500;    3626.95;    1336.82;    3637.98;    1312.58;    3625.55;    1306.93;    3614.52;    1331.16;       10;    0.59;   stop
   514;    2866.24;     224.40;    2894.86;     223.65;    2894.51;     210.42;    2865.89;     211.16;       10;    0.59;   stop
   446;    2466.39;     234.43;    2466.39;     221.19;    2440.48;     221.19;    2440.48;     234.43;       10;    0.59;   stop
  5664;    2514.73;     882.61;    2527.57;     882.40;    2527.14;     855.51;    2514.30;     855.72;       10;    0.59;   stop
   416;    1132.44;    1583.27;    1133.18;    1568.66;    1104.43;    1567.20;    1103.69;    1581.81;       10;    0.59;   stop
   371;    1927.46;    1863.16;    1936.99;    1824.24;    1920.04;    1820.09;    1910.51;    1859.01;        9;    0.59;   stop
   455;    1786.58;    1640.87;    1788.94;    1626.65;    1758.62;    1621.63;    1756.27;    1635.85;       10;    0.58;   stop
   648;    3562.42;     627.03;    3597.01;     625.54;    3596.33;     609.77;    3561.74;     611.25;       10;    0.58;   stop
  6937;    1980.88;      43.37;    1980.88;      19.63;    1967.50;      19.63;    1967.50;      43.37;       10;    0.58;   stop
  5811;    3551.81;     520.40;    3561.07;     496.93;    3548.82;     492.10;    3539.56;     515.57;       10;    0.58;   stop
   562;    3444.09;     742.58;    3454.91;     717.61;    3441.84;     711.95;    3431.03;     736.92;       10;    0.58;   stop
   599;    3349.02;     626.13;    3375.47;     624.76;    3374.73;     610.43;    3348.28;     611.80;       10;    0.58;   stop
   517;    1406.71;    1605.00;    1408.75;    1594.15;    1386.67;    1590.00;    1384.63;    1600.85;       10;    0.58;   stop
   647;    1577.32;    1152.55;    1577.68;    1139.79;    1552.43;    1139.07;    1552.07;    1151.84;       10;    0.58;   stop
  6129;    3722.03;     203.13;    3748.18;     202.70;    3747.97;     190.15;    3721.82;     190.58;       10;    0.57;   stop
  6092;    1146.59;      29.34;    1146.93;      18.06;    1123.10;      17.35;    1122.76;      28.63;       10;    0.57;   stop
   519;     962.91;     619.38;     965.03;     607.75;     941.72;     603.50;     939.60;     615.13;       10;    0.57;   stop
   511;     745.15;    1873.97;     746.17;    1847.50;     732.35;    1846.97;     731.33;    1873.44;       10;    0.57;   stop
   556;    1249.30;    1138.87;    1250.37;    1122.47;    1214.45;    1120.13;    1213.38;    1136.53;        9;    0.56;   stop
   487;    1438.32;    1611.07;    1439.98;    1598.54;    1414.68;    1595.18;    1413.02;    1607.71;       10;    0.56;   stop
  5069;    1975.12;    2166.39;    1983.69;    2153.95;    1960.32;    2137.86;    1951.75;    2150.30;       10;    0.56;   stop
   460;    3782.18;    1390.70;    3797.02;    1386.86;    3789.07;    1356.17;    3774.23;    1360.01;       10;    0.56;   stop
  6666;    3646.42;     325.41;    3656.61;     303.74;    3645.45;     298.50;    3635.27;     320.16;       10;    0.56;   stop
  6139;    3777.89;     363.75;    3793.61;     363.63;    3793.36;     331.87;    3777.64;     332.00;       10;    0.56;   stop
   618;    3791.94;     293.06;    3795.61;     266.98;    3783.06;     265.22;    3779.39;     291.30;       10;    0.56;   stop
  6081;       1.50;    1494.99;      18.20;    1492.04;      12.94;    1462.35;      -3.76;    1465.31;       10;    0.56;   stop
  5813;    3792.69;     327.29;    3793.23;     296.88;    3778.56;     296.62;    3778.02;     327.03;       10;    0.56;   stop
  7174;    1249.57;    1138.81;    1250.66;    1122.62;    1214.74;    1120.19;    1213.65;    1136.38;       10;    0.56;   stop
   589;    3793.79;     261.90;    3795.07;     231.42;    3779.34;     230.76;    3778.05;     261.23;       10;    0.55;   stop
  6135;    3582.24;     376.69;    3592.27;     353.10;    3580.26;     347.99;    3570.23;     371.59;       10;    0.55;   stop
  7182;    3257.47;    1326.23;    3258.09;    1311.48;    3223.47;    1310.02;    3222.84;    1324.77;       10;    0.55;   move
   594;    3235.04;    1110.50;    3247.28;    1087.64;    3235.59;    1081.38;    3223.35;    1104.23;       10;    0.55;   stop
  6657;    3510.66;     566.46;    3524.76;     534.38;    3509.34;     527.60;    3495.24;     559.68;       10;    0.54;   move
  6141;    2343.11;    2000.95;    2349.09;    1988.55;    2325.26;    1977.05;    2319.28;    1989.45;       10;    0.54;   stop
   395;    1707.86;    1634.95;    1710.06;    1621.49;    1685.14;    1617.42;    1682.94;    1630.88;       10;    0.54;   stop
   501;    2529.48;     453.87;    2529.93;     428.36;    2516.90;     428.13;    2516.45;     453.64;       10;    0.53;   stop
   583;     691.72;     593.19;     695.43;     579.86;     667.66;     572.13;     663.95;     585.46;       10;    0.53;   stop
   736;    1972.59;    1606.05;    1975.27;    1583.43;    1964.91;    1582.20;    1962.23;    1604.82;       10;    0.53;   stop
   638;    2797.79;    1815.67;    2803.52;    1803.26;    2779.59;    1792.20;    2773.85;    1804.62;       10;    0.53;   stop
   661;    3614.52;     624.86;    3642.00;     624.31;    3641.73;     610.53;    3614.25;     611.08;       10;    0.53;   stop
  4894;    2175.88;    1073.33;    2176.60;    1060.99;    2153.87;    1059.67;    2153.15;    1072.01;       10;    0.53;   stop
  6714;    2287.18;    1114.94;    2287.82;    1101.60;    2258.57;    1100.19;    2257.93;    1113.52;       10;    0.52;   stop
  3201;    1730.42;    1121.94;    1731.33;    1110.58;    1710.96;    1108.93;    1710.04;    1120.30;       10;    0.52;   stop
   603;    2086.90;    2108.91;    2093.71;    2096.63;    2068.85;    2082.84;    2062.04;    2095.12;       10;    0.52;   stop
   584;    3162.68;    1038.35;    3173.52;    1030.71;    3157.01;    1007.28;    3146.17;    1014.91;       10;    0.52;   stop
   508;    2901.17;     224.33;    2927.56;     223.30;    2927.08;     211.04;    2900.69;     212.07;       10;    0.51;   stop
   331;    2529.59;     550.53;    2529.76;     526.18;    2517.91;     526.10;    2517.74;     550.44;       10;    0.51;   stop
  6120;    3822.89;     200.74;    3840.74;     200.00;    3840.24;     187.85;    3822.38;     188.59;       10;    0.51;   stop
  3628;     550.76;     981.52;     573.06;     980.08;     572.37;     969.41;     550.06;     970.86;       10;    0.51;   stop
   482;    2527.44;     323.75;    2527.57;     298.44;    2515.56;     298.37;    2515.43;     323.69;       10;    0.51;   stop
   433;     274.16;    1505.18;     276.02;    1491.16;     247.09;    1487.32;     245.23;    1501.34;       10;    0.51;   stop
  6137;    3756.74;     396.17;    3757.60;     367.38;    3743.26;     366.96;    3742.40;     395.74;       10;    0.50;   stop
  6046;    1491.49;      63.73;    1491.80;      51.12;    1465.01;      50.46;    1464.70;      63.07;       10;    0.50;   stop
  6105;     807.03;      42.46;     807.94;      30.30;     782.59;      28.41;     781.69;      40.58;       10;    0.49;   stop
   537;    2526.98;     203.80;    2528.64;     180.06;    2517.15;     179.26;    2515.49;     203.00;       10;    0.49;   stop
  3662;     621.62;    1129.65;     634.02;    1128.18;     630.88;    1101.60;     618.48;    1103.07;       10;    0.49;   stop
  7153;    1873.44;      36.90;    1874.23;      17.56;    1862.87;      17.10;    1862.09;      36.44;       10;    0.49;   stop
  5169;     307.47;    1000.00;     308.84;     987.08;     277.53;     983.75;     276.16;     996.67;        9;    0.49;   move
  3301;    1547.98;    1149.68;    1548.27;    1135.71;    1523.27;    1135.19;    1522.98;    1149.16;       10;    0.49;   stop
  7017;    3539.53;    1284.92;    3539.93;    1254.02;    3525.47;    1253.83;    3525.07;    1284.73;       10;    0.49;   stop
  6235;    3661.65;     624.59;    3694.22;     624.06;    3693.98;     609.16;    3661.41;     609.69;       10;    0.48;   stop
   539;    2528.14;     486.10;    2528.87;     458.08;    2517.11;     457.77;    2516.38;     485.80;       10;    0.48;   stop
  3528;    1771.08;    1167.04;    1771.49;    1154.86;    1741.17;    1153.83;    1740.76;    1166.02;       10;    0.48;   stop
   494;    1825.42;    1646.67;    1827.59;    1631.63;    1796.14;    1627.08;    1793.97;    1642.12;       10;    0.48;   stop
   621;     660.49;    2001.05;     661.21;    1989.44;     637.94;    1988.01;     637.23;    1999.62;       10;    0.48;   stop
   609;     449.12;    1265.61;     450.30;    1253.01;     425.10;    1250.64;     423.92;    1263.24;       10;    0.47;   stop
   598;    2447.23;    1478.98;    2450.28;    1454.25;    2438.27;    1452.77;    2435.22;    1477.50;       10;    0.47;   stop
   605;    2240.48;    1335.86;    2242.55;    1319.71;    2202.90;    1314.64;    2200.83;    1330.79;        9;    0.46;   stop
   565;    3701.04;    1484.93;    3705.56;    1473.40;    3682.71;    1464.44;    3678.19;    1475.97;       10;    0.46;   stop
  6901;    3758.24;     330.11;    3758.99;     297.48;    3741.76;     297.08;    3741.01;     329.71;       10;    0.46;   stop
  6043;     134.46;    1484.52;     136.48;    1470.18;     108.58;    1466.26;     106.57;    1480.60;       10;    0.46;   stop
  6123;    3840.09;     623.47;    3840.14;     607.56;    3809.91;     607.47;    3809.86;     623.38;       10;    0.45;   stop
   744;    2967.39;    1484.92;    2981.96;    1456.99;    2971.11;    1451.33;    2956.54;    1479.26;       10;    0.45;   stop
   677;     906.10;    1799.15;     906.80;    1785.51;     877.03;    1783.98;     876.33;    1797.62;       10;    0.45;   stop
   591;    3580.23;    1272.16;    3580.97;    1243.51;    3567.27;    1243.16;    3566.53;    1271.80;       10;    0.45;   stop
  5998;    2260.56;     629.56;    2286.57;     629.04;    2286.31;     615.81;    2260.30;     616.33;       10;    0.44;   stop
  7152;    1974.16;    1455.05;    1975.83;    1427.96;    1963.34;    1427.20;    1961.67;    1454.29;       10;    0.44;   stop
  6702;    2017.38;    2137.88;    2021.71;    2126.15;    1996.62;    2116.87;    1992.29;    2128.60;       10;    0.44;   stop
   684;    2393.96;    1711.94;    2395.89;    1688.74;    2384.66;    1687.81;    2382.74;    1711.01;       10;    0.44;   stop
   650;    1556.52;    1618.38;    1557.48;    1605.46;    1532.73;    1603.62;    1531.77;    1616.54;       10;    0.44;   stop
   637;    2648.64;     627.46;    2648.84;     615.82;    2639.36;     615.66;    2639.16;     627.30;       10;    0.44;   stop
  2186;    3162.63;     626.36;    3183.90;     625.29;    3183.31;     613.71;    3162.04;     614.79;       10;    0.44;   stop
  6764;    3539.44;     466.34;    3548.66;     441.88;    3536.81;     437.41;    3527.59;     461.87;       10;    0.43;   stop
  7111;    3563.93;     413.16;    3573.28;     393.25;    3562.95;     388.40;    3553.60;     408.32;       10;    0.43;   stop
  7200;     635.14;    1131.03;     648.54;    1129.42;     645.48;    1103.97;     632.09;    1105.58;       10;    0.43;   stop
  6915;    3755.48;     433.90;    3756.59;     408.50;    3744.52;     407.97;    3743.41;     433.38;       10;    0.43;   stop
   691;    1944.81;    2066.82;    1944.98;    2039.51;    1931.94;    2039.43;    1931.77;    2066.74;       10;    0.43;   stop
  6276;    3146.71;     719.85;    3147.52;     690.77;    3133.60;     690.38;    3132.80;     719.47;       10;    0.43;   stop
  6223;     565.50;    2028.89;     565.53;    2014.61;     537.00;    2014.55;     536.97;    2028.82;       10;    0.43;   stop
   617;    1954.49;    2066.50;    1967.12;    2064.25;    1962.76;    2039.75;    1950.13;    2042.00;       10;    0.42;   stop
  6208;    1227.67;    1497.11;    1231.90;    1471.62;    1219.20;    1469.51;    1214.98;    1495.01;       10;    0.42;   stop
  6234;    3698.98;     621.98;    3724.73;     620.81;    3724.15;     607.79;    3698.39;     608.95;       10;    0.42;   stop
  6882;    3450.72;     686.05;    3464.56;     656.72;    3452.09;     650.83;    3438.25;     680.16;       10;    0.41;   move
   546;    3201.01;    1165.05;    3216.31;    1140.93;    3204.93;    1133.70;    3189.62;    1157.82;       10;    0.41;   stop
  7088;    3147.94;     146.50;    3149.86;     117.38;    3136.13;     116.47;    3134.20;     145.59;       10;    0.41;   stop
   689;    2576.84;    1401.88;    2583.29;    1372.20;    2568.54;    1368.99;    2562.08;    1398.68;       10;    0.41;   stop
  7198;    3435.92;    1307.26;    3441.37;    1290.52;    3397.52;    1276.25;    3392.07;    1293.00;       10;    0.41;   stop
   492;     141.90;    1450.10;     143.32;    1436.43;     116.61;    1433.65;     115.19;    1447.32;       10;    0.40;   stop
  7043;    2494.91;     222.80;    2496.03;     198.55;    2482.84;     197.95;    2481.72;     222.20;       10;    0.40;   stop
  4986;    3075.96;     628.32;    3101.47;     625.25;    3099.82;     611.52;    3074.31;     614.59;       10;    0.40;   stop
  5902;     582.90;    1145.78;     583.84;    1132.34;     557.10;    1130.47;     556.16;    1143.91;       10;    0.40;   stop
  7053;      40.60;    1020.79;      74.73;    1020.13;      74.42;    1004.21;      40.29;    1004.87;       10;    0.40;   move
  7185;    3703.72;    1032.13;    3703.79;    1019.29;    3672.53;    1019.12;    3672.46;    1031.96;       10;    0.39;   stop
  6908;    3149.16;     253.49;    3171.57;     253.30;    3171.47;     241.04;    3149.05;     241.23;       10;    0.39;   stop
  7087;    1116.18;    1124.11;    1117.08;    1110.80;    1090.69;    1109.01;    1089.79;    1122.33;       10;    0.39;   stop
  7178;     374.09;    1212.16;     375.64;    1185.93;     360.44;    1185.03;     358.89;    1211.26;       10;    0.38;   stop
   616;    1099.30;    1581.32;    1101.12;    1569.79;    1079.83;    1566.43;    1078.01;    1577.96;       10;    0.38;   stop
  7138;    3652.01;     270.65;    3666.28;     245.94;    3654.87;     239.35;    3640.59;     264.06;       10;    0.38;   move
  6980;    3409.36;     776.79;    3421.17;     753.15;    3410.02;     747.58;    3398.21;     771.22;       10;    0.38;   move
  6277;    1827.69;    2068.40;    1840.62;    2040.34;    1827.91;    2034.47;    1814.97;    2062.54;       10;    0.38;   stop
  7096;     343.43;    1534.46;     351.54;    1522.35;     328.29;    1506.79;     320.18;    1518.90;       10;    0.37;   stop
  6093;      24.15;    1719.03;      46.97;    1702.48;      39.07;    1691.60;      16.26;    1708.14;       10;    0.37;   stop
   646;    1170.53;    1010.16;    1171.28;    1000.60;    1152.04;     999.09;    1151.29;    1008.65;       10;    0.36;   stop
  6562;    2199.43;     886.43;    2200.66;     873.18;    2175.32;     870.82;    2174.09;     884.07;       10;    0.36;   stop
  5349;    1991.48;    2011.88;    1992.99;    1994.11;    1955.02;    1990.87;    1953.51;    2008.64;       10;    0.36;   stop
  6936;    1498.93;     883.91;    1500.86;     872.30;    1473.32;     867.71;    1471.39;     879.33;       10;    0.36;   stop
  6487;    3228.39;     628.55;    3228.89;     613.64;    3200.99;     612.70;    3200.48;     627.61;       10;    0.35;   stop
  7005;    1840.21;      35.92;    1841.28;      13.06;    1828.41;      12.46;    1827.34;      35.32;       10;    0.35;   stop
  6279;    2634.75;    2075.67;    2647.51;    2070.65;    2636.62;    2042.96;    2623.86;    2047.97;       10;    0.35;   stop