vehicle_id; veh_bb_x1; veh_bb_y1; veh_bb_x2; veh_bb_y2; veh_bb_x3; veh_bb_y3; veh_bb_x4; veh_bb_y4; det_class; conf_score; state
    12;    1990.15;     447.06;    1991.68;     419.90;    1979.03;     419.19;    1977.51;     446.35;       10;    0.84;   stop
  7908;    1724.92;    1109.40;    1725.58;    1095.78;    1698.64;    1094.47;    1697.99;    1108.10;       10;    0.84;   stop
 11031;    1046.60;    1099.28;    1047.32;    1084.79;    1015.90;    1083.22;    1015.18;    1097.71;       10;    0.84;   move
  6553;    2887.67;    1233.41;    2891.16;    1219.96;    2861.83;    1212.34;    2858.34;    1225.79;       10;    0.83;   move
  5434;    2688.40;    1205.86;    2689.79;    1193.27;    2663.61;    1190.39;    2662.22;    1202.98;       10;    0.83;   move
 10936;    1944.35;    1629.50;    1947.12;    1597.09;    1932.86;    1595.88;    1930.10;    1628.28;       10;    0.83;   stop
  5993;     789.86;    1019.16;     791.11;    1004.96;     762.99;    1002.47;     761.74;    1016.67;       10;    0.83;   move
  6723;    2836.31;    1239.65;    2839.52;    1225.50;    2808.56;    1218.48;    2805.35;    1232.62;       10;    0.83;   move
  9453;    1431.54;    1093.63;    1432.38;    1078.25;    1400.08;    1076.49;    1399.25;    1091.87;       10;    0.83;   stop
  8592;    1733.64;    1128.22;    1734.41;    1114.53;    1703.24;    1112.78;    1702.47;    1126.47;       10;    0.83;   stop
  6023;    2936.23;    1262.77;    2938.91;    1249.60;    2910.02;    1243.73;    2907.34;    1256.90;       10;    0.83;   move
  3454;    2961.10;    1252.23;    2964.37;    1238.01;    2930.61;    1230.27;    2927.35;    1244.49;       10;    0.83;   stop
    76;    1837.81;     315.18;    1838.11;     287.40;    1824.82;     287.26;    1824.52;     315.03;       10;    0.83;   stop
     5;     814.24;    1555.48;     815.29;    1541.97;     791.70;    1540.14;     790.65;    1553.65;       10;    0.83;   stop
 10293;    1603.07;    1137.11;    1603.11;    1124.22;    1578.43;    1124.14;    1578.39;    1137.03;       10;    0.83;   stop
  8161;    1764.22;    1144.17;    1764.69;    1130.49;    1734.01;    1129.45;    1733.55;    1143.14;       10;    0.83;   stop
    10;    1762.38;    2045.78;    1776.43;    2019.79;    1764.26;    2013.22;    1750.22;    2039.21;       10;    0.83;   stop
  6688;    1969.29;     827.83;    1971.02;     804.27;    1959.40;     803.42;    1957.66;     826.98;       10;    0.83;   stop
 10885;    1407.68;    1110.11;    1408.24;    1097.24;    1380.07;    1096.01;    1379.51;    1108.88;       10;    0.83;   move
  8761;    1721.58;    1143.40;    1722.00;    1131.12;    1696.17;    1130.23;    1695.75;    1142.51;       10;    0.83;   stop
 10653;    1960.46;    1646.59;    1964.54;    1616.70;    1950.51;    1614.79;    1946.42;    1644.67;       10;    0.83;   stop
    31;    1826.60;     343.52;    1839.27;     343.20;    1838.65;     317.98;    1825.98;     318.30;       10;    0.83;   stop
 11433;     598.55;    1519.27;     599.53;    1505.10;     572.39;    1503.23;     571.41;    1517.40;       10;    0.83;   move
    13;     455.43;    1526.35;     457.10;    1512.47;     430.51;    1509.28;     428.84;    1523.15;       10;    0.83;   stop
    36;    2998.34;    1422.22;    3010.26;    1396.86;    2998.66;    1391.41;    2986.74;    1416.77;       10;    0.83;   stop
    34;     724.15;     993.24;     724.59;     981.14;     698.98;     980.20;     698.53;     992.29;       10;    0.83;   stop
    35;    1393.58;    1029.35;    1394.18;    1017.05;    1370.54;    1015.90;    1369.95;    1028.20;       10;    0.83;   stop
  7703;    1493.84;    1101.26;    1494.73;    1082.65;    1441.28;    1080.11;    1440.40;    1098.72;        9;    0.83;   stop
 11095;    1941.64;    1662.47;    1944.25;    1633.89;    1930.80;    1632.65;    1928.18;    1661.24;       10;    0.83;   stop
 11173;    1893.21;     119.46;    1894.15;      89.10;    1880.04;      88.67;    1879.10;     119.03;       10;    0.82;   stop
   242;    1972.75;     435.85;    1977.05;     408.73;    1964.75;     406.78;    1960.45;     433.90;       10;    0.82;   stop
  8515;    1907.44;     828.08;    1908.00;     801.19;    1894.96;     800.92;    1894.40;     827.81;       10;    0.82;   stop
    97;    1669.81;    1045.28;    1671.07;    1032.81;    1646.69;    1030.35;    1645.43;    1042.82;       10;    0.82;   stop
 10033;    3301.10;    1261.53;    3306.06;    1247.13;    3276.40;    1236.90;    3271.44;    1251.31;       10;    0.82;   move
 10983;    1892.95;     186.79;    1893.86;     157.31;    1880.30;     156.89;    1879.39;     186.38;       10;    0.82;   move
   103;    1836.81;     552.65;    1839.45;     524.10;    1825.81;     522.85;    1823.18;     551.40;       10;    0.82;   stop
   145;     901.48;    1111.46;     901.88;    1097.09;     876.02;    1096.35;     875.62;    1110.72;       10;    0.82;   stop
  7660;    1768.54;    1113.01;    1769.20;    1097.96;    1735.83;    1096.49;    1735.18;    1111.54;       10;    0.82;   stop
  8817;    1955.25;    1471.48;    1956.31;    1442.81;    1941.75;    1442.27;    1940.69;    1470.94;       10;    0.82;   stop
  8360;    1906.80;     869.35;    1907.45;     836.45;    1892.80;     836.15;    1892.14;     869.05;       10;    0.82;   stop
    42;    1010.42;    1008.76;    1010.90;     995.65;     984.58;     994.68;     984.10;    1007.79;       10;    0.82;   stop
    63;    2803.82;    1252.27;    2806.74;    1240.13;    2781.10;    1233.98;    2778.18;    1246.12;       10;    0.82;   stop
    57;    1849.19;     621.61;    1850.36;     596.24;    1837.43;     595.64;    1836.27;     621.01;       10;    0.82;   stop
  1058;    1959.13;     794.29;    1972.73;     794.25;    1972.65;     767.21;    1959.05;     767.25;       10;    0.82;   stop
    90;    1705.80;    1048.14;    1706.66;    1034.97;    1678.20;    1033.11;    1677.34;    1046.28;       10;    0.82;   stop
  5961;    2114.40;    1103.30;    2115.20;    1089.93;    2086.35;    1088.20;    2085.55;    1101.57;       10;    0.82;   stop
   106;    1960.60;    1600.98;    1963.36;    1572.73;    1950.93;    1571.52;    1948.17;    1599.77;       10;    0.82;   stop
    51;    2935.60;    1162.58;    2938.48;    1150.40;    2913.93;    1144.61;    2911.05;    1156.79;       10;    0.82;   stop
   122;    1991.12;     337.80;    1992.76;     312.13;    1980.13;     311.33;    1978.49;     336.99;       10;    0.82;   stop
    96;     865.08;    1108.80;     865.67;    1096.32;     839.44;    1095.07;     838.84;    1107.56;       10;    0.82;   stop
  8298;    2137.18;    1127.21;    2137.89;    1114.14;    2110.82;    1112.66;    2110.11;    1125.74;       10;    0.82;   stop
   185;     844.67;    1558.93;     845.75;    1545.85;     821.17;    1543.82;     820.09;    1556.90;       10;    0.82;   stop
   182;    1842.96;     869.79;    1843.81;     844.56;    1831.48;     844.15;    1830.63;     869.37;       10;    0.82;   stop
   114;    1872.03;    1185.63;    1878.30;    1169.94;    1836.43;    1153.24;    1830.17;    1168.93;        9;    0.82;   stop
  7958;    1934.37;    1444.57;    1935.55;    1419.13;    1923.16;    1418.56;    1921.99;    1444.00;       10;    0.82;   move
  9699;    1885.14;     813.96;    1885.14;     781.29;    1870.11;     781.29;    1870.11;     813.96;       10;    0.82;   move
 11128;     894.57;    1088.89;     894.82;    1076.30;     869.81;    1075.80;     869.55;    1088.39;       10;    0.82;   move
  9874;    1465.29;    1064.63;    1466.19;    1051.18;    1437.21;    1049.24;    1436.31;    1062.70;       10;    0.82;   move
    64;     788.64;    1555.16;     790.10;    1541.83;     764.79;    1539.06;     763.34;    1552.39;       10;    0.82;   stop
    73;    2713.20;    1926.92;    2742.42;    1914.57;    2735.93;    1899.20;    2706.70;    1911.56;       10;    0.82;   stop
 10124;    1890.62;     735.59;    1891.35;     710.40;    1878.88;     710.03;    1878.15;     735.23;       10;    0.82;   move
  8061;    1957.81;    1425.97;    1959.20;    1397.30;    1945.94;    1396.66;    1944.55;    1425.33;       10;    0.82;   stop
 10563;    1950.23;    1513.00;    1952.57;    1481.59;    1939.65;    1480.62;    1937.31;    1512.04;       10;    0.82;   stop
 11368;    3576.78;    1350.63;    3581.19;    1337.10;    3551.97;    1327.58;    3547.56;    1341.10;       10;    0.82;   stop
    43;    1237.84;    1019.58;    1238.66;    1007.02;    1214.10;    1005.42;    1213.28;    1017.98;       10;    0.82;   stop
   171;    1356.15;    1144.75;    1357.22;    1128.35;    1313.47;    1125.50;    1312.40;    1141.90;        9;    0.82;   stop
    14;    2714.64;    1233.51;    2716.35;    1221.32;    2691.74;    1217.87;    2690.02;    1230.05;       10;    0.82;   stop
    50;    1836.17;     253.91;    1837.22;     229.80;    1825.33;     229.28;    1824.28;     253.39;       10;    0.82;   stop
     9;     718.85;    1549.07;     720.25;    1536.04;     695.84;    1533.43;     694.44;    1546.46;       10;    0.82;   stop
   134;     909.91;    1003.61;     910.68;     991.52;     885.03;     989.89;     884.26;    1001.98;       10;    0.82;   stop
  5343;    2102.92;    1079.50;    2103.94;    1066.88;    2077.58;    1064.75;    2076.56;    1077.37;       10;    0.82;   stop
  8979;    1682.50;    1141.83;    1683.21;    1128.75;    1656.50;    1127.30;    1655.79;    1140.37;       10;    0.82;   stop
  8507;    1887.30;    1119.73;    1901.59;    1116.91;    1894.01;    1078.52;    1879.72;    1081.34;        9;    0.82;   move
   202;    1978.48;    1421.83;    1980.08;    1394.78;    1967.64;    1394.04;    1966.04;    1421.10;       10;    0.82;   stop
    72;    2744.45;    1914.61;    2769.65;    1902.53;    2763.18;    1889.02;    2737.97;    1901.09;       10;    0.82;   stop
 11455;    3630.20;    1364.73;    3634.04;    1351.63;    3605.43;    1343.24;    3601.58;    1356.34;       10;    0.82;   move
    88;    1981.61;     374.91;    1981.79;     346.30;    1967.89;     346.21;    1967.71;     374.83;       10;    0.81;   stop
     6;     849.00;    1525.89;     850.33;    1512.27;     824.44;    1509.74;     823.11;    1523.36;       10;    0.81;   stop
  6226;    2256.67;    1094.27;    2257.48;    1079.86;    2226.08;    1078.10;    2225.27;    1092.51;       10;    0.81;   stop
  5731;    2078.28;    1101.32;    2079.06;    1087.40;    2048.41;    1085.68;    2047.63;    1099.60;       10;    0.81;   stop
    61;    2874.15;    1149.08;    2877.14;    1136.46;    2850.60;    1130.17;    2847.61;    1142.79;       10;    0.81;   stop
    70;    2509.20;    1210.24;    2510.14;    1198.04;    2485.43;    1196.14;    2484.49;    1208.34;       10;    0.81;   stop
    81;    1980.16;    1380.68;    1982.85;    1353.16;    1970.46;    1351.95;    1967.77;    1379.47;       10;    0.81;   stop
 10103;    3361.59;    1280.56;    3366.46;    1265.59;    3332.16;    1254.44;    3327.29;    1269.41;       10;    0.81;   stop
 10873;    1904.25;     951.53;    1904.78;     921.83;    1891.50;     921.59;    1890.97;     951.30;       10;    0.81;   stop
    89;     977.37;    1008.18;     977.56;     994.71;     950.88;     994.32;     950.69;    1007.79;       10;    0.81;   stop
  7000;    2375.40;    1104.59;    2376.40;    1090.25;    2344.73;    1088.03;    2343.73;    1102.38;       10;    0.81;   stop
  8634;    2508.00;    1112.69;    2509.11;    1099.01;    2482.13;    1096.81;    2481.01;    1110.49;       10;    0.81;   stop
   104;    2704.67;    1116.99;    2705.83;    1102.71;    2676.95;    1100.38;    2675.80;    1114.66;       10;    0.81;   stop
   372;    2210.51;    2125.23;    2239.29;    2114.46;    2233.99;    2100.27;    2205.21;    2111.04;       10;    0.81;   stop
    11;    3288.11;    1292.82;    3293.37;    1278.17;    3260.33;    1266.32;    3255.07;    1280.97;       10;    0.81;   stop
    94;    1040.10;    1010.42;    1040.73;     998.97;    1017.52;     997.71;    1016.90;    1009.15;       10;    0.81;   stop
  7159;    2410.25;    1102.69;    2411.05;    1089.37;    2383.00;    1087.69;    2382.20;    1101.01;       10;    0.81;   stop
    66;    1960.70;    1709.87;    1963.77;    1682.30;    1951.12;    1680.88;    1948.04;    1708.45;       10;    0.81;   stop
 10664;    1864.60;     279.51;    1877.58;     278.21;    1874.90;     251.49;    1861.92;     252.79;       10;    0.81;   move
   197;     879.08;    1000.76;     879.63;     988.21;     854.55;     987.11;     854.00;     999.66;       10;    0.81;   stop
  8275;    1880.63;    1052.41;    1893.60;    1050.64;    1889.72;    1022.09;    1876.74;    1023.86;       10;    0.81;   move
    91;    2769.48;    1128.45;    2772.03;    1114.26;    2743.77;    1109.18;    2741.22;    1123.36;       10;    0.81;   stop
   128;    2685.32;    1229.51;    2686.98;    1216.80;    2656.93;    1212.86;    2655.27;    1225.57;       10;    0.81;   stop
  8858;    1695.87;    1125.30;    1696.88;    1112.13;    1670.13;    1110.07;    1669.12;    1123.25;       10;    0.81;   stop
  9854;    1644.33;    1139.72;    1645.24;    1126.72;    1619.29;    1124.91;    1618.38;    1137.90;       10;    0.81;   stop
  5661;    2214.41;    1090.83;    2215.47;    1078.25;    2187.90;    1075.92;    2186.84;    1088.50;       10;    0.81;   stop
    74;    2145.82;    2081.16;    2153.28;    2067.28;    2127.11;    2053.22;    2119.66;    2067.09;       10;    0.81;   stop
   246;    1986.11;     739.19;    1986.86;     711.27;    1974.08;     710.93;    1973.33;     738.85;       10;    0.81;   stop
  5284;     412.95;     995.25;     413.96;     982.15;     386.74;     980.06;     385.73;     993.16;       10;    0.81;   move
   369;    1975.90;    1296.55;    1989.07;    1292.31;    1979.60;    1262.83;    1966.43;    1267.06;       10;    0.81;   stop
   101;    2634.91;    1325.12;    2635.92;    1312.93;    2609.46;    1310.76;    2608.46;    1322.94;       10;    0.81;   stop
   131;    3017.77;    1378.04;    3029.89;    1351.19;    3017.48;    1345.58;    3005.36;    1372.44;       10;    0.81;   stop
    87;    2986.14;    1452.67;    2997.89;    1427.12;    2986.11;    1421.70;    2974.36;    1447.25;       10;    0.81;   stop
    65;    2438.58;    1564.01;    2440.37;    1539.57;    2428.92;    1538.74;    2427.13;    1563.18;       10;    0.81;   stop
    15;     614.55;    1295.02;     616.93;    1280.09;     587.32;    1275.37;     584.94;    1290.30;       10;    0.81;   stop
    80;    1166.45;    2092.64;    1181.75;    2091.18;    1179.17;    2064.23;    1163.88;    2065.69;       10;    0.81;   stop
   193;    1850.62;     702.81;    1850.79;     670.89;    1836.01;     670.81;    1835.84;     702.73;       10;    0.81;   stop
 10827;    1870.38;     183.19;    1870.96;     157.41;    1858.06;     157.12;    1857.48;     182.90;       10;    0.81;   stop
   174;    2971.29;    1172.45;    2974.21;    1159.09;    2944.34;    1152.55;    2941.41;    1165.91;       10;    0.81;   stop
   124;     752.90;    1551.67;     753.70;    1537.99;     727.41;    1536.45;     726.61;    1550.14;       10;    0.81;   stop
   119;    1793.38;    1986.50;    1808.12;    1959.62;    1796.49;    1953.25;    1781.75;    1980.13;       10;    0.81;   stop
  5390;    1746.78;    2118.98;    1762.86;    2092.42;    1750.84;    2085.15;    1734.77;    2111.70;       10;    0.81;   move
  9748;    3384.71;    1304.81;    3389.24;    1290.00;    3353.10;    1278.94;    3348.57;    1293.75;       10;    0.81;   stop
   213;    2682.68;    1938.04;    2711.03;    1927.12;    2705.31;    1912.27;    2676.96;    1923.19;       10;    0.81;   stop
  8707;    1885.47;     884.57;    1886.94;     854.16;    1874.28;     853.55;    1872.81;     883.96;       10;    0.81;   move
 11573;    1870.91;      59.98;    1870.94;      26.65;    1856.40;      26.64;    1856.37;      59.97;       10;    0.81;   stop
 10207;    1893.06;     686.64;    1905.55;     685.79;    1903.72;     658.86;    1891.23;     659.71;       10;    0.81;   move
   133;    1984.81;     767.32;    1985.17;     743.74;    1972.94;     743.55;    1972.58;     767.14;       10;    0.81;   stop
   137;     579.03;    1537.12;     580.49;    1521.66;     548.79;    1518.66;     547.32;    1534.12;       10;    0.81;   stop
  6069;    1489.51;      28.90;    1490.19;      16.49;    1462.49;      14.98;    1461.81;      27.39;       10;    0.80;   stop
    68;     346.12;    1481.97;     348.28;    1468.17;     319.51;    1463.66;     317.35;    1477.45;       10;    0.80;   stop
   187;    1422.66;    1031.21;    1423.20;    1018.51;    1397.72;    1017.42;    1397.17;    1030.11;       10;    0.80;   stop
   115;    2603.50;    1218.73;    2604.62;    1205.93;    2575.62;    1203.39;    2574.50;    1216.19;       10;    0.80;   stop
    41;    2964.44;    1289.60;    2967.07;    1275.68;    2935.71;    1269.77;    2933.09;    1283.69;       10;    0.80;   stop
   118;    1819.36;    1957.19;    1831.63;    1934.15;    1821.14;    1928.56;    1808.87;    1951.60;       10;    0.80;   stop
   138;    2104.13;    2099.55;    2111.42;    2086.37;    2085.37;    2071.95;    2078.08;    2085.13;       10;    0.80;   stop
    82;    1779.76;    2011.91;    1792.75;    1989.06;    1782.03;    1982.97;    1769.04;    2005.81;       10;    0.80;   stop
  9649;    3344.66;    1291.96;    3348.44;    1278.90;    3320.97;    1270.93;    3317.18;    1283.99;       10;    0.80;   stop
 11436;    1895.59;      71.56;    1895.84;      42.18;    1882.16;      42.07;    1881.91;      71.44;       10;    0.80;   stop
  9584;    1938.47;     352.94;    1938.89;     321.12;    1924.78;     320.94;    1924.36;     352.75;       10;    0.80;   move
 11047;    1902.80;     909.59;    1904.79;     877.22;    1890.70;     876.35;    1888.71;     908.72;       10;    0.80;   stop
  6925;    2245.13;    1112.86;    2246.04;    1098.67;    2214.56;    1096.64;    2213.64;    1110.83;       10;    0.80;   stop
   256;    1886.90;    1251.63;    1900.39;    1250.39;    1897.79;    1222.24;    1884.29;    1223.49;       10;    0.80;   stop
 10621;    1949.51;    1550.23;    1952.82;    1522.51;    1940.36;    1521.02;    1937.05;    1548.74;       10;    0.80;   stop
   200;    3002.26;    1543.60;    3010.61;    1520.52;    2999.24;    1516.40;    2990.89;    1539.48;       10;    0.80;   stop
   266;    2431.33;    1972.79;    2439.15;    1961.05;    2415.92;    1945.58;    2408.10;    1957.32;       10;    0.80;   stop
 10957;    1870.36;     142.06;    1870.57;     108.35;    1855.54;     108.25;    1855.34;     141.97;       10;    0.80;   stop
   144;     692.44;     991.49;     692.99;     978.36;     666.94;     977.26;     666.38;     990.39;       10;    0.80;   stop
 11091;     987.08;    1081.88;     987.92;    1068.56;     961.05;    1066.87;     960.21;    1080.19;       10;    0.80;   move
   198;    1353.52;    1036.02;    1354.45;    1023.54;    1328.48;    1021.61;    1327.55;    1034.08;       10;    0.80;   stop
  7841;    1658.22;    1103.27;    1658.55;    1088.93;    1627.90;    1088.23;    1627.57;    1102.57;       10;    0.80;   stop
    21;    3025.97;    1455.09;    3038.21;    1430.16;    3025.59;    1423.97;    3013.36;    1448.90;       10;    0.80;   stop
    79;    1175.83;    1768.80;    1177.30;    1744.27;    1163.61;    1743.45;    1162.14;    1767.98;       10;    0.80;   stop
   178;    1936.33;    1822.17;    1944.19;    1791.30;    1931.04;    1787.96;    1923.18;    1818.82;       10;    0.80;   stop
   204;    2650.48;    1949.26;    2675.84;    1941.10;    2671.71;    1928.24;    2646.34;    1936.40;       10;    0.80;   stop
  4649;    2101.26;    1123.70;    2101.99;    1109.72;    2074.74;    1108.30;    2074.01;    1122.28;       10;    0.80;   stop
   253;    2308.49;    1082.28;    2309.20;    1069.13;    2281.14;    1067.60;    2280.42;    1080.75;       10;    0.80;   stop
  8480;    2473.07;    1109.79;    2474.09;    1097.19;    2449.56;    1095.21;    2448.54;    1107.81;       10;    0.80;   stop
   236;    2410.92;    1202.21;    2411.47;    1189.59;    2384.58;    1188.41;    2384.03;    1201.04;       10;    0.80;   stop
  6991;    2620.14;    1204.12;    2621.43;    1190.43;    2591.61;    1187.63;    2590.32;    1201.32;       10;    0.80;   move
  7967;    1959.35;    1372.77;    1961.19;    1346.08;    1948.81;    1345.23;    1946.97;    1371.92;       10;    0.80;   stop
   169;    1846.14;     451.49;    1849.04;     422.72;    1837.11;     421.51;    1834.21;     450.28;       10;    0.80;   stop
  8997;    1866.77;     943.34;    1879.98;     943.32;    1879.94;     915.72;    1866.74;     915.74;       10;    0.80;   move
   199;    2470.23;    1089.21;    2470.53;    1077.03;    2445.65;    1076.42;    2445.35;    1088.60;       10;    0.80;   stop
    54;    2745.95;    1363.92;    2747.48;    1350.61;    2718.92;    1347.33;    2717.40;    1360.64;       10;    0.80;   stop
  6681;    1168.09;    2125.66;    1184.21;    2124.04;    1181.29;    2094.96;    1165.17;    2096.58;       10;    0.80;   stop
    47;    2908.18;    1679.88;    2919.02;    1651.50;    2906.57;    1646.75;    2895.73;    1675.12;       10;    0.80;   stop
 11220;    3511.67;    1329.27;    3515.84;    1315.67;    3486.77;    1306.75;    3482.60;    1320.35;       10;    0.80;   stop
    52;    1978.39;     218.77;    1978.90;     196.63;    1967.17;     196.36;    1966.66;     218.50;       10;    0.80;   stop
   156;    1823.93;     282.14;    1836.19;     282.12;    1836.17;     258.99;    1823.90;     259.00;       10;    0.80;   stop
   250;    1835.58;     732.03;    1836.00;     704.81;    1821.98;     704.59;    1821.56;     731.82;       10;    0.80;   stop
   286;     785.78;    1153.89;     785.80;    1126.12;     770.47;    1126.11;     770.45;    1153.88;       10;    0.80;   stop
  9108;    1660.80;    1124.20;    1661.39;    1109.05;    1628.70;    1107.80;    1628.11;    1122.95;       10;    0.80;   stop
   139;    2442.59;    1533.46;    2444.69;    1507.92;    2431.66;    1506.85;    2429.56;    1532.39;       10;    0.80;   stop
    40;    2411.58;    1829.64;    2414.80;    1800.00;    2400.79;    1798.48;    2397.58;    1828.12;       10;    0.80;   stop
   121;    1993.65;      88.61;    1994.61;      63.74;    1982.10;      63.26;    1981.14;      88.13;       10;    0.80;   stop
   251;    1834.07;     763.21;    1834.60;     737.82;    1821.24;     737.54;    1820.72;     762.93;       10;    0.80;   stop
 11249;     724.51;    1077.41;     724.96;    1064.77;     698.61;    1063.84;     698.16;    1076.48;       10;    0.80;   move
  6805;    2326.94;    1100.12;    2328.14;    1086.90;    2303.18;    1084.63;    2301.98;    1097.85;       10;    0.80;   stop
   140;    1911.19;    1893.26;    1921.34;    1865.75;    1908.09;    1860.86;    1897.94;    1888.37;       10;    0.80;   stop
 11646;     153.94;    1037.37;     154.50;    1022.67;     120.98;    1021.38;     120.42;    1036.08;       10;    0.80;   move
 10617;    1287.26;    1179.35;    1290.48;    1150.91;    1277.17;    1149.40;    1273.95;    1177.84;       10;    0.80;   move
   265;    1973.91;    1569.39;    1976.48;    1538.95;    1963.59;    1537.86;    1961.02;    1568.30;       10;    0.80;   stop
   273;    2299.36;    1196.46;    2300.22;    1183.66;    2272.26;    1181.79;    2271.41;    1194.59;       10;    0.80;   stop
   177;    2556.73;    1316.75;    2556.86;    1304.78;    2530.14;    1304.50;    2530.01;    1316.47;       10;    0.80;   stop
   306;    2913.30;    1277.55;    2915.57;    1264.85;    2889.82;    1260.26;    2887.56;    1272.96;       10;    0.80;   stop
   176;    1862.59;    1647.14;    1863.62;    1633.20;    1835.29;    1631.11;    1834.26;    1645.05;       10;    0.80;   stop
   105;    1173.39;    1798.48;    1175.72;    1772.41;    1161.55;    1771.15;    1159.22;    1797.22;       10;    0.80;   stop
    53;    1910.18;    1590.28;    1912.43;    1543.75;    1893.63;    1542.84;    1891.38;    1589.37;        9;    0.80;   stop
  7842;    1338.46;    1053.00;    1339.19;    1040.03;    1309.79;    1038.38;    1309.06;    1051.35;       10;    0.79;   move
  7284;    2280.81;    1111.13;    2281.56;    1098.73;    2257.07;    1097.25;    2256.31;    1109.64;       10;    0.79;   stop
  6750;    3299.72;    1283.05;    3306.86;    1271.53;    3284.34;    1257.58;    3277.21;    1269.10;       10;    0.79;   stop
   203;    2427.25;    1387.30;    2430.23;    1357.49;    2415.50;    1356.02;    2412.52;    1385.82;       10;    0.79;   stop
   293;    2740.92;    1975.31;    2754.51;    1967.23;    2737.45;    1938.56;    2723.87;    1946.64;       10;    0.79;   stop
 11349;    1858.09;     100.32;    1872.17;     100.26;    1872.04;      69.55;    1857.96;      69.61;       10;    0.79;   stop
  3358;    1972.17;     276.97;    1982.35;     254.64;    1971.14;     249.53;    1960.96;     271.86;       10;    0.79;   move
   116;     653.89;    1543.12;     654.89;    1530.01;     630.49;    1528.13;     629.48;    1541.24;       10;    0.79;   stop
   277;    1299.87;    1025.44;    1328.30;    1025.10;    1328.13;    1010.81;    1299.70;    1011.15;       10;    0.79;   stop
   415;    2772.32;    1246.35;    2775.47;    1231.03;    2742.06;    1224.15;    2738.90;    1239.47;        9;    0.79;   stop
  6814;    1930.36;    1546.25;    1932.73;    1517.10;    1919.30;    1516.00;    1916.92;    1545.15;       10;    0.79;   move
   130;    1711.50;    1599.26;    1712.52;    1585.36;    1685.56;    1583.37;    1684.53;    1597.27;       10;    0.79;   stop
    85;    2226.16;    2051.02;    2232.48;    2037.66;    2205.40;    2024.85;    2199.08;    2038.21;       10;    0.79;   stop
 10671;    3607.61;    1381.36;    3611.83;    1367.58;    3582.07;    1358.48;    3577.86;    1372.26;       10;    0.79;   stop
 10465;    1854.98;     363.91;    1873.89;     363.86;    1873.74;     313.34;    1854.82;     313.39;        9;    0.79;   stop
   205;      25.44;     961.73;      54.13;     959.47;      53.07;     946.08;      24.39;     948.34;       10;    0.79;   stop
   147;    1199.76;    1017.88;    1200.39;    1004.54;    1175.87;    1003.37;    1175.23;    1016.71;       10;    0.79;   stop
  7612;    2317.03;    1115.42;    2317.89;    1102.68;    2290.60;    1100.83;    2289.74;    1113.57;       10;    0.79;   stop
   129;    2473.88;    1316.10;    2475.19;    1304.70;    2449.87;    1301.77;    2448.56;    1313.18;       10;    0.79;   stop
  9578;    3252.05;    1263.77;    3254.83;    1250.04;    3225.14;    1244.04;    3222.36;    1257.77;       10;    0.79;   move
   261;    2403.78;    1897.40;    2407.77;    1867.57;    2393.97;    1865.73;    2389.98;    1895.56;       10;    0.79;   stop
  9833;    3419.35;    1317.36;    3423.38;    1304.28;    3396.28;    1295.93;    3392.25;    1309.00;       10;    0.79;   stop
   346;    1967.66;     174.54;    1980.36;     173.88;    1979.03;     148.34;    1966.33;     149.00;       10;    0.79;   stop
 11532;     284.15;    1035.09;     285.11;    1020.14;     252.10;    1018.03;     251.14;    1032.99;       10;    0.79;   move
  9309;    1620.38;    1121.71;    1621.00;    1108.12;    1594.87;    1106.92;    1594.25;    1120.50;       10;    0.79;   stop
   209;    1894.43;    1405.49;    1909.71;    1404.19;    1906.29;    1364.26;    1891.01;    1365.56;        9;    0.79;   stop
  7386;    1926.60;    1617.42;    1928.95;    1592.29;    1916.03;    1591.08;    1913.67;    1616.21;       10;    0.79;   move
   194;    1978.55;      82.07;    1979.53;      57.92;    1967.57;      57.43;    1966.59;      81.58;       10;    0.79;   stop
    59;     310.72;    1067.61;     311.52;    1054.45;     287.87;    1053.02;     287.08;    1066.18;       10;    0.79;   stop
   348;    1400.64;    1145.28;    1400.87;    1132.20;    1373.61;    1131.72;    1373.38;    1144.80;       10;    0.79;   stop
    24;    2407.67;    1861.32;    2410.83;    1833.65;    2396.83;    1832.06;    2393.67;    1859.72;       10;    0.79;   stop
  6074;    1452.98;      26.47;    1453.63;      14.83;    1429.27;      13.47;    1428.62;      25.10;       10;    0.79;   stop
    30;    1837.47;     180.27;    1838.85;     154.51;    1826.66;     153.85;    1825.28;     179.62;       10;    0.79;   stop
   220;     751.26;    1132.36;     752.37;    1117.14;     720.61;    1114.82;     719.50;    1130.05;       10;    0.79;   stop
  9378;    1589.03;    1121.21;    1589.40;    1108.10;    1564.34;    1107.41;    1563.98;    1120.52;       10;    0.79;   stop
   393;    1602.56;    1153.95;    1603.35;    1141.55;    1577.81;    1139.93;    1577.02;    1152.32;       10;    0.79;   stop
  5917;    1931.68;    1060.64;    1942.84;    1060.19;    1941.88;    1036.36;    1930.72;    1036.81;       10;    0.79;   move
   289;    2753.55;    1942.64;    2779.82;    1932.22;    2774.33;    1918.36;    2748.05;    1928.78;       10;    0.79;   stop
   192;    3605.80;    1456.64;    3611.17;    1442.04;    3578.26;    1429.92;    3572.89;    1444.52;       10;    0.79;   stop
   295;    1831.06;     835.70;    1839.76;     812.04;    1828.56;     807.93;    1819.87;     831.59;       10;    0.79;   stop
   264;    1139.64;     639.67;    1141.35;     626.41;    1115.98;     623.14;    1114.28;     636.41;       10;    0.79;   stop
   217;     628.96;     988.41;     629.84;     974.68;     601.04;     972.84;     600.16;     986.57;       10;    0.79;   stop
  5046;    2069.94;    1079.13;    2071.25;    1064.51;    2040.44;    1061.74;    2039.12;    1076.36;       10;    0.79;   stop
   211;    1165.26;    2058.35;    1180.86;    2057.15;    1178.49;    2026.34;    1162.89;    2027.53;       10;    0.79;   stop
   386;    1844.78;    1888.25;    1854.05;    1861.50;    1840.72;    1856.87;    1831.45;    1883.63;       10;    0.79;   stop
   212;    2285.96;    2093.34;    2291.70;    2079.87;    2266.54;    2069.16;    2260.80;    2082.63;       10;    0.79;   stop
   107;    3571.17;    1442.41;    3575.74;    1428.54;    3546.33;    1418.84;    3541.76;    1432.71;       10;    0.79;   stop
  5890;    1850.35;     267.33;    1850.59;     241.28;    1838.43;     241.17;    1838.19;     267.22;       10;    0.79;   stop
   275;    1987.36;     478.82;    1987.97;     450.70;    1975.08;     450.43;    1974.47;     478.55;       10;    0.79;   stop
  6606;    2195.66;    1159.94;    2196.25;    1147.58;    2170.09;    1146.31;    2169.50;    1158.67;       10;    0.79;   move
   291;    2564.95;    1213.87;    2566.10;    1201.48;    2542.18;    1199.25;    2541.02;    1211.64;       10;    0.79;   stop
    45;    1178.16;    1739.25;    1180.06;    1712.73;    1165.59;    1711.69;    1163.69;    1738.21;       10;    0.79;   stop
  7898;    1962.06;    1317.77;    1962.35;    1286.19;    1946.19;    1286.04;    1945.90;    1317.63;       10;    0.79;   stop
   233;    1977.97;     532.28;    1979.94;     501.30;    1967.03;     500.47;    1965.06;     531.45;       10;    0.78;   stop
 10734;     204.05;     980.18;     204.35;     966.65;     177.99;     966.07;     177.68;     979.60;       10;    0.78;   move
 10431;    1525.43;    1132.11;    1526.43;    1118.86;    1498.57;    1116.76;    1497.57;    1130.01;       10;    0.78;   move
  7152;    1963.84;    1181.46;    1976.62;    1181.12;    1975.91;    1155.16;    1963.13;    1155.51;       10;    0.78;   move
  3412;    1931.51;    1001.28;    1945.05;    1001.19;    1944.86;     974.22;    1931.33;     974.31;       10;    0.78;   move
   292;    2359.40;    1335.16;    2360.00;    1323.45;    2333.72;    1322.09;    2333.12;    1333.80;       10;    0.78;   stop
   150;    2425.49;    1688.49;    2429.52;    1655.66;    2415.01;    1653.88;    2410.98;    1686.72;       10;    0.78;   stop
   152;    2177.72;    2140.25;    2206.18;    2126.95;    2199.84;    2113.38;    2171.38;    2126.67;       10;    0.78;   stop
   226;    1838.74;      93.11;    1839.21;      66.87;    1826.51;      66.64;    1826.04;      92.88;       10;    0.78;   stop
   227;    1826.64;     374.90;    1840.24;     374.63;    1839.73;     348.48;    1826.13;     348.74;       10;    0.78;   stop
  6643;    1220.71;    1048.31;    1221.39;    1033.30;    1188.48;    1031.81;    1187.80;    1046.82;       10;    0.78;   move
  6217;    2405.56;    1168.84;    2406.44;    1154.97;    2377.56;    1153.16;    2376.69;    1167.03;       10;    0.78;   move
   310;    1966.94;     875.47;    1980.83;     874.44;    1978.62;     844.66;    1964.73;     845.69;       10;    0.78;   stop
  4955;     191.87;    1060.03;     192.34;    1046.54;     165.55;    1045.59;     165.08;    1059.09;       10;    0.78;   stop
  5867;    1954.95;    1032.33;    1967.90;    1031.77;    1966.80;    1006.17;    1953.85;    1006.73;       10;    0.78;   move
   392;    1496.30;    1036.08;    1497.59;    1022.86;    1472.57;    1020.42;    1471.28;    1033.64;       10;    0.78;   stop
   531;    1471.34;    1146.92;    1471.65;    1135.21;    1448.04;    1134.58;    1447.72;    1146.29;       10;    0.78;   stop
  6923;    1790.22;    2043.84;    1805.65;    2015.29;    1792.90;    2008.41;    1777.48;    2036.96;       10;    0.78;   move
   283;    2447.53;    1962.80;    2454.79;    1951.11;    2431.22;    1936.45;    2423.96;    1948.14;       10;    0.78;   stop
    28;    2123.44;    2090.01;    2131.33;    2077.39;    2107.31;    2062.36;    2099.42;    2074.98;       10;    0.78;   stop
   299;    1709.04;    2124.84;    1723.59;    2100.77;    1712.24;    2093.91;    1697.69;    2117.98;       10;    0.78;   stop
 10571;    3426.37;    1300.64;    3430.35;    1288.95;    3404.26;    1280.06;    3400.27;    1291.75;       10;    0.78;   stop
  4312;     704.12;    1012.30;     705.08;     997.82;     674.94;     995.82;     673.98;    1010.31;       10;    0.78;   move
   271;     750.22;    1146.22;     751.25;    1132.19;     721.65;    1130.03;     720.63;    1144.06;       10;    0.78;   stop
   303;    2585.67;     631.17;    2614.16;     630.23;    2613.71;     616.46;    2585.21;     617.40;       10;    0.78;   stop
  8081;    2343.42;    1176.89;    2344.51;    1161.50;    2303.58;    1158.61;    2302.49;    1174.00;        9;    0.78;   move
   230;    2343.42;    1199.55;    2344.24;    1186.11;    2314.83;    1184.33;    2314.01;    1197.77;       10;    0.78;   stop
   224;    2416.06;    1509.55;    2417.90;    1483.85;    2405.31;    1482.95;    2403.47;    1508.65;       10;    0.78;   stop
   108;    3137.14;    1447.68;    3142.63;    1435.88;    3117.86;    1424.35;    3112.37;    1436.15;       10;    0.78;   stop
   525;       0.38;     962.26;      21.92;     960.72;      20.93;     946.96;      -0.60;     948.50;       10;    0.78;   stop
   184;     363.16;    2044.96;     364.22;    2012.14;     347.47;    2011.60;     346.41;    2044.42;       10;    0.78;   stop
   151;    2419.24;    1764.97;    2423.08;    1734.44;    2408.88;    1732.66;    2405.05;    1763.18;       10;    0.78;   stop
   125;    2564.01;    1101.38;    2565.41;    1087.54;    2535.24;    1084.50;    2533.84;    1098.33;       10;    0.78;   stop
   350;    2403.95;    1338.78;    2404.60;    1324.30;    2374.67;    1322.97;    2374.03;    1337.45;       10;    0.78;   stop
   379;    1979.69;     160.69;    1992.40;     160.31;    1991.56;     132.37;    1978.85;     132.75;       10;    0.78;   stop
  3695;    2070.06;    1121.93;    2070.62;    1108.93;    2045.19;    1107.82;    2044.63;    1120.82;       10;    0.78;   stop
  6526;    2194.31;    1106.50;    2195.42;    1093.09;    2165.82;    1090.63;    2164.70;    1104.04;       10;    0.78;   stop
   398;    2257.67;    1192.49;    2258.14;    1181.04;    2235.76;    1180.13;    2235.30;    1191.58;       10;    0.78;   stop
   163;    3344.93;    1024.79;    3348.25;    1010.52;    3316.01;    1003.02;    3312.69;    1017.29;       10;    0.78;   stop
   231;     361.19;    1643.19;     362.38;    1613.39;     346.15;    1612.74;     344.96;    1642.55;       10;    0.78;   stop
   232;    2660.27;    1355.22;    2661.11;    1341.87;    2635.85;    1340.28;    2635.01;    1353.63;       10;    0.78;   stop
   225;    2847.73;    1861.21;    2875.19;    1838.25;    2863.52;    1824.29;    2836.06;    1847.25;        9;    0.78;   stop
    86;    2380.56;    2115.18;    2383.90;    2084.85;    2369.94;    2083.32;    2366.60;    2113.65;       10;    0.78;   stop
 10646;    3528.03;    1394.82;    3532.62;    1381.11;    3503.22;    1371.27;    3498.63;    1384.99;       10;    0.78;   move
   235;    1986.50;     836.92;    1986.82;     813.62;    1974.81;     813.45;    1974.49;     836.76;       10;    0.77;   stop
 11331;     572.04;    1060.59;     572.51;    1047.87;     546.40;    1046.91;     545.93;    1059.63;       10;    0.77;   move
 10385;    3512.89;    1347.86;    3516.91;    1335.30;    3491.17;    1327.06;    3487.15;    1339.62;       10;    0.77;   stop
  8664;    1901.40;     984.36;    1901.64;     959.75;    1889.85;     959.64;    1889.61;     984.25;       10;    0.77;   stop
   391;    1561.19;    1049.16;    1586.37;    1047.36;    1585.44;    1034.34;    1560.26;    1036.14;       10;    0.77;   stop
   334;    2843.51;    1260.92;    2846.26;    1247.88;    2819.36;    1242.21;    2816.61;    1255.24;       10;    0.77;   stop
   360;    2445.51;    1204.19;    2446.27;    1192.59;    2420.87;    1190.94;    2420.11;    1202.53;       10;    0.77;   stop
   173;    3232.04;    1076.29;    3250.42;    1052.88;    3239.53;    1044.33;    3221.15;    1067.75;       10;    0.77;   stop
  6086;    1417.57;      26.95;    1418.33;      13.60;    1388.18;      11.86;    1387.42;      25.22;       10;    0.77;   stop
   237;    3444.67;    1066.62;    3445.04;    1053.81;    3419.71;    1053.07;    3419.34;    1065.88;       10;    0.77;   stop
   341;    1473.44;    1577.39;    1474.56;    1564.98;    1447.06;    1562.48;    1445.94;    1574.90;       10;    0.77;   stop
   284;     501.32;     980.42;     502.06;     967.34;     475.56;     965.83;     474.82;     978.91;       10;    0.77;   stop
  8198;    2362.85;    1120.07;    2363.51;    1106.40;    2338.15;    1105.18;    2337.49;    1118.85;       10;    0.77;   stop
   308;    2326.85;    1332.53;    2327.33;    1318.94;    2299.90;    1317.97;    2299.42;    1331.56;       10;    0.77;   stop
   207;     543.25;    1534.11;     545.01;    1521.72;     521.75;    1518.39;     519.99;    1530.78;       10;    0.77;   stop
  8860;    2613.49;    1125.49;    2615.75;    1106.99;    2565.63;    1100.89;    2563.38;    1119.38;        9;    0.77;   stop
 10834;    3463.26;    1312.59;    3467.83;    1298.83;    3436.74;    1288.51;    3432.17;    1302.27;       10;    0.77;   stop
   323;    3151.23;    1424.86;    3153.51;    1411.28;    3124.39;    1406.39;    3122.11;    1419.97;       10;    0.77;   stop
 10615;      72.88;     992.38;     100.90;     991.52;     100.44;     976.37;      72.42;     977.23;       10;    0.77;   move
  9490;    2671.93;    1151.15;    2674.10;    1136.32;    2641.07;    1131.48;    2638.90;    1146.30;       10;    0.77;   stop
   370;    2228.57;    1191.59;    2229.59;    1179.64;    2206.37;    1177.66;    2205.35;    1189.61;       10;    0.77;   stop
 10149;    1910.79;    1267.02;    1923.74;    1265.30;    1920.30;    1239.48;    1907.36;    1241.20;       10;    0.77;   move
  8036;    1919.81;    1335.44;    1932.78;    1334.58;    1930.98;    1307.19;    1918.00;    1308.04;       10;    0.77;   move
   239;     361.02;    1713.67;     363.43;    1685.16;     347.73;    1683.83;     345.32;    1712.34;       10;    0.77;   stop
   117;    1586.00;    1620.99;    1587.10;    1607.71;    1560.63;    1605.51;    1559.53;    1618.79;       10;    0.77;   stop
   343;    2376.24;    2144.57;    2379.42;    2116.13;    2366.38;    2114.68;    2363.21;    2143.12;       10;    0.77;   stop
  7621;    2485.71;    1177.80;    2486.54;    1165.02;    2460.54;    1163.32;    2459.71;    1176.10;       10;    0.77;   move
   126;    3025.42;    1593.59;    3035.80;    1565.52;    3023.33;    1560.91;    3012.95;    1588.98;       10;    0.77;   stop
   146;     609.23;    1314.04;     612.08;    1297.94;     582.33;    1292.68;     579.49;    1308.78;       10;    0.77;   stop
   132;    1839.20;     587.45;    1852.07;     585.60;    1848.55;     561.17;    1835.68;     563.03;       10;    0.76;   stop
  8448;    2427.08;    1122.44;    2427.94;    1109.05;    2401.05;    1107.31;    2400.18;    1120.70;       10;    0.76;   stop
   285;    1085.27;    1123.79;    1085.73;    1110.23;    1059.73;    1109.33;    1059.27;    1122.90;       10;    0.76;   stop
   459;    1412.15;    1146.05;    1435.30;    1145.93;    1435.23;    1133.20;    1412.08;    1133.32;       10;    0.76;   stop
  5745;    2572.47;    1182.11;    2573.47;    1168.14;    2540.28;    1165.76;    2539.28;    1179.74;       10;    0.76;   move
   249;    1826.59;     122.46;    1839.00;     122.28;    1838.66;      98.04;    1826.25;      98.22;       10;    0.76;   stop
   380;    1745.47;     620.75;    1747.58;     606.68;    1717.19;     602.13;    1715.08;     616.19;       10;    0.76;   stop
  6310;    1947.22;    1213.35;    1961.09;    1213.31;    1961.03;    1184.03;    1947.16;    1184.06;       10;    0.76;   move
   400;    2353.26;    1307.81;    2353.87;    1294.39;    2327.49;    1293.19;    2326.88;    1306.61;       10;    0.76;   stop
   162;    3230.72;    1019.65;    3249.79;     999.89;    3239.91;     990.35;    3220.84;    1010.11;       10;    0.76;   stop
   280;    3212.19;    1108.64;    3230.73;    1078.91;    3218.12;    1071.04;    3199.58;    1100.78;       10;    0.76;   stop
   314;     794.20;    1875.03;     794.42;    1846.03;     778.92;    1845.91;     778.70;    1874.91;       10;    0.76;   stop
   248;    1878.91;    1781.98;    1885.32;    1753.73;    1871.19;    1750.52;    1864.77;    1778.77;       10;    0.76;   stop
   262;    2200.19;    2059.94;    2209.01;    2048.46;    2188.62;    2032.81;    2179.80;    2044.29;       10;    0.76;   stop
 10600;    1894.02;     568.59;    1894.05;     544.05;    1881.48;     544.03;    1881.45;     568.57;       10;    0.76;   move
   297;     643.03;    1091.83;     643.44;    1079.33;     617.91;    1078.49;     617.50;    1090.98;       10;    0.76;   stop
   136;     198.85;    1458.05;     200.68;    1446.26;     176.85;    1442.58;     175.03;    1454.36;       10;    0.76;   stop
   210;     777.04;    1874.80;     778.45;    1847.82;     764.20;    1847.08;     762.80;    1874.05;       10;    0.76;   stop
   472;    1862.69;    1613.26;    1864.35;    1599.64;    1837.44;    1596.36;    1835.78;    1609.99;       10;    0.76;   stop
   324;    2124.26;     233.67;    2124.30;     222.06;    2098.99;     221.96;    2098.95;     233.57;       10;    0.76;   stop
   270;     276.95;    1065.64;     277.99;    1051.41;     249.92;    1049.36;     248.89;    1063.59;       10;    0.76;   stop
  7479;    1690.83;    1106.10;    1691.45;    1094.57;    1667.30;    1093.27;    1666.68;    1104.80;       10;    0.75;   stop
   399;    2787.29;    1378.70;    2792.43;    1364.78;    2763.09;    1353.93;    2757.94;    1367.84;       10;    0.75;   stop
   149;    1742.07;    2083.00;    1761.32;    2051.96;    1747.68;    2043.50;    1728.43;    2074.54;        9;    0.75;   stop
   464;     225.89;    1063.67;     226.52;    1048.78;     198.10;    1047.58;     197.47;    1062.47;       10;    0.75;   stop
   488;    1503.95;    1149.02;    1504.26;    1135.30;    1479.55;    1134.73;    1479.24;    1148.45;       10;    0.75;   stop
   196;     752.68;    1517.52;     754.16;    1506.04;     731.38;    1503.11;     729.90;    1514.58;       10;    0.75;   stop
  8563;    2468.48;    1127.21;    2469.52;    1113.87;    2439.52;    1111.54;    2438.48;    1124.88;       10;    0.75;   stop
   333;     770.03;    1155.47;     771.22;    1127.95;     757.15;    1127.35;     755.97;    1154.86;       10;    0.75;   stop
   340;    2527.09;     702.74;    2527.60;     679.01;    2515.91;     678.76;    2515.40;     702.49;       10;    0.75;   stop
 10184;    2543.88;    1115.27;    2545.14;    1102.37;    2519.37;    1099.85;    2518.11;    1112.75;       10;    0.75;   stop
  6632;    2292.85;    1096.03;    2293.63;    1083.71;    2266.40;    1081.97;    2265.62;    1094.29;       10;    0.75;   stop
   240;    2414.24;    1796.06;    2417.40;    1769.42;    2404.89;    1767.94;    2401.73;    1794.58;       10;    0.75;   stop
  6099;    1325.24;      26.88;    1325.28;      11.44;    1296.01;      11.37;    1295.97;      26.81;       10;    0.75;   stop
   524;    1833.30;     209.41;    1834.39;     182.61;    1821.45;     182.09;    1820.36;     208.89;       10;    0.75;   stop
 10829;    1892.24;     365.55;    1892.75;     338.97;    1878.76;     338.70;    1878.25;     365.28;       10;    0.75;   move
   328;    2526.72;     738.70;    2527.71;     710.17;    2515.15;     709.74;    2514.17;     738.27;       10;    0.75;   stop
   513;    2521.10;    1070.66;    2533.99;    1068.60;    2529.78;    1042.09;    2516.88;    1044.15;       10;    0.75;   stop
   353;    1978.30;    1490.14;    1979.16;    1466.78;    1967.83;    1466.36;    1966.97;    1489.72;       10;    0.75;   stop
   458;     838.17;    1106.19;     838.84;    1092.76;     809.96;    1091.31;     809.29;    1104.74;       10;    0.75;   stop
   438;    2621.06;     629.50;    2648.82;     627.88;    2648.07;     615.03;    2620.31;     616.65;       10;    0.75;   stop
   453;    2128.19;     629.09;    2154.01;     628.57;    2153.74;     615.16;    2127.93;     615.68;       10;    0.74;   stop
   404;    1358.54;    1023.72;    1359.95;    1012.08;    1335.83;    1009.16;    1334.42;    1020.80;       10;    0.74;   stop
   319;    3377.50;    1029.59;    3378.43;    1016.90;    3353.75;    1015.10;    3352.82;    1027.79;       10;    0.74;   stop
   238;    3531.00;    1066.96;    3531.04;    1052.82;    3500.25;    1052.73;    3500.21;    1066.86;       10;    0.74;   stop
   420;     361.75;    1605.84;     362.61;    1580.28;     347.94;    1579.78;     347.08;    1605.35;       10;    0.74;   stop
   376;     809.90;    1870.29;     809.92;    1845.03;     796.04;    1845.02;     796.02;    1870.28;       10;    0.74;   stop
   474;    2563.87;    1912.00;    2570.40;    1900.76;    2548.88;    1888.25;    2542.35;    1899.49;       10;    0.74;   stop
   570;     499.94;     944.00;     515.60;     943.89;     515.38;     913.65;     499.72;     913.77;       10;    0.74;   stop
   190;      49.49;    1718.50;      68.64;    1698.14;      57.27;    1687.44;      38.12;    1707.80;       10;    0.74;   stop
   499;    2249.74;    2110.12;    2271.68;    2094.15;    2263.39;    2082.75;    2241.44;    2098.72;       10;    0.74;   stop
  6095;    1365.73;      26.39;    1365.94;      12.29;    1336.52;      11.86;    1336.31;      25.96;       10;    0.74;   stop
   258;    1266.50;    1560.24;    1266.94;    1547.98;    1240.00;    1547.01;    1239.56;    1559.27;       10;    0.74;   stop
   305;    3202.57;    1041.16;    3224.50;    1024.20;    3216.49;    1013.84;    3194.56;    1030.80;       10;    0.74;   stop
   322;    2538.32;    1924.22;    2547.59;    1913.09;    2526.06;    1895.16;    2516.79;    1906.29;       10;    0.74;   stop
   390;    2351.57;    2006.15;    2381.12;    1996.77;    2376.43;    1981.98;    2346.88;    1991.35;       10;    0.74;   stop
   330;    2165.39;    2077.05;    2176.21;    2066.65;    2155.36;    2044.95;    2144.54;    2055.35;       10;    0.74;   stop
 10915;    1172.80;     644.94;    1174.98;     631.70;    1146.58;     627.02;    1144.40;     640.26;       10;    0.74;   stop
   287;    3540.22;    1067.57;    3569.85;    1067.41;    3569.78;    1054.00;    3540.15;    1054.16;       10;    0.74;   stop
   441;    2159.96;     627.95;    2189.22;     627.26;    2188.91;     614.05;    2159.65;     614.74;       10;    0.74;   stop
   407;     329.71;    1071.65;     358.93;    1070.58;     358.41;    1056.47;     329.19;    1057.55;       10;    0.74;   stop
  8185;    1901.54;    1187.74;    1915.03;    1185.44;    1909.96;    1155.64;    1896.47;    1157.93;       10;    0.74;   move
  9960;    1872.82;     647.40;    1872.88;     605.03;    1856.46;     605.01;    1856.40;     647.37;        9;    0.74;   move
   374;     749.84;     950.29;     754.35;     922.67;     741.53;     920.58;     737.02;     948.20;       10;    0.74;   stop
   437;    1883.10;    1217.19;    1895.04;    1216.09;    1892.87;    1192.56;    1880.93;    1193.66;       10;    0.74;   stop
   191;    1778.83;    2156.26;    1793.01;    2129.44;    1781.28;    2123.24;    1767.10;    2150.06;       10;    0.74;   stop
   313;     727.17;    1514.44;     728.26;    1502.80;     704.39;    1500.56;     703.30;    1512.20;       10;    0.74;   stop
  9146;    2540.12;    1133.64;    2541.64;    1118.42;    2509.62;    1115.24;    2508.11;    1130.46;       10;    0.74;   stop
   440;    2405.87;     233.39;    2406.07;     221.54;    2380.63;     221.11;    2380.43;     232.96;       10;    0.73;   stop
   476;     878.59;    1561.98;     879.76;    1547.07;     852.04;    1544.90;     850.87;    1559.81;       10;    0.73;   stop
   358;    2529.74;     139.58;    2531.15;     113.65;    2518.89;     112.98;    2517.48;     138.91;       10;    0.73;   stop
   345;    2529.09;     171.34;    2529.58;     145.01;    2517.28;     144.79;    2516.80;     171.11;       10;    0.73;   stop
   434;    1206.27;    1134.10;    1207.34;    1120.22;    1180.42;    1118.15;    1179.35;    1132.03;       10;    0.73;   stop
   320;    3498.24;    1029.83;    3498.30;    1016.85;    3471.14;    1016.73;    3471.08;    1029.71;       10;    0.73;   stop
   365;    2708.85;    1357.49;    2710.07;    1342.89;    2678.40;    1340.26;    2677.18;    1354.86;       10;    0.73;   stop
   427;    2178.01;    2069.48;    2189.61;    2059.50;    2171.99;    2039.02;    2160.39;    2049.00;       10;    0.73;   stop
   449;     748.74;    1161.59;     749.69;    1147.40;     723.14;    1145.60;     722.18;    1159.79;       10;    0.73;   stop
   471;    2650.70;    1226.72;    2651.82;    1210.70;    2639.51;    1209.84;    2638.39;    1225.86;       10;    0.73;   stop
   423;    2092.46;     233.36;    2092.52;     221.83;    2067.79;     221.70;    2067.73;     233.23;       10;    0.73;   stop
   468;    2672.08;     628.42;    2696.21;     628.05;    2696.05;     617.23;    2671.91;     617.60;       10;    0.73;   stop
   425;    2649.19;    1226.76;    2651.01;    1211.59;    2618.81;    1207.74;    2616.99;    1222.91;        9;    0.73;   stop
   351;    1749.84;    1602.80;    1751.35;    1590.99;    1725.54;    1587.70;    1724.04;    1599.51;       10;    0.73;   stop
   336;    2738.97;    1843.72;    2745.95;    1832.33;    2721.26;    1817.22;    2714.29;    1828.61;       10;    0.73;   stop
  6101;    1288.35;      24.40;    1288.73;       9.57;    1257.52;       8.78;    1257.15;      23.61;       10;    0.73;   stop
   526;    1523.04;    1001.76;    1527.05;     971.19;    1512.21;     969.24;    1508.20;     999.81;       10;    0.73;   stop
   332;     818.10;     933.62;     818.48;     921.83;     791.21;     920.95;     790.83;     932.74;       10;    0.73;   stop
 11732;    3778.39;    1415.85;    3782.67;    1402.78;    3755.36;    1393.83;    3751.08;    1406.90;       10;    0.73;   move
   466;     851.48;     968.21;     853.17;     940.61;     839.82;     939.79;     838.12;     967.39;       10;    0.72;   stop
   467;    1110.23;     968.85;    1111.81;     941.05;    1098.14;     940.27;    1096.56;     968.07;       10;    0.72;   stop
   307;     761.89;    1873.30;     762.87;    1845.34;     748.43;    1844.83;     747.44;    1872.79;       10;    0.72;   stop
   563;     825.25;    1134.82;     826.61;    1122.57;     802.25;    1119.87;     800.89;    1132.12;       10;    0.72;   stop
   417;    2550.40;     631.77;    2579.21;     629.47;    2578.10;     615.57;    2549.29;     617.88;       10;    0.72;   stop
   201;     363.70;    1937.37;     365.30;    1908.17;     349.73;    1907.32;     348.14;    1936.52;       10;    0.72;   stop
   228;    1837.09;     961.39;    1837.56;     934.46;    1824.79;     934.24;    1824.31;     961.16;       10;    0.72;   stop
  6077;      19.70;    1433.61;      21.09;    1419.97;      -0.10;    1417.80;      -1.49;    1431.44;       10;    0.72;   stop
   430;     687.24;    1545.19;     688.23;    1532.31;     661.82;    1530.28;     660.83;    1543.16;       10;    0.72;   stop
   342;    1927.87;    2064.92;    1929.10;    2036.31;    1915.13;    2035.71;    1913.90;    2064.32;       10;    0.72;   stop
   448;    2689.43;     666.71;    2689.52;     654.23;    2664.07;     654.04;    2663.98;     666.52;       10;    0.72;   stop
   269;     363.10;     969.31;     364.14;     956.50;     338.61;     954.44;     337.58;     967.25;       10;    0.72;   stop
   206;     515.19;    1531.46;     516.43;    1517.72;     490.75;    1515.41;     489.51;    1529.15;       10;    0.72;   stop
  6119;     927.22;    1035.49;     927.75;    1021.05;     896.13;    1019.88;     895.60;    1034.33;       10;    0.72;   move
   352;    3493.23;    1066.40;    3493.54;    1053.01;    3464.89;    1052.35;    3464.59;    1065.74;       10;    0.72;   stop
   396;    2411.54;    1542.50;    2412.56;    1517.42;    2400.83;    1516.94;    2399.81;    1542.02;       10;    0.72;   stop
   550;     793.35;     992.11;     793.96;     980.08;     770.04;     978.89;     769.44;     990.92;       10;    0.72;   stop
   364;    2064.71;    2115.61;    2072.69;    2104.66;    2050.54;    2088.52;    2042.56;    2099.47;       10;    0.72;   stop
   429;    3166.36;    1053.73;    3194.77;    1044.93;    3190.83;    1032.21;    3162.42;    1041.01;       10;    0.71;   stop
 10470;    3566.55;    1374.19;    3572.17;    1359.13;    3544.38;    1348.78;    3538.77;    1363.84;       10;    0.71;   stop
   175;     364.12;    1965.11;     365.19;    1940.18;     351.20;    1939.58;     350.13;    1964.50;       10;    0.71;   stop
   436;    1783.80;    1607.13;    1785.79;    1594.54;    1757.89;    1590.12;    1755.90;    1602.71;       10;    0.71;   stop
 10122;    2316.06;    2015.87;    2327.56;    2008.46;    2312.94;    1985.76;    2301.44;    1993.17;       10;    0.71;   stop
   189;    3386.11;     870.44;    3399.38;     843.64;    3385.45;     836.74;    3372.18;     863.55;       10;    0.71;   stop
   377;    1681.53;    1632.36;    1683.60;    1619.56;    1658.59;    1615.52;    1656.53;    1628.32;       10;    0.71;   stop
   385;     735.05;     576.74;     738.72;     562.88;     709.64;     555.17;     705.96;     569.03;       10;    0.71;   stop
   559;    1450.97;    1033.60;    1451.83;    1021.18;    1427.91;    1019.52;    1427.05;    1031.95;       10;    0.71;   stop
   403;    1177.85;    1131.66;    1178.78;    1118.41;    1150.90;    1116.46;    1149.97;    1129.71;       10;    0.70;   stop
   371;    1927.33;    1863.82;    1937.26;    1823.65;    1920.17;    1819.43;    1910.24;    1859.60;        9;    0.70;   stop
   363;    1403.48;    2041.11;    1408.64;    2011.36;    1394.40;    2008.89;    1389.23;    2038.64;       10;    0.70;   stop
  6061;    2153.41;    1104.25;    2154.32;    1090.27;    2125.15;    1088.37;    2124.24;    1102.35;       10;    0.70;   stop
 11107;    3700.69;    1413.33;    3705.04;    1399.63;    3675.56;    1390.27;    3671.21;    1403.96;       10;    0.70;   stop
   244;     483.87;    1529.03;     485.02;    1514.13;     460.19;    1512.22;     459.04;    1527.12;       10;    0.70;   stop
   378;    2423.08;    1722.82;    2426.02;    1695.20;    2412.92;    1693.81;    2409.98;    1721.43;       10;    0.70;   stop
   498;    2409.89;    2048.49;    2436.73;    2038.36;    2431.74;    2025.14;    2404.90;    2035.27;       10;    0.70;   stop
   412;    2833.89;     225.09;    2859.52;     224.75;    2859.36;     212.54;    2833.73;     212.87;       10;    0.70;   stop
   349;    2451.61;     630.80;    2451.73;     618.20;    2427.14;     617.95;    2427.02;     630.55;       10;    0.70;   stop
   402;    3336.64;     978.35;    3346.41;     954.33;    3333.67;     949.15;    3323.90;     973.17;       10;    0.69;   stop
 10943;    2937.64;    1727.37;    2956.04;    1691.89;    2940.11;    1683.63;    2921.71;    1719.11;        9;    0.69;   move
   367;    2063.28;    1327.19;    2091.81;    1323.82;    2090.22;    1310.37;    2061.69;    1313.75;       10;    0.69;   stop
   368;     878.44;    1523.62;     879.90;    1511.19;     855.00;    1508.26;     853.53;    1520.68;       10;    0.69;   stop
   475;    2092.92;     628.75;    2119.28;     628.36;    2119.08;     614.65;    2092.72;     615.05;       10;    0.69;   stop
   590;     827.59;    1151.41;     829.88;    1138.38;     800.84;    1133.28;     798.55;    1146.30;       10;    0.69;   stop
  9376;    2608.17;    1141.42;    2609.82;    1126.84;    2577.70;    1123.20;    2576.05;    1137.79;       10;    0.69;   stop
   321;    2390.81;    1757.31;    2394.49;    1726.29;    2379.94;    1724.56;    2376.26;    1755.58;       10;    0.69;   stop
   514;    2866.22;     224.34;    2894.78;     223.82;    2894.53;     210.47;    2865.97;     210.99;       10;    0.69;   stop
   503;     957.11;    1119.85;     958.99;    1108.83;     938.80;    1105.40;     936.92;    1116.42;       10;    0.69;   stop
   409;     631.45;    1507.27;     632.98;    1493.95;     606.05;    1490.86;     604.52;    1504.18;       10;    0.68;   stop
   549;    2296.04;    1329.31;    2296.37;    1317.34;    2272.21;    1316.69;    2271.88;    1328.66;       10;    0.68;   stop
   462;    2379.14;    1860.62;    2382.36;    1833.32;    2367.98;    1831.63;    2364.76;    1858.93;       10;    0.68;   stop
   490;    1243.39;    1591.65;    1244.60;    1580.96;    1223.74;    1578.60;    1222.53;    1589.29;       10;    0.68;   stop
   451;    3407.60;    1029.65;    3434.50;    1029.19;    3434.28;    1015.97;    3407.37;    1016.44;       10;    0.68;   stop
   335;    2428.28;    1651.68;    2431.78;    1626.07;    2418.97;    1624.32;    2415.47;    1649.93;       10;    0.68;   stop
   234;    2529.33;     575.76;    2529.70;     552.80;    2518.17;     552.62;    2517.80;     575.57;       10;    0.68;   stop
   355;    2527.04;     783.73;    2528.32;     758.72;    2515.96;     758.08;    2514.68;     783.10;       10;    0.68;   stop
   259;    1280.51;    1595.70;    1281.86;    1583.01;    1255.24;    1580.18;    1253.89;    1592.87;       10;    0.68;   stop
    60;     600.75;    1502.97;     601.72;    1489.68;     573.94;    1487.65;     572.96;    1500.94;       10;    0.68;   stop
   507;    2522.10;    1934.26;    2530.89;    1921.21;    2504.02;    1903.11;    2495.23;    1916.17;       10;    0.68;   stop
   465;     808.45;    1103.65;     808.87;    1090.94;     783.42;    1090.10;     783.01;    1102.81;       10;    0.68;   stop
 11388;     484.13;    1048.53;     484.72;    1034.94;     454.77;    1033.65;     454.19;    1047.25;       10;    0.68;   move
  4367;    1004.81;    1117.08;    1005.12;    1105.33;     984.47;    1104.79;     984.16;    1116.55;       10;    0.67;   stop
   516;    3193.11;    1137.42;    3207.52;    1114.11;    3195.96;    1106.96;    3181.54;    1130.27;       10;    0.67;   stop
   473;    3256.54;     995.31;    3274.86;     973.55;    3264.71;     965.00;    3246.39;     986.76;       10;    0.67;   stop
  6784;     361.32;    2083.21;     365.39;    2050.47;     348.36;    2048.36;     344.30;    2081.09;       10;    0.67;   stop
   530;    2197.23;     628.42;    2224.23;     628.39;    2224.21;     614.70;    2197.21;     614.74;       10;    0.67;   stop
   389;     232.01;    1465.91;     234.73;    1453.55;     208.85;    1447.84;     206.13;    1460.20;       10;    0.67;   stop
   426;    1304.46;    1562.05;    1304.87;    1550.56;    1280.79;    1549.70;    1280.38;    1561.19;       10;    0.67;   stop
   477;    1309.13;    1597.37;    1310.09;    1586.05;    1287.37;    1584.13;    1286.41;    1595.45;       10;    0.67;   stop
   527;    3049.30;     626.06;    3071.71;     625.57;    3071.45;     613.97;    3049.04;     614.47;       10;    0.67;   stop
 11767;    1199.23;    1047.28;    1199.79;    1032.56;    1187.65;    1032.09;    1187.08;    1046.82;       10;    0.66;   stop
  8085;    2441.99;    1107.83;    2443.07;    1095.65;    2422.13;    1093.79;    2421.05;    1105.98;       10;    0.66;   stop
   497;    2738.09;     627.84;    2764.02;     627.59;    2763.91;     615.57;    2737.98;     615.82;       10;    0.66;   stop
 10258;    3468.48;    1336.07;    3472.49;    1322.68;    3447.45;    1315.18;    3443.45;    1328.57;       10;    0.66;   stop
   481;    2953.96;    1741.20;    2964.95;    1718.09;    2951.35;    1711.62;    2940.36;    1734.73;       10;    0.66;   stop
   432;    2359.09;     628.91;    2382.57;     628.59;    2382.41;     616.74;    2358.93;     617.07;       10;    0.66;   stop
   446;    2466.98;     234.39;    2466.99;     221.26;    2441.02;     221.24;    2441.01;     234.37;       10;    0.66;   stop
   489;    3177.34;    1160.24;    3193.18;    1136.92;    3181.72;    1129.14;    3165.88;    1152.45;       10;    0.66;   stop
   523;     503.05;    2028.77;     530.33;    2028.32;     530.07;    2012.79;     502.80;    2013.24;       10;    0.66;   stop
   553;    2514.65;    1993.62;    2546.04;    1982.43;    2540.73;    1967.51;    2509.33;    1978.70;       10;    0.66;   stop
   501;    2528.88;     454.04;    2529.40;     428.22;    2516.37;     427.96;    2515.85;     453.78;       10;    0.65;   stop
   331;    2528.69;     549.08;    2529.03;     525.46;    2517.69;     525.29;    2517.34;     548.92;       10;    0.65;   stop
   545;    2769.90;     628.72;    2795.38;     628.15;    2795.10;     615.81;    2769.62;     616.38;       10;    0.65;   stop
   395;    1708.29;    1634.20;    1710.22;    1620.69;    1684.71;    1617.05;    1682.78;    1630.56;       10;    0.65;   stop
   603;    2085.48;    2109.11;    2092.59;    2096.49;    2068.02;    2082.64;    2060.91;    2095.26;       10;    0.65;   stop
   316;     593.64;    1122.20;     594.70;    1107.41;     565.11;    1105.30;     564.05;    1120.09;       10;    0.65;   stop
   388;    3341.83;    1157.25;    3360.26;    1132.80;    3348.17;    1123.69;    3329.74;    1148.13;       10;    0.65;   stop
 10782;    3645.28;    1396.73;    3650.00;    1380.65;    3614.72;    1370.30;    3610.00;    1386.38;       10;    0.65;   stop
   512;     464.98;    1079.54;     465.25;    1065.05;     437.84;    1064.52;     437.56;    1079.01;       10;    0.65;   stop
   405;    2706.41;     627.32;    2732.78;     626.91;    2732.59;     614.68;    2706.22;     615.09;       10;    0.65;   stop
   408;    2527.94;     605.04;    2528.35;     580.63;    2516.19;     580.43;    2515.78;     604.84;       10;    0.64;   stop
   535;    1910.53;    1539.57;    1912.56;    1502.71;    1897.22;    1501.87;    1895.19;    1538.72;       10;    0.64;   stop
   495;    2459.35;    1953.68;    2468.00;    1942.94;    2447.53;    1926.44;    2438.87;    1937.19;       10;    0.64;   stop
   382;    3460.85;    1027.41;    3460.89;    1016.42;    3441.03;    1016.34;    3440.98;    1027.33;       10;    0.64;   stop
 11302;    2510.63;     687.50;    2513.37;     665.01;    2502.00;     663.62;    2499.26;     686.12;       10;    0.64;   move
 11155;    2394.39;    1121.07;    2395.18;    1107.74;    2372.98;    1106.43;    2372.19;    1119.76;       10;    0.64;   stop
 11624;    2503.53;    1129.40;    2504.28;    1117.49;    2482.09;    1116.10;    2481.34;    1128.01;       10;    0.64;   stop
 11675;    3129.10;     651.07;    3129.98;     624.41;    3115.59;     623.93;    3114.71;     650.59;       10;    0.64;   stop
   568;    1957.21;    1739.06;    1960.56;    1715.22;    1948.79;    1713.56;    1945.44;    1737.41;       10;    0.64;   stop
   543;    1909.54;    2063.06;    1911.78;    2033.01;    1897.46;    2031.94;    1895.22;    2061.99;       10;    0.64;   stop
   411;    1838.01;      65.72;    1839.03;      43.96;    1827.15;      43.41;    1826.13;      65.16;       10;    0.64;   stop
   588;    1527.35;     967.32;    1531.23;     941.54;    1518.03;     939.55;    1514.14;     965.33;       10;    0.64;   stop
   551;    1990.68;    2152.73;    1998.14;    2140.60;    1973.82;    2125.65;    1966.36;    2137.78;       10;    0.64;   stop
  8994;    2151.75;    1087.72;    2152.90;    1071.50;    2116.50;    1068.90;    2115.35;    1085.12;        9;    0.63;   stop
   484;    3496.03;     664.63;    3523.20;     664.31;    3523.03;     649.75;    3495.86;     650.07;       10;    0.63;   stop
   583;     692.21;     593.36;     695.72;     579.60;     667.17;     572.31;     663.65;     586.07;       10;    0.63;   stop
   419;    3408.69;    1065.95;    3409.01;    1053.42;    3384.44;    1052.80;    3384.12;    1065.33;       10;    0.63;   stop
   508;    2900.15;     224.06;    2926.17;     223.38;    2925.85;     211.32;    2899.83;     212.00;       10;    0.63;   stop
   416;    1133.44;    1583.31;    1134.13;    1568.51;    1105.31;    1567.16;    1104.62;    1581.96;       10;    0.63;   stop
   556;    1250.24;    1138.88;    1251.33;    1122.54;    1215.20;    1120.12;    1214.11;    1136.46;       10;    0.63;   stop
   435;    1336.85;    1565.18;    1338.31;    1554.01;    1315.90;    1551.07;    1314.44;    1562.24;       10;    0.62;   stop
   375;    3457.73;     714.45;    3469.65;     686.66;    3455.39;     680.55;    3443.48;     708.34;       10;    0.62;   stop
 10804;     566.93;     979.18;     593.43;     977.64;     592.76;     966.13;     566.26;     967.67;       10;    0.62;   stop
   445;    1665.15;    1593.86;    1666.55;    1581.34;    1642.35;    1578.64;    1640.95;    1591.16;       10;    0.62;   stop
   260;    2997.16;    1651.96;    3008.19;    1626.16;    2995.34;    1620.67;    2984.31;    1646.46;       10;    0.62;   stop
   480;    2381.00;    1829.83;    2384.38;    1803.28;    2371.75;    1801.67;    2368.37;    1828.22;       10;    0.62;   stop
   354;     302.76;    1508.19;     304.16;    1494.53;     277.55;    1491.81;     276.15;    1505.47;       10;    0.62;   stop
   644;    3138.00;    1131.48;    3141.32;    1104.17;    3128.25;    1102.58;    3124.93;    1129.89;       10;    0.62;   stop
   608;    1995.48;     192.60;    1995.77;     172.62;    1984.77;     172.46;    1984.48;     192.44;       10;    0.62;   stop
   454;     306.45;     969.32;     306.69;     956.76;     282.77;     956.30;     282.53;     968.87;       10;    0.62;   stop
   630;    3123.56;    1165.03;    3138.70;    1140.02;    3126.76;    1132.79;    3111.61;    1157.80;       10;    0.62;   stop
   567;     617.39;    1542.65;     618.80;    1531.52;     595.73;    1528.60;     594.33;    1539.73;       10;    0.62;   stop
   394;    1377.49;    1603.18;    1378.99;    1590.58;    1351.76;    1587.32;    1350.26;    1599.92;       10;    0.62;   stop
   683;    1839.45;     898.40;    1840.39;     877.40;    1828.05;     876.85;    1827.11;     897.85;       10;    0.61;   stop
   496;    2984.54;    1576.18;    2994.32;    1554.49;    2983.11;    1549.44;    2973.34;    1571.13;       10;    0.61;   stop
  6092;    1147.14;      29.33;    1147.33;      17.78;    1122.55;      17.36;    1122.36;      28.91;       10;    0.60;   stop
 10940;      10.35;     983.46;      45.12;     980.89;      43.99;     965.60;       9.22;     968.17;       10;    0.60;   move
   666;    1466.89;    1610.48;    1468.38;    1598.80;    1444.61;    1595.77;    1443.12;    1607.45;       10;    0.60;   stop
   581;    2834.99;     629.33;    2861.06;     628.20;    2860.51;     615.48;    2834.44;     616.61;       10;    0.60;   stop
   548;    2384.79;    1798.78;    2388.25;    1769.05;    2374.71;    1767.47;    2371.25;    1797.20;       10;    0.60;   stop
   457;    2418.43;     631.06;    2418.86;     618.06;    2390.57;     617.13;    2390.14;     630.12;       10;    0.60;   stop
   561;    3557.59;     623.60;    3557.74;     609.53;    3526.15;     609.21;    3526.01;     623.29;       10;    0.60;   stop
   519;     962.77;     619.30;     964.84;     607.81;     941.29;     603.57;     939.22;     615.07;       10;    0.60;   stop
   428;    2892.46;    1708.26;    2902.84;    1688.85;    2893.04;    1683.61;    2882.66;    1703.02;       10;    0.60;   stop
 10999;     514.73;    1012.08;     515.48;    1000.26;     493.08;     998.85;     492.34;    1010.67;       10;    0.60;   move
   500;    3627.82;    1337.46;    3638.34;    1311.33;    3624.68;    1305.83;    3614.16;    1331.96;       10;    0.60;   stop
   647;    1577.76;    1152.59;    1577.83;    1140.32;    1551.99;    1140.16;    1551.92;    1152.43;       10;    0.59;   stop
  6081;       1.16;    1495.10;      18.46;    1492.18;      13.48;    1462.71;      -3.82;    1465.64;       10;    0.59;   stop
  8828;      87.45;    1056.77;      87.48;    1043.29;      60.91;    1043.23;      60.88;    1056.71;       10;    0.59;   stop
   654;    2380.79;    2058.79;    2405.28;    2048.07;    2400.09;    2036.21;    2375.60;    2046.93;       10;    0.59;   stop
   517;    1406.46;    1605.01;    1408.59;    1594.30;    1386.92;    1589.99;    1384.79;    1600.70;       10;    0.59;   stop
   486;    3543.81;    1272.93;    3558.26;    1272.68;    3557.76;    1243.32;    3543.30;    1243.57;       10;    0.59;   stop
   487;    1438.08;    1611.05;    1439.83;    1598.74;    1414.92;    1595.20;    1413.17;    1607.51;       10;    0.58;   stop
   521;    3533.59;    1029.92;    3534.03;    1018.55;    3508.91;    1017.58;    3508.47;    1028.95;       10;    0.58;   stop
 11571;    3483.06;     644.21;    3509.83;     644.05;    3509.76;     630.56;    3482.98;     630.71;       10;    0.58;   stop
   537;    2527.66;     203.87;    2529.08;     180.45;    2517.59;     179.75;    2516.17;     203.18;       10;    0.58;   stop
   539;    2528.34;     487.07;    2529.00;     458.21;    2516.91;     457.93;    2516.25;     486.79;       10;    0.58;   stop
  9194;    2527.05;     915.87;    2527.88;     889.03;    2514.82;     888.63;    2514.00;     915.47;       10;    0.58;   stop
   401;    1091.64;     632.26;    1093.07;     618.40;    1060.86;     615.08;    1059.43;     628.94;       10;    0.58;   stop
   540;    3460.20;     213.53;    3460.21;     199.93;    3430.43;     199.91;    3430.42;     213.50;       10;    0.57;   stop
   536;    1891.84;    1362.59;    1905.89;    1361.59;    1903.53;    1328.41;    1889.49;    1329.41;        9;    0.57;   stop
  2022;    3058.87;    1521.90;    3068.58;    1498.04;    3056.44;    1493.10;    3046.73;    1516.96;       10;    0.57;   stop
   511;     745.17;    1872.91;     746.33;    1845.82;     732.33;    1845.22;     731.17;    1872.31;       10;    0.57;   stop
  4977;    2434.14;    1086.93;    2434.70;    1075.29;    2411.98;    1074.19;    2411.42;    1085.83;       10;    0.57;   stop
   529;    3376.48;     895.71;    3385.75;     870.16;    3372.59;     865.38;    3363.31;     890.94;       10;    0.57;   stop
  5069;    1974.01;    2164.59;    1982.37;    2152.64;    1960.59;    2137.41;    1952.23;    2149.36;       10;    0.56;   stop
   624;    3309.95;     215.15;    3336.06;     215.00;    3335.98;     202.04;    3309.88;     202.19;       10;    0.56;   stop
   506;     346.79;    1573.11;     361.32;    1572.04;     359.15;    1542.67;     344.62;    1543.74;       10;    0.56;   stop
   421;     347.48;    1757.34;     362.61;    1757.14;     362.21;    1726.41;     347.08;    1726.61;       10;    0.56;   stop
   505;    3376.38;     805.42;    3387.29;     780.86;    3374.56;     775.21;    3363.65;     799.76;       10;    0.56;   stop
   522;    1164.10;    2025.33;    1177.49;    2024.48;    1175.90;    1999.36;    1162.51;    2000.21;       10;    0.56;   stop
  6097;     897.71;      42.16;     898.00;      28.17;     869.67;      27.59;     869.38;      41.58;       10;    0.56;   stop
   569;    3279.27;     216.16;    3304.36;     215.15;    3303.85;     202.43;    3278.76;     203.44;       10;    0.56;   stop
   653;     278.31;     946.86;     284.57;     918.69;     270.13;     915.48;     263.87;     943.65;       10;    0.56;   stop
   552;     991.16;     621.79;     992.86;     609.07;     966.91;     605.58;     965.20;     618.31;       10;    0.55;   stop
   638;    2797.82;    1815.02;    2803.48;    1802.68;    2779.55;    1791.73;    2773.90;    1804.07;       10;    0.55;   stop
 11420;     264.87;    1001.05;     265.63;     987.80;     242.32;     986.45;     241.56;     999.70;       10;    0.55;   move
   609;     449.11;    1265.75;     450.43;    1253.11;     425.58;    1250.50;     424.25;    1263.14;       10;    0.55;   stop
   594;    3235.82;    1110.24;    3248.19;    1088.04;    3236.68;    1081.63;    3224.31;    1103.83;       10;    0.55;   stop
   544;    2329.39;     628.94;    2353.85;     628.42;    2353.61;     617.00;    2329.15;     617.52;       10;    0.55;   stop
   598;    2447.06;    1478.92;    2450.02;    1455.41;    2438.44;    1453.95;    2435.48;    1477.47;       10;    0.55;   stop
   605;    2240.71;    1335.76;    2242.77;    1319.87;    2203.23;    1314.74;    2201.17;    1330.63;        9;    0.55;   stop
   631;    2478.39;    1950.58;    2487.70;    1940.02;    2465.61;    1920.55;    2456.30;    1931.11;       10;    0.55;   stop
   518;    3319.56;     626.39;    3344.52;     625.74;    3344.18;     612.98;    3319.23;     613.64;       10;    0.55;   stop
  6141;    2341.75;    2000.86;    2348.45;    1989.28;    2325.50;    1976.01;    2318.80;    1987.59;       10;    0.54;   stop
   571;    2500.97;    1941.60;    2509.27;    1930.50;    2486.91;    1913.77;    2478.60;    1924.88;       10;    0.54;   stop
  8173;    2648.26;     627.19;    2648.46;     615.86;    2639.30;     615.70;    2639.10;     627.03;       10;    0.54;   stop
   483;    1037.81;    1121.67;    1038.64;    1107.65;    1007.81;    1105.83;    1006.99;    1119.85;        9;    0.54;   stop
 11024;    1621.71;    1104.73;    1622.53;    1085.57;    1493.42;    1080.02;    1492.59;    1099.18;        9;    0.54;   stop
   485;    3416.34;     807.06;    3425.06;     785.27;    3413.34;     780.59;    3404.63;     802.38;       10;    0.54;   stop
  6346;     893.51;    1374.88;     894.80;    1362.60;     868.05;    1359.80;     866.76;    1372.08;       10;    0.54;   stop
  6351;    2318.90;     232.59;    2319.20;     219.14;    2292.10;     218.54;    2291.80;     231.98;       10;    0.53;   stop
   597;    2062.57;     628.25;    2088.80;     628.01;    2088.68;     615.15;    2062.45;     615.39;       10;    0.53;   stop
  9170;     327.85;     988.66;     328.60;     972.41;     291.84;     970.71;     291.09;     986.97;        9;    0.53;   move
   482;    2527.99;     323.49;    2528.07;     298.67;    2516.13;     298.63;    2516.06;     323.45;       10;    0.53;   stop
  4667;    2397.82;    1085.21;    2398.36;    1072.49;    2372.93;    1071.41;    2372.39;    1084.14;       10;    0.52;   stop
  6105;     807.27;      42.29;     808.13;      29.85;     781.79;      28.02;     780.93;      40.47;       10;    0.52;   stop
 10275;    3075.29;     626.27;    3099.88;     625.46;    3099.46;     612.64;    3074.87;     613.45;       10;    0.52;   stop
 10868;    3793.87;     293.11;    3795.25;     266.37;    3781.13;     265.64;    3779.75;     292.38;       10;    0.52;   stop
  4065;    3752.47;     205.72;    3781.73;     204.81;    3781.28;     190.37;    3752.02;     191.28;       10;    0.52;   stop
   492;     141.95;    1450.76;     143.03;    1436.94;     116.33;    1434.86;     115.26;    1448.69;       10;    0.51;   stop
 10388;    2529.12;     995.58;    2529.63;     962.15;    2515.01;     961.92;    2514.49;     995.35;       10;    0.51;   stop
   534;    1890.39;    1325.93;    1903.53;    1325.68;    1903.11;    1303.20;    1889.97;    1303.45;       10;    0.51;   stop
 11748;    2185.37;    1296.70;    2185.74;    1285.94;    2163.50;    1285.17;    2163.13;    1295.93;       10;    0.51;   stop
 10182;     550.94;     981.83;     572.89;     980.33;     572.19;     970.05;     550.24;     971.55;       10;    0.50;   stop
   554;     402.96;    1522.15;     426.85;    1521.95;     426.73;    1507.85;     402.84;    1508.05;       10;    0.50;   stop
   455;    1787.04;    1640.14;    1789.25;    1626.09;    1758.45;    1621.23;    1756.23;    1635.28;       10;    0.50;   stop
  9695;    2967.92;    1485.20;    2982.70;    1457.13;    2971.15;    1451.05;    2956.37;    1479.12;       10;    0.50;   stop
 10012;    2365.32;     233.28;    2365.49;     218.78;    2335.68;     218.41;    2335.51;     232.91;       10;    0.49;   stop
  9495;     374.52;    1212.35;     375.71;    1185.54;     360.01;    1184.84;     358.82;    1211.65;       10;    0.49;   stop
 11311;     316.50;    2006.08;     345.49;    2004.12;     344.44;    1988.60;     315.45;    1990.56;       10;    0.49;   stop
  9568;    2046.20;    2122.34;    2053.52;    2111.01;    2032.68;    2097.54;    2025.35;    2108.87;       10;    0.49;   stop
   684;    2394.06;    1711.20;    2395.65;    1688.19;    2384.56;    1687.43;    2382.97;    1710.43;       10;    0.49;   stop
   650;    1555.94;    1618.53;    1557.05;    1605.61;    1532.18;    1603.47;    1531.07;    1616.39;       10;    0.48;   stop
 11551;    1136.65;     653.93;    1138.38;     641.22;    1111.67;     637.57;    1109.93;     650.28;       10;    0.48;   move
 11327;    1842.76;     226.00;    1843.09;     206.77;    1831.49;     206.57;    1831.16;     225.79;       10;    0.48;   stop
   646;    1170.36;    1010.59;    1170.97;    1001.02;    1151.64;     999.79;    1151.03;    1009.36;       10;    0.48;   stop
  5813;    3793.16;     327.95;    3793.18;     297.37;    3778.09;     297.36;    3778.07;     327.94;       10;    0.48;   stop
  6129;    3721.89;     203.38;    3748.12;     203.35;    3748.11;     190.84;    3721.88;     190.87;       10;    0.47;   stop
 11285;    1148.56;    1132.43;    1149.52;    1116.52;    1120.19;    1114.76;    1119.23;    1130.67;       10;    0.47;   stop
   702;    1989.41;     708.30;    1989.66;     689.09;    1979.59;     688.95;    1979.34;     708.16;       10;    0.47;   stop
  9992;    3598.64;     627.03;    3598.78;     610.80;    3560.11;     610.47;    3559.97;     626.70;       10;    0.47;   stop
   558;    1345.88;    1601.12;    1346.53;    1588.41;    1321.50;    1587.13;    1320.84;    1599.84;       10;    0.47;   stop
   562;    3443.86;     742.36;    3454.37;     717.24;    3441.14;     711.70;    3430.63;     736.82;       10;    0.47;   stop
   619;    3132.19;    1093.62;    3148.49;    1088.38;    3137.81;    1055.13;    3121.51;    1060.37;       10;    0.47;   stop
 11700;    3485.81;    1421.73;    3497.66;    1415.40;    3484.50;    1390.77;    3472.65;    1397.10;       10;    0.47;   stop
   600;    3567.66;     491.14;    3580.39;     461.63;    3566.71;     455.73;    3553.98;     485.24;       10;    0.46;   stop
   617;    1953.56;    2065.58;    1965.82;    2063.33;    1961.44;    2039.54;    1949.18;    2041.80;       10;    0.46;   stop
  6279;    2633.92;    2076.15;    2647.16;    2070.90;    2636.33;    2043.60;    2623.09;    2048.85;       10;    0.46;   stop
   584;    3162.55;    1038.51;    3173.64;    1030.78;    3157.14;    1007.11;    3146.05;    1014.84;       10;    0.46;   stop
   494;    1823.13;    1646.02;    1825.63;    1631.51;    1797.12;    1626.60;    1794.62;    1641.12;       10;    0.46;   stop
 10703;    1492.15;      63.67;    1492.36;      50.98;    1465.47;      50.52;    1465.26;      63.21;       10;    0.45;   stop
  4066;    3597.97;     424.22;    3610.51;     398.24;    3598.28;     392.34;    3585.74;     418.32;       10;    0.45;   stop
 11769;    1037.86;    1122.00;    1038.81;    1107.53;    1007.76;    1105.50;    1006.82;    1119.97;       10;    0.45;   stop
   677;     906.49;    1799.22;     907.18;    1785.43;     876.63;    1783.91;     875.94;    1797.69;       10;    0.45;   stop
  7086;    2580.27;     232.00;    2580.40;     219.39;    2556.11;     219.13;    2555.97;     231.74;       10;    0.45;   stop
  6341;     315.66;    1475.02;     317.79;    1463.72;     294.65;    1459.36;     292.52;    1470.65;       10;    0.44;   stop
   621;     659.29;    2001.09;     659.99;    1989.34;     637.27;    1987.98;     636.57;    1999.73;       10;    0.44;   stop
   589;    3794.44;     261.85;    3795.36;     231.31;    3778.68;     230.81;    3777.77;     261.35;       10;    0.44;   stop
   691;    1944.36;    2065.97;    1944.90;    2040.55;    1932.39;    2040.28;    1931.85;    2065.70;       10;    0.44;   stop
   433;     274.03;    1505.43;     275.95;    1491.18;     245.34;    1487.07;     243.43;    1501.32;       10;    0.43;   stop
  7094;    2528.92;     295.54;    2530.12;     267.51;    2517.46;     266.96;    2516.25;     294.99;       10;    0.43;   stop
  5811;    3552.33;     521.43;    3561.58;     497.77;    3549.23;     492.95;    3539.98;     516.60;       10;    0.42;   stop
   616;    1099.70;    1581.67;    1102.02;    1569.39;    1079.05;    1565.05;    1076.73;    1577.33;       10;    0.42;   stop
   736;    1973.13;    1606.82;    1976.17;    1582.82;    1965.12;    1581.43;    1962.08;    1605.43;       10;    0.42;   stop
 11209;    3711.83;     111.53;    3721.44;      87.30;    3709.42;      82.53;    3699.81;     106.77;       10;    0.42;   stop
  6139;    3778.59;     364.49;    3794.79;     364.36;    3794.53;     332.07;    3778.33;     332.20;       10;    0.42;   stop
 11658;    2905.53;    1812.42;    2926.83;    1783.85;    2913.72;    1774.08;    2892.42;    1802.65;       10;    0.42;   stop
  2186;    3162.25;     626.48;    3183.22;     625.63;    3182.75;     614.07;    3161.78;     614.92;       10;    0.41;   stop
  6294;    1625.91;    1593.67;    1627.88;    1580.99;    1599.46;    1576.58;    1597.49;    1589.26;       10;    0.41;   stop
  5902;     583.30;    1145.81;     584.23;    1132.26;     557.63;    1130.44;     556.71;    1143.99;       10;    0.41;   stop
 10090;    3788.49;     203.96;    3815.76;     201.65;    3814.63;     188.38;    3787.37;     190.69;       10;    0.40;   stop
 11754;    3676.35;     231.34;    3688.31;     207.18;    3675.52;     200.85;    3663.57;     225.01;       10;    0.40;   stop
 11629;    3783.31;    1390.30;    3798.05;    1386.34;    3789.81;    1355.64;    3775.07;    1359.60;       10;    0.40;   stop
   546;    3200.90;    1165.54;    3216.30;    1141.30;    3205.03;    1134.15;    3189.64;    1158.38;       10;    0.40;   stop
 11751;     103.60;    1536.65;     104.14;    1524.97;      79.09;    1523.82;      78.55;    1535.50;       10;    0.40;   stop
   661;    3612.66;     624.75;    3639.89;     624.63;    3639.84;     610.88;    3612.61;     610.99;       10;    0.39;   stop
  8458;    3408.85;     778.15;    3419.58;     754.39;    3407.71;     749.03;    3396.99;     772.80;       10;    0.39;   move
  5349;    1988.96;    2012.54;    1991.13;    1994.76;    1953.79;    1990.21;    1951.62;    2007.99;       10;    0.39;   stop
   591;    3579.88;    1272.46;    3580.69;    1243.24;    3566.68;    1242.86;    3565.87;    1272.07;       10;    0.38;   stop
 11637;     480.92;    1493.77;     481.73;    1483.37;     462.20;    1481.86;     461.40;    1492.25;       10;    0.37;   stop
  5833;    3613.38;     392.42;    3625.82;     365.42;    3612.87;     359.45;    3600.43;     386.46;       10;    0.37;   stop
 11004;    1860.24;    1908.10;    1865.92;    1887.06;    1855.64;    1884.28;    1849.95;    1905.32;       10;    0.37;   move
  6208;    1227.86;    1496.41;    1231.95;    1471.19;    1219.02;    1469.09;    1214.92;    1494.31;       10;    0.36;   stop
 11688;    1505.92;    1581.67;    1507.13;    1570.04;    1479.83;    1567.21;    1478.62;    1578.83;       10;    0.36;   stop
 11758;    1892.38;    1362.20;    1906.73;    1360.71;    1903.37;    1328.24;    1889.02;    1329.73;       10;    0.36;   stop
  7085;    1524.51;    1696.69;    1530.04;    1684.84;    1503.99;    1672.69;    1498.46;    1684.54;       10;    0.36;   stop
  6124;    3629.75;     360.69;    3643.26;     332.80;    3630.25;     326.49;    3616.74;     354.39;       10;    0.36;   stop
   599;    3347.61;     626.42;    3375.38;     626.02;    3375.20;     612.96;    3347.43;     613.35;       10;    0.36;   stop