vehicle_id; veh_bb_x1; veh_bb_y1; veh_bb_x2; veh_bb_y2; veh_bb_x3; veh_bb_y3; veh_bb_x4; veh_bb_y4; det_class; conf_score; state
  8515;    1907.44;     828.67;    1908.01;     802.87;    1895.25;     802.58;    1894.67;     828.38;       10;    0.84;   stop
    66;    1960.64;    1709.16;    1963.73;    1681.92;    1950.89;    1680.46;    1947.80;    1707.71;       10;    0.84;   stop
 10653;    1961.32;    1651.15;    1965.01;    1616.36;    1949.65;    1614.73;    1945.95;    1649.51;       10;    0.83;   stop
 10207;    1908.02;     786.99;    1908.42;     760.08;    1895.51;     759.89;    1895.11;     786.80;       10;    0.83;   stop
  5745;    2880.18;    1230.21;    2883.45;    1216.39;    2851.32;    1208.79;    2848.05;    1222.61;       10;    0.83;   stop
 11940;    1943.21;    1657.56;    1945.78;    1626.30;    1932.32;    1625.19;    1929.75;    1656.45;       10;    0.83;   move
    10;    1762.91;    2045.90;    1777.09;    2019.64;    1765.00;    2013.10;    1750.81;    2039.36;       10;    0.83;   stop
    31;    1826.40;     343.31;    1839.34;     343.07;    1838.85;     317.06;    1825.91;     317.30;       10;    0.83;   stop
    12;    1989.86;     445.73;    1990.50;     419.70;    1978.20;     419.40;    1977.56;     445.42;       10;    0.83;   stop
  8185;    1878.32;    1855.83;    1887.40;    1826.14;    1873.18;    1821.80;    1864.10;    1851.48;       10;    0.83;   move
  6553;    2967.13;    1255.03;    2970.96;    1241.41;    2941.47;    1233.10;    2937.63;    1246.72;       10;    0.83;   move
    36;    2998.29;    1422.42;    3010.34;    1396.64;    2998.71;    1391.20;    2986.66;    1416.99;       10;    0.83;   stop
    72;    2744.48;    1914.53;    2769.57;    1902.63;    2763.15;    1889.09;    2738.05;    1900.99;       10;    0.83;   stop
    73;    2712.30;    1927.78;    2742.30;    1915.10;    2735.70;    1899.47;    2705.70;    1912.15;       10;    0.83;   stop
    76;    1837.73;     314.77;    1838.01;     287.24;    1824.89;     287.11;    1824.62;     314.64;       10;    0.83;   stop
  8360;    1906.80;     869.54;    1907.57;     836.30;    1892.79;     835.96;    1892.02;     869.20;       10;    0.83;   stop
   145;     901.48;    1111.61;     901.89;    1097.92;     876.02;    1097.14;     875.61;    1110.83;       10;    0.83;   stop
 10431;    1614.69;    1137.21;    1615.07;    1123.66;    1588.18;    1122.92;    1587.81;    1136.46;       10;    0.83;   stop
 10621;    1960.60;    1363.34;    1961.99;    1336.16;    1949.81;    1335.54;    1948.41;    1362.71;       10;    0.83;   stop
 12211;    1890.04;     387.95;    1890.21;     360.25;    1877.49;     360.17;    1877.32;     387.87;       10;    0.82;   move
  1058;    1959.14;     794.81;    1972.75;     794.76;    1972.64;     767.81;    1959.03;     767.87;       10;    0.82;   stop
    13;     454.60;    1526.16;     456.25;    1512.64;     430.40;    1509.47;     428.75;    1522.99;       10;    0.82;   stop
  6688;    1968.57;     831.48;    1970.69;     805.19;    1959.27;     804.27;    1957.15;     830.56;       10;    0.82;   stop
  5961;    2114.93;    1102.69;    2115.72;    1089.41;    2086.57;    1087.68;    2085.78;    1100.97;       10;    0.82;   stop
  8298;    2136.84;    1126.24;    2137.50;    1112.72;    2110.22;    1111.38;    2109.56;    1124.90;       10;    0.82;   stop
 11573;    1863.47;     453.53;    1877.86;     450.98;    1872.28;     419.47;    1857.89;     422.02;       10;    0.82;   move
    90;    1705.57;    1047.52;    1706.49;    1034.61;    1678.43;    1032.60;    1677.51;    1045.52;       10;    0.82;   stop
  6723;    2935.85;    1263.30;    2939.17;    1249.62;    2908.15;    1242.08;    2904.83;    1255.76;       10;    0.82;   stop
  7898;    1945.50;     153.31;    1946.50;     122.25;    1931.25;     121.75;    1930.25;     152.82;       10;    0.82;   move
   122;    1991.08;     337.97;    1992.82;     312.00;    1980.17;     311.15;    1978.43;     337.13;       10;    0.82;   stop
 12308;    1888.08;     317.29;    1888.56;     291.01;    1875.80;     290.78;    1875.32;     317.05;       10;    0.82;   move
    34;     724.47;     992.65;     724.86;     980.68;     699.59;     979.85;     699.20;     991.82;       10;    0.82;   stop
     5;     813.91;    1555.67;     815.00;    1541.83;     791.09;    1539.95;     790.00;    1553.80;       10;    0.82;   stop
    35;    1393.48;    1029.17;    1393.97;    1017.03;    1370.65;    1016.08;    1370.15;    1028.22;       10;    0.82;   stop
    97;    1669.61;    1045.11;    1670.80;    1032.83;    1646.89;    1030.52;    1645.70;    1042.79;       10;    0.82;   stop
  9833;    2859.09;    1182.90;    2861.67;    1170.04;    2836.41;    1164.98;    2833.83;    1177.83;       10;    0.82;   move
 11220;    2955.25;    1182.37;    2958.00;    1170.56;    2931.50;    1164.38;    2928.75;    1176.19;       10;    0.82;   move
  8808;    1929.36;    1527.03;    1930.04;    1500.14;    1915.89;    1499.78;    1915.21;    1526.67;       10;    0.82;   move
 10465;    1868.25;     824.78;    1869.41;     778.81;    1851.00;     778.34;    1849.84;     824.31;        9;    0.82;   move
   134;     910.16;    1003.59;     910.98;     991.66;     885.34;     989.91;     884.52;    1001.84;       10;    0.82;   stop
    89;     978.12;    1008.21;     978.32;     994.69;     952.10;     994.29;     951.89;    1007.81;       10;    0.82;   stop
    42;    1009.48;    1008.74;    1009.81;     996.70;     984.86;     996.01;     984.53;    1008.05;       10;    0.82;   stop
    43;    1237.97;    1019.43;    1238.70;    1006.98;    1214.53;    1005.57;    1213.81;    1018.02;       10;    0.82;   stop
    96;     865.22;    1108.70;     865.74;    1096.27;     839.72;    1095.17;     839.19;    1107.61;       10;    0.82;   stop
    51;    2935.78;    1162.34;    2938.49;    1150.29;    2914.22;    1144.84;    2911.51;    1156.89;       10;    0.82;   stop
 11095;    1949.14;    1543.65;    1952.07;    1514.34;    1938.48;    1512.98;    1935.55;    1542.29;       10;    0.82;   move
 12060;    1899.28;    1860.27;    1908.41;    1831.80;    1894.97;    1827.48;    1885.84;    1855.95;       10;    0.82;   move
  9699;    1886.05;     939.44;    1887.08;     906.62;    1871.45;     906.13;    1870.42;     938.95;       10;    0.82;   stop
   185;     844.39;    1558.95;     845.52;    1545.92;     821.04;    1543.80;     819.90;    1556.83;       10;    0.82;   stop
  6606;    2732.32;    1205.49;    2734.07;    1192.70;    2706.12;    1188.88;    2704.37;    1201.68;       10;    0.82;   stop
 12411;    1856.26;     246.11;    1870.57;     246.08;    1870.49;     213.45;    1856.18;     213.49;       10;    0.82;   move
  9453;    1471.69;    1094.33;    1472.46;    1079.69;    1440.93;    1078.04;    1440.17;    1092.68;       10;    0.82;   move
  6226;    2256.54;    1094.07;    2257.33;    1080.07;    2226.21;    1078.30;    2225.42;    1092.31;       10;    0.82;   stop
 10103;    2741.69;    1141.02;    2744.12;    1126.92;    2711.94;    1121.36;    2709.50;    1135.46;       10;    0.82;   stop
  5434;    2881.25;    1247.02;    2883.76;    1235.66;    2859.25;    1230.23;    2856.74;    1241.59;       10;    0.82;   stop
   106;    1961.01;    1600.93;    1963.72;    1571.66;    1950.52;    1570.45;    1947.82;    1599.71;       10;    0.82;   stop
  8979;    1955.09;    1157.11;    1955.86;    1142.86;    1926.16;    1141.27;    1925.39;    1155.51;       10;    0.81;   move
  8061;    1960.69;    1242.66;    1962.19;    1215.03;    1949.44;    1214.34;    1947.93;    1241.97;       10;    0.81;   stop
   131;    3017.74;    1377.88;    3029.72;    1351.24;    3017.51;    1345.74;    3005.53;    1372.39;       10;    0.81;   stop
 10033;    2699.76;    1136.33;    2701.72;    1122.34;    2673.41;    1118.36;    2671.44;    1132.35;       10;    0.81;   stop
  8275;    1927.83;    1604.01;    1931.09;    1573.32;    1917.42;    1571.86;    1914.16;    1602.56;       10;    0.81;   move
   250;    1835.77;     731.99;    1836.35;     704.94;    1822.35;     704.64;    1821.77;     731.69;       10;    0.81;   stop
   171;    1356.26;    1144.38;    1357.41;    1127.79;    1313.36;    1124.74;    1312.21;    1141.33;        9;    0.81;   stop
  5731;    2078.43;    1101.24;    2079.19;    1087.44;    2048.82;    1085.76;    2048.06;    1099.56;       10;    0.81;   stop
    11;    3289.64;    1292.81;    3294.49;    1277.81;    3259.73;    1266.57;    3254.88;    1281.56;       10;    0.81;   stop
 12496;    3588.91;    1354.46;    3592.88;    1341.18;    3565.15;    1332.88;    3561.18;    1346.16;       10;    0.81;   move
 12433;    1892.68;     238.72;    1893.51;     211.68;    1880.57;     211.28;    1879.74;     238.32;       10;    0.81;   move
   133;    1984.67;     767.30;    1985.14;     743.82;    1973.08;     743.58;    1972.61;     767.06;       10;    0.81;   stop
    88;    1981.22;     374.44;    1981.22;     346.68;    1967.71;     346.68;    1967.71;     374.44;       10;    0.81;   stop
   103;    1836.85;     552.85;    1839.54;     523.93;    1825.78;     522.65;    1823.08;     551.57;       10;    0.81;   stop
    94;    1040.72;    1010.40;    1041.37;     999.07;    1018.03;     997.73;    1017.38;    1009.05;       10;    0.81;   stop
  7159;    2410.36;    1102.44;    2411.08;    1089.51;    2382.89;    1087.93;    2382.17;    1100.86;       10;    0.81;   stop
    61;    2873.92;    1148.89;    2876.86;    1136.56;    2850.83;    1130.36;    2847.89;    1142.69;       10;    0.81;   stop
   230;    2343.05;    1199.46;    2343.85;    1186.13;    2315.20;    1184.41;    2314.40;    1197.75;       10;    0.81;   stop
    70;    2509.32;    1209.93;    2510.07;    1198.00;    2485.30;    1196.44;    2484.55;    1208.37;       10;    0.81;   stop
    47;    2908.41;    1680.15;    2919.12;    1651.20;    2906.34;    1646.47;    2895.63;    1675.42;       10;    0.81;   stop
    24;    2407.70;    1861.48;    2411.03;    1833.59;    2396.80;    1831.89;    2393.47;    1859.78;       10;    0.81;   stop
   266;    2431.34;    1973.08;    2439.43;    1960.90;    2415.91;    1945.29;    2407.82;    1957.47;       10;    0.81;   stop
    85;    2226.93;    2051.74;    2233.29;    2038.02;    2205.76;    2025.26;    2199.40;    2038.98;       10;    0.81;   stop
    21;    3025.65;    1454.99;    3038.17;    1429.97;    3025.44;    1423.60;    3012.92;    1448.62;       10;    0.81;   stop
    50;    1835.94;     253.56;    1837.04;     229.61;    1825.28;     229.07;    1824.18;     253.02;       10;    0.81;   stop
  5343;    2102.90;    1079.50;    2103.88;    1066.77;    2077.60;    1064.75;    2076.62;    1077.48;       10;    0.81;   stop
  5661;    2212.40;    1090.62;    2213.32;    1078.14;    2185.97;    1076.13;    2185.05;    1088.61;       10;    0.81;   stop
   115;    2603.38;    1218.75;    2604.55;    1206.03;    2575.74;    1203.37;    2574.57;    1216.09;       10;    0.81;   stop
  7621;    2836.57;    1217.47;    2838.94;    1205.18;    2812.80;    1200.15;    2810.44;    1212.44;       10;    0.81;   stop
    14;    2714.63;    1233.47;    2716.30;    1221.26;    2691.74;    1217.91;    2690.08;    1230.11;       10;    0.81;   stop
    41;    2964.49;    1289.28;    2966.95;    1275.80;    2935.76;    1270.09;    2933.30;    1283.57;       10;    0.81;   stop
    65;    2439.38;    1563.89;    2440.88;    1538.49;    2428.12;    1537.74;    2426.62;    1563.13;       10;    0.81;   stop
    40;    2411.68;    1829.40;    2414.82;    1800.25;    2400.70;    1798.73;    2397.56;    1827.88;       10;    0.81;   stop
    74;    2146.17;    2081.83;    2153.69;    2067.97;    2127.33;    2053.67;    2119.81;    2067.53;       10;    0.81;   stop
 10829;    1888.53;     847.41;    1889.89;     819.35;    1876.75;     818.72;    1875.39;     846.77;       10;    0.81;   stop
     6;     848.33;    1526.01;     849.81;    1512.40;     824.17;    1509.61;     822.69;    1523.23;       10;    0.81;   stop
 11031;    1556.90;    1135.11;    1557.69;    1121.07;    1527.85;    1119.39;    1527.06;    1133.43;       10;    0.81;   stop
 10258;    2930.99;    1196.80;    2933.97;    1182.80;    2902.14;    1176.01;    2899.15;    1190.01;       10;    0.81;   move
    63;    2804.17;    1252.12;    2806.97;    1240.14;    2781.22;    1234.13;    2778.42;    1246.11;       10;    0.81;   stop
    79;    1175.83;    1769.36;    1177.22;    1744.79;    1163.61;    1744.02;    1162.22;    1768.59;       10;    0.81;   stop
    54;    2745.95;    1364.08;    2747.68;    1349.62;    2717.80;    1346.05;    2716.07;    1360.51;       10;    0.81;   stop
   197;     879.19;    1000.64;     879.71;     988.26;     855.28;     987.23;     854.76;     999.61;       10;    0.81;   stop
 11532;    1391.72;    1108.65;    1392.48;    1094.68;    1361.15;    1092.98;    1360.39;    1106.94;       10;    0.81;   move
 11646;    1324.04;    1119.14;    1324.89;    1104.64;    1292.71;    1102.74;    1291.86;    1117.23;       10;    0.81;   move
    81;    1980.52;    1380.23;    1982.98;    1352.36;    1970.67;    1351.27;    1968.21;    1379.14;       10;    0.81;   stop
    64;     788.25;    1555.68;     789.83;    1541.97;     764.25;    1539.01;     762.67;    1552.72;       10;    0.81;   stop
   140;    1910.73;    1893.79;    1921.39;    1866.47;    1908.56;    1861.46;    1897.90;    1888.78;       10;    0.81;   stop
    87;    2985.31;    1454.35;    2998.05;    1426.99;    2986.09;    1421.43;    2973.36;    1448.79;       10;    0.81;   stop
 10827;    1871.29;     590.94;    1871.81;     565.82;    1859.12;     565.56;    1858.60;     590.68;       10;    0.81;   stop
   251;    1834.37;     763.21;    1835.07;     737.91;    1821.79;     737.54;    1821.09;     762.84;       10;    0.81;   stop
   176;    1862.24;    1647.10;    1863.35;    1633.41;    1835.64;    1631.15;    1834.52;    1644.84;       10;    0.81;   stop
   130;    1711.44;    1599.44;    1712.50;    1585.23;    1685.05;    1583.18;    1683.99;    1597.40;       10;    0.81;   stop
    30;    1836.66;     180.55;    1838.37;     154.94;    1826.34;     154.14;    1824.63;     179.75;       10;    0.81;   stop
   246;    1986.37;     739.18;    1987.08;     711.27;    1974.38;     710.95;    1973.67;     738.85;       10;    0.81;   stop
  8858;    1934.24;    1070.53;    1946.24;    1049.11;    1935.95;    1043.34;    1923.95;    1064.77;       10;    0.81;   move
  7000;    2375.24;    1104.60;    2376.23;    1090.17;    2344.89;    1088.03;    2343.90;    1102.46;       10;    0.81;   stop
  8634;    2503.46;    1111.96;    2504.67;    1098.93;    2477.67;    1096.41;    2476.45;    1109.45;       10;    0.81;   stop
  8081;    2800.84;    1214.32;    2803.12;    1199.52;    2761.91;    1193.18;    2759.63;    1207.98;        9;    0.81;   stop
   248;    1878.90;    1782.01;    1885.30;    1753.74;    1870.91;    1750.49;    1864.52;    1778.76;       10;    0.81;   stop
    82;    1779.94;    2012.34;    1792.70;    1989.69;    1782.00;    1983.66;    1769.23;    2006.31;       10;    0.81;   stop
 11918;    3546.36;    1361.01;    3550.30;    1347.23;    3521.45;    1338.99;    3517.52;    1352.77;       10;    0.81;   move
   193;    1850.58;     702.92;    1850.70;     670.76;    1836.04;     670.70;    1835.92;     702.87;       10;    0.80;   stop
     9;     718.71;    1549.23;     720.29;    1536.23;     695.98;    1533.27;     694.40;    1546.27;       10;    0.80;   stop
   104;    2704.47;    1117.17;    2705.60;    1103.72;    2677.15;    1101.33;    2676.03;    1114.78;       10;    0.80;   stop
   128;    2685.06;    1229.38;    2686.71;    1216.92;    2657.19;    1213.00;    2655.54;    1225.46;       10;    0.80;   stop
 12236;    2647.49;    1927.63;    2679.02;    1913.94;    2671.82;    1897.37;    2640.30;    1911.06;       10;    0.80;   move
   213;    2682.58;    1938.49;    2710.63;    1927.69;    2704.88;    1912.76;    2676.83;    1923.56;       10;    0.80;   stop
  6069;    1490.09;      28.89;    1490.81;      16.63;    1463.04;      14.98;    1462.31;      27.25;       10;    0.80;   stop
   147;    1205.32;    1019.25;    1206.35;    1005.78;    1176.30;    1003.50;    1175.28;    1016.97;       10;    0.80;   stop
   199;    2469.79;    1089.40;    2470.29;    1077.25;    2444.96;    1076.22;    2444.46;    1088.37;       10;    0.80;   stop
  6805;    2326.77;    1099.86;    2327.84;    1086.93;    2303.35;    1084.89;    2302.28;    1097.82;       10;    0.80;   stop
  9376;    2577.14;    1138.05;    2578.57;    1122.94;    2545.74;    1119.83;    2544.31;    1134.94;       10;    0.80;   stop
    80;    1167.39;    2092.69;    1182.57;    2091.32;    1180.11;    2064.18;    1164.93;    2065.56;       10;    0.80;   stop
   101;    2635.17;    1325.26;    2636.19;    1312.17;    2609.21;    1310.05;    2608.18;    1323.14;       10;    0.80;   stop
   178;    1936.37;    1822.23;    1944.03;    1791.17;    1930.72;    1787.89;    1923.07;    1818.96;       10;    0.80;   stop
   204;    2651.08;    1950.41;    2676.51;    1941.83;    2672.04;    1928.59;    2646.61;    1937.17;       10;    0.80;   stop
   119;    1794.69;    1986.72;    1809.51;    1959.50;    1797.63;    1953.03;    1782.81;    1980.25;       10;    0.80;   stop
 12512;    2245.71;    2079.73;    2274.01;    2066.31;    2267.41;    2052.39;    2239.11;    2065.82;       10;    0.80;   move
   372;    2210.86;    2125.01;    2239.79;    2114.96;    2234.76;    2100.49;    2205.84;    2110.54;       10;    0.80;   stop
   121;    1993.69;      88.26;    1994.55;      63.49;    1982.06;      63.06;    1981.20;      87.83;       10;    0.80;   stop
    57;    1850.27;     621.35;    1851.60;     595.46;    1838.23;     594.77;    1836.90;     620.67;       10;    0.80;   stop
  6991;    2817.60;    1232.62;    2820.00;    1219.87;    2790.15;    1214.26;    2787.75;    1227.01;       10;    0.80;   stop
   139;    2442.69;    1533.74;    2444.73;    1508.19;    2431.56;    1507.14;    2429.52;    1532.68;       10;    0.80;   stop
   152;    2177.84;    2141.21;    2206.88;    2127.29;    2200.29;    2113.54;    2171.25;    2127.46;       10;    0.80;   stop
   194;    1978.64;      81.93;    1979.30;      57.89;    1967.49;      57.57;    1966.82;      81.61;       10;    0.80;   stop
   182;    1843.19;     869.43;    1843.57;     844.13;    1831.53;     843.94;    1831.15;     869.25;       10;    0.80;   stop
   198;    1353.40;    1035.93;    1354.34;    1023.68;    1328.60;    1021.70;    1327.66;    1033.95;       10;    0.80;   stop
  9108;    1890.58;    1120.91;    1919.10;    1104.28;    1911.92;    1091.97;    1883.40;    1108.59;       10;    0.80;   move
 10873;    1904.48;     953.01;    1905.90;     920.73;    1891.73;     920.11;    1890.32;     952.39;       10;    0.80;   stop
   209;    1894.38;    1405.32;    1909.60;    1403.96;    1906.06;    1364.43;    1890.84;    1365.79;        9;    0.80;   stop
   200;    3000.86;    1543.69;    3009.72;    1520.67;    2998.39;    1516.31;    2989.53;    1539.33;       10;    0.80;   stop
   203;    2427.58;    1387.53;    2430.23;    1357.09;    2415.17;    1355.78;    2412.52;    1386.22;       10;    0.80;   stop
 10782;    3333.79;    1290.08;    3338.34;    1276.05;    3310.28;    1266.95;    3305.72;    1280.98;       10;    0.80;   move
   226;    1838.69;      92.73;    1839.04;      66.62;    1826.56;      66.45;    1826.21;      92.57;       10;    0.80;   stop
    52;    1978.25;     218.84;    1978.80;     196.56;    1967.31;     196.28;    1966.76;     218.56;       10;    0.80;   stop
  7152;    1965.99;     292.85;    1971.57;     267.55;    1960.72;     265.15;    1955.15;     290.45;       10;    0.80;   move
 12374;    1893.69;     675.12;    1907.30;     673.95;    1904.78;     644.51;    1891.16;     645.68;       10;    0.80;   stop
 10664;    1893.65;     709.65;    1906.76;     709.39;    1906.22;     681.98;    1893.11;     682.23;       10;    0.80;   stop
    68;     346.19;    1481.90;     348.34;    1468.28;     319.43;    1463.72;     317.28;    1477.34;       10;    0.80;   stop
  6925;    2244.99;    1112.68;    2245.79;    1098.58;    2214.70;    1096.82;    2213.89;    1110.92;       10;    0.80;   stop
   236;    2410.97;    1202.19;    2411.51;    1189.60;    2384.53;    1188.44;    2383.99;    1201.03;       10;    0.80;   stop
   202;    1978.51;    1420.69;    1979.80;    1394.67;    1967.62;    1394.06;    1966.32;    1420.08;       10;    0.80;   stop
  8817;    1948.31;    1289.44;    1962.65;    1289.21;    1962.19;    1260.65;    1947.85;    1260.88;       10;    0.80;   stop
 12451;    2372.68;    2025.88;    2399.06;    2015.25;    2393.57;    2001.62;    2367.19;    2012.25;       10;    0.80;   move
  7967;    1942.37;     327.60;    1942.46;     303.57;    1930.07;     303.52;    1929.98;     327.55;       10;    0.80;   move
 12272;    1871.60;     341.75;    1872.07;     315.47;    1859.65;     315.25;    1859.18;     341.53;       10;    0.80;   move
    91;    2768.88;    1127.42;    2771.34;    1114.06;    2744.37;    1109.08;    2741.91;    1122.44;       10;    0.80;   stop
 10936;    1960.59;    1432.63;    1961.91;    1400.67;    1948.69;    1400.12;    1947.37;    1432.08;       10;    0.80;   move
   124;     752.78;    1551.75;     753.64;    1538.02;     727.53;    1536.38;     726.67;    1550.10;       10;    0.80;   stop
    28;    2124.13;    2090.49;    2131.90;    2077.69;    2107.75;    2063.01;    2099.97;    2075.81;       10;    0.80;   stop
 12490;    1870.43;     166.72;    1871.46;     140.32;    1859.41;     139.85;    1858.38;     166.25;       10;    0.80;   move
   346;    1967.65;     174.46;    1980.36;     173.80;    1979.04;     148.41;    1966.33;     149.08;       10;    0.80;   stop
  6643;     200.74;     996.31;     201.41;     981.32;     170.51;     979.94;     169.84;     994.93;       10;    0.80;   move
   144;     693.32;     991.40;     693.83;     978.37;     667.93;     977.35;     667.42;     990.38;       10;    0.80;   stop
   114;    1871.68;    1185.20;    1877.84;    1169.50;    1837.44;    1153.67;    1831.29;    1169.37;        9;    0.80;   stop
 10571;    2835.90;    1156.76;    2838.40;    1146.03;    2814.60;    1140.49;    2812.10;    1151.22;       10;    0.80;   move
   256;    1886.94;    1251.39;    1900.48;    1250.24;    1898.03;    1221.36;    1884.49;    1222.51;       10;    0.80;   stop
  6681;    1169.00;    2125.73;    1185.13;    2124.14;    1182.25;    2094.90;    1166.12;    2096.49;       10;    0.80;   stop
  8997;    1933.32;    1451.85;    1933.58;    1423.22;    1919.43;    1423.09;    1919.17;    1451.72;       10;    0.80;   move
 11815;    1893.18;     745.99;    1906.75;     745.83;    1906.41;     716.51;    1892.84;     716.67;       10;    0.80;   stop
  7660;    1946.91;     980.58;    1947.81;     946.97;    1932.09;     946.54;    1931.19;     980.16;       10;    0.80;   move
  7703;    1597.52;    1105.46;    1598.87;    1087.74;    1546.85;    1083.79;    1545.50;    1101.51;        9;    0.80;   move
   253;    2308.44;    1081.76;    2309.19;    1068.59;    2281.18;    1066.99;    2280.43;    1080.16;       10;    0.80;   stop
  7284;    2280.68;    1111.01;    2281.39;    1098.76;    2257.19;    1097.37;    2256.48;    1109.62;       10;    0.80;   stop
   289;    2753.53;    1943.21;    2779.83;    1932.84;    2774.34;    1918.92;    2748.04;    1929.28;       10;    0.80;   stop
    86;    2381.04;    2116.25;    2384.65;    2086.19;    2370.59;    2084.50;    2366.98;    2114.56;       10;    0.80;   stop
   227;    1826.18;     374.80;    1839.68;     374.48;    1839.07;     348.58;    1825.57;     348.89;       10;    0.79;   stop
    15;     614.74;    1295.20;     617.11;    1280.15;     587.13;    1275.42;     584.76;    1290.47;       10;    0.79;   stop
   177;    2557.18;    1317.09;    2557.29;    1304.42;    2529.70;    1304.16;    2529.58;    1316.83;       10;    0.79;   stop
 10563;    1961.53;    1330.85;    1962.65;    1299.34;    1948.31;    1298.83;    1947.20;    1330.35;       10;    0.79;   stop
 10957;    1858.18;     553.91;    1872.54;     553.64;    1871.94;     521.59;    1857.58;     521.86;       10;    0.79;   stop
   277;    1300.59;    1025.23;    1328.60;    1025.10;    1328.54;    1011.02;    1300.52;    1011.15;       10;    0.79;   stop
   225;    2847.75;    1861.37;    2875.32;    1838.17;    2863.50;    1824.13;    2835.93;    1847.33;        9;    0.79;   stop
  6074;    1453.47;      26.60;    1454.25;      14.96;    1429.90;      13.33;    1429.13;      24.98;       10;    0.79;   stop
 12602;    1887.43;     624.75;    1900.85;     623.87;    1898.95;     594.75;    1885.53;     595.63;       10;    0.79;   stop
   295;    1832.29;     836.92;    1840.30;     810.29;    1828.37;     806.70;    1820.36;     833.33;       10;    0.79;   stop
   187;    1423.25;    1031.08;    1423.69;    1018.45;    1398.25;    1017.55;    1397.81;    1030.18;       10;    0.79;   stop
 11331;    1495.17;    1114.64;    1495.42;    1102.13;    1469.20;    1101.61;    1468.95;    1114.12;       10;    0.79;   move
  7612;    2317.11;    1115.33;    2317.98;    1102.82;    2290.51;    1100.92;    2289.65;    1113.43;       10;    0.79;   stop
   283;    2447.96;    1963.50;    2455.40;    1951.73;    2431.91;    1936.88;    2424.47;    1948.64;       10;    0.79;   stop
   212;    2287.41;    2094.28;    2292.86;    2080.75;    2267.34;    2070.47;    2261.89;    2084.00;       10;    0.79;   stop
 11047;    1903.72;     908.29;    1905.67;     877.38;    1892.03;     876.52;    1890.08;     907.43;       10;    0.79;   stop
  9309;    1811.89;    1128.91;    1836.53;    1128.08;    1836.11;    1115.47;    1811.47;    1116.29;       10;    0.79;   move
 12407;    3154.89;    1148.62;    3163.46;    1122.42;    3150.73;    1118.26;    3142.17;    1144.46;       10;    0.79;   stop
  9748;    2800.51;    1171.89;    2803.32;    1156.64;    2768.95;    1150.30;    2766.13;    1165.54;       10;    0.79;   stop
   261;    2404.03;    1898.56;    2407.92;    1867.46;    2393.72;    1865.69;    2389.83;    1896.79;       10;    0.79;   stop
   233;    1977.98;     532.12;    1979.86;     501.42;    1967.02;     500.63;    1965.14;     531.33;       10;    0.79;   stop
 12323;    2503.79;    1082.49;    2508.15;    1057.01;    2496.46;    1055.01;    2492.10;    1080.49;       10;    0.79;   stop
   291;    2564.75;    1213.76;    2565.84;    1201.44;    2542.38;    1199.36;    2541.29;    1211.69;       10;    0.79;   stop
 12584;    3723.66;    1402.90;    3728.20;    1389.48;    3697.59;    1379.13;    3693.05;    1392.55;       10;    0.79;   move
  6310;    1952.48;      44.50;    1952.89;      13.06;    1938.80;      12.87;    1938.39;      44.32;       10;    0.79;   move
  5890;    1850.53;     266.64;    1850.92;     240.93;    1838.53;     240.74;    1838.14;     266.45;       10;    0.79;   stop
   132;    1871.13;     678.28;    1871.68;     650.61;    1858.43;     650.35;    1857.88;     678.01;       10;    0.79;   move
   310;    1966.69;     875.35;    1980.53;     874.58;    1978.88;     844.78;    1965.03;     845.55;       10;    0.79;   stop
   273;    2299.01;    1196.66;    2299.99;    1183.74;    2271.49;    1181.59;    2270.51;    1194.51;       10;    0.79;   stop
   173;    3232.15;    1076.00;    3250.03;    1052.83;    3239.41;    1044.63;    3221.53;    1067.80;       10;    0.79;   stop
 11732;    3275.96;    1251.76;    3279.19;    1239.14;    3253.73;    1232.62;    3250.50;    1245.24;       10;    0.79;   move
   231;     361.26;    1643.96;     362.03;    1613.33;     345.62;    1612.91;     344.84;    1643.55;       10;    0.79;   stop
    45;    1178.11;    1738.84;    1179.83;    1713.04;    1165.64;    1712.10;    1163.92;    1737.89;       10;    0.79;   stop
   108;    3136.83;    1448.21;    3142.49;    1435.93;    3117.23;    1424.29;    3111.57;    1436.57;       10;    0.79;   stop
 11249;    1461.04;    1130.01;    1461.42;    1117.43;    1434.71;    1116.61;    1434.33;    1129.19;       10;    0.79;   stop
  4649;    2101.20;    1123.74;    2101.97;    1109.74;    2074.80;    1108.26;    2074.03;    1122.26;       10;    0.79;   stop
  8161;    2260.66;    1176.95;    2261.47;    1162.56;    2229.96;    1160.80;    2229.16;    1175.19;       10;    0.79;   move
   174;    2971.40;    1172.12;    2974.48;    1158.90;    2944.70;    1151.94;    2941.61;    1165.17;       10;    0.79;   stop
   138;    2104.13;    2100.22;    2111.50;    2087.05;    2085.37;    2072.41;    2078.00;    2085.57;       10;    0.79;   stop
   292;    2359.93;    1335.57;    2360.79;    1322.34;    2333.19;    1320.56;    2332.34;    1333.79;       10;    0.79;   stop
   151;    2418.94;    1764.88;    2422.37;    1734.35;    2408.06;    1732.74;    2404.63;    1763.27;       10;    0.79;   stop
 12509;    3644.36;    1396.09;    3649.20;    1380.67;    3613.76;    1369.54;    3608.92;    1384.95;       10;    0.79;   move
   169;    1846.14;     451.28;    1848.92;     421.70;    1837.11;     420.60;    1834.33;     450.17;       10;    0.79;   stop
   205;      27.82;     961.73;      55.51;     959.22;      54.32;     946.09;      26.63;     948.60;       10;    0.79;   stop
 11933;    1044.74;    1086.63;    1045.77;    1073.56;    1019.64;    1071.49;    1018.60;    1084.56;       10;    0.79;   move
  8480;    2467.55;    1109.35;    2468.68;    1096.76;    2443.82;    1094.53;    2442.69;    1107.11;       10;    0.79;   stop
 11091;    1559.29;    1117.65;    1560.17;    1104.80;    1535.59;    1103.10;    1534.70;    1115.95;       10;    0.78;   move
   129;    2473.69;    1316.04;    2474.94;    1304.54;    2450.06;    1301.84;    2448.81;    1313.34;       10;    0.78;   stop
   163;    3345.33;    1025.56;    3348.92;    1011.38;    3316.54;    1003.19;    3312.96;    1017.37;       10;    0.78;   stop
   117;    1585.45;    1620.85;    1586.47;    1607.70;    1560.05;    1605.65;    1559.03;    1618.80;       10;    0.78;   stop
   150;    2425.31;    1688.97;    2429.57;    1656.41;    2415.19;    1654.53;    2410.93;    1687.09;       10;    0.78;   stop
    59;     310.80;    1067.72;     311.76;    1054.62;     288.26;    1052.91;     287.31;    1066.00;       10;    0.78;   stop
  8707;    1885.70;     980.21;    1886.30;     953.95;    1874.05;     953.67;    1873.45;     979.92;       10;    0.78;   stop
 11388;    1392.94;    1090.36;    1393.58;    1076.76;    1362.19;    1075.26;    1361.54;    1088.87;       10;    0.78;   stop
  7479;    1899.34;    1075.83;    1913.35;    1057.04;    1904.47;    1050.42;    1890.46;    1069.21;       10;    0.78;   move
   137;     578.99;    1537.34;     580.51;    1522.06;     548.82;    1518.91;     547.30;    1534.19;       10;    0.78;   stop
   386;    1844.71;    1888.05;    1853.98;    1860.62;    1840.14;    1855.95;    1830.87;    1883.38;       10;    0.78;   stop
   118;    1819.46;    1957.73;    1831.67;    1936.29;    1821.09;    1930.27;    1808.88;    1951.71;       10;    0.78;   stop
   107;    3571.21;    1442.38;    3575.71;    1428.24;    3546.29;    1418.87;    3541.79;    1433.01;       10;    0.78;   stop
   249;    1825.70;     122.59;    1838.48;     122.56;    1838.43;      97.91;    1825.64;      97.94;       10;    0.78;   stop
   217;     629.52;     988.86;     630.31;     974.97;     601.41;     973.33;     600.62;     987.22;       10;    0.78;   stop
 10124;    1887.28;     883.85;    1888.60;     858.27;    1876.59;     857.65;    1875.28;     883.23;       10;    0.78;   stop
   125;    2564.43;    1101.37;    2565.78;    1087.53;    2534.82;    1084.51;    2533.47;    1098.34;       10;    0.78;   stop
   262;    2201.25;    2060.56;    2209.74;    2048.42;    2188.12;    2033.31;    2179.64;    2045.46;       10;    0.78;   stop
   275;    1986.87;     478.59;    1987.57;     450.98;    1975.00;     450.66;    1974.31;     478.27;       10;    0.78;   stop
   136;     200.34;    1458.06;     201.94;    1445.79;     177.24;    1442.56;     175.64;    1454.84;       10;    0.78;   stop
   116;     653.07;    1542.94;     654.08;    1530.19;     630.37;    1528.31;     629.36;    1541.06;       10;    0.78;   stop
  6217;    3005.63;    1239.67;    3008.23;    1227.23;    2982.37;    1221.83;    2979.77;    1234.27;       10;    0.78;   stop
   400;    2353.62;    1307.83;    2354.17;    1294.27;    2327.13;    1293.17;    2326.58;    1306.73;       10;    0.78;   stop
   232;    2659.55;    1355.25;    2660.51;    1341.44;    2635.45;    1339.69;    2634.49;    1353.49;       10;    0.78;   stop
   265;    1973.63;    1570.56;    1976.53;    1540.15;    1963.87;    1538.94;    1960.97;    1569.35;       10;    0.78;   stop
   303;    2585.41;     631.09;    2614.27;     630.45;    2613.96;     616.53;    2585.10;     617.17;       10;    0.78;   stop
   224;    2416.56;    1510.34;    2418.71;    1483.26;    2404.81;    1482.16;    2402.67;    1509.24;       10;    0.78;   stop
   293;    2741.60;    1975.91;    2754.92;    1968.09;    2737.90;    1939.09;    2724.58;    1946.91;       10;    0.78;   stop
 12116;    1869.26;     403.39;    1869.83;     378.75;    1858.33;     378.49;    1857.76;     403.12;       10;    0.78;   stop
   286;     770.59;    1153.90;     785.93;    1153.75;     785.66;    1126.10;     770.32;    1126.25;       10;    0.78;   stop
  9378;    1761.10;    1131.00;    1762.01;    1118.71;    1735.40;    1116.75;    1734.49;    1129.04;       10;    0.78;   move
  5046;    2070.08;    1079.06;    2071.42;    1064.63;    2040.85;    1061.81;    2039.52;    1076.24;       10;    0.78;   stop
    53;    1910.78;    1590.88;    1913.08;    1543.19;    1893.60;    1542.25;    1891.29;    1589.93;        9;    0.78;   stop
 10149;    1755.70;    2098.97;    1768.91;    2076.31;    1758.57;    2070.28;    1745.36;    2092.94;       10;    0.78;   move
  6086;    1417.65;      26.69;    1418.42;      13.31;    1388.10;      11.56;    1387.33;      24.94;       10;    0.78;   stop
   524;    1833.41;     209.10;    1834.08;     182.15;    1821.34;     181.83;    1820.67;     208.79;       10;    0.78;   stop
 10885;    1646.03;    1122.40;    1646.73;    1109.98;    1619.84;    1108.47;    1619.15;    1120.90;       10;    0.78;   move
   437;    1882.99;    1216.92;    1895.81;    1215.20;    1892.51;    1190.58;    1879.69;    1192.30;       10;    0.78;   stop
   105;    1173.13;    1798.95;    1175.38;    1773.03;    1161.25;    1771.80;    1159.00;    1797.72;       10;    0.78;   stop
   192;    3606.00;    1456.71;    3611.35;    1441.88;    3578.07;    1429.86;    3572.71;    1444.68;       10;    0.78;   stop
   379;    1979.72;     160.99;    1992.33;     160.64;    1991.53;     132.07;    1978.92;     132.42;       10;    0.77;   stop
 11436;    1879.32;     539.92;    1891.94;     539.80;    1891.68;     511.96;    1879.06;     512.08;       10;    0.77;   move
 12019;     957.22;    1094.24;     957.77;    1081.56;     931.10;    1080.39;     930.54;    1093.07;       10;    0.77;   move
   306;    2913.02;    1277.27;    2915.19;    1265.16;    2890.48;    1260.73;    2888.31;    1272.84;       10;    0.77;   stop
   299;    1709.58;    2125.27;    1723.97;    2101.35;    1712.75;    2094.60;    1698.36;    2118.53;       10;    0.77;   stop
   370;    2229.35;    1192.10;    2230.36;    1180.31;    2206.72;    1178.28;    2205.70;    1190.06;       10;    0.77;   stop
   156;    1824.63;     283.26;    1836.93;     282.82;    1836.12;     260.12;    1823.82;     260.56;       10;    0.77;   stop
   393;    1602.46;    1154.05;    1603.31;    1141.46;    1579.04;    1139.82;    1578.19;    1152.41;       10;    0.77;   stop
 10184;    2543.79;    1115.36;    2545.02;    1102.29;    2518.34;    1099.76;    2517.10;    1112.84;       10;    0.77;   stop
   237;    3445.29;    1067.14;    3445.81;    1054.58;    3420.03;    1053.49;    3419.50;    1066.05;       10;    0.77;   stop
   350;    2403.91;    1338.92;    2404.57;    1324.16;    2374.71;    1322.83;    2374.06;    1337.59;       10;    0.77;   stop
   322;    2539.25;    1924.90;    2548.47;    1913.36;    2526.25;    1895.60;    2517.03;    1907.14;       10;    0.77;   stop
   499;    2248.69;    2113.89;    2267.33;    2094.35;    2257.12;    2084.61;    2238.48;    2104.15;       10;    0.77;   stop
   271;     748.99;    1146.68;     749.99;    1133.62;     721.77;    1131.45;     720.77;    1144.51;       10;    0.77;   stop
 12115;     761.07;    1077.45;     761.56;    1065.58;     736.69;    1064.55;     736.20;    1076.42;       10;    0.77;   move
   211;    1165.13;    2058.65;    1180.88;    2057.51;    1178.62;    2026.04;    1162.87;    2027.17;       10;    0.77;   stop
   240;    2414.24;    1796.20;    2417.55;    1769.37;    2404.88;    1767.80;    2401.57;    1794.63;       10;    0.77;   stop
   330;    2166.01;    2077.61;    2176.73;    2067.37;    2155.86;    2045.52;    2145.15;    2055.75;       10;    0.77;   stop
 12652;    1871.74;      48.62;    1872.40;      17.48;    1858.95;      17.19;    1858.28;      48.33;       10;    0.77;   move
   196;     752.52;    1516.73;     754.08;    1505.02;     731.55;    1502.02;     729.98;    1513.73;       10;    0.77;   stop
   264;    1139.07;     639.40;    1140.99;     626.87;    1116.56;     623.13;    1114.64;     635.66;       10;    0.77;   stop
  3695;    2070.06;    1122.43;    2070.56;    1109.42;    2045.19;    1108.45;    2044.69;    1121.45;       10;    0.77;   stop
  8448;    2427.01;    1122.39;    2427.86;    1109.06;    2401.11;    1107.36;    2400.26;    1120.69;       10;    0.77;   stop
  8563;    2468.06;    1127.14;    2469.10;    1114.00;    2438.82;    1111.61;    2437.78;    1124.75;       10;    0.77;   stop
  9490;    2634.32;    1144.88;    2636.13;    1130.48;    2604.43;    1126.50;    2602.62;    1140.89;       10;    0.77;   stop
   360;    2445.34;    1205.32;    2446.40;    1193.13;    2421.04;    1190.93;    2419.98;    1203.12;       10;    0.77;   stop
   334;    2843.97;    1260.54;    2846.51;    1247.94;    2820.03;    1242.58;    2817.49;    1255.19;       10;    0.77;   stop
   341;    1473.54;    1577.43;    1474.74;    1565.16;    1446.96;    1562.45;    1445.76;    1574.71;       10;    0.77;   stop
 10470;    3244.08;    1268.04;    3244.95;    1254.63;    3218.11;    1252.90;    3217.24;    1266.30;       10;    0.77;   stop
 12278;    3360.29;    1279.30;    3364.49;    1266.54;    3337.21;    1257.57;    3333.01;    1270.34;       10;    0.77;   move
 12069;    1934.86;    1733.36;    1940.44;    1705.97;    1928.39;    1703.52;    1922.81;    1730.90;       10;    0.77;   stop
   220;     750.82;    1132.22;     751.81;    1117.03;     720.12;    1114.97;     719.13;    1130.15;       10;    0.76;   stop
   348;    1400.77;    1145.16;    1400.88;    1132.07;    1373.48;    1131.84;    1373.37;    1144.93;       10;    0.76;   stop
 12283;    3290.05;    1209.80;    3294.53;    1196.18;    3264.95;    1186.45;    3260.47;    1200.07;       10;    0.76;   stop
  6099;    1325.72;      26.50;    1325.83;      11.39;    1296.65;      11.18;    1296.55;      26.30;       10;    0.76;   stop
   324;    2098.82;     233.50;    2124.48;     233.39;    2124.43;     221.57;    2098.77;     221.67;       10;    0.76;   stop
   399;    2787.47;    1377.91;    2792.41;    1364.30;    2762.90;    1353.59;    2757.96;    1367.20;       10;    0.76;   stop
 10943;    3092.69;    1386.55;    3108.82;    1350.83;    3093.31;    1343.82;    3077.18;    1379.55;        9;    0.76;   stop
   343;    2376.65;    2145.37;    2380.13;    2116.58;    2367.10;    2115.00;    2363.62;    2143.80;       10;    0.76;   stop
   258;    1266.24;    1560.00;    1266.65;    1548.18;    1239.70;    1547.25;    1239.29;    1559.07;       10;    0.76;   stop
   380;    1745.59;     620.55;    1747.56;     606.63;    1717.21;     602.32;    1715.23;     616.24;       10;    0.76;   stop
   323;    3151.49;    1424.89;    3153.68;    1411.03;    3124.13;    1406.36;    3121.95;    1420.22;       10;    0.76;   stop
   162;    3230.80;    1019.69;    3250.02;    1000.53;    3240.77;     991.25;    3221.54;    1010.41;       10;    0.76;   stop
   388;    3341.50;    1156.20;    3358.30;    1133.31;    3346.62;    1124.74;    3329.82;    1147.62;       10;    0.76;   stop
 11349;    1855.54;     507.79;    1869.74;     507.59;    1869.33;     478.83;    1855.13;     479.04;       10;    0.76;   stop
   374;     749.63;     950.16;     754.34;     922.86;     741.91;     920.71;     737.20;     948.01;       10;    0.76;   stop
 11798;    1246.24;    1101.43;    1247.26;    1087.85;    1216.95;    1085.57;    1215.93;    1099.15;       10;    0.76;   move
  9854;    1843.25;    1150.13;    1843.84;    1137.05;    1817.50;    1135.87;    1816.91;    1148.95;       10;    0.76;   move
   126;    3025.53;    1593.42;    3036.32;    1564.92;    3023.22;    1559.95;    3012.43;    1588.46;       10;    0.76;   stop
   285;    1085.31;    1123.63;    1085.73;    1110.32;    1059.69;    1109.50;    1059.27;    1122.81;       10;    0.75;   stop
   313;     727.18;    1513.45;     728.33;    1502.09;     704.38;    1499.68;     703.24;    1511.03;       10;    0.75;   stop
  8198;    2363.57;    1120.71;    2364.24;    1106.91;    2338.55;    1105.67;    2337.89;    1119.47;       10;    0.75;   stop
   415;    2772.13;    1246.26;    2775.25;    1230.96;    2742.24;    1224.24;    2739.13;    1239.54;        9;    0.75;   stop
   365;    2708.66;    1356.97;    2709.94;    1342.40;    2678.59;    1339.65;    2677.31;    1354.22;       10;    0.75;   stop
   235;    1986.47;     836.85;    1986.89;     813.74;    1974.84;     813.52;    1974.42;     836.63;       10;    0.75;   stop
   391;     476.53;    1005.60;     477.16;     992.58;     450.18;     991.28;     449.55;    1004.29;       10;    0.75;   move
   297;     643.50;    1091.22;     643.64;    1078.43;     618.37;    1078.15;     618.24;    1090.95;       10;    0.75;   stop
   434;    1206.62;    1134.22;    1207.68;    1120.04;    1180.63;    1118.03;    1179.57;    1132.21;       10;    0.75;   stop
  6632;    2292.88;    1095.92;    2293.63;    1083.76;    2266.37;    1082.08;    2265.62;    1094.24;       10;    0.75;   stop
  6095;    1366.39;      26.22;    1366.48;      12.21;    1336.98;      12.03;    1336.90;      26.04;       10;    0.75;   stop
 12482;     286.01;    1050.26;     286.94;    1036.70;     258.68;    1034.74;     257.74;    1048.30;       10;    0.75;   move
   146;     608.91;    1314.14;     611.60;    1298.04;     581.72;    1293.05;     579.03;    1309.14;       10;    0.75;   stop
   228;    1835.83;     960.82;    1836.95;     934.23;    1823.98;     933.68;    1822.86;     960.27;       10;    0.75;   stop
  6750;    2708.12;    1154.26;    2709.88;    1142.38;    2683.63;    1138.49;    2681.87;    1150.37;       10;    0.75;   stop
   184;     363.74;    2045.80;     365.30;    2012.50;     348.29;    2011.70;     346.73;    2045.00;       10;    0.75;   stop
   259;    1279.97;    1595.73;    1281.39;    1582.99;    1255.78;    1580.15;    1254.36;    1592.89;       10;    0.75;   stop
   308;    2327.52;    1332.52;    2327.94;    1318.24;    2300.36;    1317.41;    2299.93;    1331.70;       10;    0.75;   stop
 11107;    3437.01;    1330.60;    3440.34;    1317.41;    3412.37;    1310.33;    3409.03;    1323.53;       10;    0.75;   move
   403;    1177.38;    1131.85;    1178.40;    1118.31;    1151.37;    1116.27;    1150.35;    1129.82;       10;    0.75;   stop
  7841;    1853.71;    1107.80;    1883.04;    1096.23;    1878.11;    1083.70;    1848.77;    1095.27;       10;    0.75;   move
  8592;    2277.02;    1160.62;    2278.07;    1147.07;    2245.11;    1144.51;    2244.05;    1158.06;       10;    0.75;   move
   353;    1979.10;    1490.66;    1980.14;    1466.35;    1968.15;    1465.84;    1967.11;    1490.15;       10;    0.75;   stop
 12530;    1824.37;    2029.29;    1836.96;    2002.73;    1825.04;    1997.08;    1812.45;    2023.64;       10;    0.75;   move
   320;    3498.40;    1029.70;    3498.46;    1016.99;    3470.98;    1016.86;    3470.92;    1029.58;       10;    0.75;   stop
   238;    3531.08;    1067.40;    3531.08;    1053.22;    3500.17;    1053.22;    3500.17;    1067.40;       10;    0.75;   stop
 12539;    1877.45;     150.99;    1893.71;     150.93;    1893.55;     107.20;    1877.29;     107.25;        9;    0.75;   move
   210;     776.90;    1875.33;     778.50;    1848.32;     764.35;    1847.48;     762.75;    1874.49;       10;    0.75;   stop
   149;    1742.42;    2082.84;    1760.67;    2052.92;    1747.33;    2044.78;    1729.08;    2074.70;        9;    0.75;   stop
   396;    2410.90;    1542.91;    2412.36;    1517.21;    2400.35;    1516.53;    2398.89;    1542.22;       10;    0.75;   stop
   336;    2738.04;    1843.95;    2745.49;    1832.22;    2721.21;    1816.80;    2713.76;    1828.53;       10;    0.75;   stop
  4955;     192.43;    1060.32;     192.76;    1046.91;     165.70;    1046.24;     165.37;    1059.66;       10;    0.74;   stop
   333;     769.24;    1155.91;     770.61;    1129.67;     757.04;    1128.96;     755.67;    1155.21;       10;    0.74;   stop
   425;    2650.21;    1227.37;    2651.92;    1211.92;    2618.92;    1208.26;    2617.20;    1223.70;        9;    0.74;   stop
 11368;    3070.93;    1203.81;    3073.38;    1191.10;    3046.25;    1185.88;    3043.81;    1198.59;       10;    0.74;   move
   287;    3540.62;    1067.37;    3570.33;    1067.35;    3570.32;    1054.19;    3540.61;    1054.22;       10;    0.74;   stop
   513;    2520.88;    1070.99;    2533.68;    1069.20;    2529.99;    1042.88;    2517.20;    1044.67;       10;    0.74;   stop
   305;    3203.76;    1040.62;    3225.19;    1023.47;    3217.18;    1013.45;    3195.74;    1030.60;       10;    0.74;   stop
   314;     794.50;    1875.38;     794.87;    1846.70;     779.57;    1846.50;     779.19;    1875.18;       10;    0.74;   stop
   351;    1750.18;    1604.46;    1752.04;    1590.87;    1725.07;    1587.17;    1723.20;    1600.75;       10;    0.74;   stop
   392;    1496.26;    1035.37;    1497.46;    1022.28;    1472.62;    1020.01;    1471.42;    1033.09;       10;    0.74;   stop
   398;    2257.92;    1193.06;    2258.39;    1181.62;    2235.52;    1180.69;    2235.05;    1192.13;       10;    0.74;   stop
   201;     363.70;    1937.40;     365.07;    1908.97;     349.74;    1908.23;     348.36;    1936.66;       10;    0.74;   stop
   367;    2063.26;    1327.20;    2091.85;    1323.76;    2090.24;    1310.37;    2061.65;    1313.80;       10;    0.74;   stop
   427;    2178.48;    2069.83;    2189.99;    2059.89;    2172.65;    2039.80;    2161.14;    2049.73;       10;    0.74;   stop
   466;     851.31;     968.69;     853.38;     941.43;     840.27;     940.44;     838.20;     967.69;       10;    0.74;   stop
  9146;    2539.77;    1133.71;    2541.34;    1118.52;    2508.85;    1115.17;    2507.29;    1130.35;       10;    0.74;   stop
 10671;    3297.60;    1276.95;    3301.98;    1263.91;    3273.34;    1254.30;    3268.96;    1267.34;       10;    0.74;   stop
 10915;    1177.26;     645.00;    1178.93;     631.85;    1151.49;     628.36;    1149.82;     641.51;       10;    0.74;   stop
   404;    1358.69;    1023.76;    1360.09;    1012.03;    1335.69;    1009.11;    1334.29;    1020.85;       10;    0.74;   stop
   239;     361.23;    1713.66;     363.03;    1684.83;     347.05;    1683.84;     345.25;    1712.67;       10;    0.74;   stop
   378;    2422.31;    1723.33;    2425.51;    1695.94;    2412.57;    1694.42;    2409.36;    1721.81;       10;    0.74;   stop
   191;    1779.00;    2157.53;    1794.01;    2129.56;    1781.95;    2123.09;    1766.94;    2151.06;       10;    0.74;   stop
   284;     502.39;     980.41;     503.07;     967.23;     476.36;     965.84;     475.68;     979.02;       10;    0.74;   stop
  7842;     248.95;     982.63;     249.40;     969.25;     221.44;     968.31;     220.99;     981.69;       10;    0.74;   move
  9874;     326.40;     989.26;     327.04;     976.09;     300.32;     974.80;     299.68;     987.97;       10;    0.74;   move
   332;     818.06;     933.69;     818.41;     922.25;     791.81;     921.44;     791.46;     932.87;       10;    0.74;   stop
  6526;    2192.83;    1105.66;    2193.82;    1092.62;    2163.92;    1090.34;    2162.93;    1103.38;       10;    0.74;   stop
   390;    2352.44;    2006.00;    2381.83;    1995.79;    2376.69;    1981.00;    2347.30;    1991.21;       10;    0.74;   stop
    60;     598.14;    1502.98;     599.46;    1490.31;     573.73;    1487.64;     572.41;    1500.31;       10;    0.73;   stop
  8761;    2023.67;    1162.53;    2023.91;    1148.69;    1997.27;    1148.22;    1997.02;    1162.06;       10;    0.73;   move
   438;    2621.05;     629.38;    2648.75;     627.93;    2648.08;     615.15;    2620.38;     616.60;       10;    0.73;   stop
   441;    2160.05;     627.81;    2189.03;     627.34;    2188.82;     614.19;    2159.84;     614.66;       10;    0.73;   stop
 11128;    1512.07;    1131.55;    1512.51;    1119.36;    1487.18;    1118.45;    1486.74;    1130.64;       10;    0.73;   stop
   430;     687.19;    1545.55;     688.02;    1531.99;     661.88;    1530.39;     661.04;    1543.95;       10;    0.73;   stop
  6101;    1288.72;      24.27;    1289.16;       9.56;    1258.28;       8.63;    1257.84;      23.35;       10;    0.73;   stop
  9649;    2746.90;    1159.64;    2748.81;    1147.61;    2721.35;    1143.24;    2719.44;    1155.27;       10;    0.73;   stop
   190;      48.66;    1719.23;      68.17;    1698.29;      56.75;    1687.64;      37.24;    1708.59;       10;    0.73;   stop
 12172;     677.24;    1074.24;     677.83;    1061.59;     653.07;    1060.44;     652.49;    1073.10;       10;    0.73;   move
   462;    2379.10;    1860.60;    2382.49;    1833.46;    2368.03;    1831.65;    2364.64;    1858.79;       10;    0.73;   stop
   429;    3166.95;    1053.48;    3194.97;    1044.98;    3191.18;    1032.46;    3163.15;    1040.96;       10;    0.73;   stop
   498;    2409.86;    2048.41;    2436.61;    2038.96;    2431.76;    2025.22;    2405.01;    2034.66;       10;    0.73;   stop
   453;    2128.31;     628.98;    2153.88;     628.48;    2153.63;     615.27;    2128.05;     615.77;       10;    0.73;   stop
   464;     225.85;    1063.49;     226.50;    1049.00;     198.60;    1047.76;     197.96;    1062.25;       10;    0.73;   stop
   319;    3377.25;    1029.11;    3378.24;    1016.56;    3354.00;    1014.64;    3353.01;    1027.19;       10;    0.73;   stop
   189;    3386.42;     869.76;    3399.70;     843.33;    3386.08;     836.49;    3372.80;     862.92;       10;    0.73;   stop
   550;     793.33;     991.82;     793.90;     980.37;     769.93;     979.18;     769.36;     990.63;       10;    0.73;   stop
   349;    2451.06;     630.54;    2451.22;     618.52;    2427.69;     618.21;    2427.53;     630.23;       10;    0.73;   stop
   417;    2549.35;     631.28;    2578.77;     629.72;    2578.03;     615.78;    2548.61;     617.34;       10;    0.73;   stop
  6061;    2153.43;    1104.19;    2154.32;    1090.32;    2125.13;    1088.43;    2124.24;    1102.31;       10;    0.72;   stop
   260;    2997.25;    1651.69;    3008.02;    1626.36;    2995.25;    1620.93;    2984.48;    1646.27;       10;    0.72;   stop
 12626;      17.23;    1030.15;      49.78;    1028.82;      49.16;    1013.60;      16.61;    1014.93;       10;    0.72;   move
   458;     838.36;    1105.66;     839.04;    1092.39;     809.76;    1090.90;     809.09;    1104.17;       10;    0.72;   stop
   321;    2390.97;    1757.53;    2394.74;    1726.15;    2379.78;    1724.35;    2376.01;    1755.73;       10;    0.72;   stop
   440;    2406.45;     233.50;    2406.82;     221.80;    2381.17;     221.00;    2380.80;     232.70;       10;    0.72;   stop
   244;     484.36;    1528.91;     485.23;    1513.81;     459.70;    1512.34;     458.83;    1527.44;       10;    0.72;   stop
   426;    1304.02;    1562.09;    1304.53;    1550.76;    1280.11;    1549.66;    1279.59;    1560.99;       10;    0.72;   stop
   420;     361.08;    1605.84;     362.12;    1580.37;     347.67;    1579.78;     346.63;    1605.25;       10;    0.72;   stop
   423;    2092.55;     233.31;    2092.61;     221.86;    2067.70;     221.75;    2067.64;     233.20;       10;    0.72;   stop
  8860;    2613.11;    1124.90;    2615.13;    1107.03;    2566.02;    1101.47;    2563.99;    1119.34;        9;    0.72;   stop
   382;    3462.29;    1027.62;    3462.38;    1016.29;    3441.46;    1016.13;    3441.37;    1027.46;       10;    0.72;   stop
   280;    3212.10;    1108.24;    3230.47;    1079.20;    3218.21;    1071.45;    3199.84;    1100.49;       10;    0.72;   stop
   432;    2358.22;     628.61;    2382.32;     628.27;    2382.16;     616.77;    2358.06;     617.10;       10;    0.72;   stop
   377;    1680.92;    1632.28;    1682.91;    1619.43;    1658.08;    1615.59;    1656.09;    1628.45;       10;    0.72;   stop
   507;    2522.84;    1934.78;    2531.55;    1921.43;    2504.41;    1903.72;    2495.70;    1917.07;       10;    0.72;   stop
   475;    2093.18;     628.62;    2119.02;     628.25;    2118.82;     614.51;    2092.98;     614.87;       10;    0.72;   stop
   476;     877.79;    1561.75;     878.87;    1547.11;     851.90;    1545.12;     850.82;    1559.76;       10;    0.72;   stop
   376;     809.91;    1870.53;     809.93;    1845.73;     796.03;    1845.72;     796.01;    1870.52;       10;    0.72;   stop
   525;       0.02;     962.69;      21.94;     961.83;      21.40;     947.94;      -0.53;     948.80;       10;    0.71;   stop
   340;    2527.98;     702.32;    2528.06;     678.09;    2516.14;     678.06;    2516.07;     702.28;       10;    0.71;   stop
   436;    1783.59;    1607.08;    1785.52;    1594.34;    1757.96;    1590.17;    1756.03;    1602.91;       10;    0.71;   stop
   352;    3493.47;    1066.22;    3493.70;    1053.02;    3465.59;    1052.53;    3465.36;    1065.73;       10;    0.71;   stop
   553;    2515.18;    1993.85;    2546.78;    1982.60;    2541.32;    1967.27;    2509.72;    1978.53;       10;    0.71;   stop
 12334;     504.92;    1062.36;     505.84;    1048.88;     478.51;    1047.02;     477.59;    1060.49;       10;    0.71;   move
  9960;    1865.87;     937.53;    1866.86;     898.31;    1851.13;     897.91;    1850.14;     937.13;        9;    0.71;   stop
   474;    2564.20;    1912.55;    2570.58;    1901.09;    2548.55;    1888.83;    2542.17;    1900.29;       10;    0.71;   stop
   401;    1092.28;     632.65;    1093.88;     618.83;    1062.10;     615.16;    1060.50;     628.98;       10;    0.71;   stop
  9578;    2675.39;    1149.25;    2676.78;    1135.54;    2644.36;    1132.25;    2642.97;    1145.96;       10;    0.71;   stop
   307;     761.73;    1873.11;     762.50;    1845.42;     748.09;    1845.02;     747.32;    1872.71;       10;    0.71;   stop
   364;    2064.64;    2116.37;    2072.67;    2104.76;    2049.67;    2088.88;    2041.65;    2100.49;       10;    0.71;   stop
   270;     277.64;    1065.59;     278.73;    1051.65;     250.17;    1049.41;     249.08;    1063.35;       10;    0.71;   stop
   531;    1470.84;    1146.81;    1471.07;    1135.16;    1447.41;    1134.69;    1447.18;    1146.34;       10;    0.71;   stop
   477;    1308.97;    1597.56;    1309.99;    1586.01;    1286.40;    1583.94;    1285.39;    1595.49;       10;    0.71;   stop
   428;    2892.36;    1708.79;    2903.32;    1688.62;    2893.14;    1683.09;    2882.18;    1703.26;       10;    0.71;   stop
   489;    3177.37;    1160.77;    3193.45;    1136.34;    3181.69;    1128.61;    3165.62;    1153.03;       10;    0.70;   stop
   471;    2650.71;    1226.49;    2651.86;    1211.00;    2639.48;    1210.08;    2638.32;    1225.56;       10;    0.70;   stop
   358;    2529.92;     139.52;    2531.02;     113.56;    2518.70;     113.04;    2517.60;     139.00;       10;    0.70;   stop
   412;    2834.01;     225.09;    2859.49;     224.55;    2859.24;     212.53;    2833.76;     213.07;       10;    0.70;   stop
 10293;    1691.53;    1140.94;    1691.83;    1128.83;    1666.60;    1128.19;    1666.29;    1140.30;       10;    0.70;   move
   328;    2526.68;     737.80;    2527.53;     709.89;    2515.20;     709.51;    2514.34;     737.43;       10;    0.70;   stop
   355;    2527.48;     783.56;    2528.67;     758.84;    2516.65;     758.25;    2515.45;     782.98;       10;    0.70;   stop
   608;    1984.64;     191.83;    1996.10;     191.66;    1995.80;     171.55;    1984.34;     171.72;       10;    0.70;   stop
   207;     542.69;    1534.05;     544.52;    1521.96;     521.38;    1518.45;     519.54;    1530.54;       10;    0.70;   stop
   467;    1110.62;     968.21;    1111.98;     940.47;    1098.32;     939.79;    1096.96;     967.53;       10;    0.70;   stop
  2022;    3059.00;    1521.82;    3068.67;    1498.01;    3056.78;    1493.18;    3047.12;    1516.99;       10;    0.70;   stop
   175;     363.98;    1965.15;     365.11;    1940.16;     351.33;    1939.53;     350.20;    1964.53;       10;    0.70;   stop
   342;    1927.89;    2065.34;    1929.02;    2036.96;    1915.11;    2036.41;    1913.98;    2064.79;       10;    0.70;   stop
 12243;    3505.14;    1342.71;    3510.17;    1328.11;    3479.24;    1317.45;    3474.20;    1332.04;       10;    0.70;   move
   345;    2529.08;     171.09;    2529.70;     144.77;    2517.30;     144.47;    2516.67;     170.80;       10;    0.70;   stop
   411;    1839.38;      64.87;    1840.20;      43.60;    1828.12;      43.13;    1827.30;      64.40;       10;    0.70;   stop
   269;     363.91;     968.98;     364.84;     956.67;     339.68;     954.77;     338.76;     967.08;       10;    0.70;   stop
   407;     330.37;    1071.65;     359.12;    1070.78;     358.70;    1056.48;     329.94;    1057.34;       10;    0.70;   stop
   459;    1435.70;    1145.99;    1435.74;    1133.33;    1412.80;    1133.26;    1412.76;    1145.92;       10;    0.70;   stop
 11885;    2480.22;     632.54;    2480.59;     619.77;    2454.78;     619.02;    2454.41;     631.79;       10;    0.70;   stop
   468;    2671.95;     627.72;    2696.42;     627.17;    2696.17;     616.25;    2671.71;     616.80;       10;    0.69;   stop
   402;    3336.91;     977.61;    3346.64;     954.02;    3334.34;     948.95;    3324.61;     972.54;       10;    0.69;   stop
   405;    2707.04;     627.93;    2732.11;     627.69;    2731.99;     614.49;    2706.91;     614.73;       10;    0.69;   stop
   335;    2428.26;    1651.65;    2431.86;    1626.17;    2418.99;    1624.35;    2415.39;    1649.83;       10;    0.69;   stop
   490;    1244.01;    1591.88;    1245.29;    1580.90;    1223.68;    1578.37;    1222.39;    1589.35;       10;    0.69;   stop
   445;    1664.64;    1593.87;    1666.12;    1581.56;    1641.74;    1578.63;    1640.26;    1590.94;       10;    0.69;   stop
   408;    2528.09;     604.51;    2528.24;     580.19;    2516.03;     580.11;    2515.88;     604.44;       10;    0.69;   stop
   536;    1892.33;    1363.06;    1906.20;    1361.97;    1903.61;    1329.06;    1889.73;    1330.15;        9;    0.69;   stop
  8507;    1911.10;    1735.85;    1918.35;    1697.36;    1902.00;    1694.28;    1894.74;    1732.76;        9;    0.69;   move
   559;    1450.58;    1033.59;    1451.47;    1021.19;    1428.29;    1019.53;    1427.40;    1031.94;       10;    0.69;   stop
  4367;    1005.05;    1117.14;    1005.30;    1105.18;     984.51;    1104.73;     984.26;    1116.70;       10;    0.69;   stop
 11455;    3220.92;    1211.22;    3232.62;    1205.73;    3221.58;    1182.22;    3209.88;    1187.71;       10;    0.69;   move
   385;     735.52;     576.40;     738.90;     563.03;     710.10;     555.74;     706.72;     569.12;       10;    0.68;   stop
   449;     747.62;    1161.52;     748.48;    1148.73;     722.35;    1146.98;     721.49;    1159.77;       10;    0.68;   stop
   506;     346.89;    1574.38;     361.70;    1573.81;     360.46;    1541.40;     345.64;    1541.97;       10;    0.68;   stop
   495;    2459.23;    1954.43;    2468.11;    1943.56;    2447.65;    1926.82;    2438.76;    1937.69;       10;    0.68;   stop
   481;    2953.62;    1741.68;    2964.66;    1717.48;    2950.75;    1711.13;    2939.71;    1735.33;       10;    0.68;   stop
  6077;      19.38;    1433.49;      20.61;    1420.32;      -0.04;    1418.38;      -1.28;    1431.55;       10;    0.68;   stop
   409;     631.59;    1507.19;     633.16;    1494.10;     606.85;    1490.94;     605.28;    1504.03;       10;    0.68;   stop
  3454;    3047.24;    1271.22;    3050.46;    1256.83;    3019.51;    1249.90;    3016.29;    1264.30;       10;    0.68;   move
   457;    2418.54;     630.88;    2418.92;     617.86;    2390.46;     617.03;    2390.08;     630.05;       10;    0.68;   stop
   448;    2689.16;     666.56;    2689.23;     654.34;    2664.34;     654.19;    2664.27;     666.41;       10;    0.68;   stop
   389;     232.65;    1465.46;     235.11;    1453.34;     210.32;    1448.29;     207.86;    1460.41;       10;    0.68;   stop
  8664;    1900.94;     983.96;    1901.45;     960.28;    1890.31;     960.04;    1889.80;     983.72;       10;    0.68;   stop
   549;    2297.74;    1329.73;    2298.23;    1317.28;    2272.76;    1316.27;    2272.27;    1328.72;       10;    0.68;   stop
   480;    2381.02;    1829.81;    2384.54;    1803.40;    2371.73;    1801.69;    2368.21;    1828.10;       10;    0.68;   stop
 10122;    2315.94;    2016.45;    2327.53;    2009.08;    2313.06;    1986.30;    2301.47;    1993.67;       10;    0.68;   stop
   556;    1250.26;    1138.85;    1251.38;    1122.65;    1215.18;    1120.15;    1214.06;    1136.35;       10;    0.67;   stop
   446;    2441.19;     234.48;    2466.96;     234.19;    2466.81;     221.14;    2441.04;     221.44;       10;    0.67;   stop
   472;    1862.30;    1613.47;    1863.83;    1600.31;    1837.83;    1597.28;    1836.30;    1610.44;       10;    0.67;   stop
   454;     305.49;     969.24;     306.08;     957.54;     283.26;     956.38;     282.67;     968.09;       10;    0.67;   stop
   488;    1503.26;    1149.12;    1503.87;    1135.77;    1479.12;    1134.63;    1478.50;    1147.98;       10;    0.67;   stop
 11786;    1770.98;    1166.02;    1771.08;    1155.07;    1744.64;    1154.85;    1744.55;    1165.80;       10;    0.67;   stop
   514;    2866.20;     224.37;    2894.81;     223.81;    2894.55;     210.44;    2865.94;     211.00;       10;    0.66;   stop
 11155;    2394.36;    1120.16;    2394.98;    1107.27;    2373.02;    1106.21;    2372.39;    1119.10;       10;    0.66;   stop
  8828;      87.81;    1057.04;      87.97;    1043.27;      60.31;    1042.96;      60.16;    1056.73;       10;    0.66;   stop
   544;    2329.04;     628.46;    2353.00;     628.12;    2352.84;     616.92;    2328.88;     617.26;       10;    0.66;   stop
   497;    2737.91;     627.79;    2764.18;     627.60;    2764.09;     615.33;    2737.82;     615.52;       10;    0.66;   stop
   500;    3627.24;    1337.72;    3638.23;    1312.65;    3625.26;    1306.96;    3614.27;    1332.04;       10;    0.66;   stop
   512;     465.14;    1079.66;     465.44;    1064.98;     437.67;    1064.41;     437.37;    1079.08;       10;    0.65;   stop
   465;     807.68;    1103.70;     808.07;    1091.98;     784.06;    1091.17;     783.66;    1102.89;       10;    0.65;   stop
   419;    3408.44;    1066.11;    3409.02;    1053.78;    3384.68;    1052.64;    3384.11;    1064.97;       10;    0.65;   stop
   530;    2196.81;     628.43;    2223.56;     628.32;    2223.50;     614.69;    2196.75;     614.81;       10;    0.65;   stop
   570;     500.26;     943.46;     516.16;     943.37;     515.99;     913.72;     500.09;     913.82;       10;    0.65;   stop
   630;    3123.90;    1163.92;    3138.02;    1139.73;    3126.41;    1132.96;    3112.30;    1157.15;       10;    0.65;   stop
   395;    1708.05;    1634.41;    1710.19;    1620.83;    1684.95;    1616.84;    1682.81;    1630.42;       10;    0.65;   stop
   484;    3496.78;     664.21;    3524.60;     663.33;    3524.15;     649.23;    3496.34;     650.11;       10;    0.65;   stop
   363;    1404.09;    2042.05;    1409.40;    2011.60;    1394.91;    2009.08;    1389.60;    2039.52;       10;    0.65;   stop
   535;    1910.45;    1537.82;    1912.53;    1501.11;    1897.30;    1500.24;    1895.22;    1536.96;       10;    0.65;   stop
   534;    1891.48;    1327.21;    1904.28;    1325.95;    1902.02;    1303.04;    1889.22;    1304.30;       10;    0.65;   stop
   508;    2901.16;     224.12;    2927.43;     223.41;    2927.09;     211.25;    2900.82;     211.97;       10;    0.65;   stop
   526;    1523.22;    1002.34;    1526.76;     971.48;    1512.03;     969.79;    1508.49;    1000.65;       10;    0.65;   stop
   600;    3567.07;     491.04;    3580.18;     460.90;    3566.37;     454.89;    3553.26;     485.04;       10;    0.64;   stop
   483;    1038.15;    1122.36;    1038.94;    1107.91;    1008.79;    1106.27;    1008.00;    1120.71;        9;    0.64;   stop
   496;    2983.94;    1575.80;    2994.19;    1554.43;    2983.81;    1549.45;    2973.56;    1570.82;       10;    0.64;   stop
   206;     514.56;    1531.47;     515.92;    1517.97;     490.44;    1515.41;     489.08;    1528.90;       10;    0.64;   stop
   517;    1406.60;    1605.97;    1408.59;    1595.37;    1386.77;    1591.28;    1384.78;    1601.88;       10;    0.64;   stop
  4066;    3598.06;     424.34;    3610.62;     398.20;    3598.19;     392.23;    3585.63;     418.37;       10;    0.64;   stop
   473;    3257.29;     995.04;    3274.89;     973.40;    3264.90;     965.27;    3247.30;     986.92;       10;    0.64;   stop
   234;    2528.80;     575.29;    2529.04;     552.93;    2517.58;     552.81;    2517.34;     575.16;       10;    0.64;   stop
   416;    1133.58;    1583.60;    1134.37;    1568.91;    1105.17;    1567.34;    1104.38;    1582.03;       10;    0.64;   stop
   435;    1336.34;    1565.15;    1337.72;    1553.83;    1315.28;    1551.10;    1313.90;    1562.42;       10;    0.64;   stop
   583;     692.22;     593.54;     696.00;     579.87;     667.16;     571.89;     663.38;     585.56;       10;    0.63;   stop
 12237;     605.22;    1055.95;     605.61;    1043.88;     581.66;    1043.11;     581.27;    1055.18;       10;    0.63;   move
   551;    1990.11;    2153.46;    1998.23;    2140.77;    1973.46;    2124.92;    1965.34;    2137.60;       10;    0.63;   stop
 11576;    1873.25;     499.56;    1887.35;     499.18;    1886.50;     467.94;    1872.40;     468.32;       10;    0.63;   move
   569;    3278.69;     216.04;    3304.12;     214.78;    3303.49;     202.08;    3278.07;     203.34;       10;    0.63;   stop
   590;     827.39;    1151.19;     829.49;    1138.29;     800.11;    1133.50;     798.01;    1146.39;       10;    0.63;   stop
  8085;    2437.32;    1105.04;    2438.14;    1093.72;    2415.56;    1092.09;    2414.74;    1103.41;       10;    0.63;   stop
   451;    3407.22;    1030.07;    3434.87;    1029.62;    3434.66;    1016.50;    3407.01;    1016.94;       10;    0.63;   stop
   654;    2381.96;    2058.92;    2406.89;    2049.82;    2402.29;    2037.20;    2377.36;    2046.31;       10;    0.63;   stop
   529;    3376.74;     895.76;    3385.90;     870.35;    3373.26;     865.80;    3364.10;     891.21;       10;    0.63;   stop
 12261;    1926.03;    1864.24;    1936.57;    1823.20;    1920.26;    1819.01;    1909.72;    1860.05;       10;    0.63;   stop
   523;     503.28;    2028.68;     530.93;    2028.42;     530.78;    2012.88;     503.13;    2013.14;       10;    0.62;   stop
  9568;    2047.12;    2122.89;    2054.14;    2111.20;    2032.31;    2098.11;    2025.30;    2109.80;       10;    0.62;   stop
 11629;    3782.26;    1390.63;    3797.02;    1386.81;    3788.99;    1355.78;    3774.23;    1359.60;       10;    0.62;   stop
   683;    1839.91;     898.62;    1840.82;     877.72;    1828.72;     877.19;    1827.80;     898.09;       10;    0.62;   stop
 12653;    2434.13;    1086.87;    2434.85;    1075.73;    2411.99;    1074.26;    2411.27;    1085.39;       10;    0.62;   stop
   369;    1929.37;     500.66;    1943.51;     500.59;    1943.35;     466.84;    1929.21;     466.91;       10;    0.62;   move
   545;    2769.80;     628.68;    2795.40;     628.26;    2795.20;     615.86;    2769.60;     616.27;       10;    0.62;   stop
   521;    3533.50;    1029.86;    3533.95;    1018.63;    3509.00;    1017.64;    3508.55;    1028.87;       10;    0.62;   stop
   516;    3193.66;    1135.81;    3207.40;    1113.51;    3196.34;    1106.69;    3182.60;    1128.99;       10;    0.62;   stop
 12597;    1892.00;    1362.75;    1906.79;    1361.37;    1903.75;    1328.81;    1888.96;    1330.20;       10;    0.62;   stop
   354;     302.52;    1508.07;     303.89;    1494.60;     277.80;    1491.93;     276.42;    1505.40;       10;    0.61;   stop
   503;     958.25;    1119.87;     960.03;    1108.74;     939.06;    1105.38;     937.28;    1116.51;       10;    0.61;   stop
   527;    3049.19;     626.41;    3073.11;     625.55;    3072.69;     613.67;    3048.77;     614.53;       10;    0.61;   stop
   624;    3336.49;     214.93;    3336.59;     202.01;    3310.39;     201.79;    3310.28;     214.71;       10;    0.61;   stop
   548;    2384.85;    1798.60;    2388.31;    1769.26;    2374.65;    1767.65;    2371.19;    1796.99;       10;    0.61;   stop
  5811;    3551.23;     521.94;    3560.70;     498.26;    3548.46;     493.37;    3538.99;     517.05;       10;    0.61;   stop
   487;    1438.20;    1611.11;    1440.01;    1598.87;    1414.80;    1595.14;    1412.99;    1607.38;       10;    0.61;   stop
 11624;    2503.02;    1129.13;    2503.55;    1117.30;    2482.60;    1116.37;    2482.07;    1128.20;       10;    0.60;   stop
   552;     991.40;     622.53;     993.22;     609.65;     967.22;     605.97;     965.40;     618.85;       10;    0.60;   stop
   492;     141.33;    1449.60;     142.35;    1436.11;     116.25;    1434.15;     115.23;    1447.64;       10;    0.60;   stop
   568;    1956.54;    1739.02;    1960.56;    1715.63;    1948.80;    1713.61;    1944.78;    1736.99;       10;    0.60;   stop
 10620;    1826.68;    2068.16;    1840.12;    2040.94;    1827.51;    2034.71;    1814.07;    2061.93;       10;    0.60;   stop
   519;     963.17;     619.28;     965.07;     607.34;     941.45;     603.59;     939.56;     615.54;       10;    0.59;   stop
   375;    3457.51;     714.60;    3469.82;     686.66;    3455.61;     680.40;    3443.30;     708.34;       10;    0.59;   stop
   554;     403.25;    1522.28;     426.68;    1521.87;     426.44;    1507.72;     403.00;    1508.13;       10;    0.59;   stop
  4667;    2397.38;    1085.18;    2397.92;    1072.53;    2372.24;    1071.44;    2371.71;    1084.10;       10;    0.59;   stop
   647;    1577.81;    1152.83;    1578.06;    1140.42;    1553.07;    1139.92;    1552.82;    1152.33;       10;    0.59;   stop
   368;     877.04;    1523.64;     878.30;    1511.84;     854.89;    1509.36;     853.64;    1521.16;       10;    0.59;   stop
  6092;    1148.10;      29.00;    1148.28;      17.50;    1123.83;      17.13;    1123.66;      28.62;       10;    0.59;   stop
   563;     825.99;    1134.69;     827.33;    1122.65;     803.38;    1120.00;     802.04;    1132.04;       10;    0.59;   stop
  6784;     362.77;    2082.28;     365.14;    2050.50;     348.79;    2049.28;     346.42;    2081.07;       10;    0.59;   stop
   543;    1910.35;    2063.27;    1912.58;    2032.76;    1898.52;    2031.73;    1896.29;    2062.24;       10;    0.59;   stop
   561;    3557.75;     623.71;    3557.96;     609.59;    3526.00;     609.10;    3525.79;     623.22;       10;    0.58;   stop
  8994;    2151.73;    1087.65;    2152.79;    1071.34;    2116.52;    1068.97;    2115.46;    1085.29;        9;    0.58;   stop
   394;    1376.40;    1603.29;    1378.13;    1590.90;    1351.72;    1587.21;    1349.99;    1599.60;       10;    0.58;   stop
   736;    1972.92;    1606.94;    1976.10;    1582.80;    1964.77;    1581.31;    1961.59;    1605.45;       10;    0.58;   stop
   597;    2061.58;     628.38;    2087.66;     627.90;    2087.42;     615.03;    2061.34;     615.51;       10;    0.58;   stop
   485;    3417.08;     806.47;    3425.58;     785.13;    3414.48;     780.72;    3405.99;     802.06;       10;    0.58;   stop
  5833;    3613.16;     392.29;    3625.38;     365.11;    3613.09;     359.59;    3600.87;     386.76;       10;    0.58;   stop
  5829;    3582.46;     456.97;    3592.86;     434.45;    3580.98;     428.97;    3570.58;     451.48;       10;    0.57;   stop
   603;    2086.08;    2109.93;    2093.12;    2097.53;    2067.42;    2082.95;    2060.38;    2095.35;       10;    0.57;   stop
   518;    3319.42;     625.86;    3344.66;     625.20;    3344.33;     612.58;    3319.09;     613.24;       10;    0.57;   stop
   666;    1466.48;    1610.77;    1468.22;    1598.89;    1445.02;    1595.48;    1443.28;    1607.36;       10;    0.57;   stop
   511;     745.08;    1871.87;     745.91;    1846.69;     732.71;    1846.26;     731.88;    1871.43;       10;    0.57;   stop
   646;    1170.83;    1010.10;    1171.43;    1000.38;    1151.73;     999.15;    1151.13;    1008.87;       10;    0.57;   stop
 10385;    3055.54;    1225.04;    3058.66;    1211.96;    3029.30;    1204.96;    3026.19;    1218.04;       10;    0.57;   move
   494;    1823.35;    1646.00;    1825.79;    1631.48;    1796.90;    1626.63;    1794.46;    1641.15;       10;    0.57;   stop
   638;    2797.68;    1815.14;    2803.26;    1802.49;    2778.57;    1791.61;    2772.99;    1804.26;       10;    0.56;   stop
   486;    3544.41;    1272.40;    3558.72;    1272.09;    3558.08;    1242.91;    3543.78;    1243.23;       10;    0.56;   stop
   316;     593.84;    1122.22;     595.02;    1107.63;     565.85;    1105.28;     564.67;    1119.87;       10;    0.56;   stop
   505;    3376.46;     805.17;    3387.87;     780.21;    3375.41;     774.52;    3364.01;     799.47;       10;    0.56;   stop
   584;    3162.45;    1037.24;    3173.13;    1029.58;    3157.24;    1007.44;    3146.56;    1015.11;       10;    0.56;   stop
   501;    2529.43;     453.93;    2529.76;     428.24;    2516.95;     428.07;    2516.61;     453.76;       10;    0.55;   stop
   558;    1345.36;    1601.25;    1346.06;    1588.37;    1320.89;    1587.00;    1320.19;    1599.88;       10;    0.55;   stop
 12619;    2714.98;     648.07;    2738.17;     647.52;    2737.88;     634.90;    2714.68;     635.44;       10;    0.55;   move
  6023;    3030.21;    1286.09;    3033.51;    1272.34;    2999.32;    1264.14;    2996.02;    1277.89;       10;    0.55;   move
   605;    2240.88;    1336.03;    2243.01;    1319.65;    2203.05;    1314.47;    2200.93;    1330.85;        9;    0.55;   stop
   567;     616.02;    1542.75;     617.79;    1532.10;     596.17;    1528.50;     594.40;    1539.15;       10;    0.54;   stop
  4065;    3752.88;     205.32;    3781.31;     204.41;    3780.87;     190.77;    3752.44;     191.69;       10;    0.54;   stop
   594;    3235.31;    1109.83;    3247.92;    1088.34;    3237.19;    1082.05;    3224.58;    1103.53;       10;    0.54;   stop
   619;    3132.96;    1093.91;    3148.59;    1088.90;    3137.98;    1055.78;    3122.34;    1060.79;       10;    0.54;   stop
 11822;    1841.10;      32.14;    1841.74;       5.88;    1828.28;       5.55;    1827.64;      31.81;       10;    0.54;   stop
   631;    2478.73;    1951.14;    2488.17;    1940.59;    2466.40;    1921.11;    2456.96;    1931.66;       10;    0.54;   stop
  6097;     898.49;      41.80;     898.87;      27.60;     870.30;      26.83;     869.91;      41.03;       10;    0.54;   stop
  8173;    2648.07;     627.19;    2648.29;     616.12;    2639.20;     615.94;    2638.98;     627.00;       10;    0.54;   stop
 12073;    2457.19;    1401.67;    2458.57;    1372.71;    2444.06;    1372.02;    2442.68;    1400.98;       10;    0.54;   stop
   598;    2447.23;    1479.48;    2450.63;    1454.51;    2438.27;    1452.83;    2434.87;    1477.81;       10;    0.54;   stop
  6105;     807.81;      42.11;     808.62;      29.93;     782.66;      28.20;     781.85;      40.38;       10;    0.53;   stop
 10703;    1492.41;      63.72;    1492.70;      51.10;    1465.22;      50.46;    1464.92;      63.09;       10;    0.53;   stop
 12617;    1548.70;    1150.13;    1549.78;    1136.87;    1523.68;    1134.75;    1522.60;    1148.00;       10;    0.53;   stop
  5069;    1975.55;    2165.99;    1983.85;    2153.69;    1961.02;    2138.26;    1952.71;    2150.56;       10;    0.53;   stop
   581;    2834.91;     629.58;    2861.06;     628.77;    2860.64;     615.18;    2834.49;     616.00;       10;    0.53;   stop
   644;    3136.86;    1131.96;    3142.20;    1106.46;    3130.33;    1103.97;    3124.99;    1129.48;       10;    0.53;   stop
   546;    3201.32;    1165.19;    3216.14;    1140.47;    3204.62;    1133.56;    3189.80;    1158.28;       10;    0.53;   stop
   540;    3430.00;     213.78;    3460.79;     213.43;    3460.63;     199.66;    3429.84;     200.01;       10;    0.53;   stop
   588;    1527.45;     967.76;    1531.22;     942.20;    1517.92;     940.24;    1514.15;     965.80;       10;    0.53;   stop
   522;    1163.97;    2026.04;    1177.95;    2024.94;    1176.03;    2000.52;    1162.05;    2001.62;       10;    0.53;   stop
   650;    1555.97;    1618.47;    1557.02;    1605.55;    1532.16;    1603.53;    1531.11;    1616.45;       10;    0.53;   stop
   537;    2527.56;     203.83;    2529.19;     180.02;    2517.69;     179.23;    2516.06;     203.05;       10;    0.52;   stop
  6124;    3628.97;     360.15;    3641.79;     333.00;    3629.15;     327.03;    3616.34;     354.19;       10;    0.52;   stop
   702;    1989.53;     707.85;    1989.59;     688.30;    1979.47;     688.27;    1979.41;     707.82;       10;    0.52;   stop
  9695;    2967.98;    1486.12;    2982.68;    1457.78;    2971.55;    1452.00;    2956.85;    1480.35;       10;    0.51;   stop
  6081;       1.12;    1495.05;      19.00;    1490.62;      12.22;    1463.24;      -5.66;    1467.66;       10;    0.51;   stop
  6279;    2634.52;    2076.35;    2647.72;    2071.20;    2636.85;    2043.40;    2623.66;    2048.55;       10;    0.51;   stop
   421;     347.30;    1757.48;     362.46;    1757.44;     362.39;    1726.27;     347.23;    1726.31;       10;    0.50;   stop
   331;    2528.65;     549.02;    2528.96;     525.50;    2517.72;     525.36;    2517.41;     548.87;       10;    0.50;   stop
   433;     273.89;    1505.15;     275.63;    1491.07;     245.48;    1487.35;     243.74;    1501.43;       10;    0.50;   stop
  7086;    2581.19;     231.36;    2581.37;     218.43;    2556.31;     218.08;    2556.13;     231.01;       10;    0.50;   stop
  6129;    3721.86;     203.21;    3748.20;     203.08;    3748.14;     190.54;    3721.80;     190.67;       10;    0.50;   stop
 12351;    3789.15;     203.51;    3815.40;     200.56;    3813.97;     187.90;    3787.73;     190.84;       10;    0.50;   stop
   482;    2516.09;     323.60;    2528.06;     323.59;    2528.03;     298.52;    2516.06;     298.54;       10;    0.49;   stop
  7908;    1929.29;    1017.39;    1932.48;     990.15;    1918.21;     988.48;    1915.02;    1015.72;       10;    0.48;   move
   653;     278.62;     947.20;     285.04;     918.84;     270.75;     915.61;     264.34;     943.97;       10;    0.48;   stop
   455;    1786.34;    1640.66;    1788.66;    1626.65;    1759.66;    1621.84;    1757.34;    1635.85;       10;    0.48;   stop
   371;    1927.74;    1863.25;    1937.12;    1822.91;    1919.76;    1818.88;    1910.38;    1859.21;        9;    0.48;   stop
  6135;    3581.10;     377.01;    3592.07;     354.19;    3580.46;     348.62;    3569.50;     371.43;       10;    0.47;   stop
 10868;    3792.90;     292.39;    3795.38;     266.21;    3782.10;     264.96;    3779.62;     291.13;       10;    0.47;   stop
  5813;    3792.97;     326.80;    3793.11;     296.71;    3778.28;     296.64;    3778.14;     326.73;       10;    0.46;   stop
   609;     448.19;    1265.67;     449.57;    1253.25;     425.56;    1250.58;     424.18;    1263.00;       10;    0.46;   stop
   571;    2500.72;    1941.77;    2509.04;    1930.31;    2486.03;    1913.60;    2477.71;    1925.07;       10;    0.46;   stop
   689;    2576.98;    1402.25;    2583.55;    1371.91;    2568.39;    1368.63;    2561.82;    1398.97;       10;    0.46;   stop
   589;    3794.00;     261.42;    3795.06;     231.33;    3779.13;     230.76;    3778.07;     260.86;       10;    0.46;   stop
  6141;    2342.00;    2001.53;    2348.92;    1989.99;    2326.38;    1976.47;    2319.46;    1988.01;       10;    0.46;   stop
   539;    2527.72;     487.29;    2528.44;     458.00;    2516.40;     457.71;    2515.68;     487.00;       10;    0.45;   stop
 12568;     377.76;    1908.22;     379.49;    1882.98;     366.61;    1882.10;     364.89;    1907.34;       10;    0.44;   move
 12473;    3673.98;    1351.77;    3683.39;    1325.73;    3670.40;    1321.04;    3660.99;    1347.08;       10;    0.44;   stop
   565;    3701.81;    1485.16;    3706.56;    1473.39;    3683.82;    1464.21;    3679.07;    1475.99;       10;    0.44;   stop
   562;    3443.58;     743.28;    3454.64;     717.37;    3441.42;     711.72;    3430.36;     737.63;       10;    0.44;   stop
 11685;    3661.89;     294.82;    3672.33;     270.07;    3659.98;     264.86;    3649.55;     289.62;       10;    0.43;   stop
 12615;    1873.21;      99.59;    1873.91;      83.03;    1865.17;      82.66;    1864.47;      99.22;       10;    0.43;   move
   661;    3613.96;     624.59;    3640.51;     624.40;    3640.42;     611.03;    3613.86;     611.23;       10;    0.43;   stop
 12476;    1524.14;    1697.25;    1529.80;    1685.52;    1504.36;    1673.25;    1498.70;    1684.98;       10;    0.43;   stop
   616;    1099.89;    1581.33;    1101.67;    1569.94;    1079.24;    1566.42;    1077.45;    1577.81;       10;    0.42;   stop
 10275;    3074.94;     627.03;    3101.65;     625.38;    3100.84;     612.34;    3074.13;     613.99;       10;    0.42;   stop
  9495;     375.27;    1212.54;     376.58;    1185.42;     360.67;    1184.65;     359.35;    1211.77;       10;    0.42;   stop
   599;    3348.37;     626.31;    3375.95;     625.19;    3375.38;     611.19;    3347.80;     612.31;       10;    0.42;   stop
 11676;    3741.02;     131.92;    3753.77;     102.17;    3740.23;      96.36;    3727.47;     126.11;       10;    0.42;   stop
  3889;    1433.45;    1573.31;    1434.28;    1562.69;    1411.67;    1560.94;    1410.85;    1571.56;       10;    0.41;   stop
   591;    3580.29;    1272.81;    3581.03;    1243.79;    3567.21;    1243.44;    3566.47;    1272.46;       10;    0.41;   stop
 12649;     135.16;    1484.34;     137.01;    1470.07;     109.06;    1466.44;     107.21;    1480.72;       10;    0.41;   stop
 11209;    3712.09;     111.25;    3720.99;      87.19;    3709.16;      82.81;    3700.26;     106.87;       10;    0.41;   stop
 12666;    1625.70;    1593.78;    1627.82;    1581.22;    1599.67;    1576.47;    1597.55;    1589.03;       10;    0.41;   stop
 11680;    3148.65;     146.47;    3150.11;     117.19;    3136.35;     116.50;    3134.89;     145.78;       10;    0.41;   stop
 12625;    1148.52;    1131.22;    1149.51;    1116.13;    1121.16;    1114.28;    1120.18;    1129.37;       10;    0.40;   stop
 11658;    2905.61;    1812.64;    2926.95;    1783.65;    2913.64;    1773.86;    2892.30;    1802.85;       10;    0.40;   stop
  7094;    2528.90;     295.45;    2530.12;     267.03;    2517.48;     266.49;    2516.26;     294.90;       10;    0.40;   stop
 12543;    2199.11;     886.23;    2200.31;     873.37;    2175.07;     871.02;    2173.88;     883.88;       10;    0.40;   stop
   677;     906.24;    1798.97;     906.84;    1785.48;     877.16;    1784.15;     876.56;    1797.65;       10;    0.40;   stop
 11949;    3541.20;     458.37;    3552.63;     434.15;    3540.67;     428.51;    3529.25;     452.72;       10;    0.40;   stop
 12217;    3822.67;     201.22;    3841.04;     200.36;    3840.45;     187.84;    3822.09;     188.70;       10;    0.39;   stop
  6208;    1227.60;    1496.62;    1231.32;    1471.90;    1218.72;    1470.00;    1214.99;    1494.72;       10;    0.39;   stop
  6351;    2319.21;     231.51;    2319.42;     217.79;    2291.79;     217.37;    2291.58;     231.08;       10;    0.39;   stop
 11682;    3756.88;     395.72;    3757.68;     366.87;    3743.12;     366.47;    3742.32;     395.32;       10;    0.39;   stop
 12593;     335.72;     967.79;     336.43;     955.54;     311.15;     954.09;     310.45;     966.33;       10;    0.38;   stop
  6346;     893.71;    1374.90;     895.11;    1362.34;     867.85;    1359.32;     866.46;    1371.88;       10;    0.37;   stop
  2186;    3162.43;     626.09;    3183.13;     625.07;    3182.57;     613.75;    3161.87;     614.78;       10;    0.37;   stop
 12125;    3172.83;     647.11;    3199.94;     645.93;    3199.36;     632.58;    3172.25;     633.75;       10;    0.37;   move
 12180;    3563.58;     412.75;    3572.75;     392.61;    3562.35;     387.87;    3553.18;     408.02;       10;    0.37;   stop
 12486;    3563.66;     627.54;    3596.78;     624.28;    3595.09;     607.15;    3561.97;     610.41;       10;    0.37;   stop
  6093;      24.27;    1718.73;      46.28;    1702.20;      38.54;    1691.90;      16.53;    1708.42;       10;    0.36;   stop
 12640;    3699.14;     621.79;    3724.60;     620.59;    3723.99;     607.74;    3698.53;     608.94;       10;    0.36;   stop
  8671;    2260.01;     629.84;    2287.18;     629.23;    2286.87;     615.53;    2259.70;     616.15;       10;    0.35;   stop
 11945;    3758.16;     330.18;    3758.89;     298.34;    3741.84;     297.95;    3741.11;     329.78;       10;    0.35;   stop